Standard Deviation: 13.074251036774161
Skewness: -1.2381254051408352
Kurtosis: 1.6087729117453105
Median: 288.97712024717026
Mean: 285.0135212027744
Deciles: [277.83361954 294.81638519]
Minimum: 211.2079738875145
Maximum: 320.05105711402706
Bin Edges: [211.20797389 212.29640472 213.38483555 214.47326638 215.56169722
 216.65012805 217.73855888 218.82698971 219.91542055 221.00385138
 222.09228221 223.18071304 224.26914387 225.35757471 226.44600554
 227.53443637 228.6228672  229.71129804 230.79972887 231.8881597
 232.97659053 234.06502137 235.1534522  236.24188303 237.33031386
 238.41874469 239.50717553 240.59560636 241.68403719 242.77246802
 243.86089886 244.94932969 246.03776052 247.12619135 248.21462218
 249.30305302 250.39148385 251.47991468 252.56834551 253.65677635
 254.74520718 255.83363801 256.92206884 258.01049967 259.09893051
 260.18736134 261.27579217 262.364223   263.45265384 264.54108467
 265.6295155  266.71794633 267.80637717 268.894808   269.98323883
 271.07166966 272.16010049 273.24853133 274.33696216 275.42539299
 276.51382382 277.60225466 278.69068549 279.77911632 280.86754715
 281.95597798 283.04440882 284.13283965 285.22127048 286.30970131
 287.39813215 288.48656298 289.57499381 290.66342464 291.75185548
 292.84028631 293.92871714 295.01714797 296.1055788  297.19400964
 298.28244047 299.3708713  300.45930213 301.54773297 302.6361638
 303.72459463 304.81302546 305.90145629 306.98988713 308.07831796
 309.16674879 310.25517962 311.34361046 312.43204129 313.52047212
 314.60890295 315.69733378 316.78576462 317.87419545 318.96262628
 320.05105711]
Frequencies: [5.89000000e+02 1.70300000e+03 3.21500000e+03 6.03000000e+03
 1.15840000e+04 1.93330000e+04 3.62080000e+04 5.85140000e+04
 9.32340000e+04 1.46372000e+05 2.20736000e+05 3.34215000e+05
 4.84361000e+05 6.61504000e+05 8.62835000e+05 1.10331600e+06
 1.36010200e+06 1.62801400e+06 1.86246100e+06 2.10871600e+06
 2.33651000e+06 2.55637100e+06 2.81828000e+06 3.08667300e+06
 3.38514600e+06 3.71597200e+06 4.11987800e+06 4.63088100e+06
 5.26277300e+06 6.01988900e+06 6.90379700e+06 7.82391600e+06
 8.81519800e+06 9.87456000e+06 1.08610280e+07 1.18638890e+07
 1.27919690e+07 1.37015960e+07 1.46881560e+07 1.55506820e+07
 1.63101650e+07 1.70747240e+07 1.79098460e+07 1.88113940e+07
 1.97959820e+07 2.11916960e+07 2.30179370e+07 2.53468460e+07
 2.85688420e+07 3.34517270e+07 4.04625320e+07 4.96231020e+07
 5.95918210e+07 6.60188870e+07 6.86314260e+07 6.92900340e+07
 7.04858690e+07 7.26056960e+07 7.55861870e+07 7.90639200e+07
 8.26164180e+07 8.63512820e+07 9.05213060e+07 9.45727310e+07
 9.88816520e+07 1.03501194e+08 1.08699515e+08 1.15207890e+08
 1.22395987e+08 1.29668501e+08 1.38150559e+08 1.48106726e+08
 1.61272186e+08 1.78807665e+08 2.05376393e+08 2.50909717e+08
 3.22447882e+08 3.98307633e+08 3.16915794e+08 1.00782905e+08
 5.57840710e+07 4.29614630e+07 3.46252190e+07 2.83168060e+07
 2.31924240e+07 1.88253930e+07 1.49956750e+07 1.15033570e+07
 8.38513000e+06 5.74317900e+06 3.76150200e+06 2.34352900e+06
 1.37091000e+06 7.38255000e+05 3.33997000e+05 1.15527000e+05
 3.42900000e+04 8.43000000e+03 1.83400000e+03 2.34000000e+02]
