Standard Deviation: 6.63788978284821
Skewness: -0.10611430167242478
Kurtosis: 2.049072286955181
Median: 0.2200418760454852
Mean: 0.15283059596201667
Deciles: [-3.6023477   4.02520121]
Minimum: -61.13076588058748
Maximum: 61.95224760326835
Bin Edges: [-61.13076588 -59.89993575 -58.66910561 -57.43827548 -56.20744534
 -54.97661521 -53.74578507 -52.51495494 -51.2841248  -50.05329467
 -48.82246453 -47.5916344  -46.36080426 -45.12997413 -43.89914399
 -42.66831386 -41.43748372 -40.20665359 -38.97582345 -37.74499332
 -36.51416318 -35.28333305 -34.05250291 -32.82167278 -31.59084264
 -30.36001251 -29.12918237 -27.89835224 -26.66752211 -25.43669197
 -24.20586184 -22.9750317  -21.74420157 -20.51337143 -19.2825413
 -18.05171116 -16.82088103 -15.59005089 -14.35922076 -13.12839062
 -11.89756049 -10.66673035  -9.43590022  -8.20507008  -6.97423995
  -5.74340981  -4.51257968  -3.28174954  -2.05091941  -0.82008927
   0.41074086   1.641571     2.87240113   4.10323127   5.3340614
   6.56489154   7.79572167   9.02655181  10.25738194  11.48821207
  12.71904221  13.94987234  15.18070248  16.41153261  17.64236275
  18.87319288  20.10402302  21.33485315  22.56568329  23.79651342
  25.02734356  26.25817369  27.48900383  28.71983396  29.9506641
  31.18149423  32.41232437  33.6431545   34.87398464  36.10481477
  37.33564491  38.56647504  39.79730518  41.02813531  42.25896545
  43.48979558  44.72062572  45.95145585  47.18228599  48.41311612
  49.64394625  50.87477639  52.10560652  53.33643666  54.56726679
  55.79809693  57.02892706  58.2597572   59.49058733  60.72141747
  61.9522476 ]
Frequencies: [3.00000000e+00 5.00000000e+00 1.20000000e+01 2.20000000e+01
 5.90000000e+01 1.69000000e+02 4.32000000e+02 1.01500000e+03
 2.01300000e+03 3.55600000e+03 6.17100000e+03 1.04080000e+04
 1.67570000e+04 2.51750000e+04 3.77410000e+04 5.41740000e+04
 7.60870000e+04 1.05412000e+05 1.41532000e+05 1.89274000e+05
 2.50990000e+05 3.28296000e+05 4.26017000e+05 5.53015000e+05
 7.12933000e+05 9.21521000e+05 1.18815100e+06 1.53504700e+06
 1.99169100e+06 2.57925700e+06 3.35404600e+06 4.37096600e+06
 5.72659300e+06 7.53277500e+06 9.97752700e+06 1.32360970e+07
 1.76558980e+07 2.36169500e+07 3.15077490e+07 4.19652310e+07
 5.58621330e+07 7.43994620e+07 9.89505540e+07 1.31537183e+08
 1.74085955e+08 2.26266696e+08 2.83399393e+08 3.37923333e+08
 3.80027245e+08 4.00437671e+08 3.96237747e+08 3.69666515e+08
 3.26138091e+08 2.72342465e+08 2.16033320e+08 1.64435277e+08
 1.22329030e+08 9.00330360e+07 6.62107230e+07 4.88731580e+07
 3.60541380e+07 2.65042440e+07 1.94205590e+07 1.41629240e+07
 1.03168100e+07 7.53982900e+06 5.50706700e+06 4.04135900e+06
 2.97067100e+06 2.21192200e+06 1.66076000e+06 1.25721900e+06
 9.60535000e+05 7.39687000e+05 5.73217000e+05 4.47442000e+05
 3.51626000e+05 2.75042000e+05 2.17353000e+05 1.69932000e+05
 1.31960000e+05 1.01758000e+05 7.64320000e+04 5.80170000e+04
 4.33320000e+04 3.23810000e+04 2.32980000e+04 1.64040000e+04
 1.10290000e+04 7.17500000e+03 4.45300000e+03 2.59800000e+03
 1.52700000e+03 8.70000000e+02 3.99000000e+02 1.75000000e+02
 6.20000000e+01 2.90000000e+01 9.00000000e+00 2.00000000e+00]
