Standard Deviation: 0.005606699055096512
Skewness: 0.16688021430269723
Kurtosis: -1.3148039660303392
Median: 0.008298746986423279
Mean: 0.009068048251545729
Deciles: [0.0040668  0.01441249]
Minimum: 2.1491563107059808e-07
Maximum: 0.024135303021162364
Bin Edges: [2.14915631e-07 2.41565797e-04 4.82916678e-04 7.24267559e-04
 9.65618440e-04 1.20696932e-03 1.44832020e-03 1.68967108e-03
 1.93102196e-03 2.17237285e-03 2.41372373e-03 2.65507461e-03
 2.89642549e-03 3.13777637e-03 3.37912725e-03 3.62047813e-03
 3.86182901e-03 4.10317989e-03 4.34453077e-03 4.58588166e-03
 4.82723254e-03 5.06858342e-03 5.30993430e-03 5.55128518e-03
 5.79263606e-03 6.03398694e-03 6.27533782e-03 6.51668870e-03
 6.75803959e-03 6.99939047e-03 7.24074135e-03 7.48209223e-03
 7.72344311e-03 7.96479399e-03 8.20614487e-03 8.44749575e-03
 8.68884663e-03 8.93019751e-03 9.17154840e-03 9.41289928e-03
 9.65425016e-03 9.89560104e-03 1.01369519e-02 1.03783028e-02
 1.06196537e-02 1.08610046e-02 1.11023554e-02 1.13437063e-02
 1.15850572e-02 1.18264081e-02 1.20677590e-02 1.23091098e-02
 1.25504607e-02 1.27918116e-02 1.30331625e-02 1.32745134e-02
 1.35158643e-02 1.37572151e-02 1.39985660e-02 1.42399169e-02
 1.44812678e-02 1.47226187e-02 1.49639695e-02 1.52053204e-02
 1.54466713e-02 1.56880222e-02 1.59293731e-02 1.61707239e-02
 1.64120748e-02 1.66534257e-02 1.68947766e-02 1.71361275e-02
 1.73774784e-02 1.76188292e-02 1.78601801e-02 1.81015310e-02
 1.83428819e-02 1.85842328e-02 1.88255836e-02 1.90669345e-02
 1.93082854e-02 1.95496363e-02 1.97909872e-02 2.00323380e-02
 2.02736889e-02 2.05150398e-02 2.07563907e-02 2.09977416e-02
 2.12390924e-02 2.14804433e-02 2.17217942e-02 2.19631451e-02
 2.22044960e-02 2.24458469e-02 2.26871977e-02 2.29285486e-02
 2.31698995e-02 2.34112504e-02 2.36526013e-02 2.38939521e-02
 2.41353030e-02]
Frequencies: [5.3408030e+07 6.4753866e+07 5.7225328e+07 4.7788333e+07 4.5020035e+07
 4.6339331e+07 4.9702918e+07 5.4522646e+07 6.0624475e+07 6.7754463e+07
 7.5824316e+07 8.3244180e+07 8.7425132e+07 8.9641161e+07 8.9909679e+07
 8.8459212e+07 8.6560654e+07 8.3940197e+07 8.0967572e+07 7.8049533e+07
 7.5388835e+07 7.2837007e+07 7.0461644e+07 6.8190961e+07 6.6068639e+07
 6.4041945e+07 6.2077521e+07 6.0126459e+07 5.8158517e+07 5.6217897e+07
 5.4303079e+07 5.2538802e+07 5.0905481e+07 4.9461538e+07 4.8280956e+07
 4.7253785e+07 4.6385682e+07 4.5596232e+07 4.4952523e+07 4.4342903e+07
 4.3823842e+07 4.3364501e+07 4.3046098e+07 4.2719962e+07 4.2440262e+07
 4.2299994e+07 4.2159022e+07 4.2083016e+07 4.2143283e+07 4.2339912e+07
 4.2623097e+07 4.3074015e+07 4.3725305e+07 4.4518703e+07 4.5500933e+07
 4.6564011e+07 4.7788307e+07 4.9204456e+07 5.0642528e+07 5.2080882e+07
 5.3788419e+07 5.5698088e+07 5.7776781e+07 5.9863513e+07 6.2029489e+07
 6.4414828e+07 6.6975185e+07 6.9735185e+07 7.2432765e+07 7.4433054e+07
 7.5075244e+07 7.3651062e+07 6.9890237e+07 6.3668645e+07 5.5257799e+07
 4.5326333e+07 3.4729084e+07 2.4564608e+07 1.6042093e+07 9.8050180e+06
 5.8534910e+06 3.5115360e+06 2.1825450e+06 1.3771810e+06 8.5900000e+05
 5.3274600e+05 3.2226100e+05 1.9623500e+05 1.1980500e+05 7.1227000e+04
 4.3530000e+04 2.7714000e+04 1.6234000e+04 9.4640000e+03 5.2710000e+03
 2.5540000e+03 1.3250000e+03 5.9100000e+02 2.0200000e+02 6.2000000e+01]
