Standard Deviation: 18.321052482224697
Skewness: 1.221521611256681
Kurtosis: 2.4326994579114833
Median: 0.12357962400711325
Mean: 2.776922707924163
Deciles: [-8.25928526 10.15971732]
Minimum: -68.22756667085771
Maximum: 112.46522339750864
Bin Edges: [-68.22756667 -66.42063877 -64.61371087 -62.80678297 -60.99985507
 -59.19292717 -57.38599927 -55.57907137 -53.77214347 -51.96521556
 -50.15828766 -48.35135976 -46.54443186 -44.73750396 -42.93057606
 -41.12364816 -39.31672026 -37.50979236 -35.70286446 -33.89593656
 -32.08900866 -30.28208076 -28.47515286 -26.66822496 -24.86129705
 -23.05436915 -21.24744125 -19.44051335 -17.63358545 -15.82665755
 -14.01972965 -12.21280175 -10.40587385  -8.59894595  -6.79201805
  -4.98509015  -3.17816225  -1.37123435   0.43569356   2.24262146
   4.04954936   5.85647726   7.66340516   9.47033306  11.27726096
  13.08418886  14.89111676  16.69804466  18.50497256  20.31190046
  22.11882836  23.92575626  25.73268416  27.53961207  29.34653997
  31.15346787  32.96039577  34.76732367  36.57425157  38.38117947
  40.18810737  41.99503527  43.80196317  45.60889107  47.41581897
  49.22274687  51.02967477  52.83660267  54.64353058  56.45045848
  58.25738638  60.06431428  61.87124218  63.67817008  65.48509798
  67.29202588  69.09895378  70.90588168  72.71280958  74.51973748
  76.32666538  78.13359328  79.94052119  81.74744909  83.55437699
  85.36130489  87.16823279  88.97516069  90.78208859  92.58901649
  94.39594439  96.20287229  98.00980019  99.81672809 101.62365599
 103.43058389 105.23751179 107.0444397  108.8513676  110.6582955
 112.4652234 ]
Frequencies: [6.30000000e+01 1.11000000e+02 2.83000000e+02 1.42000000e+03
 3.29500000e+03 5.36700000e+03 7.65400000e+03 1.19720000e+04
 1.51950000e+04 2.09310000e+04 2.07910000e+04 2.50020000e+04
 2.88170000e+04 3.56790000e+04 4.66440000e+04 7.15320000e+04
 1.73837000e+05 5.91821000e+05 2.03895400e+06 5.84465100e+06
 1.35808050e+07 2.52574750e+07 3.93631340e+07 5.41723360e+07
 6.66972310e+07 7.65698540e+07 8.42652910e+07 9.08874710e+07
 9.88751750e+07 1.10126795e+08 1.25011590e+08 1.43118299e+08
 1.64749004e+08 1.90676239e+08 2.22720264e+08 2.54784692e+08
 2.74125327e+08 2.72912086e+08 2.54359099e+08 2.27276425e+08
 2.03458419e+08 1.83295288e+08 1.63437607e+08 1.44095842e+08
 1.25157036e+08 1.07060674e+08 9.05410870e+07 7.61368030e+07
 6.44185510e+07 5.47388560e+07 4.70005470e+07 4.09521750e+07
 3.62272550e+07 3.25738380e+07 2.96346790e+07 2.72791070e+07
 2.53990240e+07 2.37085280e+07 2.21506390e+07 2.06841190e+07
 1.92710130e+07 1.79973020e+07 1.67940120e+07 1.57658160e+07
 1.48393120e+07 1.39719470e+07 1.31164070e+07 1.22877360e+07
 1.14183880e+07 1.05936100e+07 9.78867300e+06 9.00171200e+06
 8.27559100e+06 7.59448000e+06 6.87980000e+06 6.13693700e+06
 5.43355000e+06 4.77725900e+06 4.15820500e+06 3.55705000e+06
 3.01080400e+06 2.47677200e+06 1.99725600e+06 1.56655400e+06
 1.18808200e+06 8.77705000e+05 6.37231000e+05 4.63876000e+05
 3.18708000e+05 2.15950000e+05 1.41966000e+05 9.04260000e+04
 5.41470000e+04 3.06090000e+04 1.64130000e+04 8.48700000e+03
 4.60800000e+03 2.10800000e+03 6.78000000e+02 1.35000000e+02]
