Standard Deviation: 9.300007124621837
Skewness: 0.5614675811632865
Kurtosis: 0.2502904540289679
Median: -0.5652387318191302
Mean: 0.5010260122590003
Deciles: [-6.38064516  6.17410672]
Minimum: -59.86181325344597
Maximum: 52.28090765828001
Bin Edges: [-59.86181325 -58.74038604 -57.61895884 -56.49753163 -55.37610442
 -54.25467721 -53.13325    -52.01182279 -50.89039558 -49.76896837
 -48.64754116 -47.52611395 -46.40468674 -45.28325953 -44.16183233
 -43.04040512 -41.91897791 -40.7975507  -39.67612349 -38.55469628
 -37.43326907 -36.31184186 -35.19041465 -34.06898744 -32.94756023
 -31.82613303 -30.70470582 -29.58327861 -28.4618514  -27.34042419
 -26.21899698 -25.09756977 -23.97614256 -22.85471535 -21.73328814
 -20.61186093 -19.49043373 -18.36900652 -17.24757931 -16.1261521
 -15.00472489 -13.88329768 -12.76187047 -11.64044326 -10.51901605
  -9.39758884  -8.27616163  -7.15473442  -6.03330722  -4.91188001
  -3.7904528   -2.66902559  -1.54759838  -0.42617117   0.69525604
   1.81668325   2.93811046   4.05953767   5.18096488   6.30239208
   7.42381929   8.5452465    9.66667371  10.78810092  11.90952813
  13.03095534  14.15238255  15.27380976  16.39523697  17.51666418
  18.63809138  19.75951859  20.8809458   22.00237301  23.12380022
  24.24522743  25.36665464  26.48808185  27.60950906  28.73093627
  29.85236348  30.97379069  32.09521789  33.2166451   34.33807231
  35.45949952  36.58092673  37.70235394  38.82378115  39.94520836
  41.06663557  42.18806278  43.30948999  44.43091719  45.5523444
  46.67377161  47.79519882  48.91662603  50.03805324  51.15948045
  52.28090766]
Frequencies: [1.30000000e+01 1.40000000e+01 1.50000000e+01 1.70000000e+01
 4.40000000e+01 4.30000000e+01 8.50000000e+01 1.29000000e+02
 2.88000000e+02 5.24000000e+02 8.71000000e+02 1.38100000e+03
 2.01400000e+03 3.23500000e+03 5.01700000e+03 7.69400000e+03
 1.16630000e+04 1.76600000e+04 2.72620000e+04 4.04620000e+04
 5.64370000e+04 7.98320000e+04 1.08160000e+05 1.45549000e+05
 1.97418000e+05 2.68272000e+05 3.54815000e+05 4.57822000e+05
 5.87286000e+05 7.48514000e+05 9.54938000e+05 1.22789200e+06
 1.60820000e+06 2.17043300e+06 3.03907500e+06 4.44080200e+06
 6.80644500e+06 1.09280870e+07 1.80398430e+07 2.97192140e+07
 4.75491520e+07 7.24341000e+07 1.03649516e+08 1.36756048e+08
 1.65473117e+08 1.85951089e+08 1.98911226e+08 2.07594476e+08
 2.14405449e+08 2.19383658e+08 2.21912369e+08 2.21951972e+08
 2.19588288e+08 2.14895367e+08 2.07723465e+08 1.97353031e+08
 1.83903036e+08 1.68437955e+08 1.52627670e+08 1.37609544e+08
 1.23891285e+08 1.11454370e+08 1.00370239e+08 9.03784360e+07
 8.11497010e+07 7.24730900e+07 6.41197960e+07 5.61605270e+07
 4.88164220e+07 4.19674090e+07 3.57412560e+07 3.01830070e+07
 2.52195150e+07 2.08847970e+07 1.71254930e+07 1.38951300e+07
 1.11701650e+07 8.86895100e+06 6.97048500e+06 5.40984800e+06
 4.13499300e+06 3.11830800e+06 2.31742500e+06 1.69536300e+06
 1.21450500e+06 8.43771000e+05 5.65443000e+05 3.62801000e+05
 2.25559000e+05 1.35131000e+05 7.62640000e+04 4.06570000e+04
 2.03780000e+04 9.16500000e+03 3.88900000e+03 1.55100000e+03
 5.93000000e+02 2.34000000e+02 4.90000000e+01 6.00000000e+00]
