Standard Deviation: 12.454861267491525
Skewness: 0.6306137288026009
Kurtosis: 0.1354793149346225
Median: 4.651813681096483
Mean: 6.542767829944526
Deciles: [-2.83784222 14.45677605]
Minimum: -55.17604001566281
Maximum: 85.26326456287448
Bin Edges: [-55.17604002 -53.77164697 -52.36725392 -50.96286088 -49.55846783
 -48.15407479 -46.74968174 -45.3452887  -43.94089565 -42.5365026
 -41.13210956 -39.72771651 -38.32332347 -36.91893042 -35.51453737
 -34.11014433 -32.70575128 -31.30135824 -29.89696519 -28.49257215
 -27.0881791  -25.68378605 -24.27939301 -22.87499996 -21.47060692
 -20.06621387 -18.66182083 -17.25742778 -15.85303473 -14.44864169
 -13.04424864 -11.6398556  -10.23546255  -8.8310695   -7.42667646
  -6.02228341  -4.61789037  -3.21349732  -1.80910428  -0.40471123
   0.99968182   2.40407486   3.80846791   5.21286095   6.617254
   8.02164704   9.42604009  10.83043314  12.23482618  13.63921923
  15.04361227  16.44800532  17.85239837  19.25679141  20.66118446
  22.0655775   23.46997055  24.87436359  26.27875664  27.68314969
  29.08754273  30.49193578  31.89632882  33.30072187  34.70511491
  36.10950796  37.51390101  38.91829405  40.3226871   41.72708014
  43.13147319  44.53586624  45.94025928  47.34465233  48.74904537
  50.15343842  51.55783146  52.96222451  54.36661756  55.7710106
  57.17540365  58.57979669  59.98418974  61.38858278  62.79297583
  64.19736888  65.60176192  67.00615497  68.41054801  69.81494106
  71.21933411  72.62372715  74.0281202   75.43251324  76.83690629
  78.24129933  79.64569238  81.05008543  82.45447847  83.85887152
  85.26326456]
Frequencies: [7.00000000e+00 1.10000000e+01 3.80000000e+01 4.90000000e+01
 1.06000000e+02 1.49000000e+02 2.76000000e+02 4.08000000e+02
 8.69000000e+02 1.66500000e+03 3.17200000e+03 5.69500000e+03
 9.38200000e+03 1.54510000e+04 2.52560000e+04 4.05190000e+04
 6.43880000e+04 1.01605000e+05 1.60497000e+05 2.51176000e+05
 3.99771000e+05 6.40453000e+05 1.03670300e+06 1.70802000e+06
 2.86555900e+06 4.90225100e+06 8.39732700e+06 1.44932740e+07
 2.45623080e+07 3.98424890e+07 6.07989650e+07 8.65483930e+07
 1.15441974e+08 1.44660117e+08 1.71168625e+08 1.92574654e+08
 2.07351967e+08 2.16257526e+08 2.19290398e+08 2.17958477e+08
 2.13292441e+08 2.06047431e+08 1.97461326e+08 1.87885887e+08
 1.77987522e+08 1.68182772e+08 1.58347842e+08 1.48793576e+08
 1.39402136e+08 1.30249379e+08 1.21345558e+08 1.12494119e+08
 1.03803601e+08 9.52339040e+07 8.70079690e+07 7.89044350e+07
 7.10587540e+07 6.34064850e+07 5.60540460e+07 4.91330370e+07
 4.25390350e+07 3.65154410e+07 3.10053310e+07 2.60904060e+07
 2.17438740e+07 1.79249750e+07 1.45870440e+07 1.17678910e+07
 9.39513000e+06 7.45369100e+06 5.85829300e+06 4.55437800e+06
 3.51274500e+06 2.69910900e+06 2.05463700e+06 1.55528000e+06
 1.16307000e+06 8.66322000e+05 6.37154000e+05 4.65313000e+05
 3.33499000e+05 2.37508000e+05 1.69582000e+05 1.21518000e+05
 8.60770000e+04 5.75930000e+04 3.97200000e+04 2.67250000e+04
 1.82640000e+04 1.23680000e+04 7.43600000e+03 4.56600000e+03
 2.67600000e+03 1.93100000e+03 1.41800000e+03 9.23000000e+02
 4.21000000e+02 3.10000000e+02 1.33000000e+02 2.30000000e+01]
