Standard Deviation: 11.87248932206998
Skewness: -0.9387247101825495
Kurtosis: -0.015980487857699455
Median: 253.8756671870297
Mean: 249.74236032004663
Deciles: [241.70419077 259.74735496]
Minimum: 200.3270226545317
Maximum: 274.2332111982534
Bin Edges: [200.32702265 201.06608454 201.80514643 202.54420831 203.2832702
 204.02233208 204.76139397 205.50045585 206.23951774 206.97857962
 207.71764151 208.45670339 209.19576528 209.93482717 210.67388905
 211.41295094 212.15201282 212.89107471 213.63013659 214.36919848
 215.10826036 215.84732225 216.58638413 217.32544602 218.06450791
 218.80356979 219.54263168 220.28169356 221.02075545 221.75981733
 222.49887922 223.2379411  223.97700299 224.71606487 225.45512676
 226.19418864 226.93325053 227.67231242 228.4113743  229.15043619
 229.88949807 230.62855996 231.36762184 232.10668373 232.84574561
 233.5848075  234.32386938 235.06293127 235.80199316 236.54105504
 237.28011693 238.01917881 238.7582407  239.49730258 240.23636447
 240.97542635 241.71448824 242.45355012 243.19261201 243.9316739
 244.67073578 245.40979767 246.14885955 246.88792144 247.62698332
 248.36604521 249.10510709 249.84416898 250.58323086 251.32229275
 252.06135464 252.80041652 253.53947841 254.27854029 255.01760218
 255.75666406 256.49572595 257.23478783 257.97384972 258.7129116
 259.45197349 260.19103537 260.93009726 261.66915915 262.40822103
 263.14728292 263.8863448  264.62540669 265.36446857 266.10353046
 266.84259234 267.58165423 268.32071611 269.059778   269.79883989
 270.53790177 271.27696366 272.01602554 272.75508743 273.49414931
 274.2332112 ]
Frequencies: [4.66000000e+02 1.20400000e+03 6.39900000e+03 1.97880000e+04
 5.88730000e+04 1.42816000e+05 2.87215000e+05 5.12384000e+05
 8.02744000e+05 1.15674200e+06 1.49366800e+06 1.81263500e+06
 2.11753400e+06 2.38055300e+06 2.60688600e+06 2.82741300e+06
 3.03550300e+06 3.20727800e+06 3.39157100e+06 3.60101100e+06
 3.84934700e+06 4.13999000e+06 4.51483700e+06 5.03889900e+06
 5.87749300e+06 6.99474000e+06 8.30211700e+06 9.88963000e+06
 1.18060510e+07 1.39342290e+07 1.62654250e+07 1.87487110e+07
 2.12389700e+07 2.36814200e+07 2.60695480e+07 2.85193120e+07
 3.07772240e+07 3.28253300e+07 3.48061300e+07 3.67210760e+07
 3.85637740e+07 4.02032870e+07 4.18694150e+07 4.33935390e+07
 4.47796460e+07 4.60051810e+07 4.70359530e+07 4.80470070e+07
 4.89600060e+07 4.96576670e+07 5.03780870e+07 5.11128630e+07
 5.18500740e+07 5.26564880e+07 5.35247230e+07 5.45626000e+07
 5.57652900e+07 5.69587910e+07 5.83086210e+07 5.97489620e+07
 6.13016180e+07 6.30371500e+07 6.48108880e+07 6.68098020e+07
 6.87944000e+07 7.07793870e+07 7.25337170e+07 7.43320640e+07
 7.62081360e+07 7.84996890e+07 8.12115450e+07 8.50749860e+07
 9.02588210e+07 9.66178440e+07 1.05236095e+08 1.16209250e+08
 1.29675648e+08 1.47764046e+08 1.74039931e+08 2.14010105e+08
 2.76731843e+08 3.36540162e+08 3.08184075e+08 1.87971043e+08
 8.02623560e+07 2.93936210e+07 1.08927180e+07 4.31199500e+06
 1.72637600e+06 6.83762000e+05 2.68624000e+05 1.05785000e+05
 4.08960000e+04 1.41830000e+04 4.15700000e+03 1.28800000e+03
 4.66000000e+02 2.05000000e+02 1.34000000e+02 5.30000000e+01]
