Standard Deviation: 0.001773761686946142
Skewness: 1.2298545283937286
Kurtosis: 0.5788618984035181
Median: 0.001030504575746043
Mean: 0.0017523762673861746
Deciles: [0.00038659 0.00264878]
Minimum: 1e-12
Maximum: 0.012526244347664894
Bin Edges: [1.00000000e-12 1.25262444e-04 2.50524888e-04 3.75787331e-04
 5.01049775e-04 6.26312218e-04 7.51574662e-04 8.76837105e-04
 1.00209955e-03 1.12736199e-03 1.25262444e-03 1.37788688e-03
 1.50314932e-03 1.62841177e-03 1.75367421e-03 1.87893665e-03
 2.00419910e-03 2.12946154e-03 2.25472398e-03 2.37998643e-03
 2.50524887e-03 2.63051131e-03 2.75577376e-03 2.88103620e-03
 3.00629864e-03 3.13156109e-03 3.25682353e-03 3.38208597e-03
 3.50734842e-03 3.63261086e-03 3.75787330e-03 3.88313575e-03
 4.00839819e-03 4.13366064e-03 4.25892308e-03 4.38418552e-03
 4.50944797e-03 4.63471041e-03 4.75997285e-03 4.88523530e-03
 5.01049774e-03 5.13576018e-03 5.26102263e-03 5.38628507e-03
 5.51154751e-03 5.63680996e-03 5.76207240e-03 5.88733484e-03
 6.01259729e-03 6.13785973e-03 6.26312217e-03 6.38838462e-03
 6.51364706e-03 6.63890950e-03 6.76417195e-03 6.88943439e-03
 7.01469684e-03 7.13995928e-03 7.26522172e-03 7.39048417e-03
 7.51574661e-03 7.64100905e-03 7.76627150e-03 7.89153394e-03
 8.01679638e-03 8.14205883e-03 8.26732127e-03 8.39258371e-03
 8.51784616e-03 8.64310860e-03 8.76837104e-03 8.89363349e-03
 9.01889593e-03 9.14415837e-03 9.26942082e-03 9.39468326e-03
 9.51994570e-03 9.64520815e-03 9.77047059e-03 9.89573303e-03
 1.00209955e-02 1.01462579e-02 1.02715204e-02 1.03967828e-02
 1.05220453e-02 1.06473077e-02 1.07725701e-02 1.08978326e-02
 1.10230950e-02 1.11483575e-02 1.12736199e-02 1.13988824e-02
 1.15241448e-02 1.16494072e-02 1.17746697e-02 1.18999321e-02
 1.20251946e-02 1.21504570e-02 1.22757195e-02 1.24009819e-02
 1.25262443e-02]
Frequencies: [3.21517195e+08 4.20379520e+08 3.64890164e+08 3.04756428e+08
 2.55985529e+08 2.17558265e+08 1.87346978e+08 1.63806405e+08
 1.44669241e+08 1.28372518e+08 1.15575198e+08 1.04987121e+08
 9.60483550e+07 8.86048770e+07 8.23869460e+07 7.69081900e+07
 7.21348000e+07 6.79881220e+07 6.43728600e+07 6.11319090e+07
 5.82106070e+07 5.54876280e+07 5.30016550e+07 5.07174560e+07
 4.86735350e+07 4.67790020e+07 4.50234690e+07 4.33617920e+07
 4.18827220e+07 4.05094720e+07 3.92426710e+07 3.80765920e+07
 3.70786720e+07 3.61505100e+07 3.53034740e+07 3.44822320e+07
 3.37215560e+07 3.29974120e+07 3.22465880e+07 3.15163650e+07
 3.07534190e+07 2.99094110e+07 2.89813070e+07 2.79142090e+07
 2.67961250e+07 2.56210700e+07 2.43829490e+07 2.30509270e+07
 2.16651930e+07 2.02038320e+07 1.86457550e+07 1.69483380e+07
 1.50828970e+07 1.30134830e+07 1.08394760e+07 8.68305800e+06
 6.66431900e+06 4.93420100e+06 3.55248600e+06 2.50343600e+06
 1.78864800e+06 1.30372000e+06 9.70572000e+05 7.33263000e+05
 5.58823000e+05 4.28093000e+05 3.30061000e+05 2.50505000e+05
 1.92435000e+05 1.46190000e+05 1.11953000e+05 8.42850000e+04
 6.26190000e+04 4.67970000e+04 3.44810000e+04 2.56450000e+04
 1.94470000e+04 1.47950000e+04 1.13130000e+04 9.22500000e+03
 7.23600000e+03 5.93300000e+03 4.51200000e+03 3.42800000e+03
 2.52600000e+03 1.87300000e+03 1.48800000e+03 1.20200000e+03
 8.93000000e+02 6.88000000e+02 4.96000000e+02 2.94000000e+02
 2.62000000e+02 1.58000000e+02 9.80000000e+01 5.70000000e+01
 3.80000000e+01 1.50000000e+01 6.00000000e+00 5.00000000e+00]
