Standard Deviation: 0.001985882558750268
Skewness: 1.1261153314450112
Kurtosis: 0.28650502888743645
Median: 0.0012664930928066287
Mean: 0.00204342070256899
Deciles: [0.00047438 0.00314101]
Minimum: 1e-12
Maximum: 0.013456541718492657
Bin Edges: [1.00000000e-12 1.34565418e-04 2.69130835e-04 4.03696253e-04
 5.38261670e-04 6.72827087e-04 8.07392504e-04 9.41957921e-04
 1.07652334e-03 1.21108876e-03 1.34565417e-03 1.48021959e-03
 1.61478501e-03 1.74935042e-03 1.88391584e-03 2.01848126e-03
 2.15304668e-03 2.28761209e-03 2.42217751e-03 2.55674293e-03
 2.69130834e-03 2.82587376e-03 2.96043918e-03 3.09500460e-03
 3.22957001e-03 3.36413543e-03 3.49870085e-03 3.63326626e-03
 3.76783168e-03 3.90239710e-03 4.03696252e-03 4.17152793e-03
 4.30609335e-03 4.44065877e-03 4.57522418e-03 4.70978960e-03
 4.84435502e-03 4.97892044e-03 5.11348585e-03 5.24805127e-03
 5.38261669e-03 5.51718211e-03 5.65174752e-03 5.78631294e-03
 5.92087836e-03 6.05544377e-03 6.19000919e-03 6.32457461e-03
 6.45914003e-03 6.59370544e-03 6.72827086e-03 6.86283628e-03
 6.99740169e-03 7.13196711e-03 7.26653253e-03 7.40109795e-03
 7.53566336e-03 7.67022878e-03 7.80479420e-03 7.93935961e-03
 8.07392503e-03 8.20849045e-03 8.34305587e-03 8.47762128e-03
 8.61218670e-03 8.74675212e-03 8.88131753e-03 9.01588295e-03
 9.15044837e-03 9.28501379e-03 9.41957920e-03 9.55414462e-03
 9.68871004e-03 9.82327545e-03 9.95784087e-03 1.00924063e-02
 1.02269717e-02 1.03615371e-02 1.04961025e-02 1.06306680e-02
 1.07652334e-02 1.08997988e-02 1.10343642e-02 1.11689296e-02
 1.13034950e-02 1.14380605e-02 1.15726259e-02 1.17071913e-02
 1.18417567e-02 1.19763221e-02 1.21108875e-02 1.22454530e-02
 1.23800184e-02 1.25145838e-02 1.26491492e-02 1.27837146e-02
 1.29182800e-02 1.30528455e-02 1.31874109e-02 1.33219763e-02
 1.34565417e-02]
Frequencies: [2.73946592e+08 3.69924863e+08 3.34805539e+08 2.87476780e+08
 2.46170373e+08 2.12421433e+08 1.84757775e+08 1.62436250e+08
 1.43836580e+08 1.29297293e+08 1.17494854e+08 1.07704995e+08
 9.94237490e+07 9.23283510e+07 8.62096550e+07 8.07705360e+07
 7.60302120e+07 7.18439150e+07 6.81213350e+07 6.48075800e+07
 6.17918460e+07 5.90277430e+07 5.64893200e+07 5.41784780e+07
 5.20252520e+07 5.00331760e+07 4.82091700e+07 4.65272020e+07
 4.49516830e+07 4.35003760e+07 4.21884120e+07 4.09799430e+07
 3.99033770e+07 3.89809100e+07 3.80927080e+07 3.72795810e+07
 3.65429380e+07 3.58226880e+07 3.51614090e+07 3.45021130e+07
 3.38450410e+07 3.31202810e+07 3.23449070e+07 3.14604380e+07
 3.04721040e+07 2.93324790e+07 2.80465640e+07 2.66989120e+07
 2.52254240e+07 2.36892780e+07 2.20405240e+07 2.02903150e+07
 1.84247360e+07 1.63604110e+07 1.41690800e+07 1.18814380e+07
 9.58328900e+06 7.45078100e+06 5.57883400e+06 4.07398500e+06
 2.91002200e+06 2.07364600e+06 1.50598800e+06 1.10673000e+06
 8.31434000e+05 6.34431000e+05 4.85539000e+05 3.73919000e+05
 2.84174000e+05 2.19969000e+05 1.65639000e+05 1.24399000e+05
 9.61090000e+04 7.15050000e+04 5.29120000e+04 3.90290000e+04
 2.94330000e+04 2.15660000e+04 1.63730000e+04 1.26020000e+04
 9.89500000e+03 7.80500000e+03 6.32100000e+03 4.67100000e+03
 3.60000000e+03 2.58700000e+03 1.94500000e+03 1.54100000e+03
 1.25600000e+03 8.97000000e+02 7.39000000e+02 4.99000000e+02
 4.16000000e+02 2.56000000e+02 1.63000000e+02 8.50000000e+01
 6.20000000e+01 2.10000000e+01 1.00000000e+01 6.00000000e+00]
