Standard Deviation: 6.150612692650175
Skewness: 0.028876892487427988
Kurtosis: 2.2312407225132995
Median: -0.001930486503747211
Mean: 0.005501898455861715
Deciles: [-3.29792414  3.27949882]
Minimum: -61.82333365452029
Maximum: 70.48802673706541
Bin Edges: [-61.82333365 -60.50022005 -59.17710645 -57.85399284 -56.53087924
 -55.20776563 -53.88465203 -52.56153843 -51.23842482 -49.91531122
 -48.59219762 -47.26908401 -45.94597041 -44.6228568  -43.2997432
 -41.9766296  -40.65351599 -39.33040239 -38.00728878 -36.68417518
 -35.36106158 -34.03794797 -32.71483437 -31.39172076 -30.06860716
 -28.74549356 -27.42237995 -26.09926635 -24.77615274 -23.45303914
 -22.12992554 -20.80681193 -19.48369833 -18.16058473 -16.83747112
 -15.51435752 -14.19124391 -12.86813031 -11.54501671 -10.2219031
  -8.8987895   -7.57567589  -6.25256229  -4.92944869  -3.60633508
  -2.28322148  -0.96010787   0.36300573   1.68611933   3.00923294
   4.33234654   5.65546015   6.97857375   8.30168735   9.62480096
  10.94791456  12.27102816  13.59414177  14.91725537  16.24036898
  17.56348258  18.88659618  20.20970979  21.53282339  22.855937
  24.1790506   25.5021642   26.82527781  28.14839141  29.47150502
  30.79461862  32.11773222  33.44084583  34.76395943  36.08707304
  37.41018664  38.73330024  40.05641385  41.37952745  42.70264105
  44.02575466  45.34886826  46.67198187  47.99509547  49.31820907
  50.64132268  51.96443628  53.28754989  54.61066349  55.93377709
  57.2568907   58.5800043   59.90311791  61.22623151  62.54934511
  63.87245872  65.19557232  66.51868593  67.84179953  69.16491313
  70.48802674]
Frequencies: [9.00000000e+00 3.10000000e+01 6.70000000e+01 8.70000000e+01
 1.47000000e+02 2.22000000e+02 3.87000000e+02 6.98000000e+02
 1.05100000e+03 1.70200000e+03 2.56200000e+03 3.82100000e+03
 5.83900000e+03 8.49500000e+03 1.22820000e+04 1.76290000e+04
 2.59670000e+04 3.81230000e+04 5.64900000e+04 8.22260000e+04
 1.19775000e+05 1.73856000e+05 2.54878000e+05 3.71655000e+05
 5.40047000e+05 7.75029000e+05 1.11856500e+06 1.59276000e+06
 2.26037300e+06 3.19406500e+06 4.49497200e+06 6.27108700e+06
 8.71705500e+06 1.20715820e+07 1.67036970e+07 2.29452220e+07
 3.14186670e+07 4.29910090e+07 5.88290560e+07 8.04506040e+07
 1.10385282e+08 1.52371798e+08 2.10359950e+08 2.86932361e+08
 3.78322400e+08 4.65776811e+08 5.13834439e+08 4.96369743e+08
 4.21716641e+08 3.25200538e+08 2.38855899e+08 1.73278182e+08
 1.26292681e+08 9.28151870e+07 6.85788670e+07 5.06074220e+07
 3.72062500e+07 2.72005030e+07 1.97521630e+07 1.42262160e+07
 1.01622370e+07 7.23102700e+06 5.15302900e+06 3.65354700e+06
 2.60065300e+06 1.86098800e+06 1.33562300e+06 9.67083000e+05
 6.97904000e+05 5.08023000e+05 3.67443000e+05 2.68324000e+05
 1.96146000e+05 1.44554000e+05 1.05909000e+05 7.83620000e+04
 5.80560000e+04 4.33790000e+04 3.15130000e+04 2.33140000e+04
 1.68470000e+04 1.24020000e+04 9.11800000e+03 6.68600000e+03
 4.69200000e+03 3.47400000e+03 2.46300000e+03 1.79800000e+03
 1.23400000e+03 9.16000000e+02 6.61000000e+02 4.46000000e+02
 3.62000000e+02 2.54000000e+02 1.79000000e+02 9.30000000e+01
 6.40000000e+01 3.90000000e+01 2.50000000e+01 1.10000000e+01]
