Standard Deviation: 12.369614952778258
Skewness: -1.1259626087787349
Kurtosis: 1.1618787147023637
Median: 285.2552448129627
Mean: 281.542444499017
Deciles: [274.12258816 291.21335172]
Minimum: 216.55646178780728
Maximum: 312.82938791598707
Bin Edges: [216.55646179 217.51919105 218.48192031 219.44464957 220.40737883
 221.37010809 222.33283736 223.29556662 224.25829588 225.22102514
 226.1837544  227.14648366 228.10921292 229.07194218 230.03467145
 230.99740071 231.96012997 232.92285923 233.88558849 234.84831775
 235.81104701 236.77377627 237.73650554 238.6992348  239.66196406
 240.62469332 241.58742258 242.55015184 243.5128811  244.47561036
 245.43833963 246.40106889 247.36379815 248.32652741 249.28925667
 250.25198593 251.21471519 252.17744446 253.14017372 254.10290298
 255.06563224 256.0283615  256.99109076 257.95382002 258.91654928
 259.87927855 260.84200781 261.80473707 262.76746633 263.73019559
 264.69292485 265.65565411 266.61838337 267.58111264 268.5438419
 269.50657116 270.46930042 271.43202968 272.39475894 273.3574882
 274.32021746 275.28294673 276.24567599 277.20840525 278.17113451
 279.13386377 280.09659303 281.05932229 282.02205155 282.98478082
 283.94751008 284.91023934 285.8729686  286.83569786 287.79842712
 288.76115638 289.72388565 290.68661491 291.64934417 292.61207343
 293.57480269 294.53753195 295.50026121 296.46299047 297.42571974
 298.388449   299.35117826 300.31390752 301.27663678 302.23936604
 303.2020953  304.16482456 305.12755383 306.09028309 307.05301235
 308.01574161 308.97847087 309.94120013 310.90392939 311.86665865
 312.82938792]
Frequencies: [7.39000000e+02 4.50100000e+03 1.17350000e+04 2.34130000e+04
 4.49920000e+04 8.32600000e+04 1.44465000e+05 2.25691000e+05
 3.37956000e+05 4.77498000e+05 6.46375000e+05 8.48825000e+05
 1.06483400e+06 1.28702700e+06 1.51435600e+06 1.72670200e+06
 1.92500600e+06 2.11569000e+06 2.30601800e+06 2.50992100e+06
 2.69329100e+06 2.90767100e+06 3.13593000e+06 3.36723200e+06
 3.67098500e+06 4.03141100e+06 4.43912500e+06 4.91680700e+06
 5.47425300e+06 6.13472400e+06 6.95489900e+06 7.84373800e+06
 8.82015000e+06 9.83520000e+06 1.09034230e+07 1.20410450e+07
 1.32022240e+07 1.44672800e+07 1.58777340e+07 1.70972110e+07
 1.84426870e+07 1.98558220e+07 2.13974220e+07 2.32843360e+07
 2.55360320e+07 2.83003190e+07 3.17753320e+07 3.63173300e+07
 4.21877140e+07 4.86741270e+07 5.45212060e+07 5.92836580e+07
 6.28123430e+07 6.58705000e+07 6.83968570e+07 7.03889010e+07
 7.21235380e+07 7.37263000e+07 7.54792360e+07 7.81024440e+07
 8.14176610e+07 8.49311320e+07 8.82524350e+07 9.13236370e+07
 9.38965240e+07 9.67450540e+07 9.94900610e+07 1.02558867e+08
 1.06408486e+08 1.11431365e+08 1.18204500e+08 1.26686635e+08
 1.36822432e+08 1.50140641e+08 1.69237373e+08 1.97598875e+08
 2.40241777e+08 3.10098430e+08 3.70640990e+08 2.55619224e+08
 1.11138598e+08 6.55052290e+07 4.70065600e+07 3.53719770e+07
 2.70491350e+07 2.07194340e+07 1.57184270e+07 1.16462810e+07
 8.37818200e+06 5.85852100e+06 3.90727700e+06 2.45451200e+06
 1.48327900e+06 8.80955000e+05 4.61593000e+05 1.85511000e+05
 6.24810000e+04 1.68460000e+04 3.21900000e+03 4.43000000e+02]
