Standard Deviation: 1.848619700447436e-05
Skewness: 23.17525598921501
Kurtosis: 808.0781358063318
Median: 0.0
Mean: 2.0202654151415527e-06
Deciles: [0. 0.]
Minimum: 0.0
Maximum: 0.0022757178983983995
Bin Edges: [0.00000000e+00 2.27571790e-05 4.55143580e-05 6.82715370e-05
 9.10287159e-05 1.13785895e-04 1.36543074e-04 1.59300253e-04
 1.82057432e-04 2.04814611e-04 2.27571790e-04 2.50328969e-04
 2.73086148e-04 2.95843327e-04 3.18600506e-04 3.41357685e-04
 3.64114864e-04 3.86872043e-04 4.09629222e-04 4.32386401e-04
 4.55143580e-04 4.77900759e-04 5.00657938e-04 5.23415117e-04
 5.46172296e-04 5.68929475e-04 5.91686654e-04 6.14443833e-04
 6.37201012e-04 6.59958191e-04 6.82715370e-04 7.05472549e-04
 7.28229727e-04 7.50986906e-04 7.73744085e-04 7.96501264e-04
 8.19258443e-04 8.42015622e-04 8.64772801e-04 8.87529980e-04
 9.10287159e-04 9.33044338e-04 9.55801517e-04 9.78558696e-04
 1.00131588e-03 1.02407305e-03 1.04683023e-03 1.06958741e-03
 1.09234459e-03 1.11510177e-03 1.13785895e-03 1.16061613e-03
 1.18337331e-03 1.20613049e-03 1.22888767e-03 1.25164484e-03
 1.27440202e-03 1.29715920e-03 1.31991638e-03 1.34267356e-03
 1.36543074e-03 1.38818792e-03 1.41094510e-03 1.43370228e-03
 1.45645945e-03 1.47921663e-03 1.50197381e-03 1.52473099e-03
 1.54748817e-03 1.57024535e-03 1.59300253e-03 1.61575971e-03
 1.63851689e-03 1.66127407e-03 1.68403124e-03 1.70678842e-03
 1.72954560e-03 1.75230278e-03 1.77505996e-03 1.79781714e-03
 1.82057432e-03 1.84333150e-03 1.86608868e-03 1.88884586e-03
 1.91160303e-03 1.93436021e-03 1.95711739e-03 1.97987457e-03
 2.00263175e-03 2.02538893e-03 2.04814611e-03 2.07090329e-03
 2.09366047e-03 2.11641765e-03 2.13917482e-03 2.16193200e-03
 2.18468918e-03 2.20744636e-03 2.23020354e-03 2.25296072e-03
 2.27571790e-03]
Frequencies: [4.45499701e+09 3.45964880e+07 1.74437260e+07 1.11877590e+07
 7.09279700e+06 4.11972800e+06 2.44983000e+06 1.62024200e+06
 1.18155200e+06 9.16233000e+05 7.42512000e+05 6.15725000e+05
 5.21020000e+05 4.44103000e+05 3.83214000e+05 3.35206000e+05
 2.93593000e+05 2.60087000e+05 2.30948000e+05 2.04304000e+05
 1.82407000e+05 1.61226000e+05 1.43437000e+05 1.26848000e+05
 1.13178000e+05 1.00125000e+05 8.85430000e+04 7.83160000e+04
 6.94040000e+04 6.08670000e+04 5.36810000e+04 4.73790000e+04
 4.13610000e+04 3.62540000e+04 3.14310000e+04 2.79570000e+04
 2.43630000e+04 2.10130000e+04 1.88540000e+04 1.64590000e+04
 1.41080000e+04 1.24160000e+04 1.05890000e+04 9.34300000e+03
 8.10400000e+03 6.92800000e+03 6.00500000e+03 5.25200000e+03
 4.44000000e+03 3.80800000e+03 3.43100000e+03 2.95100000e+03
 2.53300000e+03 2.22600000e+03 1.93400000e+03 1.56600000e+03
 1.39300000e+03 1.11100000e+03 1.05100000e+03 8.89000000e+02
 7.30000000e+02 6.26000000e+02 5.42000000e+02 4.54000000e+02
 3.82000000e+02 2.95000000e+02 2.84000000e+02 2.27000000e+02
 2.03000000e+02 1.65000000e+02 1.49000000e+02 1.12000000e+02
 1.04000000e+02 7.20000000e+01 7.60000000e+01 5.30000000e+01
 3.70000000e+01 4.90000000e+01 2.70000000e+01 2.50000000e+01
 2.80000000e+01 2.50000000e+01 1.10000000e+01 1.50000000e+01
 8.00000000e+00 4.00000000e+00 4.00000000e+00 6.00000000e+00
 4.00000000e+00 7.00000000e+00 3.00000000e+00 1.00000000e+00
 1.00000000e+00 4.00000000e+00 1.00000000e+00 2.00000000e+00
 0.00000000e+00 1.00000000e+00 2.00000000e+00 1.00000000e+00]
