Standard Deviation: 0.0057993391643300736
Skewness: 0.15637664845561114
Kurtosis: -1.3009818070724106
Median: 0.008718752356892751
Mean: 0.009442806716720509
Deciles: [0.00425694 0.01492055]
Minimum: 1.345361712799531e-06
Maximum: 0.02452318271433612
Bin Edges: [1.34536171e-06 2.46563735e-04 4.91782109e-04 7.37000482e-04
 9.82218856e-04 1.22743723e-03 1.47265560e-03 1.71787398e-03
 1.96309235e-03 2.20831072e-03 2.45352910e-03 2.69874747e-03
 2.94396584e-03 3.18918422e-03 3.43440259e-03 3.67962096e-03
 3.92483934e-03 4.17005771e-03 4.41527609e-03 4.66049446e-03
 4.90571283e-03 5.15093121e-03 5.39614958e-03 5.64136795e-03
 5.88658633e-03 6.13180470e-03 6.37702307e-03 6.62224145e-03
 6.86745982e-03 7.11267819e-03 7.35789657e-03 7.60311494e-03
 7.84833331e-03 8.09355169e-03 8.33877006e-03 8.58398844e-03
 8.82920681e-03 9.07442518e-03 9.31964356e-03 9.56486193e-03
 9.81008030e-03 1.00552987e-02 1.03005170e-02 1.05457354e-02
 1.07909538e-02 1.10361722e-02 1.12813905e-02 1.15266089e-02
 1.17718273e-02 1.20170457e-02 1.22622640e-02 1.25074824e-02
 1.27527008e-02 1.29979192e-02 1.32431375e-02 1.34883559e-02
 1.37335743e-02 1.39787927e-02 1.42240110e-02 1.44692294e-02
 1.47144478e-02 1.49596661e-02 1.52048845e-02 1.54501029e-02
 1.56953213e-02 1.59405396e-02 1.61857580e-02 1.64309764e-02
 1.66761948e-02 1.69214131e-02 1.71666315e-02 1.74118499e-02
 1.76570683e-02 1.79022866e-02 1.81475050e-02 1.83927234e-02
 1.86379417e-02 1.88831601e-02 1.91283785e-02 1.93735969e-02
 1.96188152e-02 1.98640336e-02 2.01092520e-02 2.03544704e-02
 2.05996887e-02 2.08449071e-02 2.10901255e-02 2.13353439e-02
 2.15805622e-02 2.18257806e-02 2.20709990e-02 2.23162174e-02
 2.25614357e-02 2.28066541e-02 2.30518725e-02 2.32970908e-02
 2.35423092e-02 2.37875276e-02 2.40327460e-02 2.42779643e-02
 2.45231827e-02]
Frequencies: [6.4393110e+07 6.3241967e+07 5.1625754e+07 4.3236191e+07 4.1306835e+07
 4.2818652e+07 4.6059154e+07 5.0651711e+07 5.5909644e+07 6.1541524e+07
 6.8242232e+07 7.5638934e+07 8.2489348e+07 8.7539766e+07 9.1752292e+07
 9.1938352e+07 8.7151134e+07 8.2657042e+07 7.8799848e+07 7.5626564e+07
 7.3004830e+07 7.0778489e+07 6.8809848e+07 6.6790554e+07 6.4856259e+07
 6.3168286e+07 6.1452201e+07 5.9758110e+07 5.8073452e+07 5.6352446e+07
 5.4668212e+07 5.3065644e+07 5.1558161e+07 5.0171047e+07 4.8979898e+07
 4.7984824e+07 4.7135589e+07 4.6431972e+07 4.5717237e+07 4.5175863e+07
 4.4626656e+07 4.4159540e+07 4.3675909e+07 4.3289483e+07 4.2956802e+07
 4.2697749e+07 4.2461108e+07 4.2311591e+07 4.2228506e+07 4.2269744e+07
 4.2344910e+07 4.2591513e+07 4.2971389e+07 4.3651882e+07 4.4468581e+07
 4.5392643e+07 4.6504294e+07 4.7758797e+07 4.9026505e+07 5.0426169e+07
 5.1901047e+07 5.3456021e+07 5.5114720e+07 5.6866695e+07 5.8585681e+07
 6.0239834e+07 6.1696325e+07 6.3214842e+07 6.4769633e+07 6.6625603e+07
 6.8598989e+07 7.0335774e+07 7.1274164e+07 7.0414500e+07 6.7000403e+07
 6.0579130e+07 5.1399837e+07 4.0427221e+07 2.9428642e+07 2.0017519e+07
 1.2911236e+07 8.1463470e+06 5.1692300e+06 3.3994530e+06 2.3227530e+06
 1.6293330e+06 1.1369970e+06 7.7800200e+05 5.1929000e+05 3.3378300e+05
 2.0499000e+05 1.2209000e+05 7.3989000e+04 4.7085000e+04 3.0017000e+04
 2.0950000e+04 1.3851000e+04 7.9960000e+03 2.8930000e+03 3.8800000e+02]
