Standard Deviation: 1.2881070649782344e-08
Skewness: 15986.192813570313
Kurtosis: 361169259.252364
Median: 0.0
Mean: 6.642418479677786e-12
Deciles: [0. 0.]
Minimum: 0.0
Maximum: 0.00036565565269584734
Bin Edges: [0.00000000e+00 3.65655653e-06 7.31311305e-06 1.09696696e-05
 1.46262261e-05 1.82827826e-05 2.19393392e-05 2.55958957e-05
 2.92524522e-05 3.29090087e-05 3.65655653e-05 4.02221218e-05
 4.38786783e-05 4.75352349e-05 5.11917914e-05 5.48483479e-05
 5.85049044e-05 6.21614610e-05 6.58180175e-05 6.94745740e-05
 7.31311305e-05 7.67876871e-05 8.04442436e-05 8.41008001e-05
 8.77573566e-05 9.14139132e-05 9.50704697e-05 9.87270262e-05
 1.02383583e-04 1.06040139e-04 1.09696696e-04 1.13353252e-04
 1.17009809e-04 1.20666365e-04 1.24322922e-04 1.27979478e-04
 1.31636035e-04 1.35292591e-04 1.38949148e-04 1.42605705e-04
 1.46262261e-04 1.49918818e-04 1.53575374e-04 1.57231931e-04
 1.60888487e-04 1.64545044e-04 1.68201600e-04 1.71858157e-04
 1.75514713e-04 1.79171270e-04 1.82827826e-04 1.86484383e-04
 1.90140939e-04 1.93797496e-04 1.97454052e-04 2.01110609e-04
 2.04767166e-04 2.08423722e-04 2.12080279e-04 2.15736835e-04
 2.19393392e-04 2.23049948e-04 2.26706505e-04 2.30363061e-04
 2.34019618e-04 2.37676174e-04 2.41332731e-04 2.44989287e-04
 2.48645844e-04 2.52302400e-04 2.55958957e-04 2.59615513e-04
 2.63272070e-04 2.66928626e-04 2.70585183e-04 2.74241740e-04
 2.77898296e-04 2.81554853e-04 2.85211409e-04 2.88867966e-04
 2.92524522e-04 2.96181079e-04 2.99837635e-04 3.03494192e-04
 3.07150748e-04 3.10807305e-04 3.14463861e-04 3.18120418e-04
 3.21776974e-04 3.25433531e-04 3.29090087e-04 3.32746644e-04
 3.36403200e-04 3.40059757e-04 3.43716314e-04 3.47372870e-04
 3.51029427e-04 3.54685983e-04 3.58342540e-04 3.61999096e-04
 3.65655653e-04]
Frequencies: [4.54118353e+09 1.26000000e+02 8.60000000e+01 6.40000000e+01
 4.70000000e+01 3.00000000e+01 2.30000000e+01 1.20000000e+01
 1.30000000e+01 9.00000000e+00 5.00000000e+00 9.00000000e+00
 6.00000000e+00 4.00000000e+00 2.00000000e+00 5.00000000e+00
 5.00000000e+00 3.00000000e+00 3.00000000e+00 1.00000000e+00
 0.00000000e+00 2.00000000e+00 2.00000000e+00 0.00000000e+00
 1.00000000e+00 0.00000000e+00 1.00000000e+00 0.00000000e+00
 0.00000000e+00 0.00000000e+00 0.00000000e+00 0.00000000e+00
 0.00000000e+00 1.00000000e+00 0.00000000e+00 1.00000000e+00
 0.00000000e+00 0.00000000e+00 0.00000000e+00 0.00000000e+00
 0.00000000e+00 0.00000000e+00 0.00000000e+00 1.00000000e+00
 1.00000000e+00 0.00000000e+00 0.00000000e+00 0.00000000e+00
 1.00000000e+00 0.00000000e+00 0.00000000e+00 0.00000000e+00
 0.00000000e+00 0.00000000e+00 0.00000000e+00 0.00000000e+00
 0.00000000e+00 0.00000000e+00 1.00000000e+00 0.00000000e+00
 0.00000000e+00 0.00000000e+00 0.00000000e+00 0.00000000e+00
 0.00000000e+00 0.00000000e+00 0.00000000e+00 0.00000000e+00
 0.00000000e+00 0.00000000e+00 0.00000000e+00 0.00000000e+00
 0.00000000e+00 0.00000000e+00 0.00000000e+00 0.00000000e+00
 0.00000000e+00 0.00000000e+00 0.00000000e+00 0.00000000e+00
 0.00000000e+00 1.00000000e+00 0.00000000e+00 0.00000000e+00
 0.00000000e+00 0.00000000e+00 0.00000000e+00 0.00000000e+00
 0.00000000e+00 0.00000000e+00 0.00000000e+00 0.00000000e+00
 0.00000000e+00 1.00000000e+00 0.00000000e+00 0.00000000e+00
 0.00000000e+00 0.00000000e+00 0.00000000e+00 1.00000000e+00]
