Standard Deviation: 2.947188634353649e-05
Skewness: 5.674112068905889
Kurtosis: 44.51389012901164
Median: 0.0
Mean: 7.941177712113999e-06
Deciles: [0. 0.]
Minimum: 0.0
Maximum: 0.0010943778895626353
Bin Edges: [0.00000000e+00 1.09437789e-05 2.18875578e-05 3.28313367e-05
 4.37751156e-05 5.47188945e-05 6.56626734e-05 7.66064523e-05
 8.75502312e-05 9.84940101e-05 1.09437789e-04 1.20381568e-04
 1.31325347e-04 1.42269126e-04 1.53212905e-04 1.64156683e-04
 1.75100462e-04 1.86044241e-04 1.96988020e-04 2.07931799e-04
 2.18875578e-04 2.29819357e-04 2.40763136e-04 2.51706915e-04
 2.62650693e-04 2.73594472e-04 2.84538251e-04 2.95482030e-04
 3.06425809e-04 3.17369588e-04 3.28313367e-04 3.39257146e-04
 3.50200925e-04 3.61144704e-04 3.72088482e-04 3.83032261e-04
 3.93976040e-04 4.04919819e-04 4.15863598e-04 4.26807377e-04
 4.37751156e-04 4.48694935e-04 4.59638714e-04 4.70582493e-04
 4.81526271e-04 4.92470050e-04 5.03413829e-04 5.14357608e-04
 5.25301387e-04 5.36245166e-04 5.47188945e-04 5.58132724e-04
 5.69076503e-04 5.80020281e-04 5.90964060e-04 6.01907839e-04
 6.12851618e-04 6.23795397e-04 6.34739176e-04 6.45682955e-04
 6.56626734e-04 6.67570513e-04 6.78514292e-04 6.89458070e-04
 7.00401849e-04 7.11345628e-04 7.22289407e-04 7.33233186e-04
 7.44176965e-04 7.55120744e-04 7.66064523e-04 7.77008302e-04
 7.87952080e-04 7.98895859e-04 8.09839638e-04 8.20783417e-04
 8.31727196e-04 8.42670975e-04 8.53614754e-04 8.64558533e-04
 8.75502312e-04 8.86446091e-04 8.97389869e-04 9.08333648e-04
 9.19277427e-04 9.30221206e-04 9.41164985e-04 9.52108764e-04
 9.63052543e-04 9.73996322e-04 9.84940101e-04 9.95883880e-04
 1.00682766e-03 1.01777144e-03 1.02871522e-03 1.03965900e-03
 1.05060277e-03 1.06154655e-03 1.07249033e-03 1.08343411e-03
 1.09437789e-03]
Frequencies: [4.03986963e+09 8.70388800e+07 6.72257360e+07 5.58038190e+07
 4.69867570e+07 3.98333090e+07 3.38991560e+07 2.88067190e+07
 2.44282730e+07 2.06642190e+07 1.74037770e+07 1.45199740e+07
 1.19686900e+07 9.73629800e+06 7.83016700e+06 6.27144200e+06
 5.03370700e+06 4.06456900e+06 3.29862400e+06 2.69898100e+06
 2.22144200e+06 1.84117300e+06 1.53058800e+06 1.27715200e+06
 1.07015200e+06 8.99040000e+05 7.58489000e+05 6.39932000e+05
 5.40005000e+05 4.56648000e+05 3.87322000e+05 3.28151000e+05
 2.77866000e+05 2.36099000e+05 1.99558000e+05 1.69168000e+05
 1.43757000e+05 1.22178000e+05 1.04413000e+05 8.86690000e+04
 7.52520000e+04 6.40170000e+04 5.48900000e+04 4.70680000e+04
 4.00620000e+04 3.38900000e+04 2.90950000e+04 2.47450000e+04
 2.12340000e+04 1.81510000e+04 1.53890000e+04 1.32180000e+04
 1.13190000e+04 9.58800000e+03 8.05000000e+03 6.89900000e+03
 5.87000000e+03 4.93400000e+03 4.31600000e+03 3.56900000e+03
 3.01300000e+03 2.53000000e+03 2.13800000e+03 1.79900000e+03
 1.56600000e+03 1.32400000e+03 9.97000000e+02 8.70000000e+02
 7.46000000e+02 6.00000000e+02 5.01000000e+02 3.90000000e+02
 3.19000000e+02 2.65000000e+02 1.95000000e+02 1.56000000e+02
 9.80000000e+01 8.90000000e+01 6.30000000e+01 5.60000000e+01
 3.20000000e+01 3.30000000e+01 3.90000000e+01 1.80000000e+01
 1.80000000e+01 7.00000000e+00 1.10000000e+01 8.00000000e+00
 8.00000000e+00 9.00000000e+00 0.00000000e+00 2.00000000e+00
 7.00000000e+00 4.00000000e+00 1.00000000e+00 2.00000000e+00
 1.00000000e+00 0.00000000e+00 0.00000000e+00 1.00000000e+00]
