Standard Deviation: 1.1006220774051284e-05
Skewness: 6.62528352561469
Kurtosis: 55.01207259168319
Median: 0.0
Mean: 2.444673041245394e-06
Deciles: [0. 0.]
Minimum: 0.0
Maximum: 0.0003684383277749604
Bin Edges: [0.00000000e+00 3.68438328e-06 7.36876656e-06 1.10531498e-05
 1.47375331e-05 1.84219164e-05 2.21062997e-05 2.57906829e-05
 2.94750662e-05 3.31594495e-05 3.68438328e-05 4.05282161e-05
 4.42125993e-05 4.78969826e-05 5.15813659e-05 5.52657492e-05
 5.89501324e-05 6.26345157e-05 6.63188990e-05 7.00032823e-05
 7.36876656e-05 7.73720488e-05 8.10564321e-05 8.47408154e-05
 8.84251987e-05 9.21095819e-05 9.57939652e-05 9.94783485e-05
 1.03162732e-04 1.06847115e-04 1.10531498e-04 1.14215882e-04
 1.17900265e-04 1.21584648e-04 1.25269031e-04 1.28953415e-04
 1.32637798e-04 1.36322181e-04 1.40006565e-04 1.43690948e-04
 1.47375331e-04 1.51059714e-04 1.54744098e-04 1.58428481e-04
 1.62112864e-04 1.65797247e-04 1.69481631e-04 1.73166014e-04
 1.76850397e-04 1.80534781e-04 1.84219164e-04 1.87903547e-04
 1.91587930e-04 1.95272314e-04 1.98956697e-04 2.02641080e-04
 2.06325464e-04 2.10009847e-04 2.13694230e-04 2.17378613e-04
 2.21062997e-04 2.24747380e-04 2.28431763e-04 2.32116146e-04
 2.35800530e-04 2.39484913e-04 2.43169296e-04 2.46853680e-04
 2.50538063e-04 2.54222446e-04 2.57906829e-04 2.61591213e-04
 2.65275596e-04 2.68959979e-04 2.72644363e-04 2.76328746e-04
 2.80013129e-04 2.83697512e-04 2.87381896e-04 2.91066279e-04
 2.94750662e-04 2.98435045e-04 3.02119429e-04 3.05803812e-04
 3.09488195e-04 3.13172579e-04 3.16856962e-04 3.20541345e-04
 3.24225728e-04 3.27910112e-04 3.31594495e-04 3.35278878e-04
 3.38963262e-04 3.42647645e-04 3.46332028e-04 3.50016411e-04
 3.53700795e-04 3.57385178e-04 3.61069561e-04 3.64753944e-04
 3.68438328e-04]
Frequencies: [4.16649646e+09 6.18655810e+07 4.44120040e+07 3.60590690e+07
 3.05356010e+07 2.62691740e+07 2.26826430e+07 1.95695510e+07
 1.69014130e+07 1.46126560e+07 1.26603370e+07 1.09947920e+07
 9.56562900e+06 8.34061600e+06 7.28409600e+06 6.38436000e+06
 5.59991800e+06 4.92178300e+06 4.32604600e+06 3.81268700e+06
 3.37310000e+06 2.98498900e+06 2.65366900e+06 2.37286700e+06
 2.14203600e+06 1.94484900e+06 1.79180400e+06 1.67631000e+06
 1.48250200e+06 1.26119700e+06 1.05431900e+06 8.75092000e+05
 7.28559000e+05 6.06137000e+05 5.04652000e+05 4.17331000e+05
 3.47311000e+05 2.87234000e+05 2.38951000e+05 1.96953000e+05
 1.62285000e+05 1.35610000e+05 1.11462000e+05 9.12730000e+04
 7.65920000e+04 6.31840000e+04 5.23520000e+04 4.34970000e+04
 3.60850000e+04 2.99810000e+04 2.46100000e+04 2.05030000e+04
 1.66580000e+04 1.39330000e+04 1.12810000e+04 9.10800000e+03
 7.94800000e+03 6.82400000e+03 5.87200000e+03 4.77200000e+03
 3.97000000e+03 3.37400000e+03 2.91200000e+03 2.48000000e+03
 1.90200000e+03 1.61100000e+03 1.50200000e+03 1.28500000e+03
 1.10300000e+03 8.92000000e+02 6.97000000e+02 5.87000000e+02
 5.69000000e+02 5.13000000e+02 3.83000000e+02 3.40000000e+02
 2.97000000e+02 2.43000000e+02 1.83000000e+02 1.42000000e+02
 1.47000000e+02 9.90000000e+01 9.10000000e+01 7.10000000e+01
 8.30000000e+01 5.10000000e+01 7.60000000e+01 7.20000000e+01
 8.40000000e+01 6.00000000e+01 2.10000000e+01 1.30000000e+01
 8.00000000e+00 9.00000000e+00 1.00000000e+00 4.00000000e+00
 2.00000000e+00 2.00000000e+00 1.40000000e+01 1.00000000e+00]
