Standard Deviation: 11.880293429790012
Skewness: -1.099180168933312
Kurtosis: 0.5069702320025193
Median: 263.20549998695583
Mean: 258.71177359197156
Deciles: [251.30674298 268.36648422]
Minimum: 204.8859145705894
Maximum: 281.4602670078338
Bin Edges: [204.88591457 205.65165809 206.41740162 207.18314514 207.94888867
 208.71463219 209.48037572 210.24611924 211.01186277 211.77760629
 212.54334981 213.30909334 214.07483686 214.84058039 215.60632391
 216.37206744 217.13781096 217.90355448 218.66929801 219.43504153
 220.20078506 220.96652858 221.73227211 222.49801563 223.26375916
 224.02950268 224.7952462  225.56098973 226.32673325 227.09247678
 227.8582203  228.62396383 229.38970735 230.15545087 230.9211944
 231.68693792 232.45268145 233.21842497 233.9841685  234.74991202
 235.51565555 236.28139907 237.04714259 237.81288612 238.57862964
 239.34437317 240.11011669 240.87586022 241.64160374 242.40734726
 243.17309079 243.93883431 244.70457784 245.47032136 246.23606489
 247.00180841 247.76755194 248.53329546 249.29903898 250.06478251
 250.83052603 251.59626956 252.36201308 253.12775661 253.89350013
 254.65924365 255.42498718 256.1907307  256.95647423 257.72221775
 258.48796128 259.2537048  260.01944833 260.78519185 261.55093537
 262.3166789  263.08242242 263.84816595 264.61390947 265.379653
 266.14539652 266.91114004 267.67688357 268.44262709 269.20837062
 269.97411414 270.73985767 271.50560119 272.27134472 273.03708824
 273.80283176 274.56857529 275.33431881 276.10006234 276.86580586
 277.63154939 278.39729291 279.16303643 279.92877996 280.69452348
 281.46026701]
Frequencies: [3.70000000e+02 3.19800000e+03 1.27630000e+04 4.14100000e+04
 9.75470000e+04 1.86327000e+05 3.29647000e+05 5.23132000e+05
 7.51806000e+05 1.01348500e+06 1.28001500e+06 1.52368600e+06
 1.76716900e+06 2.01293700e+06 2.23586800e+06 2.43717800e+06
 2.61600600e+06 2.77379000e+06 2.94535400e+06 3.07903000e+06
 3.21140000e+06 3.36930700e+06 3.52668800e+06 3.70474000e+06
 4.02054100e+06 4.35233100e+06 4.79684300e+06 5.38908400e+06
 6.19527300e+06 7.22869100e+06 8.49665700e+06 1.00499390e+07
 1.17664500e+07 1.36713590e+07 1.56276580e+07 1.76795090e+07
 1.97564370e+07 2.18429000e+07 2.39749500e+07 2.60298280e+07
 2.80080040e+07 2.98522260e+07 3.17011230e+07 3.35271860e+07
 3.53052970e+07 3.70247510e+07 3.87188250e+07 4.03310240e+07
 4.18633120e+07 4.32552270e+07 4.44830730e+07 4.56679150e+07
 4.69389310e+07 4.80785040e+07 4.93901590e+07 5.06576260e+07
 5.18473420e+07 5.31532800e+07 5.43661280e+07 5.55857670e+07
 5.68863900e+07 5.84001890e+07 6.00913930e+07 6.23016420e+07
 6.42469450e+07 6.60623910e+07 6.76700530e+07 6.93773930e+07
 7.14052280e+07 7.36029140e+07 7.58714480e+07 7.84350010e+07
 8.11674880e+07 8.45274730e+07 8.90153320e+07 9.53712820e+07
 1.04302247e+08 1.15919684e+08 1.29784904e+08 1.48133034e+08
 1.74874773e+08 2.17834957e+08 2.94135740e+08 3.79058060e+08
 3.53576615e+08 2.14708459e+08 9.69853140e+07 3.73298060e+07
 1.30984350e+07 4.46591800e+06 1.57270500e+06 5.76848000e+05
 2.09528000e+05 7.17100000e+04 2.42870000e+04 7.47600000e+03
 2.63900000e+03 1.04200000e+03 2.14000000e+02 4.00000000e+01]
