Standard Deviation: 0.0009573349977237353
Skewness: 1.706531412176767
Kurtosis: 2.3839248309014573
Median: 0.00041307640611673027
Mean: 0.0008183262010775546
Deciles: [0.00015655 0.00111057]
Minimum: 1e-12
Maximum: 0.00860003628199259
Bin Edges: [1.00000000e-12 8.60003638e-05 1.72000727e-04 2.58001089e-04
 3.44001452e-04 4.30001815e-04 5.16002178e-04 6.02002541e-04
 6.88002903e-04 7.74003266e-04 8.60003629e-04 9.46003992e-04
 1.03200435e-03 1.11800472e-03 1.20400508e-03 1.29000544e-03
 1.37600581e-03 1.46200617e-03 1.54800653e-03 1.63400689e-03
 1.72000726e-03 1.80600762e-03 1.89200798e-03 1.97800835e-03
 2.06400871e-03 2.15000907e-03 2.23600943e-03 2.32200980e-03
 2.40801016e-03 2.49401052e-03 2.58001089e-03 2.66601125e-03
 2.75201161e-03 2.83801197e-03 2.92401234e-03 3.01001270e-03
 3.09601306e-03 3.18201342e-03 3.26801379e-03 3.35401415e-03
 3.44001451e-03 3.52601488e-03 3.61201524e-03 3.69801560e-03
 3.78401596e-03 3.87001633e-03 3.95601669e-03 4.04201705e-03
 4.12801742e-03 4.21401778e-03 4.30001814e-03 4.38601850e-03
 4.47201887e-03 4.55801923e-03 4.64401959e-03 4.73001996e-03
 4.81602032e-03 4.90202068e-03 4.98802104e-03 5.07402141e-03
 5.16002177e-03 5.24602213e-03 5.33202250e-03 5.41802286e-03
 5.50402322e-03 5.59002358e-03 5.67602395e-03 5.76202431e-03
 5.84802467e-03 5.93402503e-03 6.02002540e-03 6.10602576e-03
 6.19202612e-03 6.27802649e-03 6.36402685e-03 6.45002721e-03
 6.53602757e-03 6.62202794e-03 6.70802830e-03 6.79402866e-03
 6.88002903e-03 6.96602939e-03 7.05202975e-03 7.13803011e-03
 7.22403048e-03 7.31003084e-03 7.39603120e-03 7.48203157e-03
 7.56803193e-03 7.65403229e-03 7.74003265e-03 7.82603302e-03
 7.91203338e-03 7.99803374e-03 8.08403411e-03 8.17003447e-03
 8.25603483e-03 8.34203519e-03 8.42803556e-03 8.51403592e-03
 8.60003628e-03]
Frequencies: [5.95633746e+08 6.40617501e+08 4.64755026e+08 3.46549551e+08
 2.71909751e+08 2.20504982e+08 1.83455534e+08 1.55776370e+08
 1.34562370e+08 1.17808711e+08 1.04289311e+08 9.31401420e+07
 8.38018580e+07 7.59490920e+07 6.92153000e+07 6.33756100e+07
 5.81302690e+07 5.35637740e+07 4.98903360e+07 4.66277050e+07
 4.38198850e+07 4.13271820e+07 3.90838940e+07 3.70945080e+07
 3.52629010e+07 3.35928170e+07 3.21338830e+07 3.07830880e+07
 2.95115290e+07 2.83318120e+07 2.71932350e+07 2.60816990e+07
 2.50060160e+07 2.39442280e+07 2.29227930e+07 2.19330530e+07
 2.09458640e+07 1.99820430e+07 1.90225300e+07 1.80673160e+07
 1.70710950e+07 1.60528450e+07 1.49901740e+07 1.38909910e+07
 1.27097190e+07 1.14345670e+07 1.00462280e+07 8.59366300e+06
 7.12646900e+06 5.72208700e+06 4.43722300e+06 3.32183300e+06
 2.43739700e+06 1.79630400e+06 1.34780600e+06 1.02535500e+06
 7.92600000e+05 6.17350000e+05 4.77622000e+05 3.73533000e+05
 2.91395000e+05 2.29807000e+05 1.80797000e+05 1.39726000e+05
 1.07855000e+05 8.35120000e+04 6.48800000e+04 5.02100000e+04
 3.79320000e+04 2.88090000e+04 2.23010000e+04 1.69540000e+04
 1.31470000e+04 1.02770000e+04 8.49900000e+03 6.81100000e+03
 5.49000000e+03 4.79400000e+03 3.92800000e+03 3.20100000e+03
 2.50000000e+03 1.97400000e+03 1.67700000e+03 1.28800000e+03
 9.57000000e+02 7.64000000e+02 5.98000000e+02 4.65000000e+02
 3.79000000e+02 2.69000000e+02 2.17000000e+02 1.32000000e+02
 8.80000000e+01 7.90000000e+01 8.80000000e+01 6.20000000e+01
 3.30000000e+01 1.40000000e+01 6.00000000e+00 9.00000000e+00]
