Standard Deviation: 8.613222358610694
Skewness: 0.7594593989116737
Kurtosis: -0.5393158032407048
Median: 204.6682647735302
Mean: 207.7122314181199
Deciles: [200.63062565 214.04477454]
Minimum: 178.65609079952014
Maximum: 237.7584562844965
Bin Edges: [178.6560908  179.24711445 179.83813811 180.42916176 181.02018542
 181.61120907 182.20223273 182.79325638 183.38428004 183.97530369
 184.56632735 185.157351   185.74837466 186.33939831 186.93042197
 187.52144562 188.11246928 188.70349293 189.29451659 189.88554024
 190.4765639  191.06758755 191.65861121 192.24963486 192.84065852
 193.43168217 194.02270583 194.61372948 195.20475314 195.79577679
 196.38680045 196.9778241  197.56884775 198.15987141 198.75089506
 199.34191872 199.93294237 200.52396603 201.11498968 201.70601334
 202.29703699 202.88806065 203.4790843  204.07010796 204.66113161
 205.25215527 205.84317892 206.43420258 207.02522623 207.61624989
 208.20727354 208.7982972  209.38932085 209.98034451 210.57136816
 211.16239182 211.75341547 212.34443913 212.93546278 213.52648644
 214.11751009 214.70853375 215.2995574  215.89058106 216.48160471
 217.07262836 217.66365202 218.25467567 218.84569933 219.43672298
 220.02774664 220.61877029 221.20979395 221.8008176  222.39184126
 222.98286491 223.57388857 224.16491222 224.75593588 225.34695953
 225.93798319 226.52900684 227.1200305  227.71105415 228.30207781
 228.89310146 229.48412512 230.07514877 230.66617243 231.25719608
 231.84821974 232.43924339 233.03026705 233.6212907  234.21231436
 234.80333801 235.39436167 235.98538532 236.57640897 237.16743263
 237.75845628]
Frequencies: [3.60000000e+01 4.18000000e+02 1.24700000e+03 2.78400000e+03
 4.19700000e+03 7.48400000e+03 1.08420000e+04 1.48090000e+04
 1.93860000e+04 2.75080000e+04 4.27520000e+04 6.21950000e+04
 8.76220000e+04 1.24567000e+05 1.71776000e+05 2.37350000e+05
 3.34567000e+05 4.65944000e+05 6.44214000e+05 8.88550000e+05
 1.20122900e+06 1.59415800e+06 2.01181900e+06 2.45278100e+06
 2.86999200e+06 3.29936600e+06 3.82568900e+06 4.63579900e+06
 6.48351700e+06 1.08989910e+07 2.10458770e+07 4.24768330e+07
 8.22287200e+07 1.42236442e+08 2.11060702e+08 2.63382990e+08
 2.80671002e+08 2.65021099e+08 2.28446779e+08 1.87643788e+08
 1.54625703e+08 1.30841048e+08 1.14413303e+08 1.02892315e+08
 9.43030380e+07 8.78240900e+07 8.28284330e+07 7.89570690e+07
 7.59709700e+07 7.33525100e+07 7.10444490e+07 6.91773900e+07
 6.75610120e+07 6.62277080e+07 6.50682970e+07 6.41296320e+07
 6.31764690e+07 6.22364340e+07 6.14091610e+07 6.06445220e+07
 6.00485500e+07 5.93749750e+07 5.87944370e+07 5.81297670e+07
 5.74857020e+07 5.66382180e+07 5.56226160e+07 5.44306360e+07
 5.32387100e+07 5.18935250e+07 5.04419320e+07 4.88331460e+07
 4.69960030e+07 4.50400960e+07 4.32296650e+07 4.12820220e+07
 3.90645550e+07 3.68052950e+07 3.44274570e+07 3.17783400e+07
 2.88597500e+07 2.58601920e+07 2.28995530e+07 1.95383220e+07
 1.58834150e+07 1.21013090e+07 8.22801700e+06 5.05445500e+06
 2.84805600e+06 1.52020800e+06 7.77414000e+05 3.82930000e+05
 1.73540000e+05 8.48790000e+04 4.73820000e+04 2.67640000e+04
 1.27630000e+04 5.30400000e+03 3.68800000e+03 1.03800000e+03]
