Standard Deviation: 1.3192254082496188e-05
Skewness: 5.81999812680344
Kurtosis: 44.02286342156027
Median: 0.0
Mean: 3.3894233912563964e-06
Deciles: [0. 0.]
Minimum: 0.0
Maximum: 0.0005724407615175193
Bin Edges: [0.00000000e+00 5.72440762e-06 1.14488152e-05 1.71732228e-05
 2.28976305e-05 2.86220381e-05 3.43464457e-05 4.00708533e-05
 4.57952609e-05 5.15196685e-05 5.72440762e-05 6.29684838e-05
 6.86928914e-05 7.44172990e-05 8.01417066e-05 8.58661142e-05
 9.15905218e-05 9.73149295e-05 1.03039337e-04 1.08763745e-04
 1.14488152e-04 1.20212560e-04 1.25936968e-04 1.31661375e-04
 1.37385783e-04 1.43110190e-04 1.48834598e-04 1.54559006e-04
 1.60283413e-04 1.66007821e-04 1.71732228e-04 1.77456636e-04
 1.83181044e-04 1.88905451e-04 1.94629859e-04 2.00354267e-04
 2.06078674e-04 2.11803082e-04 2.17527489e-04 2.23251897e-04
 2.28976305e-04 2.34700712e-04 2.40425120e-04 2.46149527e-04
 2.51873935e-04 2.57598343e-04 2.63322750e-04 2.69047158e-04
 2.74771566e-04 2.80495973e-04 2.86220381e-04 2.91944788e-04
 2.97669196e-04 3.03393604e-04 3.09118011e-04 3.14842419e-04
 3.20566826e-04 3.26291234e-04 3.32015642e-04 3.37740049e-04
 3.43464457e-04 3.49188865e-04 3.54913272e-04 3.60637680e-04
 3.66362087e-04 3.72086495e-04 3.77810903e-04 3.83535310e-04
 3.89259718e-04 3.94984125e-04 4.00708533e-04 4.06432941e-04
 4.12157348e-04 4.17881756e-04 4.23606164e-04 4.29330571e-04
 4.35054979e-04 4.40779386e-04 4.46503794e-04 4.52228202e-04
 4.57952609e-04 4.63677017e-04 4.69401424e-04 4.75125832e-04
 4.80850240e-04 4.86574647e-04 4.92299055e-04 4.98023463e-04
 5.03747870e-04 5.09472278e-04 5.15196685e-04 5.20921093e-04
 5.26645501e-04 5.32369908e-04 5.38094316e-04 5.43818723e-04
 5.49543131e-04 5.55267539e-04 5.60991946e-04 5.66716354e-04
 5.72440762e-04]
Frequencies: [4.08311385e+09 9.48070720e+07 7.17513490e+07 5.68000820e+07
 4.51267810e+07 3.57185320e+07 2.82308360e+07 2.23885500e+07
 1.78915630e+07 1.44417860e+07 1.18041920e+07 9.74997100e+06
 8.15102500e+06 6.90301900e+06 5.91210500e+06 5.11383400e+06
 4.48162100e+06 4.01825100e+06 3.52222300e+06 2.81621200e+06
 2.10880500e+06 1.54975800e+06 1.13648300e+06 8.38425000e+05
 6.22640000e+05 4.69492000e+05 3.59136000e+05 2.77291000e+05
 2.16241000e+05 1.69501000e+05 1.32657000e+05 1.05279000e+05
 8.32390000e+04 6.58320000e+04 5.24040000e+04 4.25780000e+04
 3.39450000e+04 2.78000000e+04 2.27040000e+04 1.85420000e+04
 1.51560000e+04 1.27850000e+04 1.08120000e+04 9.24900000e+03
 8.05200000e+03 6.82400000e+03 5.84300000e+03 5.04100000e+03
 4.32700000e+03 3.93400000e+03 3.36200000e+03 2.95000000e+03
 2.73400000e+03 2.35100000e+03 1.96800000e+03 1.71600000e+03
 1.53800000e+03 1.43700000e+03 1.23800000e+03 1.00200000e+03
 9.36000000e+02 7.82000000e+02 6.35000000e+02 5.44000000e+02
 4.92000000e+02 4.04000000e+02 3.51000000e+02 3.01000000e+02
 2.39000000e+02 1.97000000e+02 1.78000000e+02 1.38000000e+02
 1.29000000e+02 1.10000000e+02 1.18000000e+02 1.01000000e+02
 6.50000000e+01 6.30000000e+01 5.50000000e+01 4.60000000e+01
 3.50000000e+01 3.70000000e+01 3.00000000e+01 2.60000000e+01
 1.10000000e+01 1.10000000e+01 1.00000000e+01 0.00000000e+00
 5.00000000e+00 2.00000000e+00 3.00000000e+00 3.00000000e+00
 0.00000000e+00 5.00000000e+00 2.00000000e+00 3.00000000e+00
 3.00000000e+00 0.00000000e+00 2.00000000e+00 2.00000000e+00]
