Standard Deviation: 3.9111855598918096e-05
Skewness: 6.173691870588553
Kurtosis: 50.735237202395886
Median: 0.0
Mean: 1.0486840132611822e-05
Deciles: [0.00000000e+00 2.07107766e-07]
Minimum: 0.0
Maximum: 0.001595913866995523
Bin Edges: [0.00000000e+00 1.59591387e-05 3.19182773e-05 4.78774160e-05
 6.38365547e-05 7.97956933e-05 9.57548320e-05 1.11713971e-04
 1.27673109e-04 1.43632248e-04 1.59591387e-04 1.75550525e-04
 1.91509664e-04 2.07468803e-04 2.23427941e-04 2.39387080e-04
 2.55346219e-04 2.71305357e-04 2.87264496e-04 3.03223635e-04
 3.19182773e-04 3.35141912e-04 3.51101051e-04 3.67060189e-04
 3.83019328e-04 3.98978467e-04 4.14937605e-04 4.30896744e-04
 4.46855883e-04 4.62815021e-04 4.78774160e-04 4.94733299e-04
 5.10692437e-04 5.26651576e-04 5.42610715e-04 5.58569853e-04
 5.74528992e-04 5.90488131e-04 6.06447269e-04 6.22406408e-04
 6.38365547e-04 6.54324685e-04 6.70283824e-04 6.86242963e-04
 7.02202101e-04 7.18161240e-04 7.34120379e-04 7.50079517e-04
 7.66038656e-04 7.81997795e-04 7.97956933e-04 8.13916072e-04
 8.29875211e-04 8.45834350e-04 8.61793488e-04 8.77752627e-04
 8.93711766e-04 9.09670904e-04 9.25630043e-04 9.41589182e-04
 9.57548320e-04 9.73507459e-04 9.89466598e-04 1.00542574e-03
 1.02138487e-03 1.03734401e-03 1.05330315e-03 1.06926229e-03
 1.08522143e-03 1.10118057e-03 1.11713971e-03 1.13309885e-03
 1.14905798e-03 1.16501712e-03 1.18097626e-03 1.19693540e-03
 1.21289454e-03 1.22885368e-03 1.24481282e-03 1.26077195e-03
 1.27673109e-03 1.29269023e-03 1.30864937e-03 1.32460851e-03
 1.34056765e-03 1.35652679e-03 1.37248593e-03 1.38844506e-03
 1.40440420e-03 1.42036334e-03 1.43632248e-03 1.45228162e-03
 1.46824076e-03 1.48419990e-03 1.50015903e-03 1.51611817e-03
 1.53207731e-03 1.54803645e-03 1.56399559e-03 1.57995473e-03
 1.59591387e-03]
Frequencies: [4.02314993e+09 1.37765198e+08 8.49621560e+07 5.98275640e+07
 4.45832710e+07 3.43354570e+07 2.70527710e+07 2.16541550e+07
 1.75546810e+07 1.43915210e+07 1.19295840e+07 9.99261500e+06
 8.43731600e+06 7.16192500e+06 6.09357100e+06 5.19548600e+06
 4.42021400e+06 3.75229800e+06 3.18613300e+06 2.69419600e+06
 2.27064700e+06 1.90772300e+06 1.59085700e+06 1.32026300e+06
 1.09182900e+06 8.99019000e+05 7.35556000e+05 5.99146000e+05
 4.87614000e+05 3.95864000e+05 3.20894000e+05 2.59641000e+05
 2.11089000e+05 1.70433000e+05 1.39296000e+05 1.14302000e+05
 9.24960000e+04 7.55270000e+04 6.23160000e+04 5.10710000e+04
 4.21530000e+04 3.46570000e+04 2.87340000e+04 2.39250000e+04
 2.02000000e+04 1.67620000e+04 1.40160000e+04 1.16140000e+04
 9.57400000e+03 8.10100000e+03 6.64500000e+03 5.57800000e+03
 4.48000000e+03 3.68000000e+03 3.15700000e+03 2.63700000e+03
 2.10900000e+03 1.83600000e+03 1.49900000e+03 1.22500000e+03
 1.03000000e+03 8.76000000e+02 7.34000000e+02 5.60000000e+02
 4.92000000e+02 4.27000000e+02 2.96000000e+02 2.70000000e+02
 2.09000000e+02 1.84000000e+02 1.41000000e+02 1.12000000e+02
 8.10000000e+01 7.90000000e+01 6.30000000e+01 3.90000000e+01
 2.90000000e+01 3.20000000e+01 1.70000000e+01 2.10000000e+01
 1.80000000e+01 1.40000000e+01 7.00000000e+00 1.10000000e+01
 7.00000000e+00 5.00000000e+00 5.00000000e+00 7.00000000e+00
 6.00000000e+00 1.00000000e+00 4.00000000e+00 1.00000000e+00
 3.00000000e+00 2.00000000e+00 0.00000000e+00 1.00000000e+00
 2.00000000e+00 1.00000000e+00 3.00000000e+00 2.00000000e+00]
