Standard Deviation: 10.202477429677991
Skewness: -0.027003054822483465
Kurtosis: 0.9524016778265034
Median: -0.020283551377493547
Mean: -0.06162071883772658
Deciles: [-6.15110626  6.05647072]
Minimum: -68.1248734248188
Maximum: 72.1536656622443
Bin Edges: [-68.12487342 -66.72208803 -65.31930264 -63.91651725 -62.51373186
 -61.11094647 -59.70816108 -58.30537569 -56.9025903  -55.49980491
 -54.09701952 -52.69423413 -51.29144873 -49.88866334 -48.48587795
 -47.08309256 -45.68030717 -44.27752178 -42.87473639 -41.471951
 -40.06916561 -38.66638022 -37.26359483 -35.86080943 -34.45802404
 -33.05523865 -31.65245326 -30.24966787 -28.84688248 -27.44409709
 -26.0413117  -24.63852631 -23.23574092 -21.83295553 -20.43017014
 -19.02738474 -17.62459935 -16.22181396 -14.81902857 -13.41624318
 -12.01345779 -10.6106724   -9.20788701  -7.80510162  -6.40231623
  -4.99953084  -3.59674544  -2.19396005  -0.79117466   0.61161073
   2.01439612   3.41718151   4.8199669    6.22275229   7.62553768
   9.02832307  10.43110846  11.83389385  13.23667925  14.63946464
  16.04225003  17.44503542  18.84782081  20.2506062   21.65339159
  23.05617698  24.45896237  25.86174776  27.26453315  28.66731855
  30.07010394  31.47288933  32.87567472  34.27846011  35.6812455
  37.08403089  38.48681628  39.88960167  41.29238706  42.69517245
  44.09795784  45.50074324  46.90352863  48.30631402  49.70909941
  51.1118848   52.51467019  53.91745558  55.32024097  56.72302636
  58.12581175  59.52859714  60.93138254  62.33416793  63.73695332
  65.13973871  66.5425241   67.94530949  69.34809488  70.75088027
  72.15366566]
Frequencies: [3.10000000e+01 7.10000000e+01 1.61000000e+02 3.07000000e+02
 7.46000000e+02 1.86500000e+03 3.24000000e+03 6.85400000e+03
 1.35310000e+04 2.24810000e+04 3.58830000e+04 5.49120000e+04
 9.14790000e+04 1.15736000e+05 1.56571000e+05 2.16164000e+05
 2.93872000e+05 4.00081000e+05 5.38431000e+05 7.27792000e+05
 9.66492000e+05 1.29323300e+06 1.71703900e+06 2.27353500e+06
 2.97926800e+06 3.86470600e+06 5.00714900e+06 6.43896800e+06
 8.26355800e+06 1.05984400e+07 1.35175230e+07 1.71275960e+07
 2.16327580e+07 2.71794540e+07 3.39406330e+07 4.22416000e+07
 5.22792330e+07 6.43598700e+07 7.86493170e+07 9.56209970e+07
 1.15255793e+08 1.37822120e+08 1.62873689e+08 1.89786558e+08
 2.17464362e+08 2.44195280e+08 2.67322775e+08 2.83705631e+08
 2.90518119e+08 2.86038998e+08 2.71433318e+08 2.49258919e+08
 2.22474569e+08 1.93935832e+08 1.65861898e+08 1.39831132e+08
 1.16799652e+08 9.66886620e+07 7.94200780e+07 6.49933750e+07
 5.28794780e+07 4.26791410e+07 3.42377170e+07 2.73171620e+07
 2.16326340e+07 1.70238950e+07 1.33416290e+07 1.04077770e+07
 8.09068100e+06 6.23899400e+06 4.78224300e+06 3.65404900e+06
 2.77147300e+06 2.09005900e+06 1.55801100e+06 1.15558700e+06
 8.50446000e+05 6.19841000e+05 4.50377000e+05 3.22203000e+05
 2.32337000e+05 1.64567000e+05 1.14995000e+05 7.90880000e+04
 5.50670000e+04 3.85370000e+04 2.70820000e+04 1.89140000e+04
 1.26380000e+04 8.68800000e+03 5.52600000e+03 3.79100000e+03
 2.65400000e+03 1.58200000e+03 1.07000000e+03 6.78000000e+02
 4.63000000e+02 3.36000000e+02 1.87000000e+02 6.60000000e+01]
