Standard Deviation: 0.002622452359425247
Skewness: 0.8964405790178263
Kurtosis: -0.26905656404578693
Median: 0.0021190586994962865
Mean: 0.0029928429460851823
Deciles: [0.00081266 0.00468462]
Minimum: 1e-12
Maximum: 0.016264086289848306
Bin Edges: [1.00000000e-12 1.62640864e-04 3.25281727e-04 4.87922590e-04
 6.50563453e-04 8.13204315e-04 9.75845178e-04 1.13848604e-03
 1.30112690e-03 1.46376777e-03 1.62640863e-03 1.78904949e-03
 1.95169036e-03 2.11433122e-03 2.27697208e-03 2.43961294e-03
 2.60225381e-03 2.76489467e-03 2.92753553e-03 3.09017640e-03
 3.25281726e-03 3.41545812e-03 3.57809898e-03 3.74073985e-03
 3.90338071e-03 4.06602157e-03 4.22866244e-03 4.39130330e-03
 4.55394416e-03 4.71658502e-03 4.87922589e-03 5.04186675e-03
 5.20450761e-03 5.36714848e-03 5.52978934e-03 5.69243020e-03
 5.85507106e-03 6.01771193e-03 6.18035279e-03 6.34299365e-03
 6.50563452e-03 6.66827538e-03 6.83091624e-03 6.99355711e-03
 7.15619797e-03 7.31883883e-03 7.48147969e-03 7.64412056e-03
 7.80676142e-03 7.96940228e-03 8.13204315e-03 8.29468401e-03
 8.45732487e-03 8.61996573e-03 8.78260660e-03 8.94524746e-03
 9.10788832e-03 9.27052919e-03 9.43317005e-03 9.59581091e-03
 9.75845177e-03 9.92109264e-03 1.00837335e-02 1.02463744e-02
 1.04090152e-02 1.05716561e-02 1.07342970e-02 1.08969378e-02
 1.10595787e-02 1.12222195e-02 1.13848604e-02 1.15475013e-02
 1.17101421e-02 1.18727830e-02 1.20354239e-02 1.21980647e-02
 1.23607056e-02 1.25233464e-02 1.26859873e-02 1.28486282e-02
 1.30112690e-02 1.31739099e-02 1.33365508e-02 1.34991916e-02
 1.36618325e-02 1.38244733e-02 1.39871142e-02 1.41497551e-02
 1.43123959e-02 1.44750368e-02 1.46376777e-02 1.48003185e-02
 1.49629594e-02 1.51256002e-02 1.52882411e-02 1.54508820e-02
 1.56135228e-02 1.57761637e-02 1.59388046e-02 1.61014454e-02
 1.62640863e-02]
Frequencies: [1.81112099e+08 2.54490819e+08 2.53674131e+08 2.34114624e+08
 2.12583493e+08 1.91348042e+08 1.71363098e+08 1.54985097e+08
 1.41505251e+08 1.30487493e+08 1.21308269e+08 1.13679988e+08
 1.06925293e+08 1.00973805e+08 9.56603670e+07 9.06941220e+07
 8.61201850e+07 8.19283370e+07 7.78255340e+07 7.40792430e+07
 7.05521540e+07 6.73806090e+07 6.45038560e+07 6.18727260e+07
 5.94368710e+07 5.72557870e+07 5.51750610e+07 5.32737610e+07
 5.15940980e+07 5.00188430e+07 4.85936200e+07 4.72430640e+07
 4.60066300e+07 4.48700150e+07 4.38596820e+07 4.29697240e+07
 4.21501480e+07 4.14267730e+07 4.08255330e+07 4.03376350e+07
 3.99401500e+07 3.95747020e+07 3.92227480e+07 3.88289290e+07
 3.83909310e+07 3.78533220e+07 3.72074890e+07 3.64129790e+07
 3.54499930e+07 3.43274870e+07 3.29659320e+07 3.14124710e+07
 2.96327710e+07 2.76045220e+07 2.52795510e+07 2.26151900e+07
 1.97255210e+07 1.66817630e+07 1.35754030e+07 1.06673670e+07
 8.05891200e+06 5.90326200e+06 4.21975900e+06 2.99515400e+06
 2.13521100e+06 1.54650300e+06 1.14259900e+06 8.61469000e+05
 6.54907000e+05 5.02707000e+05 3.87289000e+05 2.98494000e+05
 2.28050000e+05 1.72582000e+05 1.30360000e+05 9.75380000e+04
 7.17160000e+04 5.21070000e+04 3.89450000e+04 2.85770000e+04
 2.07980000e+04 1.59650000e+04 1.18340000e+04 8.65800000e+03
 6.64700000e+03 4.83900000e+03 3.57500000e+03 2.81500000e+03
 2.12500000e+03 1.58000000e+03 1.19600000e+03 9.20000000e+02
 6.77000000e+02 5.07000000e+02 3.38000000e+02 1.89000000e+02
 5.30000000e+01 2.20000000e+01 1.00000000e+01 1.00000000e+01]
