Standard Deviation: 2.0691169135092453e-05
Skewness: 6.363929636577896
Kurtosis: 51.52662839152499
Median: 0.0
Mean: 4.702505836001508e-06
Deciles: [0. 0.]
Minimum: 0.0
Maximum: 0.0009146491435347492
Bin Edges: [0.00000000e+00 9.14649144e-06 1.82929829e-05 2.74394743e-05
 3.65859657e-05 4.57324572e-05 5.48789486e-05 6.40254400e-05
 7.31719315e-05 8.23184229e-05 9.14649144e-05 1.00611406e-04
 1.09757897e-04 1.18904389e-04 1.28050880e-04 1.37197372e-04
 1.46343863e-04 1.55490354e-04 1.64636846e-04 1.73783337e-04
 1.82929829e-04 1.92076320e-04 2.01222812e-04 2.10369303e-04
 2.19515794e-04 2.28662286e-04 2.37808777e-04 2.46955269e-04
 2.56101760e-04 2.65248252e-04 2.74394743e-04 2.83541234e-04
 2.92687726e-04 3.01834217e-04 3.10980709e-04 3.20127200e-04
 3.29273692e-04 3.38420183e-04 3.47566675e-04 3.56713166e-04
 3.65859657e-04 3.75006149e-04 3.84152640e-04 3.93299132e-04
 4.02445623e-04 4.11592115e-04 4.20738606e-04 4.29885097e-04
 4.39031589e-04 4.48178080e-04 4.57324572e-04 4.66471063e-04
 4.75617555e-04 4.84764046e-04 4.93910538e-04 5.03057029e-04
 5.12203520e-04 5.21350012e-04 5.30496503e-04 5.39642995e-04
 5.48789486e-04 5.57935978e-04 5.67082469e-04 5.76228960e-04
 5.85375452e-04 5.94521943e-04 6.03668435e-04 6.12814926e-04
 6.21961418e-04 6.31107909e-04 6.40254400e-04 6.49400892e-04
 6.58547383e-04 6.67693875e-04 6.76840366e-04 6.85986858e-04
 6.95133349e-04 7.04279841e-04 7.13426332e-04 7.22572823e-04
 7.31719315e-04 7.40865806e-04 7.50012298e-04 7.59158789e-04
 7.68305281e-04 7.77451772e-04 7.86598263e-04 7.95744755e-04
 8.04891246e-04 8.14037738e-04 8.23184229e-04 8.32330721e-04
 8.41477212e-04 8.50623703e-04 8.59770195e-04 8.68916686e-04
 8.78063178e-04 8.87209669e-04 8.96356161e-04 9.05502652e-04
 9.14649144e-04]
Frequencies: [4.18244187e+09 6.61975810e+07 4.96297080e+07 3.98240670e+07
 3.27684160e+07 2.73431430e+07 2.29473950e+07 1.93399980e+07
 1.63607180e+07 1.38835140e+07 1.17939330e+07 1.00172900e+07
 8.48889600e+06 7.16184700e+06 6.02201000e+06 5.02391300e+06
 4.16559100e+06 3.42882300e+06 2.79661800e+06 2.26773400e+06
 1.83107600e+06 1.47135000e+06 1.18203400e+06 9.49235000e+05
 7.59744000e+05 6.09840000e+05 4.88108000e+05 3.93091000e+05
 3.16591000e+05 2.53973000e+05 2.04174000e+05 1.63848000e+05
 1.31159000e+05 1.05238000e+05 8.42300000e+04 6.72160000e+04
 5.39580000e+04 4.30030000e+04 3.45290000e+04 2.78780000e+04
 2.20010000e+04 1.74790000e+04 1.40650000e+04 1.12930000e+04
 8.99900000e+03 7.33100000e+03 5.68400000e+03 4.70800000e+03
 3.69100000e+03 2.96400000e+03 2.42700000e+03 1.85000000e+03
 1.50500000e+03 1.25000000e+03 9.44000000e+02 8.10000000e+02
 6.53000000e+02 5.15000000e+02 4.52000000e+02 3.48000000e+02
 2.98000000e+02 2.24000000e+02 2.28000000e+02 1.76000000e+02
 1.48000000e+02 1.20000000e+02 7.90000000e+01 7.30000000e+01
 6.90000000e+01 5.20000000e+01 3.60000000e+01 2.50000000e+01
 3.40000000e+01 2.50000000e+01 7.00000000e+00 1.10000000e+01
 1.10000000e+01 1.50000000e+01 8.00000000e+00 8.00000000e+00
 9.00000000e+00 4.00000000e+00 6.00000000e+00 5.00000000e+00
 0.00000000e+00 4.00000000e+00 3.00000000e+00 5.00000000e+00
 1.00000000e+00 3.00000000e+00 0.00000000e+00 1.00000000e+00
 1.00000000e+00 1.00000000e+00 0.00000000e+00 2.00000000e+00
 0.00000000e+00 0.00000000e+00 0.00000000e+00 1.00000000e+00]
