Standard Deviation: 1.3941577425752702e-35
Skewness: 18.354208733299075
Kurtosis: 456.0236582669242
Median: 5.729031038209317e-40
Mean: 2.2185288925269216e-36
Deciles: [2.36162383e-42 1.25056546e-37]
Minimum: 1.5441981318484736e-46
Maximum: 5.112423723661948e-34
Bin Edges: [1.54419813e-46 5.11242372e-36 1.02248474e-35 1.53372712e-35
 2.04496949e-35 2.55621186e-35 3.06745423e-35 3.57869661e-35
 4.08993898e-35 4.60118135e-35 5.11242372e-35 5.62366610e-35
 6.13490847e-35 6.64615084e-35 7.15739321e-35 7.66863559e-35
 8.17987796e-35 8.69112033e-35 9.20236270e-35 9.71360507e-35
 1.02248474e-34 1.07360898e-34 1.12473322e-34 1.17585746e-34
 1.22698169e-34 1.27810593e-34 1.32923017e-34 1.38035441e-34
 1.43147864e-34 1.48260288e-34 1.53372712e-34 1.58485135e-34
 1.63597559e-34 1.68709983e-34 1.73822407e-34 1.78934830e-34
 1.84047254e-34 1.89159678e-34 1.94272101e-34 1.99384525e-34
 2.04496949e-34 2.09609373e-34 2.14721796e-34 2.19834220e-34
 2.24946644e-34 2.30059068e-34 2.35171491e-34 2.40283915e-34
 2.45396339e-34 2.50508762e-34 2.55621186e-34 2.60733610e-34
 2.65846034e-34 2.70958457e-34 2.76070881e-34 2.81183305e-34
 2.86295729e-34 2.91408152e-34 2.96520576e-34 3.01633000e-34
 3.06745423e-34 3.11857847e-34 3.16970271e-34 3.22082695e-34
 3.27195118e-34 3.32307542e-34 3.37419966e-34 3.42532389e-34
 3.47644813e-34 3.52757237e-34 3.57869661e-34 3.62982084e-34
 3.68094508e-34 3.73206932e-34 3.78319356e-34 3.83431779e-34
 3.88544203e-34 3.93656627e-34 3.98769050e-34 4.03881474e-34
 4.08993898e-34 4.14106322e-34 4.19218745e-34 4.24331169e-34
 4.29443593e-34 4.34556017e-34 4.39668440e-34 4.44780864e-34
 4.49893288e-34 4.55005711e-34 4.60118135e-34 4.65230559e-34
 4.70342983e-34 4.75455406e-34 4.80567830e-34 4.85680254e-34
 4.90792677e-34 4.95905101e-34 5.01017525e-34 5.06129949e-34
 5.11242372e-34]
Frequencies: [4.21185806e+09 1.17711060e+08 5.38720110e+07 2.92971180e+07
 2.45101090e+07 2.22835080e+07 1.83324500e+07 1.36778160e+07
 1.02992830e+07 7.24826400e+06 5.14817300e+06 3.87743600e+06
 2.94968200e+06 2.36492900e+06 1.91677500e+06 1.52842500e+06
 1.23377700e+06 1.06322300e+06 9.17439000e+05 7.71325000e+05
 6.50141000e+05 5.46811000e+05 4.84952000e+05 4.29984000e+05
 3.88597000e+05 3.40971000e+05 2.96930000e+05 2.64166000e+05
 2.36477000e+05 2.12763000e+05 1.96863000e+05 1.84256000e+05
 1.74685000e+05 1.65669000e+05 1.56727000e+05 1.49100000e+05
 1.44687000e+05 1.37871000e+05 1.31432000e+05 1.30612000e+05
 1.26738000e+05 1.23229000e+05 1.20445000e+05 1.18188000e+05
 1.15673000e+05 1.13380000e+05 1.10564000e+05 1.07298000e+05
 1.03091000e+05 1.03651000e+05 1.02115000e+05 1.00152000e+05
 9.84140000e+04 9.75450000e+04 9.82760000e+04 9.70320000e+04
 9.78880000e+04 9.93300000e+04 9.94550000e+04 9.98770000e+04
 1.00648000e+05 1.00893000e+05 9.92080000e+04 9.75200000e+04
 9.73820000e+04 9.61750000e+04 9.45520000e+04 9.49830000e+04
 9.60760000e+04 9.28960000e+04 8.94120000e+04 9.04940000e+04
 9.20410000e+04 8.42230000e+04 8.27860000e+04 8.47520000e+04
 8.60810000e+04 8.51520000e+04 8.51300000e+04 8.41910000e+04
 8.70460000e+04 8.80650000e+04 7.64000000e+04 6.99950000e+04
 6.46620000e+04 6.07150000e+04 5.70330000e+04 5.28970000e+04
 4.79780000e+04 4.51730000e+04 4.54760000e+04 4.66040000e+04
 5.09610000e+04 4.57980000e+04 3.57080000e+04 2.45740000e+04
 1.82730000e+04 1.02960000e+04 3.85300000e+03 1.00500000e+03]
