Standard Deviation: 2.201616775708583e-18
Skewness: 5.3213150886255205
Kurtosis: 50.426663014371286
Median: 1.5121748913022537e-19
Mean: 8.161127006309626e-19
Deciles: [8.13826279e-20 2.77879715e-19]
Minimum: 2.5424575092646613e-26
Maximum: 1.136228440226797e-16
Bin Edges: [2.54245751e-26 1.13622847e-18 2.27245691e-18 3.40868535e-18
 4.54491379e-18 5.68114223e-18 6.81737067e-18 7.95359911e-18
 9.08982755e-18 1.02260560e-17 1.13622844e-17 1.24985129e-17
 1.36347413e-17 1.47709697e-17 1.59071982e-17 1.70434266e-17
 1.81796551e-17 1.93158835e-17 2.04521119e-17 2.15883404e-17
 2.27245688e-17 2.38607973e-17 2.49970257e-17 2.61332541e-17
 2.72694826e-17 2.84057110e-17 2.95419395e-17 3.06781679e-17
 3.18143963e-17 3.29506248e-17 3.40868532e-17 3.52230817e-17
 3.63593101e-17 3.74955385e-17 3.86317670e-17 3.97679954e-17
 4.09042239e-17 4.20404523e-17 4.31766807e-17 4.43129092e-17
 4.54491376e-17 4.65853661e-17 4.77215945e-17 4.88578229e-17
 4.99940514e-17 5.11302798e-17 5.22665083e-17 5.34027367e-17
 5.45389651e-17 5.56751936e-17 5.68114220e-17 5.79476505e-17
 5.90838789e-17 6.02201073e-17 6.13563358e-17 6.24925642e-17
 6.36287927e-17 6.47650211e-17 6.59012495e-17 6.70374780e-17
 6.81737064e-17 6.93099349e-17 7.04461633e-17 7.15823917e-17
 7.27186202e-17 7.38548486e-17 7.49910771e-17 7.61273055e-17
 7.72635339e-17 7.83997624e-17 7.95359908e-17 8.06722193e-17
 8.18084477e-17 8.29446761e-17 8.40809046e-17 8.52171330e-17
 8.63533615e-17 8.74895899e-17 8.86258183e-17 8.97620468e-17
 9.08982752e-17 9.20345037e-17 9.31707321e-17 9.43069605e-17
 9.54431890e-17 9.65794174e-17 9.77156459e-17 9.88518743e-17
 9.99881027e-17 1.01124331e-16 1.02260560e-16 1.03396788e-16
 1.04533017e-16 1.05669245e-16 1.06805473e-16 1.07941702e-16
 1.09077930e-16 1.10214159e-16 1.11350387e-16 1.12486616e-16
 1.13622844e-16]
Frequencies: [3.99749624e+09 1.32316758e+08 6.44725250e+07 5.92158980e+07
 5.75726550e+07 5.26984440e+07 5.83195200e+07 5.38041190e+07
 2.24854220e+07 1.29475210e+07 7.59162800e+06 5.46916300e+06
 3.84137200e+06 3.09141400e+06 2.22039800e+06 1.52449800e+06
 1.14857800e+06 9.04831000e+05 7.24341000e+05 5.73162000e+05
 4.37642000e+05 3.45845000e+05 2.81380000e+05 2.34154000e+05
 1.96737000e+05 1.65344000e+05 1.39214000e+05 1.17883000e+05
 9.97060000e+04 8.41620000e+04 7.31410000e+04 6.49290000e+04
 5.96570000e+04 5.49240000e+04 4.95450000e+04 4.37560000e+04
 3.85410000e+04 3.38720000e+04 2.99900000e+04 2.64060000e+04
 2.33640000e+04 2.04810000e+04 1.77830000e+04 1.54000000e+04
 1.33930000e+04 1.16860000e+04 1.01240000e+04 8.62600000e+03
 7.55900000e+03 6.51500000e+03 5.85800000e+03 5.37100000e+03
 4.77900000e+03 4.35400000e+03 4.11600000e+03 3.68300000e+03
 3.28700000e+03 3.16700000e+03 2.79300000e+03 2.60100000e+03
 2.18600000e+03 1.87800000e+03 1.59000000e+03 1.29800000e+03
 1.25700000e+03 1.09600000e+03 8.19000000e+02 6.29000000e+02
 4.81000000e+02 3.97000000e+02 3.28000000e+02 2.59000000e+02
 2.09000000e+02 1.79000000e+02 1.47000000e+02 1.32000000e+02
 1.28000000e+02 1.16000000e+02 9.70000000e+01 7.70000000e+01
 7.70000000e+01 5.00000000e+01 4.80000000e+01 3.90000000e+01
 3.70000000e+01 4.00000000e+01 2.70000000e+01 2.00000000e+01
 2.50000000e+01 2.40000000e+01 9.00000000e+00 1.10000000e+01
 1.00000000e+01 2.00000000e+00 4.00000000e+00 9.00000000e+00
 3.00000000e+00 3.00000000e+00 2.00000000e+00 7.00000000e+00]
