Standard Deviation: 1.8925091205395656e-34
Skewness: 3.68216420449807
Kurtosis: 13.645062928534145
Median: 2.2879348516773779e-38
Mean: 6.331318428715444e-35
Deciles: [1.07097761e-40 6.12861628e-36]
Minimum: 2.260982659131351e-43
Maximum: 1.8268069898895873e-33
Bin Edges: [2.26098266e-43 1.82680701e-35 3.65361400e-35 5.48042099e-35
 7.30722798e-35 9.13403497e-35 1.09608420e-34 1.27876490e-34
 1.46144559e-34 1.64412629e-34 1.82680699e-34 2.00948769e-34
 2.19216839e-34 2.37484909e-34 2.55752979e-34 2.74021049e-34
 2.92289119e-34 3.10557188e-34 3.28825258e-34 3.47093328e-34
 3.65361398e-34 3.83629468e-34 4.01897538e-34 4.20165608e-34
 4.38433678e-34 4.56701748e-34 4.74969818e-34 4.93237887e-34
 5.11505957e-34 5.29774027e-34 5.48042097e-34 5.66310167e-34
 5.84578237e-34 6.02846307e-34 6.21114377e-34 6.39382447e-34
 6.57650517e-34 6.75918586e-34 6.94186656e-34 7.12454726e-34
 7.30722796e-34 7.48990866e-34 7.67258936e-34 7.85527006e-34
 8.03795076e-34 8.22063146e-34 8.40331215e-34 8.58599285e-34
 8.76867355e-34 8.95135425e-34 9.13403495e-34 9.31671565e-34
 9.49939635e-34 9.68207705e-34 9.86475775e-34 1.00474384e-33
 1.02301191e-33 1.04127998e-33 1.05954805e-33 1.07781612e-33
 1.09608419e-33 1.11435226e-33 1.13262033e-33 1.15088840e-33
 1.16915647e-33 1.18742454e-33 1.20569261e-33 1.22396068e-33
 1.24222875e-33 1.26049682e-33 1.27876489e-33 1.29703296e-33
 1.31530103e-33 1.33356910e-33 1.35183717e-33 1.37010524e-33
 1.38837331e-33 1.40664138e-33 1.42490945e-33 1.44317752e-33
 1.46144559e-33 1.47971366e-33 1.49798173e-33 1.51624980e-33
 1.53451787e-33 1.55278594e-33 1.57105401e-33 1.58932208e-33
 1.60759015e-33 1.62585822e-33 1.64412629e-33 1.66239436e-33
 1.68066243e-33 1.69893050e-33 1.71719857e-33 1.73546664e-33
 1.75373471e-33 1.77200278e-33 1.79027085e-33 1.80853892e-33
 1.82680699e-33]
Frequencies: [3.66753446e+09 7.69630280e+07 4.96570460e+07 1.15645375e+08
 5.87558360e+07 3.89813820e+07 2.85196070e+07 2.15443220e+07
 2.00784530e+07 2.39764560e+07 3.99858330e+07 2.95673900e+07
 1.58994760e+07 1.29979610e+07 9.82984900e+06 8.62452400e+06
 7.15499200e+06 6.63868900e+06 5.85775800e+06 5.49096400e+06
 5.83070800e+06 5.11623500e+06 4.77631600e+06 5.20203700e+06
 5.89486700e+06 6.67856700e+06 6.40545900e+06 6.07130400e+06
 6.42274500e+06 7.01727600e+06 8.20076700e+06 9.01669300e+06
 9.28269600e+06 9.90590100e+06 1.08896100e+07 1.25964290e+07
 1.35882090e+07 1.45592120e+07 1.57417060e+07 1.42962150e+07
 1.28980610e+07 1.10523170e+07 6.45085000e+06 6.06353000e+06
 5.83657400e+06 5.45942500e+06 4.98328700e+06 4.51488800e+06
 3.98811400e+06 3.28319800e+06 3.07090200e+06 3.22856300e+06
 3.25908800e+06 3.29433800e+06 3.34821100e+06 3.34693900e+06
 3.26049900e+06 3.02534100e+06 2.98583900e+06 3.20116000e+06
 3.71071300e+06 3.92828700e+06 3.30752700e+06 3.20518600e+06
 2.92667000e+06 2.10742500e+06 1.38467400e+06 8.88154000e+05
 5.67542000e+05 3.84183000e+05 2.86301000e+05 2.15177000e+05
 1.58082000e+05 1.13770000e+05 7.93100000e+04 5.48950000e+04
 3.70540000e+04 2.50820000e+04 1.72630000e+04 1.19610000e+04
 7.83300000e+03 4.63900000e+03 3.02000000e+03 2.13300000e+03
 1.67600000e+03 1.48800000e+03 1.15300000e+03 9.27000000e+02
 7.91000000e+02 7.03000000e+02 6.24000000e+02 5.42000000e+02
 4.68000000e+02 3.75000000e+02 2.66000000e+02 2.44000000e+02
 1.88000000e+02 1.08000000e+02 5.50000000e+01 3.60000000e+01]
