Standard Deviation: 6.57364484758653
Skewness: 0.0990444360936133
Kurtosis: 15.571335193353072
Median: -0.0177114830347882
Mean: -0.005698590965105514
Deciles: [-2.03985408  2.00501607]
Minimum: -78.80900607390281
Maximum: 87.09758621590268
Bin Edges: [-78.80900607 -77.14994015 -75.49087423 -73.83180831 -72.17274238
 -70.51367646 -68.85461054 -67.19554461 -65.53647869 -63.87741277
 -62.21834684 -60.55928092 -58.900215   -57.24114908 -55.58208315
 -53.92301723 -52.26395131 -50.60488538 -48.94581946 -47.28675354
 -45.62768762 -43.96862169 -42.30955577 -40.65048985 -38.99142392
 -37.332358   -35.67329208 -34.01422616 -32.35516023 -30.69609431
 -29.03702839 -27.37796246 -25.71889654 -24.05983062 -22.4007647
 -20.74169877 -19.08263285 -17.42356693 -15.764501   -14.10543508
 -12.44636916 -10.78730324  -9.12823731  -7.46917139  -5.81010547
  -4.15103954  -2.49197362  -0.8329077    0.82615823   2.48522415
   4.14429007   5.80335599   7.46242192   9.12148784  10.78055376
  12.43961969  14.09868561  15.75775153  17.41681745  19.07588338
  20.7349493   22.39401522  24.05308115  25.71214707  27.37121299
  29.03027891  30.68934484  32.34841076  34.00747668  35.66654261
  37.32560853  38.98467445  40.64374037  42.3028063   43.96187222
  45.62093814  47.28000407  48.93906999  50.59813591  52.25720184
  53.91626776  55.57533368  57.2343996   58.89346553  60.55253145
  62.21159737  63.8706633   65.52972922  67.18879514  68.84786106
  70.50692699  72.16599291  73.82505883  75.48412476  77.14319068
  78.8022566   80.46132252  82.12038845  83.77945437  85.43852029
  87.09758622]
Frequencies: [2.00000000e+01 1.10000000e+02 4.92000000e+02 1.19400000e+03
 2.73300000e+03 5.88600000e+03 1.02160000e+04 1.72870000e+04
 3.08860000e+04 5.39100000e+04 8.54860000e+04 1.21167000e+05
 1.62654000e+05 2.13920000e+05 2.73049000e+05 3.43777000e+05
 4.55779000e+05 5.34143000e+05 5.42514000e+05 6.40257000e+05
 7.61639000e+05 9.11351000e+05 1.08807400e+06 1.27480200e+06
 1.50520600e+06 1.78434400e+06 2.10627000e+06 2.48010300e+06
 2.93477000e+06 3.47887000e+06 4.11871900e+06 4.91728100e+06
 5.85338000e+06 6.99809300e+06 8.34314500e+06 9.96950300e+06
 1.20598190e+07 1.47083770e+07 1.80330230e+07 2.23972520e+07
 2.85050090e+07 3.78458810e+07 5.47115710e+07 9.24640120e+07
 1.89817156e+08 4.23144375e+08 8.07141245e+08 1.03233932e+09
 8.00552287e+08 4.17905464e+08 1.87357696e+08 9.09919130e+07
 5.35670770e+07 3.69440240e+07 2.79301100e+07 2.21098320e+07
 1.79146720e+07 1.46984140e+07 1.21108810e+07 1.00512960e+07
 8.38878000e+06 7.02795800e+06 5.93781800e+06 5.03721200e+06
 4.27886200e+06 3.63455000e+06 3.09196300e+06 2.61199600e+06
 2.20593600e+06 1.87431000e+06 1.59856500e+06 1.36680200e+06
 1.17132900e+06 9.99500000e+05 8.53284000e+05 7.22047000e+05
 6.05871000e+05 5.06972000e+05 4.19700000e+05 3.42768000e+05
 2.77144000e+05 2.20905000e+05 1.73792000e+05 1.35348000e+05
 1.02319000e+05 7.71280000e+04 5.71520000e+04 4.19090000e+04
 3.13960000e+04 2.31930000e+04 1.55290000e+04 1.09670000e+04
 7.46800000e+03 5.51900000e+03 3.37900000e+03 1.78500000e+03
 6.76000000e+02 2.72000000e+02 9.90000000e+01 5.60000000e+01]
