Standard Deviation: 5.3232830908807715e-36
Skewness: 34.5507742818676
Kurtosis: 1505.860183635203
Median: 9.446653131374773e-41
Mean: 4.8699970724961355e-37
Deciles: [3.87824082e-43 1.99604381e-38]
Minimum: 8.477564302821775e-48
Maximum: 4.137063194588362e-34
Bin Edges: [8.47756430e-48 4.13706319e-36 8.27412639e-36 1.24111896e-35
 1.65482528e-35 2.06853160e-35 2.48223792e-35 2.89594424e-35
 3.30965056e-35 3.72335688e-35 4.13706319e-35 4.55076951e-35
 4.96447583e-35 5.37818215e-35 5.79188847e-35 6.20559479e-35
 6.61930111e-35 7.03300743e-35 7.44671375e-35 7.86042007e-35
 8.27412639e-35 8.68783271e-35 9.10153903e-35 9.51524535e-35
 9.92895167e-35 1.03426580e-34 1.07563643e-34 1.11700706e-34
 1.15837769e-34 1.19974833e-34 1.24111896e-34 1.28248959e-34
 1.32386022e-34 1.36523085e-34 1.40660149e-34 1.44797212e-34
 1.48934275e-34 1.53071338e-34 1.57208401e-34 1.61345465e-34
 1.65482528e-34 1.69619591e-34 1.73756654e-34 1.77893717e-34
 1.82030781e-34 1.86167844e-34 1.90304907e-34 1.94441970e-34
 1.98579033e-34 2.02716097e-34 2.06853160e-34 2.10990223e-34
 2.15127286e-34 2.19264349e-34 2.23401413e-34 2.27538476e-34
 2.31675539e-34 2.35812602e-34 2.39949665e-34 2.44086728e-34
 2.48223792e-34 2.52360855e-34 2.56497918e-34 2.60634981e-34
 2.64772044e-34 2.68909108e-34 2.73046171e-34 2.77183234e-34
 2.81320297e-34 2.85457360e-34 2.89594424e-34 2.93731487e-34
 2.97868550e-34 3.02005613e-34 3.06142676e-34 3.10279740e-34
 3.14416803e-34 3.18553866e-34 3.22690929e-34 3.26827992e-34
 3.30965056e-34 3.35102119e-34 3.39239182e-34 3.43376245e-34
 3.47513308e-34 3.51650372e-34 3.55787435e-34 3.59924498e-34
 3.64061561e-34 3.68198624e-34 3.72335688e-34 3.76472751e-34
 3.80609814e-34 3.84746877e-34 3.88883940e-34 3.93021003e-34
 3.97158067e-34 4.01295130e-34 4.05432193e-34 4.09569256e-34
 4.13706319e-34]
Frequencies: [4.43938546e+09 5.90034330e+07 1.82265490e+07 7.78963500e+06
 4.19102000e+06 2.32150100e+06 1.51574100e+06 1.09745800e+06
 8.31434000e+05 6.33998000e+05 5.04618000e+05 4.10294000e+05
 3.45103000e+05 2.92390000e+05 2.51417000e+05 2.16456000e+05
 1.93055000e+05 1.81919000e+05 1.70508000e+05 1.62500000e+05
 1.51777000e+05 1.42451000e+05 1.35265000e+05 1.28097000e+05
 1.21133000e+05 1.15431000e+05 1.10839000e+05 1.05197000e+05
 1.00873000e+05 9.45760000e+04 8.99850000e+04 8.74400000e+04
 8.40990000e+04 8.23310000e+04 8.06610000e+04 7.93320000e+04
 7.82150000e+04 7.55830000e+04 7.55170000e+04 7.37880000e+04
 7.18640000e+04 7.07590000e+04 7.00880000e+04 6.92590000e+04
 6.74630000e+04 6.51780000e+04 6.14250000e+04 5.74480000e+04
 5.38410000e+04 5.11160000e+04 4.82480000e+04 4.60060000e+04
 4.32630000e+04 4.12720000e+04 3.90870000e+04 3.68010000e+04
 3.54820000e+04 3.46000000e+04 3.33100000e+04 3.09210000e+04
 2.91290000e+04 2.81830000e+04 2.67020000e+04 2.53000000e+04
 2.44150000e+04 2.32070000e+04 2.17490000e+04 2.14750000e+04
 1.97850000e+04 1.91880000e+04 1.81600000e+04 1.70230000e+04
 1.58470000e+04 1.49600000e+04 1.33100000e+04 1.19370000e+04
 1.06570000e+04 9.38500000e+03 8.56700000e+03 8.06100000e+03
 7.45900000e+03 6.77000000e+03 5.93700000e+03 5.21000000e+03
 4.58000000e+03 3.77700000e+03 3.37900000e+03 2.71300000e+03
 2.24800000e+03 2.03400000e+03 1.79100000e+03 1.61100000e+03
 1.30100000e+03 1.03400000e+03 6.43000000e+02 6.02000000e+02
 4.76000000e+02 3.95000000e+02 3.56000000e+02 1.33000000e+02]
