Standard Deviation: 1.2639811489934017e-05
Skewness: 5.9115078910187435
Kurtosis: 45.013569782193656
Median: 0.0
Mean: 3.187173432607552e-06
Deciles: [0. 0.]
Minimum: 0.0
Maximum: 0.0005029964650694503
Bin Edges: [0.00000000e+00 5.02996465e-06 1.00599293e-05 1.50898940e-05
 2.01198586e-05 2.51498233e-05 3.01797879e-05 3.52097526e-05
 4.02397172e-05 4.52696819e-05 5.02996465e-05 5.53296112e-05
 6.03595758e-05 6.53895405e-05 7.04195051e-05 7.54494698e-05
 8.04794344e-05 8.55093991e-05 9.05393637e-05 9.55693284e-05
 1.00599293e-04 1.05629258e-04 1.10659222e-04 1.15689187e-04
 1.20719152e-04 1.25749116e-04 1.30779081e-04 1.35809046e-04
 1.40839010e-04 1.45868975e-04 1.50898940e-04 1.55928904e-04
 1.60958869e-04 1.65988833e-04 1.71018798e-04 1.76048763e-04
 1.81078727e-04 1.86108692e-04 1.91138657e-04 1.96168621e-04
 2.01198586e-04 2.06228551e-04 2.11258515e-04 2.16288480e-04
 2.21318445e-04 2.26348409e-04 2.31378374e-04 2.36408339e-04
 2.41438303e-04 2.46468268e-04 2.51498233e-04 2.56528197e-04
 2.61558162e-04 2.66588126e-04 2.71618091e-04 2.76648056e-04
 2.81678020e-04 2.86707985e-04 2.91737950e-04 2.96767914e-04
 3.01797879e-04 3.06827844e-04 3.11857808e-04 3.16887773e-04
 3.21917738e-04 3.26947702e-04 3.31977667e-04 3.37007632e-04
 3.42037596e-04 3.47067561e-04 3.52097526e-04 3.57127490e-04
 3.62157455e-04 3.67187420e-04 3.72217384e-04 3.77247349e-04
 3.82277313e-04 3.87307278e-04 3.92337243e-04 3.97367207e-04
 4.02397172e-04 4.07427137e-04 4.12457101e-04 4.17487066e-04
 4.22517031e-04 4.27546995e-04 4.32576960e-04 4.37606925e-04
 4.42636889e-04 4.47666854e-04 4.52696819e-04 4.57726783e-04
 4.62756748e-04 4.67786713e-04 4.72816677e-04 4.77846642e-04
 4.82876606e-04 4.87906571e-04 4.92936536e-04 4.97966500e-04
 5.02996465e-04]
Frequencies: [4.08927474e+09 8.75015310e+07 6.54825260e+07 5.24925230e+07
 4.27832350e+07 3.49239490e+07 2.84571340e+07 2.31958370e+07
 1.89728040e+07 1.55933310e+07 1.29125580e+07 1.07581570e+07
 9.02846400e+06 7.63767700e+06 6.50852200e+06 5.58352900e+06
 4.81868800e+06 4.18219500e+06 3.67225400e+06 3.29097800e+06
 2.97927900e+06 2.47664800e+06 1.93930700e+06 1.48029300e+06
 1.12910800e+06 8.64927000e+05 6.69193000e+05 5.19094000e+05
 4.07048000e+05 3.20775000e+05 2.53325000e+05 2.01685000e+05
 1.60649000e+05 1.28884000e+05 1.04172000e+05 8.41080000e+04
 6.74270000e+04 5.46430000e+04 4.47510000e+04 3.67640000e+04
 3.05020000e+04 2.51830000e+04 2.06210000e+04 1.71930000e+04
 1.42650000e+04 1.22350000e+04 1.04380000e+04 8.70900000e+03
 7.31000000e+03 6.16500000e+03 5.30000000e+03 4.68100000e+03
 4.05800000e+03 3.65800000e+03 2.92100000e+03 2.67600000e+03
 2.18800000e+03 1.85500000e+03 1.60400000e+03 1.37600000e+03
 1.13400000e+03 9.87000000e+02 7.98000000e+02 7.31000000e+02
 6.30000000e+02 5.78000000e+02 4.79000000e+02 4.45000000e+02
 4.01000000e+02 3.38000000e+02 3.02000000e+02 2.52000000e+02
 2.25000000e+02 1.83000000e+02 1.57000000e+02 1.28000000e+02
 1.11000000e+02 9.40000000e+01 9.10000000e+01 6.20000000e+01
 4.70000000e+01 4.20000000e+01 2.20000000e+01 1.00000000e+01
 1.10000000e+01 1.10000000e+01 7.00000000e+00 8.00000000e+00
 8.00000000e+00 6.00000000e+00 4.00000000e+00 6.00000000e+00
 8.00000000e+00 7.00000000e+00 6.00000000e+00 2.00000000e+00
 8.00000000e+00 2.00000000e+00 4.00000000e+00 5.00000000e+00]
