Standard Deviation: 11.864029847986437
Skewness: -0.9394385311810854
Kurtosis: -0.014010798534090707
Median: 253.8736080213557
Mean: 249.74199214705112
Deciles: [241.71147804 259.74815925]
Minimum: 200.33046163489038
Maximum: 274.18966623584475
Bin Edges: [200.33046163 201.06905368 201.80764573 202.54623777 203.28482982
 204.02342186 204.76201391 205.50060596 206.239198   206.97779005
 207.71638209 208.45497414 209.19356619 209.93215823 210.67075028
 211.40934233 212.14793437 212.88652642 213.62511846 214.36371051
 215.10230256 215.8408946  216.57948665 217.31807869 218.05667074
 218.79526279 219.53385483 220.27244688 221.01103892 221.74963097
 222.48822302 223.22681506 223.96540711 224.70399915 225.4425912
 226.18118325 226.91977529 227.65836734 228.39695938 229.13555143
 229.87414348 230.61273552 231.35132757 232.08991961 232.82851166
 233.56710371 234.30569575 235.0442878  235.78287984 236.52147189
 237.26006394 237.99865598 238.73724803 239.47584007 240.21443212
 240.95302417 241.69161621 242.43020826 243.1688003  243.90739235
 244.6459844  245.38457644 246.12316849 246.86176053 247.60035258
 248.33894463 249.07753667 249.81612872 250.55472076 251.29331281
 252.03190486 252.7704969  253.50908895 254.24768099 254.98627304
 255.72486509 256.46345713 257.20204918 257.94064122 258.67923327
 259.41782532 260.15641736 260.89500941 261.63360145 262.3721935
 263.11078555 263.84937759 264.58796964 265.32656168 266.06515373
 266.80374578 267.54233782 268.28092987 269.01952191 269.75811396
 270.49670601 271.23529805 271.9738901  272.71248214 273.45107419
 274.18966624]
Frequencies: [4.65000000e+02 1.20000000e+03 6.36400000e+03 1.96750000e+04
 5.84390000e+04 1.41784000e+05 2.85413000e+05 5.09421000e+05
 7.98333000e+05 1.15164700e+06 1.48825400e+06 1.80675100e+06
 2.11175100e+06 2.37453600e+06 2.60140500e+06 2.82056500e+06
 3.02978000e+06 3.20003400e+06 3.38425200e+06 3.59286600e+06
 3.84088400e+06 4.12880800e+06 4.50186600e+06 5.01720800e+06
 5.84674600e+06 6.95700100e+06 8.25134400e+06 9.83015500e+06
 1.17327650e+07 1.38478340e+07 1.61706020e+07 1.86448840e+07
 2.11355890e+07 2.35731590e+07 2.59589900e+07 2.84002260e+07
 3.06668920e+07 3.27158290e+07 3.46953290e+07 3.66171400e+07
 3.84629440e+07 4.01051070e+07 4.17698990e+07 4.33067540e+07
 4.46941320e+07 4.59377180e+07 4.69758830e+07 4.79975540e+07
 4.89203500e+07 4.96416060e+07 5.03582800e+07 5.11071670e+07
 5.18526870e+07 5.26706850e+07 5.35244830e+07 5.45709520e+07
 5.57739160e+07 5.69705940e+07 5.83190850e+07 5.97606620e+07
 6.13068410e+07 6.30427790e+07 6.47987780e+07 6.67978680e+07
 6.87692650e+07 7.07396610e+07 7.24863680e+07 7.42565860e+07
 7.60603040e+07 7.83204520e+07 8.09909370e+07 8.47594810e+07
 8.98489240e+07 9.61588790e+07 1.04672868e+08 1.15497317e+08
 1.28740385e+08 1.46561348e+08 1.72247119e+08 2.11500302e+08
 2.75348340e+08 3.39948973e+08 3.13475600e+08 1.90008847e+08
 8.17524530e+07 3.02518210e+07 1.10893090e+07 4.29924100e+06
 1.70374400e+06 6.78115000e+05 2.66859000e+05 1.05376000e+05
 4.05950000e+04 1.47520000e+04 4.52400000e+03 1.39000000e+03
 5.25000000e+02 2.24000000e+02 1.39000000e+02 6.70000000e+01]
