Standard Deviation: 1.4888477425557898e-05
Skewness: 5.766027917603252
Kurtosis: 40.72087310876922
Median: 0.0
Mean: 3.7541748611980996e-06
Deciles: [0.00000000e+00 4.76746378e-09]
Minimum: 0.0
Maximum: 0.0005499394711244405
Bin Edges: [0.00000000e+00 5.49939471e-06 1.09987894e-05 1.64981841e-05
 2.19975788e-05 2.74969736e-05 3.29963683e-05 3.84957630e-05
 4.39951577e-05 4.94945524e-05 5.49939471e-05 6.04933418e-05
 6.59927365e-05 7.14921312e-05 7.69915260e-05 8.24909207e-05
 8.79903154e-05 9.34897101e-05 9.89891048e-05 1.04488500e-04
 1.09987894e-04 1.15487289e-04 1.20986684e-04 1.26486078e-04
 1.31985473e-04 1.37484868e-04 1.42984262e-04 1.48483657e-04
 1.53983052e-04 1.59482447e-04 1.64981841e-04 1.70481236e-04
 1.75980631e-04 1.81480025e-04 1.86979420e-04 1.92478815e-04
 1.97978210e-04 2.03477604e-04 2.08976999e-04 2.14476394e-04
 2.19975788e-04 2.25475183e-04 2.30974578e-04 2.36473973e-04
 2.41973367e-04 2.47472762e-04 2.52972157e-04 2.58471551e-04
 2.63970946e-04 2.69470341e-04 2.74969736e-04 2.80469130e-04
 2.85968525e-04 2.91467920e-04 2.96967314e-04 3.02466709e-04
 3.07966104e-04 3.13465499e-04 3.18964893e-04 3.24464288e-04
 3.29963683e-04 3.35463077e-04 3.40962472e-04 3.46461867e-04
 3.51961262e-04 3.57460656e-04 3.62960051e-04 3.68459446e-04
 3.73958840e-04 3.79458235e-04 3.84957630e-04 3.90457024e-04
 3.95956419e-04 4.01455814e-04 4.06955209e-04 4.12454603e-04
 4.17953998e-04 4.23453393e-04 4.28952787e-04 4.34452182e-04
 4.39951577e-04 4.45450972e-04 4.50950366e-04 4.56449761e-04
 4.61949156e-04 4.67448550e-04 4.72947945e-04 4.78447340e-04
 4.83946735e-04 4.89446129e-04 4.94945524e-04 5.00444919e-04
 5.05944313e-04 5.11443708e-04 5.16943103e-04 5.22442498e-04
 5.27941892e-04 5.33441287e-04 5.38940682e-04 5.44440076e-04
 5.49939471e-04]
Frequencies: [4.08877116e+09 9.85613480e+07 6.28923020e+07 4.66914110e+07
 3.68294250e+07 2.99619610e+07 2.48127660e+07 2.08327170e+07
 1.76549610e+07 1.51041950e+07 1.30424130e+07 1.13590720e+07
 9.97540900e+06 8.84169500e+06 7.88527800e+06 7.09613400e+06
 6.40329900e+06 5.79200900e+06 5.20917000e+06 4.62771600e+06
 4.00455600e+06 3.33738100e+06 2.67601300e+06 2.08682800e+06
 1.59683000e+06 1.21201600e+06 9.15418000e+05 6.90038000e+05
 5.19694000e+05 3.95736000e+05 3.00297000e+05 2.30633000e+05
 1.76590000e+05 1.36727000e+05 1.06005000e+05 8.26400000e+04
 6.54450000e+04 5.23840000e+04 4.19760000e+04 3.35710000e+04
 2.76720000e+04 2.24650000e+04 1.83570000e+04 1.53370000e+04
 1.27730000e+04 1.09240000e+04 9.07700000e+03 7.77400000e+03
 6.65700000e+03 5.84300000e+03 5.15500000e+03 4.24200000e+03
 3.75100000e+03 3.30700000e+03 3.02400000e+03 2.56400000e+03
 2.34400000e+03 2.04700000e+03 1.79400000e+03 1.62500000e+03
 1.44800000e+03 1.22400000e+03 1.18800000e+03 1.02500000e+03
 8.86000000e+02 8.26000000e+02 7.61000000e+02 6.56000000e+02
 5.81000000e+02 5.44000000e+02 4.27000000e+02 3.28000000e+02
 3.39000000e+02 2.66000000e+02 2.23000000e+02 2.07000000e+02
 2.02000000e+02 1.19000000e+02 1.46000000e+02 1.08000000e+02
 1.02000000e+02 1.12000000e+02 8.30000000e+01 5.40000000e+01
 5.90000000e+01 2.00000000e+01 2.50000000e+01 1.90000000e+01
 1.80000000e+01 1.80000000e+01 7.00000000e+00 1.30000000e+01
 7.00000000e+00 2.00000000e+00 4.00000000e+00 1.00000000e+00
 0.00000000e+00 0.00000000e+00 1.00000000e+00 1.00000000e+00]
