Standard Deviation: 0.0015667392953404027
Skewness: 1.359676469303074
Kurtosis: 1.0163207180343878
Median: 0.0008299365803192357
Mean: 0.0014822603163445042
Deciles: [0.00031161 0.00218438]
Minimum: 1.0092346056361405e-12
Maximum: 0.01235416868141141
Bin Edges: [1.00923461e-12 1.23541688e-04 2.47083375e-04 3.70625061e-04
 4.94166748e-04 6.17708435e-04 7.41250122e-04 8.64791809e-04
 9.88333495e-04 1.11187518e-03 1.23541687e-03 1.35895856e-03
 1.48250024e-03 1.60604193e-03 1.72958362e-03 1.85312530e-03
 1.97666699e-03 2.10020868e-03 2.22375036e-03 2.34729205e-03
 2.47083374e-03 2.59437542e-03 2.71791711e-03 2.84145880e-03
 2.96500048e-03 3.08854217e-03 3.21208386e-03 3.33562554e-03
 3.45916723e-03 3.58270892e-03 3.70625061e-03 3.82979229e-03
 3.95333398e-03 4.07687567e-03 4.20041735e-03 4.32395904e-03
 4.44750073e-03 4.57104241e-03 4.69458410e-03 4.81812579e-03
 4.94166747e-03 5.06520916e-03 5.18875085e-03 5.31229253e-03
 5.43583422e-03 5.55937591e-03 5.68291759e-03 5.80645928e-03
 5.93000097e-03 6.05354265e-03 6.17708434e-03 6.30062603e-03
 6.42416771e-03 6.54770940e-03 6.67125109e-03 6.79479278e-03
 6.91833446e-03 7.04187615e-03 7.16541784e-03 7.28895952e-03
 7.41250121e-03 7.53604290e-03 7.65958458e-03 7.78312627e-03
 7.90666796e-03 8.03020964e-03 8.15375133e-03 8.27729302e-03
 8.40083470e-03 8.52437639e-03 8.64791808e-03 8.77145976e-03
 8.89500145e-03 9.01854314e-03 9.14208482e-03 9.26562651e-03
 9.38916820e-03 9.51270988e-03 9.63625157e-03 9.75979326e-03
 9.88333495e-03 1.00068766e-02 1.01304183e-02 1.02539600e-02
 1.03775017e-02 1.05010434e-02 1.06245851e-02 1.07481268e-02
 1.08716684e-02 1.09952101e-02 1.11187518e-02 1.12422935e-02
 1.13658352e-02 1.14893769e-02 1.16129186e-02 1.17364602e-02
 1.18600019e-02 1.19835436e-02 1.21070853e-02 1.22306270e-02
 1.23541687e-02]
Frequencies: [4.12461728e+08 4.99405733e+08 4.05828146e+08 3.25857958e+08
 2.66112849e+08 2.22195787e+08 1.89258728e+08 1.63468759e+08
 1.42775658e+08 1.25998773e+08 1.12091698e+08 1.01111652e+08
 9.19968520e+07 8.44069820e+07 7.81229670e+07 7.27184940e+07
 6.80622170e+07 6.39819210e+07 6.03735220e+07 5.71170050e+07
 5.41937390e+07 5.15551620e+07 4.91482490e+07 4.69994630e+07
 4.50092500e+07 4.31961110e+07 4.15196820e+07 4.00625620e+07
 3.87119270e+07 3.75135350e+07 3.63127930e+07 3.52586570e+07
 3.42680810e+07 3.33088950e+07 3.23359420e+07 3.13973680e+07
 3.03997330e+07 2.93668290e+07 2.82480850e+07 2.70724020e+07
 2.58604030e+07 2.45679440e+07 2.32252290e+07 2.18232690e+07
 2.03622760e+07 1.88011620e+07 1.71775980e+07 1.54169720e+07
 1.35149590e+07 1.15309830e+07 9.52840900e+06 7.60174900e+06
 5.85032000e+06 4.36398500e+06 3.17698600e+06 2.29322900e+06
 1.66090400e+06 1.22754400e+06 9.28146000e+05 7.04058000e+05
 5.38275000e+05 4.12706000e+05 3.18556000e+05 2.42561000e+05
 1.85856000e+05 1.43404000e+05 1.10729000e+05 8.55370000e+04
 6.58450000e+04 5.04850000e+04 3.87340000e+04 3.02330000e+04
 2.39360000e+04 1.91570000e+04 1.46760000e+04 1.17990000e+04
 9.73300000e+03 8.26400000e+03 7.03200000e+03 5.66800000e+03
 4.52500000e+03 3.53600000e+03 2.69100000e+03 2.07800000e+03
 1.46400000e+03 1.12400000e+03 8.76000000e+02 6.64000000e+02
 5.53000000e+02 3.84000000e+02 2.80000000e+02 2.11000000e+02
 1.38000000e+02 9.00000000e+01 6.30000000e+01 4.60000000e+01
 2.60000000e+01 2.30000000e+01 1.50000000e+01 8.00000000e+00]
