Standard Deviation: 1.4088373659414878e-16
Skewness: 175.25587155161162
Kurtosis: 41049.25150588552
Median: 6.330902300595398e-20
Mean: 2.6155069391968657e-18
Deciles: [2.07306698e-20 1.89894611e-19]
Minimum: 1.3103293870171215e-26
Maximum: 6.582550829925225e-14
Bin Edges: [1.31032939e-26 6.58255083e-16 1.31651017e-15 1.97476525e-15
 2.63302033e-15 3.29127541e-15 3.94953050e-15 4.60778558e-15
 5.26604066e-15 5.92429575e-15 6.58255083e-15 7.24080591e-15
 7.89906100e-15 8.55731608e-15 9.21557116e-15 9.87382624e-15
 1.05320813e-14 1.11903364e-14 1.18485915e-14 1.25068466e-14
 1.31651017e-14 1.38233567e-14 1.44816118e-14 1.51398669e-14
 1.57981220e-14 1.64563771e-14 1.71146322e-14 1.77728872e-14
 1.84311423e-14 1.90893974e-14 1.97476525e-14 2.04059076e-14
 2.10641627e-14 2.17224177e-14 2.23806728e-14 2.30389279e-14
 2.36971830e-14 2.43554381e-14 2.50136932e-14 2.56719482e-14
 2.63302033e-14 2.69884584e-14 2.76467135e-14 2.83049686e-14
 2.89632237e-14 2.96214787e-14 3.02797338e-14 3.09379889e-14
 3.15962440e-14 3.22544991e-14 3.29127541e-14 3.35710092e-14
 3.42292643e-14 3.48875194e-14 3.55457745e-14 3.62040296e-14
 3.68622846e-14 3.75205397e-14 3.81787948e-14 3.88370499e-14
 3.94953050e-14 4.01535601e-14 4.08118151e-14 4.14700702e-14
 4.21283253e-14 4.27865804e-14 4.34448355e-14 4.41030906e-14
 4.47613456e-14 4.54196007e-14 4.60778558e-14 4.67361109e-14
 4.73943660e-14 4.80526211e-14 4.87108761e-14 4.93691312e-14
 5.00273863e-14 5.06856414e-14 5.13438965e-14 5.20021516e-14
 5.26604066e-14 5.33186617e-14 5.39769168e-14 5.46351719e-14
 5.52934270e-14 5.59516821e-14 5.66099371e-14 5.72681922e-14
 5.79264473e-14 5.85847024e-14 5.92429575e-14 5.99012126e-14
 6.05594676e-14 6.12177227e-14 6.18759778e-14 6.25342329e-14
 6.31924880e-14 6.38507431e-14 6.45089981e-14 6.51672532e-14
 6.58255083e-14]
Frequencies: [4.53900311e+09 1.02637400e+06 3.15203000e+05 1.87482000e+05
 1.21723000e+05 8.49480000e+04 6.59760000e+04 4.93760000e+04
 3.88850000e+04 3.25460000e+04 2.71460000e+04 2.22220000e+04
 1.87310000e+04 1.64140000e+04 1.45040000e+04 1.26690000e+04
 1.11550000e+04 1.01460000e+04 8.90600000e+03 8.29000000e+03
 7.55100000e+03 6.85100000e+03 5.95000000e+03 5.44300000e+03
 5.16400000e+03 4.76100000e+03 4.41600000e+03 4.12100000e+03
 3.96200000e+03 3.64900000e+03 3.46500000e+03 3.29000000e+03
 3.10400000e+03 3.00900000e+03 2.77900000e+03 2.72400000e+03
 2.28200000e+03 2.08000000e+03 1.82300000e+03 1.75700000e+03
 1.57100000e+03 1.52000000e+03 1.45200000e+03 1.36800000e+03
 1.36600000e+03 1.33100000e+03 1.21400000e+03 1.18100000e+03
 1.13000000e+03 1.08000000e+03 1.04500000e+03 9.10000000e+02
 9.67000000e+02 8.56000000e+02 8.26000000e+02 7.69000000e+02
 8.54000000e+02 7.88000000e+02 7.02000000e+02 7.06000000e+02
 6.33000000e+02 6.53000000e+02 5.87000000e+02 5.07000000e+02
 5.23000000e+02 5.26000000e+02 5.02000000e+02 5.06000000e+02
 4.33000000e+02 4.20000000e+02 4.12000000e+02 3.93000000e+02
 3.58000000e+02 3.04000000e+02 2.92000000e+02 2.22000000e+02
 2.16000000e+02 1.83000000e+02 1.42000000e+02 9.70000000e+01
 9.20000000e+01 6.50000000e+01 7.00000000e+01 5.90000000e+01
 5.70000000e+01 2.80000000e+01 3.10000000e+01 2.60000000e+01
 1.80000000e+01 5.00000000e+00 1.00000000e+00 2.00000000e+00
 3.00000000e+00 1.00000000e+00 1.00000000e+00 0.00000000e+00
 1.00000000e+00 1.00000000e+00 1.00000000e+00 2.00000000e+00]
