Standard Deviation: 4.048776937536041e-17
Skewness: 120.86853818106056
Kurtosis: 20576.91876392194
Median: 9.89697638031214e-20
Mean: 1.5766923939496934e-18
Deciles: [3.82346069e-20 2.71155912e-19]
Minimum: 1.8460167917789846e-26
Maximum: 1.53171439325864e-14
Bin Edges: [1.84601679e-26 1.53171439e-16 3.06342879e-16 4.59514318e-16
 6.12685757e-16 7.65857197e-16 9.19028636e-16 1.07220008e-15
 1.22537151e-15 1.37854295e-15 1.53171439e-15 1.68488583e-15
 1.83805727e-15 1.99122871e-15 2.14440015e-15 2.29757159e-15
 2.45074303e-15 2.60391447e-15 2.75708591e-15 2.91025735e-15
 3.06342879e-15 3.21660023e-15 3.36977167e-15 3.52294310e-15
 3.67611454e-15 3.82928598e-15 3.98245742e-15 4.13562886e-15
 4.28880030e-15 4.44197174e-15 4.59514318e-15 4.74831462e-15
 4.90148606e-15 5.05465750e-15 5.20782894e-15 5.36100038e-15
 5.51417182e-15 5.66734326e-15 5.82051469e-15 5.97368613e-15
 6.12685757e-15 6.28002901e-15 6.43320045e-15 6.58637189e-15
 6.73954333e-15 6.89271477e-15 7.04588621e-15 7.19905765e-15
 7.35222909e-15 7.50540053e-15 7.65857197e-15 7.81174341e-15
 7.96491484e-15 8.11808628e-15 8.27125772e-15 8.42442916e-15
 8.57760060e-15 8.73077204e-15 8.88394348e-15 9.03711492e-15
 9.19028636e-15 9.34345780e-15 9.49662924e-15 9.64980068e-15
 9.80297212e-15 9.95614356e-15 1.01093150e-14 1.02624864e-14
 1.04156579e-14 1.05688293e-14 1.07220008e-14 1.08751722e-14
 1.10283436e-14 1.11815151e-14 1.13346865e-14 1.14878579e-14
 1.16410294e-14 1.17942008e-14 1.19473723e-14 1.21005437e-14
 1.22537151e-14 1.24068866e-14 1.25600580e-14 1.27132295e-14
 1.28664009e-14 1.30195723e-14 1.31727438e-14 1.33259152e-14
 1.34790867e-14 1.36322581e-14 1.37854295e-14 1.39386010e-14
 1.40917724e-14 1.42449439e-14 1.43981153e-14 1.45512867e-14
 1.47044582e-14 1.48576296e-14 1.50108011e-14 1.51639725e-14
 1.53171439e-14]
Frequencies: [4.53579273e+09 2.54823200e+06 1.10535200e+06 4.95429000e+05
 2.81507000e+05 1.76166000e+05 1.24317000e+05 9.25520000e+04
 7.40100000e+04 6.15330000e+04 5.08740000e+04 4.15910000e+04
 3.40080000e+04 2.83310000e+04 2.37980000e+04 2.05510000e+04
 1.80660000e+04 1.64620000e+04 1.48100000e+04 1.38070000e+04
 1.27590000e+04 1.15550000e+04 1.04240000e+04 9.40500000e+03
 8.70900000e+03 8.20200000e+03 7.53500000e+03 6.98100000e+03
 6.46800000e+03 5.92600000e+03 5.55600000e+03 5.15300000e+03
 4.91600000e+03 4.75200000e+03 4.17400000e+03 4.17400000e+03
 3.90300000e+03 3.57600000e+03 3.09500000e+03 2.96100000e+03
 2.76100000e+03 2.59400000e+03 2.44700000e+03 2.31600000e+03
 2.19000000e+03 2.01900000e+03 2.02400000e+03 1.79900000e+03
 1.79600000e+03 1.63800000e+03 1.55000000e+03 1.45400000e+03
 1.34200000e+03 1.16600000e+03 1.14700000e+03 1.04800000e+03
 9.30000000e+02 9.11000000e+02 7.90000000e+02 7.47000000e+02
 7.39000000e+02 5.98000000e+02 5.30000000e+02 4.55000000e+02
 4.49000000e+02 4.43000000e+02 3.45000000e+02 3.18000000e+02
 2.99000000e+02 3.19000000e+02 2.73000000e+02 2.55000000e+02
 2.66000000e+02 2.23000000e+02 2.06000000e+02 1.89000000e+02
 1.66000000e+02 1.50000000e+02 1.42000000e+02 1.07000000e+02
 1.08000000e+02 8.80000000e+01 8.10000000e+01 6.70000000e+01
 5.90000000e+01 3.30000000e+01 1.60000000e+01 1.60000000e+01
 1.10000000e+01 9.00000000e+00 4.00000000e+00 3.00000000e+00
 6.00000000e+00 1.00000000e+00 2.00000000e+00 1.00000000e+00
 0.00000000e+00 0.00000000e+00 1.00000000e+00 3.00000000e+00]
