Standard Deviation: 14.009699807777132
Skewness: -1.4370703459240033
Kurtosis: 2.510109148165525
Median: 291.7578803655292
Mean: 287.4459025033264
Deciles: [280.23976214 297.74270976]
Minimum: 198.85398564245233
Maximum: 324.21175205315365
Bin Edges: [198.85398564 200.10756331 201.36114097 202.61471863 203.8682963
 205.12187396 206.37545163 207.62902929 208.88260696 210.13618462
 211.38976228 212.64333995 213.89691761 215.15049528 216.40407294
 217.6576506  218.91122827 220.16480593 221.4183836  222.67196126
 223.92553892 225.17911659 226.43269425 227.68627192 228.93984958
 230.19342725 231.44700491 232.70058257 233.95416024 235.2077379
 236.46131557 237.71489323 238.96847089 240.22204856 241.47562622
 242.72920389 243.98278155 245.23635921 246.48993688 247.74351454
 248.99709221 250.25066987 251.50424753 252.7578252  254.01140286
 255.26498053 256.51855819 257.77213586 259.02571352 260.27929118
 261.53286885 262.78644651 264.04002418 265.29360184 266.5471795
 267.80075717 269.05433483 270.3079125  271.56149016 272.81506782
 274.06864549 275.32222315 276.57580082 277.82937848 279.08295615
 280.33653381 281.59011147 282.84368914 284.0972668  285.35084447
 286.60442213 287.85799979 289.11157746 290.36515512 291.61873279
 292.87231045 294.12588811 295.37946578 296.63304344 297.88662111
 299.14019877 300.39377644 301.6473541  302.90093176 304.15450943
 305.40808709 306.66166476 307.91524242 309.16882008 310.42239775
 311.67597541 312.92955308 314.18313074 315.4367084  316.69028607
 317.94386373 319.1974414  320.45101906 321.70459672 322.95817439
 324.21175205]
Frequencies: [4.30000000e+01 7.90000000e+01 9.70000000e+01 2.14000000e+02
 8.36000000e+02 2.69600000e+03 6.71500000e+03 1.52290000e+04
 3.25420000e+04 6.15630000e+04 1.10386000e+05 1.74650000e+05
 2.59021000e+05 3.75012000e+05 5.23389000e+05 7.04989000e+05
 9.09567000e+05 1.11251200e+06 1.32748300e+06 1.52822000e+06
 1.71918600e+06 1.89885300e+06 2.03538400e+06 2.15308900e+06
 2.27868600e+06 2.42566400e+06 2.56021000e+06 2.71056800e+06
 2.89917000e+06 3.17280600e+06 3.60098800e+06 4.19178000e+06
 4.91885800e+06 5.78473500e+06 6.77337900e+06 7.83531900e+06
 8.98566600e+06 1.00737260e+07 1.11027370e+07 1.20561930e+07
 1.28214320e+07 1.34738360e+07 1.41243540e+07 1.48094000e+07
 1.53799370e+07 1.58478470e+07 1.64464970e+07 1.71834480e+07
 1.80825960e+07 1.91340500e+07 2.03879900e+07 2.21682550e+07
 2.45282690e+07 2.76980310e+07 3.23572730e+07 3.99850090e+07
 5.25762140e+07 6.94216350e+07 8.10367460e+07 7.95350710e+07
 7.91563750e+07 8.15471000e+07 8.53989040e+07 8.94769160e+07
 9.37903740e+07 9.81668870e+07 1.02590956e+08 1.07369161e+08
 1.12861323e+08 1.19581250e+08 1.27946515e+08 1.37119493e+08
 1.46717662e+08 1.57364519e+08 1.70337869e+08 1.88586850e+08
 2.15771637e+08 2.64931148e+08 3.61360618e+08 4.34700678e+08
 3.44781663e+08 9.94085100e+07 4.91780950e+07 3.78333340e+07
 3.03179080e+07 2.44578910e+07 1.95607530e+07 1.53128600e+07
 1.15301700e+07 8.23136600e+06 5.46299800e+06 3.38915400e+06
 1.93301700e+06 9.90098000e+05 4.58916000e+05 1.75763000e+05
 5.03490000e+04 1.22450000e+04 2.25700000e+03 2.88000000e+02]
