Standard Deviation: 1.9185167829018507e-34
Skewness: 3.5360641606162515
Kurtosis: 12.121186886569918
Median: 2.3114164920368198e-38
Mean: 6.502400439152975e-35
Deciles: [1.09119199e-40 6.21403688e-36]
Minimum: 2.337752559410574e-43
Maximum: 1.6581866476127274e-33
Bin Edges: [2.33775256e-43 1.65818667e-35 3.31637332e-35 4.97455997e-35
 6.63274661e-35 8.29093326e-35 9.94911991e-35 1.16073066e-34
 1.32654932e-34 1.49236798e-34 1.65818665e-34 1.82400531e-34
 1.98982398e-34 2.15564264e-34 2.32146131e-34 2.48727997e-34
 2.65309864e-34 2.81891730e-34 2.98473597e-34 3.15055463e-34
 3.31637330e-34 3.48219196e-34 3.64801063e-34 3.81382929e-34
 3.97964796e-34 4.14546662e-34 4.31128529e-34 4.47710395e-34
 4.64292261e-34 4.80874128e-34 4.97455994e-34 5.14037861e-34
 5.30619727e-34 5.47201594e-34 5.63783460e-34 5.80365327e-34
 5.96947193e-34 6.13529060e-34 6.30110926e-34 6.46692793e-34
 6.63274659e-34 6.79856526e-34 6.96438392e-34 7.13020259e-34
 7.29602125e-34 7.46183992e-34 7.62765858e-34 7.79347725e-34
 7.95929591e-34 8.12511457e-34 8.29093324e-34 8.45675190e-34
 8.62257057e-34 8.78838923e-34 8.95420790e-34 9.12002656e-34
 9.28584523e-34 9.45166389e-34 9.61748256e-34 9.78330122e-34
 9.94911989e-34 1.01149386e-33 1.02807572e-33 1.04465759e-33
 1.06123945e-33 1.07782132e-33 1.09440319e-33 1.11098505e-33
 1.12756692e-33 1.14414879e-33 1.16073065e-33 1.17731252e-33
 1.19389439e-33 1.21047625e-33 1.22705812e-33 1.24363999e-33
 1.26022185e-33 1.27680372e-33 1.29338559e-33 1.30996745e-33
 1.32654932e-33 1.34313118e-33 1.35971305e-33 1.37629492e-33
 1.39287678e-33 1.40945865e-33 1.42604052e-33 1.44262238e-33
 1.45920425e-33 1.47578612e-33 1.49236798e-33 1.50894985e-33
 1.52553172e-33 1.54211358e-33 1.55869545e-33 1.57527732e-33
 1.59185918e-33 1.60844105e-33 1.62502291e-33 1.64160478e-33
 1.65818665e-33]
Frequencies: [3.64989333e+09 8.39510600e+07 4.46685950e+07 6.48234080e+07
 9.16527600e+07 4.68665990e+07 3.38899050e+07 2.33420150e+07
 1.84294480e+07 1.46894110e+07 1.46161040e+07 1.61017650e+07
 3.95408860e+07 2.41751020e+07 1.77471510e+07 1.37996040e+07
 9.83513900e+06 8.71413500e+06 7.74756100e+06 6.23733600e+06
 5.73300900e+06 5.20033600e+06 4.88685100e+06 4.85548300e+06
 4.43247100e+06 4.11129400e+06 3.89332900e+06 4.41849800e+06
 4.57773600e+06 4.66689300e+06 4.27153100e+06 3.98617600e+06
 4.79046100e+06 5.58023300e+06 6.44189100e+06 7.12001700e+06
 8.02932000e+06 8.03046200e+06 8.62296100e+06 9.45104900e+06
 1.00926910e+07 1.14833980e+07 1.10713640e+07 1.22721550e+07
 1.50173430e+07 1.84070430e+07 1.32685110e+07 8.34759500e+06
 7.42109900e+06 7.91707800e+06 7.17482200e+06 6.64398200e+06
 5.93796100e+06 4.27228500e+06 3.74765500e+06 3.93921400e+06
 3.81286300e+06 3.46193100e+06 3.36796800e+06 3.33602900e+06
 2.89266600e+06 2.88741600e+06 3.18981100e+06 3.35031500e+06
 3.58587700e+06 4.15932200e+06 5.45748500e+06 5.45970200e+06
 3.48743700e+06 1.27701100e+06 3.78424000e+05 1.26848000e+05
 5.30150000e+04 2.58240000e+04 1.33800000e+04 7.68000000e+03
 4.89100000e+03 3.37800000e+03 2.43200000e+03 1.70200000e+03
 1.05800000e+03 6.87000000e+02 5.28000000e+02 3.94000000e+02
 3.15000000e+02 2.97000000e+02 2.73000000e+02 2.44000000e+02
 1.89000000e+02 1.69000000e+02 1.69000000e+02 1.58000000e+02
 1.58000000e+02 1.60000000e+02 1.29000000e+02 8.20000000e+01
 2.30000000e+01 2.50000000e+01 1.40000000e+01 1.00000000e+01]
