Standard Deviation: 1.1446203709119847e-17
Skewness: 58.929958555040045
Kurtosis: 5484.089632909033
Median: 1.2343139565919232e-19
Mean: 1.174493562364448e-18
Deciles: [5.49350247e-20 3.12515925e-19]
Minimum: 1.2527469839695954e-26
Maximum: 2.6515651042822954e-15
Bin Edges: [1.25274698e-26 2.65156511e-17 5.30313021e-17 7.95469531e-17
 1.06062604e-16 1.32578255e-16 1.59093906e-16 1.85609557e-16
 2.12125208e-16 2.38640859e-16 2.65156510e-16 2.91672161e-16
 3.18187813e-16 3.44703464e-16 3.71219115e-16 3.97734766e-16
 4.24250417e-16 4.50766068e-16 4.77281719e-16 5.03797370e-16
 5.30313021e-16 5.56828672e-16 5.83344323e-16 6.09859974e-16
 6.36375625e-16 6.62891276e-16 6.89406927e-16 7.15922578e-16
 7.42438229e-16 7.68953880e-16 7.95469531e-16 8.21985182e-16
 8.48500833e-16 8.75016484e-16 9.01532135e-16 9.28047787e-16
 9.54563438e-16 9.81079089e-16 1.00759474e-15 1.03411039e-15
 1.06062604e-15 1.08714169e-15 1.11365734e-15 1.14017299e-15
 1.16668865e-15 1.19320430e-15 1.21971995e-15 1.24623560e-15
 1.27275125e-15 1.29926690e-15 1.32578255e-15 1.35229820e-15
 1.37881385e-15 1.40532951e-15 1.43184516e-15 1.45836081e-15
 1.48487646e-15 1.51139211e-15 1.53790776e-15 1.56442341e-15
 1.59093906e-15 1.61745471e-15 1.64397036e-15 1.67048602e-15
 1.69700167e-15 1.72351732e-15 1.75003297e-15 1.77654862e-15
 1.80306427e-15 1.82957992e-15 1.85609557e-15 1.88261122e-15
 1.90912688e-15 1.93564253e-15 1.96215818e-15 1.98867383e-15
 2.01518948e-15 2.04170513e-15 2.06822078e-15 2.09473643e-15
 2.12125208e-15 2.14776773e-15 2.17428339e-15 2.20079904e-15
 2.22731469e-15 2.25383034e-15 2.28034599e-15 2.30686164e-15
 2.33337729e-15 2.35989294e-15 2.38640859e-15 2.41292424e-15
 2.43943990e-15 2.46595555e-15 2.49247120e-15 2.51898685e-15
 2.54550250e-15 2.57201815e-15 2.59853380e-15 2.62504945e-15
 2.65156510e-15]
Frequencies: [4.51761199e+09 1.32219170e+07 3.92292300e+06 1.85431800e+06
 1.09966100e+06 7.35194000e+05 5.13516000e+05 3.79858000e+05
 2.93857000e+05 2.27567000e+05 1.80154000e+05 1.45616000e+05
 1.19675000e+05 1.03666000e+05 8.78290000e+04 7.60220000e+04
 6.42650000e+04 5.44500000e+04 4.88960000e+04 4.38600000e+04
 3.75010000e+04 3.31840000e+04 2.89430000e+04 2.60860000e+04
 2.37800000e+04 2.12760000e+04 1.86710000e+04 1.72320000e+04
 1.52500000e+04 1.40120000e+04 1.26550000e+04 1.12190000e+04
 1.00680000e+04 9.17700000e+03 8.34000000e+03 7.97600000e+03
 7.62200000e+03 7.11100000e+03 6.73700000e+03 6.62900000e+03
 6.00400000e+03 5.55900000e+03 5.12400000e+03 4.51700000e+03
 4.21400000e+03 3.81300000e+03 3.45600000e+03 3.33500000e+03
 3.19300000e+03 2.91300000e+03 2.75300000e+03 2.67300000e+03
 2.57200000e+03 2.48200000e+03 2.17500000e+03 2.11700000e+03
 2.14200000e+03 1.92000000e+03 1.64100000e+03 1.54300000e+03
 1.32700000e+03 1.20800000e+03 9.59000000e+02 8.99000000e+02
 8.68000000e+02 7.58000000e+02 6.78000000e+02 6.46000000e+02
 5.43000000e+02 4.68000000e+02 4.23000000e+02 3.05000000e+02
 3.15000000e+02 2.40000000e+02 1.98000000e+02 1.78000000e+02
 1.43000000e+02 1.21000000e+02 1.08000000e+02 8.50000000e+01
 8.80000000e+01 8.90000000e+01 9.10000000e+01 6.10000000e+01
 5.30000000e+01 4.90000000e+01 3.00000000e+01 3.00000000e+01
 2.90000000e+01 3.20000000e+01 3.10000000e+01 2.00000000e+01
 2.10000000e+01 1.60000000e+01 2.10000000e+01 1.40000000e+01
 3.00000000e+00 3.00000000e+00 2.00000000e+00 2.00000000e+00]
