Standard Deviation: 14.486083512073302
Skewness: -1.5753592389740982
Kurtosis: 3.2457232152713447
Median: 292.79990773568005
Mean: 288.3401003886306
Deciles: [281.19017324 298.87204846]
Minimum: 194.1864589100297
Maximum: 325.6800929549576
Bin Edges: [194.18645891 195.50139525 196.81633159 198.13126793 199.44620427
 200.76114061 202.07607695 203.39101329 204.70594963 206.02088597
 207.33582231 208.65075865 209.965695   211.28063134 212.59556768
 213.91050402 215.22544036 216.5403767  217.85531304 219.17024938
 220.48518572 221.80012206 223.1150584  224.42999474 225.74493108
 227.05986742 228.37480376 229.6897401  231.00467644 232.31961278
 233.63454912 234.94948546 236.2644218  237.57935814 238.89429449
 240.20923083 241.52416717 242.83910351 244.15403985 245.46897619
 246.78391253 248.09884887 249.41378521 250.72872155 252.04365789
 253.35859423 254.67353057 255.98846691 257.30340325 258.61833959
 259.93327593 261.24821227 262.56314861 263.87808495 265.19302129
 266.50795763 267.82289398 269.13783032 270.45276666 271.767703
 273.08263934 274.39757568 275.71251202 277.02744836 278.3423847
 279.65732104 280.97225738 282.28719372 283.60213006 284.9170664
 286.23200274 287.54693908 288.86187542 290.17681176 291.4917481
 292.80668444 294.12162078 295.43655712 296.75149347 298.06642981
 299.38136615 300.69630249 302.01123883 303.32617517 304.64111151
 305.95604785 307.27098419 308.58592053 309.90085687 311.21579321
 312.53072955 313.84566589 315.16060223 316.47553857 317.79047491
 319.10541125 320.42034759 321.73528393 323.05022027 324.36515661
 325.68009295]
Frequencies: [2.50000000e+02 5.00000000e+02 8.08000000e+02 1.06500000e+03
 4.19800000e+03 1.14370000e+04 2.94640000e+04 6.02020000e+04
 1.06479000e+05 1.84718000e+05 2.90040000e+05 4.26652000e+05
 5.81734000e+05 7.44705000e+05 9.19516000e+05 1.06278200e+06
 1.18603700e+06 1.29877200e+06 1.40948100e+06 1.49703700e+06
 1.58866500e+06 1.66962400e+06 1.76568300e+06 1.84338400e+06
 1.93069600e+06 2.03488400e+06 2.16875500e+06 2.34411300e+06
 2.58418700e+06 2.88790200e+06 3.30424400e+06 3.83684100e+06
 4.45661000e+06 5.20046000e+06 5.97628500e+06 6.85806200e+06
 7.75895800e+06 8.73837300e+06 9.65238900e+06 1.04839570e+07
 1.12439660e+07 1.19505900e+07 1.26171540e+07 1.31761320e+07
 1.37449120e+07 1.43009340e+07 1.47839690e+07 1.53578300e+07
 1.60421450e+07 1.68298940e+07 1.77597340e+07 1.89781320e+07
 2.04504470e+07 2.23990280e+07 2.48827270e+07 2.84263140e+07
 3.41228250e+07 4.38568460e+07 6.02820790e+07 8.23791530e+07
 8.53098150e+07 8.21366520e+07 8.40523280e+07 8.77607860e+07
 9.21519160e+07 9.68756800e+07 1.01767799e+08 1.06643920e+08
 1.11779561e+08 1.17299595e+08 1.23791657e+08 1.32336949e+08
 1.42125475e+08 1.52737752e+08 1.64215787e+08 1.78729984e+08
 2.00086196e+08 2.32538571e+08 2.91408617e+08 4.00096086e+08
 4.41336773e+08 2.80779067e+08 6.88006170e+07 4.32627280e+07
 3.36542800e+07 2.67455030e+07 2.11855540e+07 1.64676560e+07
 1.23810260e+07 8.84514800e+06 5.89089900e+06 3.62735400e+06
 2.06403700e+06 1.05947800e+06 4.91083000e+05 1.92026000e+05
 5.52740000e+04 1.30310000e+04 2.29900000e+03 2.81000000e+02]
