Standard Deviation: 9.512029916324864e-08
Skewness: 2.6962508912604153
Kurtosis: 7.929284135014623
Median: 1.7353448603030043e-06
Mean: 1.7692132350423347e-06
Deciles: [1.71348972e-06 1.79370296e-06]
Minimum: 1.6571507586644496e-06
Maximum: 2.3216843849734956e-06
Bin Edges: [1.65715076e-06 1.66379609e-06 1.67044143e-06 1.67708677e-06
 1.68373210e-06 1.69037744e-06 1.69702278e-06 1.70366811e-06
 1.71031345e-06 1.71695879e-06 1.72360412e-06 1.73024946e-06
 1.73689479e-06 1.74354013e-06 1.75018547e-06 1.75683080e-06
 1.76347614e-06 1.77012148e-06 1.77676681e-06 1.78341215e-06
 1.79005748e-06 1.79670282e-06 1.80334816e-06 1.80999349e-06
 1.81663883e-06 1.82328417e-06 1.82992950e-06 1.83657484e-06
 1.84322017e-06 1.84986551e-06 1.85651085e-06 1.86315618e-06
 1.86980152e-06 1.87644686e-06 1.88309219e-06 1.88973753e-06
 1.89638286e-06 1.90302820e-06 1.90967354e-06 1.91631887e-06
 1.92296421e-06 1.92960955e-06 1.93625488e-06 1.94290022e-06
 1.94954555e-06 1.95619089e-06 1.96283623e-06 1.96948156e-06
 1.97612690e-06 1.98277224e-06 1.98941757e-06 1.99606291e-06
 2.00270824e-06 2.00935358e-06 2.01599892e-06 2.02264425e-06
 2.02928959e-06 2.03593493e-06 2.04258026e-06 2.04922560e-06
 2.05587093e-06 2.06251627e-06 2.06916161e-06 2.07580694e-06
 2.08245228e-06 2.08909762e-06 2.09574295e-06 2.10238829e-06
 2.10903362e-06 2.11567896e-06 2.12232430e-06 2.12896963e-06
 2.13561497e-06 2.14226031e-06 2.14890564e-06 2.15555098e-06
 2.16219631e-06 2.16884165e-06 2.17548699e-06 2.18213232e-06
 2.18877766e-06 2.19542300e-06 2.20206833e-06 2.20871367e-06
 2.21535900e-06 2.22200434e-06 2.22864968e-06 2.23529501e-06
 2.24194035e-06 2.24858569e-06 2.25523102e-06 2.26187636e-06
 2.26852169e-06 2.27516703e-06 2.28181237e-06 2.28845770e-06
 2.29510304e-06 2.30174838e-06 2.30839371e-06 2.31503905e-06
 2.32168438e-06]
Frequencies: [1.54700000e+03 1.89050000e+04 5.79072000e+05 1.38949760e+07
 5.60880940e+07 1.53204658e+08 3.47851150e+08 3.34320433e+08
 4.86925901e+08 4.82159824e+08 2.99630657e+08 1.19232688e+08
 1.11139672e+08 1.87042413e+08 9.84755230e+07 8.66287510e+07
 8.52089460e+07 1.15313672e+08 1.99787571e+08 1.51336049e+08
 1.59121198e+08 2.75466284e+08 8.14884320e+07 7.17411700e+07
 6.41633350e+07 5.52830880e+07 4.16429240e+07 2.77852160e+07
 2.34205970e+07 1.83475040e+07 1.68372890e+07 1.65249120e+07
 2.28792390e+07 1.71981310e+07 9.68036500e+06 7.49963100e+06
 5.68385100e+06 5.71290000e+06 5.47161600e+06 4.95329500e+06
 4.71513300e+06 4.32992800e+06 4.19084400e+06 4.25708000e+06
 4.33877700e+06 4.42087600e+06 4.31521900e+06 4.11277800e+06
 4.28271600e+06 4.44715800e+06 4.32171500e+06 4.17358800e+06
 4.42722900e+06 4.86466800e+06 5.37247600e+06 6.10367200e+06
 6.54904700e+06 6.63239600e+06 7.11402500e+06 7.68341900e+06
 8.28159500e+06 8.76739900e+06 9.01697700e+06 9.17496800e+06
 9.00448600e+06 8.54580000e+06 7.87619900e+06 7.24693400e+06
 6.59937700e+06 6.30709200e+06 6.21193300e+06 6.44071100e+06
 6.63799900e+06 6.76228200e+06 6.79004100e+06 6.75320500e+06
 6.98247700e+06 7.34417600e+06 6.92595000e+06 6.35727200e+06
 5.78336900e+06 5.49027800e+06 4.71826800e+06 4.14363600e+06
 3.16390100e+06 2.70637900e+06 1.76331200e+06 9.44441000e+05
 7.74267000e+05 6.22643000e+05 4.95848000e+05 4.91909000e+05
 3.70984000e+05 4.78216000e+05 2.50937000e+05 1.64528000e+05
 1.93497000e+05 1.46976000e+05 4.68180000e+04 1.26970000e+04]
