Standard Deviation: 0.0019934417086052893
Skewness: 1.1356814201149712
Kurtosis: 0.3287349670658175
Median: 0.0012678875516840794
Mean: 0.002047531274726557
Deciles: [0.00047445 0.00314439]
Minimum: 1.0062426164106198e-12
Maximum: 0.014504998985901478
Bin Edges: [1.00624262e-12 1.45049991e-04 2.90099981e-04 4.35149971e-04
 5.80199960e-04 7.25249950e-04 8.70299940e-04 1.01534993e-03
 1.16039992e-03 1.30544991e-03 1.45049990e-03 1.59554989e-03
 1.74059988e-03 1.88564987e-03 2.03069986e-03 2.17574985e-03
 2.32079984e-03 2.46584983e-03 2.61089982e-03 2.75594981e-03
 2.90099980e-03 3.04604979e-03 3.19109978e-03 3.33614977e-03
 3.48119976e-03 3.62624975e-03 3.77129974e-03 3.91634973e-03
 4.06139972e-03 4.20644971e-03 4.35149970e-03 4.49654969e-03
 4.64159968e-03 4.78664967e-03 4.93169966e-03 5.07674965e-03
 5.22179964e-03 5.36684963e-03 5.51189962e-03 5.65694961e-03
 5.80199959e-03 5.94704958e-03 6.09209957e-03 6.23714956e-03
 6.38219955e-03 6.52724954e-03 6.67229953e-03 6.81734952e-03
 6.96239951e-03 7.10744950e-03 7.25249949e-03 7.39754948e-03
 7.54259947e-03 7.68764946e-03 7.83269945e-03 7.97774944e-03
 8.12279943e-03 8.26784942e-03 8.41289941e-03 8.55794940e-03
 8.70299939e-03 8.84804938e-03 8.99309937e-03 9.13814936e-03
 9.28319935e-03 9.42824934e-03 9.57329933e-03 9.71834932e-03
 9.86339931e-03 1.00084493e-02 1.01534993e-02 1.02985493e-02
 1.04435993e-02 1.05886493e-02 1.07336992e-02 1.08787492e-02
 1.10237992e-02 1.11688492e-02 1.13138992e-02 1.14589492e-02
 1.16039992e-02 1.17490492e-02 1.18940992e-02 1.20391492e-02
 1.21841991e-02 1.23292491e-02 1.24742991e-02 1.26193491e-02
 1.27643991e-02 1.29094491e-02 1.30544991e-02 1.31995491e-02
 1.33445991e-02 1.34896491e-02 1.36346990e-02 1.37797490e-02
 1.39247990e-02 1.40698490e-02 1.42148990e-02 1.43599490e-02
 1.45049990e-02]
Frequencies: [3.02719804e+08 3.96648621e+08 3.50521492e+08 2.96674562e+08
 2.51531897e+08 2.15232486e+08 1.86076109e+08 1.62803449e+08
 1.44186323e+08 1.29671679e+08 1.17852369e+08 1.08039614e+08
 9.97060250e+07 9.26312600e+07 8.64043600e+07 8.09919990e+07
 7.62981650e+07 7.21232050e+07 6.83941090e+07 6.50344490e+07
 6.19464200e+07 5.91554030e+07 5.66289210e+07 5.42569370e+07
 5.21173630e+07 5.01429000e+07 4.83226760e+07 4.66688730e+07
 4.51647920e+07 4.37905280e+07 4.25822540e+07 4.15268580e+07
 4.05294150e+07 3.96100610e+07 3.87468560e+07 3.79617910e+07
 3.71665520e+07 3.63840520e+07 3.55376730e+07 3.46283780e+07
 3.35738520e+07 3.23739010e+07 3.09993920e+07 2.94573140e+07
 2.78163430e+07 2.60558150e+07 2.41630260e+07 2.21720910e+07
 2.00436010e+07 1.77426580e+07 1.53367300e+07 1.29082610e+07
 1.04720410e+07 8.21248200e+06 6.21793100e+06 4.60212900e+06
 3.33294200e+06 2.39103500e+06 1.72146300e+06 1.25776500e+06
 9.33695000e+05 7.05191000e+05 5.38195000e+05 4.13288000e+05
 3.13727000e+05 2.38344000e+05 1.82647000e+05 1.39491000e+05
 1.06801000e+05 8.13410000e+04 6.20490000e+04 4.62990000e+04
 3.56340000e+04 2.73410000e+04 2.08880000e+04 1.60630000e+04
 1.29250000e+04 1.06080000e+04 8.57400000e+03 6.75200000e+03
 5.28400000e+03 4.42600000e+03 3.34900000e+03 2.58100000e+03
 1.92700000e+03 1.51500000e+03 1.04200000e+03 7.55000000e+02
 5.92000000e+02 4.04000000e+02 2.75000000e+02 1.94000000e+02
 1.06000000e+02 8.80000000e+01 6.80000000e+01 4.30000000e+01
 2.60000000e+01 8.00000000e+00 6.00000000e+00 6.00000000e+00]
