Standard Deviation: 0.000644645057806979
Skewness: 1.9144496716928097
Kurtosis: 3.5064411595955294
Median: 0.00025338308393455086
Mean: 0.0005259420422667504
Deciles: [9.76726022e-05 6.92344620e-04]
Minimum: 1.0002899331194544e-12
Maximum: 0.007913622723657398
Bin Edges: [1.00028993e-12 7.91362282e-05 1.58272455e-04 2.37408683e-04
 3.16544910e-04 3.95681137e-04 4.74817364e-04 5.53953592e-04
 6.33089819e-04 7.12226046e-04 7.91362273e-04 8.70498500e-04
 9.49634728e-04 1.02877095e-03 1.10790718e-03 1.18704341e-03
 1.26617964e-03 1.34531586e-03 1.42445209e-03 1.50358832e-03
 1.58272455e-03 1.66186077e-03 1.74099700e-03 1.82013323e-03
 1.89926945e-03 1.97840568e-03 2.05754191e-03 2.13667814e-03
 2.21581436e-03 2.29495059e-03 2.37408682e-03 2.45322305e-03
 2.53235927e-03 2.61149550e-03 2.69063173e-03 2.76976795e-03
 2.84890418e-03 2.92804041e-03 3.00717664e-03 3.08631286e-03
 3.16544909e-03 3.24458532e-03 3.32372154e-03 3.40285777e-03
 3.48199400e-03 3.56113023e-03 3.64026645e-03 3.71940268e-03
 3.79853891e-03 3.87767514e-03 3.95681136e-03 4.03594759e-03
 4.11508382e-03 4.19422004e-03 4.27335627e-03 4.35249250e-03
 4.43162873e-03 4.51076495e-03 4.58990118e-03 4.66903741e-03
 4.74817363e-03 4.82730986e-03 4.90644609e-03 4.98558232e-03
 5.06471854e-03 5.14385477e-03 5.22299100e-03 5.30212723e-03
 5.38126345e-03 5.46039968e-03 5.53953591e-03 5.61867213e-03
 5.69780836e-03 5.77694459e-03 5.85608082e-03 5.93521704e-03
 6.01435327e-03 6.09348950e-03 6.17262572e-03 6.25176195e-03
 6.33089818e-03 6.41003441e-03 6.48917063e-03 6.56830686e-03
 6.64744309e-03 6.72657932e-03 6.80571554e-03 6.88485177e-03
 6.96398800e-03 7.04312422e-03 7.12226045e-03 7.20139668e-03
 7.28053291e-03 7.35966913e-03 7.43880536e-03 7.51794159e-03
 7.59707781e-03 7.67621404e-03 7.75535027e-03 7.83448650e-03
 7.91362272e-03]
Frequencies: [9.21164478e+08 7.74598023e+08 4.95678501e+08 3.46101037e+08
 2.60321143e+08 2.05844216e+08 1.68549618e+08 1.41479269e+08
 1.20829941e+08 1.04622709e+08 9.18179530e+07 8.12540730e+07
 7.25059760e+07 6.51428010e+07 5.89529190e+07 5.37001690e+07
 4.92257600e+07 4.53822450e+07 4.20640430e+07 3.91087620e+07
 3.64779850e+07 3.40930270e+07 3.19968540e+07 3.01099510e+07
 2.83681830e+07 2.67443630e+07 2.51724620e+07 2.35947750e+07
 2.20196750e+07 2.03923590e+07 1.87179910e+07 1.70216190e+07
 1.52543990e+07 1.34891590e+07 1.17085730e+07 9.96297600e+06
 8.27872600e+06 6.71771300e+06 5.31612400e+06 4.10638900e+06
 3.12339800e+06 2.35494700e+06 1.77262700e+06 1.34430200e+06
 1.02728500e+06 7.91157000e+05 6.14007000e+05 4.76685000e+05
 3.74462000e+05 2.92491000e+05 2.29904000e+05 1.80424000e+05
 1.41983000e+05 1.11726000e+05 8.91360000e+04 7.00810000e+04
 5.63260000e+04 4.44480000e+04 3.50120000e+04 2.84300000e+04
 2.29520000e+04 1.90320000e+04 1.57530000e+04 1.28530000e+04
 1.06990000e+04 9.34100000e+03 7.85100000e+03 6.83400000e+03
 5.95400000e+03 4.70600000e+03 4.00300000e+03 3.33500000e+03
 2.77000000e+03 2.25100000e+03 1.78600000e+03 1.53100000e+03
 1.24800000e+03 1.07800000e+03 8.99000000e+02 7.90000000e+02
 6.29000000e+02 5.19000000e+02 3.55000000e+02 2.66000000e+02
 1.90000000e+02 1.77000000e+02 1.14000000e+02 8.90000000e+01
 5.20000000e+01 5.90000000e+01 2.90000000e+01 2.20000000e+01
 1.20000000e+01 7.00000000e+00 7.00000000e+00 8.00000000e+00
 1.20000000e+01 8.00000000e+00 4.00000000e+00 5.00000000e+00]
