Standard Deviation: 3.461649362031554e-05
Skewness: 6.989331865466193
Kurtosis: 66.88609867187691
Median: 2.3275304691471515e-09
Mean: 9.100317671769685e-06
Deciles: [3.45510929e-28 1.01364590e-06]
Minimum: 0.0
Maximum: 0.001484174969663485
Bin Edges: [0.00000000e+00 1.48417497e-05 2.96834994e-05 4.45252491e-05
 5.93669988e-05 7.42087485e-05 8.90504982e-05 1.03892248e-04
 1.18733998e-04 1.33575747e-04 1.48417497e-04 1.63259247e-04
 1.78100996e-04 1.92942746e-04 2.07784496e-04 2.22626245e-04
 2.37467995e-04 2.52309745e-04 2.67151495e-04 2.81993244e-04
 2.96834994e-04 3.11676744e-04 3.26518493e-04 3.41360243e-04
 3.56201993e-04 3.71043742e-04 3.85885492e-04 4.00727242e-04
 4.15568992e-04 4.30410741e-04 4.45252491e-04 4.60094241e-04
 4.74935990e-04 4.89777740e-04 5.04619490e-04 5.19461239e-04
 5.34302989e-04 5.49144739e-04 5.63986488e-04 5.78828238e-04
 5.93669988e-04 6.08511738e-04 6.23353487e-04 6.38195237e-04
 6.53036987e-04 6.67878736e-04 6.82720486e-04 6.97562236e-04
 7.12403985e-04 7.27245735e-04 7.42087485e-04 7.56929235e-04
 7.71770984e-04 7.86612734e-04 8.01454484e-04 8.16296233e-04
 8.31137983e-04 8.45979733e-04 8.60821482e-04 8.75663232e-04
 8.90504982e-04 9.05346731e-04 9.20188481e-04 9.35030231e-04
 9.49871981e-04 9.64713730e-04 9.79555480e-04 9.94397230e-04
 1.00923898e-03 1.02408073e-03 1.03892248e-03 1.05376423e-03
 1.06860598e-03 1.08344773e-03 1.09828948e-03 1.11313123e-03
 1.12797298e-03 1.14281473e-03 1.15765648e-03 1.17249823e-03
 1.18733998e-03 1.20218173e-03 1.21702348e-03 1.23186522e-03
 1.24670697e-03 1.26154872e-03 1.27639047e-03 1.29123222e-03
 1.30607397e-03 1.32091572e-03 1.33575747e-03 1.35059922e-03
 1.36544097e-03 1.38028272e-03 1.39512447e-03 1.40996622e-03
 1.42480797e-03 1.43964972e-03 1.45449147e-03 1.46933322e-03
 1.48417497e-03]
Frequencies: [4.02930721e+09 1.56427417e+08 9.05172960e+07 6.05180650e+07
 4.29624550e+07 3.15682870e+07 2.37251830e+07 1.81534330e+07
 1.41834970e+07 1.13336130e+07 9.23942500e+06 7.67375900e+06
 6.46788400e+06 5.52102800e+06 4.73811700e+06 4.09325300e+06
 3.54743300e+06 3.07538600e+06 2.67261700e+06 2.31288200e+06
 2.00428500e+06 1.72487400e+06 1.48283500e+06 1.26717600e+06
 1.08140200e+06 9.17014000e+05 7.76218000e+05 6.53719000e+05
 5.48149000e+05 4.55559000e+05 3.80396000e+05 3.15635000e+05
 2.62814000e+05 2.16568000e+05 1.79497000e+05 1.47676000e+05
 1.21812000e+05 1.01070000e+05 8.37500000e+04 6.95720000e+04
 5.77740000e+04 4.82710000e+04 4.01090000e+04 3.31180000e+04
 2.78110000e+04 2.37370000e+04 2.00230000e+04 1.72350000e+04
 1.43020000e+04 1.22480000e+04 1.00190000e+04 8.58500000e+03
 7.21600000e+03 6.00200000e+03 5.01900000e+03 4.17000000e+03
 3.53600000e+03 2.95200000e+03 2.47300000e+03 2.08800000e+03
 1.76700000e+03 1.35800000e+03 1.10400000e+03 9.10000000e+02
 7.49000000e+02 5.60000000e+02 4.89000000e+02 3.94000000e+02
 3.21000000e+02 2.43000000e+02 1.92000000e+02 1.65000000e+02
 1.40000000e+02 1.19000000e+02 9.30000000e+01 6.30000000e+01
 4.10000000e+01 6.50000000e+01 4.70000000e+01 3.20000000e+01
 3.70000000e+01 3.20000000e+01 2.70000000e+01 1.20000000e+01
 1.90000000e+01 8.00000000e+00 1.10000000e+01 1.20000000e+01
 1.40000000e+01 3.00000000e+00 3.00000000e+00 1.00000000e+00
 6.00000000e+00 3.00000000e+00 3.00000000e+00 4.00000000e+00
 0.00000000e+00 2.00000000e+00 2.00000000e+00 1.00000000e+00]
