Standard Deviation: 7.849056419708132
Skewness: -1.5127370399746318
Kurtosis: 3.3579750644887625
Median: 232.73884591342056
Mean: 231.10007767170313
Deciles: [229.19875149 235.5542239 ]
Minimum: 185.75859954317758
Maximum: 298.2645083887277
Bin Edges: [185.75859954 186.88365863 188.00871772 189.13377681 190.2588359
 191.38389499 192.50895407 193.63401316 194.75907225 195.88413134
 197.00919043 198.13424952 199.2593086  200.38436769 201.50942678
 202.63448587 203.75954496 204.88460405 206.00966314 207.13472222
 208.25978131 209.3848404  210.50989949 211.63495858 212.76001767
 213.88507675 215.01013584 216.13519493 217.26025402 218.38531311
 219.5103722  220.63543129 221.76049037 222.88554946 224.01060855
 225.13566764 226.26072673 227.38578582 228.5108449  229.63590399
 230.76096308 231.88602217 233.01108126 234.13614035 235.26119944
 236.38625852 237.51131761 238.6363767  239.76143579 240.88649488
 242.01155397 243.13661305 244.26167214 245.38673123 246.51179032
 247.63684941 248.7619085  249.88696759 251.01202667 252.13708576
 253.26214485 254.38720394 255.51226303 256.63732212 257.7623812
 258.88744029 260.01249938 261.13755847 262.26261756 263.38767665
 264.51273574 265.63779482 266.76285391 267.887913   269.01297209
 270.13803118 271.26309027 272.38814935 273.51320844 274.63826753
 275.76332662 276.88838571 278.0134448  279.13850388 280.26356297
 281.38862206 282.51368115 283.63874024 284.76379933 285.88885842
 287.0139175  288.13897659 289.26403568 290.38909477 291.51415386
 292.63921295 293.76427203 294.88933112 296.01439021 297.1394493
 298.26450839]
Frequencies: [1.92600000e+03 7.10300000e+03 1.54960000e+04 3.01400000e+04
 5.57120000e+04 1.22324000e+05 2.47981000e+05 4.79270000e+05
 9.18938000e+05 1.60705000e+06 2.58350300e+06 3.88930300e+06
 5.51951600e+06 7.43882200e+06 9.69683000e+06 1.22363620e+07
 1.49120930e+07 1.75089760e+07 1.99990480e+07 2.23285080e+07
 2.41497310e+07 2.50774590e+07 2.56167560e+07 2.62712950e+07
 2.70528990e+07 2.79890170e+07 2.91294770e+07 3.07139250e+07
 3.26675570e+07 3.51806760e+07 3.85374160e+07 4.25375520e+07
 4.74358170e+07 5.41063100e+07 6.46481430e+07 8.19024750e+07
 1.11422766e+08 1.60025977e+08 2.30301884e+08 3.14420814e+08
 3.89955054e+08 4.42295311e+08 4.66335281e+08 4.50316603e+08
 3.83528832e+08 2.85461583e+08 1.93978638e+08 1.29458773e+08
 8.70843470e+07 5.61415890e+07 3.45705440e+07 2.21930240e+07
 1.55864230e+07 1.04485100e+07 6.55299600e+06 4.02805300e+06
 2.99072900e+06 2.35811600e+06 1.88357600e+06 1.50561700e+06
 1.19427700e+06 9.22383000e+05 7.08742000e+05 5.55146000e+05
 4.29812000e+05 3.29306000e+05 2.62048000e+05 2.15898000e+05
 1.80413000e+05 1.49502000e+05 1.27236000e+05 1.06569000e+05
 8.91860000e+04 7.61160000e+04 6.28420000e+04 5.33390000e+04
 4.44980000e+04 3.88110000e+04 3.16690000e+04 2.61360000e+04
 2.26060000e+04 2.06040000e+04 1.71760000e+04 1.23140000e+04
 8.82500000e+03 7.12200000e+03 6.08600000e+03 4.67100000e+03
 4.19700000e+03 3.41200000e+03 2.99900000e+03 2.47300000e+03
 2.15100000e+03 1.56800000e+03 1.20800000e+03 1.00900000e+03
 6.54000000e+02 3.49000000e+02 1.68000000e+02 3.30000000e+01]
