Standard Deviation: 1.2553779235335669e-05
Skewness: 5.6643397231037635
Kurtosis: 40.521485472121114
Median: 0.0
Mean: 3.3335991246259713e-06
Deciles: [0.00000000e+00 1.55370595e-09]
Minimum: 0.0
Maximum: 0.00044951449628617484
Bin Edges: [0.00000000e+00 4.49514496e-06 8.99028993e-06 1.34854349e-05
 1.79805799e-05 2.24757248e-05 2.69708698e-05 3.14660147e-05
 3.59611597e-05 4.04563047e-05 4.49514496e-05 4.94465946e-05
 5.39417396e-05 5.84368845e-05 6.29320295e-05 6.74271744e-05
 7.19223194e-05 7.64174644e-05 8.09126093e-05 8.54077543e-05
 8.99028993e-05 9.43980442e-05 9.88931892e-05 1.03388334e-04
 1.07883479e-04 1.12378624e-04 1.16873769e-04 1.21368914e-04
 1.25864059e-04 1.30359204e-04 1.34854349e-04 1.39349494e-04
 1.43844639e-04 1.48339784e-04 1.52834929e-04 1.57330074e-04
 1.61825219e-04 1.66320364e-04 1.70815509e-04 1.75310654e-04
 1.79805799e-04 1.84300943e-04 1.88796088e-04 1.93291233e-04
 1.97786378e-04 2.02281523e-04 2.06776668e-04 2.11271813e-04
 2.15766958e-04 2.20262103e-04 2.24757248e-04 2.29252393e-04
 2.33747538e-04 2.38242683e-04 2.42737828e-04 2.47232973e-04
 2.51728118e-04 2.56223263e-04 2.60718408e-04 2.65213553e-04
 2.69708698e-04 2.74203843e-04 2.78698988e-04 2.83194133e-04
 2.87689278e-04 2.92184423e-04 2.96679568e-04 3.01174713e-04
 3.05669857e-04 3.10165002e-04 3.14660147e-04 3.19155292e-04
 3.23650437e-04 3.28145582e-04 3.32640727e-04 3.37135872e-04
 3.41631017e-04 3.46126162e-04 3.50621307e-04 3.55116452e-04
 3.59611597e-04 3.64106742e-04 3.68601887e-04 3.73097032e-04
 3.77592177e-04 3.82087322e-04 3.86582467e-04 3.91077612e-04
 3.95572757e-04 4.00067902e-04 4.04563047e-04 4.09058192e-04
 4.13553337e-04 4.18048482e-04 4.22543627e-04 4.27038771e-04
 4.31533916e-04 4.36029061e-04 4.40524206e-04 4.45019351e-04
 4.49514496e-04]
Frequencies: [4.03662792e+09 1.00967444e+08 7.05952270e+07 5.57398620e+07
 4.54647400e+07 3.74363830e+07 3.08626990e+07 2.54452720e+07
 2.10265120e+07 1.74310860e+07 1.45232310e+07 1.21886380e+07
 1.03005100e+07 8.77455700e+06 7.53171700e+06 6.50787500e+06
 5.67400600e+06 4.98557100e+06 4.41698000e+06 3.93068500e+06
 3.50593600e+06 3.11347000e+06 2.74411200e+06 2.34734100e+06
 1.94347800e+06 1.54335500e+06 1.20774900e+06 9.36408000e+05
 7.23099000e+05 5.59014000e+05 4.31743000e+05 3.36052000e+05
 2.62799000e+05 2.07494000e+05 1.64201000e+05 1.30694000e+05
 1.05346000e+05 8.61930000e+04 7.03120000e+04 5.75570000e+04
 4.69130000e+04 3.80710000e+04 3.12120000e+04 2.61140000e+04
 2.21380000e+04 1.80420000e+04 1.48270000e+04 1.25670000e+04
 1.06150000e+04 8.99900000e+03 7.61100000e+03 6.48100000e+03
 5.70300000e+03 4.56900000e+03 3.86400000e+03 3.16600000e+03
 2.55700000e+03 2.21100000e+03 1.88100000e+03 1.61200000e+03
 1.35600000e+03 1.12500000e+03 9.38000000e+02 7.60000000e+02
 5.77000000e+02 5.50000000e+02 4.22000000e+02 3.43000000e+02
 2.70000000e+02 2.72000000e+02 2.12000000e+02 1.67000000e+02
 1.30000000e+02 1.06000000e+02 8.90000000e+01 5.30000000e+01
 3.30000000e+01 3.20000000e+01 2.80000000e+01 1.80000000e+01
 3.10000000e+01 1.10000000e+01 1.30000000e+01 8.00000000e+00
 1.40000000e+01 1.00000000e+00 4.00000000e+00 2.00000000e+00
 1.00000000e+00 4.00000000e+00 0.00000000e+00 0.00000000e+00
 1.00000000e+00 1.00000000e+00 3.00000000e+00 0.00000000e+00
 1.00000000e+00 2.00000000e+00 0.00000000e+00 2.00000000e+00]
