Standard Deviation: 6.644380213572401e-05
Skewness: 4.131130077819023
Kurtosis: 24.284385238759
Median: 3.5000786832058303e-06
Mean: 3.235717425601732e-05
Deciles: [3.00574678e-10 3.69269053e-05]
Minimum: 0.0
Maximum: 0.0010474563189497325
Bin Edges: [0.00000000e+00 1.04745632e-05 2.09491264e-05 3.14236896e-05
 4.18982528e-05 5.23728159e-05 6.28473791e-05 7.33219423e-05
 8.37965055e-05 9.42710687e-05 1.04745632e-04 1.15220195e-04
 1.25694758e-04 1.36169321e-04 1.46643885e-04 1.57118448e-04
 1.67593011e-04 1.78067574e-04 1.88542137e-04 1.99016701e-04
 2.09491264e-04 2.19965827e-04 2.30440390e-04 2.40914953e-04
 2.51389517e-04 2.61864080e-04 2.72338643e-04 2.82813206e-04
 2.93287769e-04 3.03762332e-04 3.14236896e-04 3.24711459e-04
 3.35186022e-04 3.45660585e-04 3.56135148e-04 3.66609712e-04
 3.77084275e-04 3.87558838e-04 3.98033401e-04 4.08507964e-04
 4.18982528e-04 4.29457091e-04 4.39931654e-04 4.50406217e-04
 4.60880780e-04 4.71355344e-04 4.81829907e-04 4.92304470e-04
 5.02779033e-04 5.13253596e-04 5.23728159e-04 5.34202723e-04
 5.44677286e-04 5.55151849e-04 5.65626412e-04 5.76100975e-04
 5.86575539e-04 5.97050102e-04 6.07524665e-04 6.17999228e-04
 6.28473791e-04 6.38948355e-04 6.49422918e-04 6.59897481e-04
 6.70372044e-04 6.80846607e-04 6.91321171e-04 7.01795734e-04
 7.12270297e-04 7.22744860e-04 7.33219423e-04 7.43693986e-04
 7.54168550e-04 7.64643113e-04 7.75117676e-04 7.85592239e-04
 7.96066802e-04 8.06541366e-04 8.17015929e-04 8.27490492e-04
 8.37965055e-04 8.48439618e-04 8.58914182e-04 8.69388745e-04
 8.79863308e-04 8.90337871e-04 9.00812434e-04 9.11286997e-04
 9.21761561e-04 9.32236124e-04 9.42710687e-04 9.53185250e-04
 9.63659813e-04 9.74134377e-04 9.84608940e-04 9.95083503e-04
 1.00555807e-03 1.01603263e-03 1.02650719e-03 1.03698176e-03
 1.04745632e-03]
Frequencies: [2.68534207e+09 3.60570003e+08 2.50221968e+08 1.99508032e+08
 1.64339993e+08 1.35858752e+08 1.12416659e+08 9.29764520e+07
 7.68972740e+07 6.36410830e+07 5.27286040e+07 4.37963960e+07
 3.65594200e+07 3.07235060e+07 2.60032190e+07 2.22007440e+07
 1.90819700e+07 1.65344590e+07 1.44357240e+07 1.26889260e+07
 1.12106440e+07 9.96837400e+06 8.90678600e+06 7.98706200e+06
 7.20325700e+06 6.51057500e+06 5.90584100e+06 5.38335400e+06
 4.90690500e+06 4.48227700e+06 4.10305100e+06 3.76422700e+06
 3.45820400e+06 3.18073000e+06 2.93048800e+06 2.70346400e+06
 2.49582200e+06 2.30531300e+06 2.13154900e+06 1.97422000e+06
 1.82767900e+06 1.69568500e+06 1.56971600e+06 1.45582200e+06
 1.35026100e+06 1.25390200e+06 1.16270900e+06 1.07681600e+06
 1.00059600e+06 9.26850000e+05 8.59558000e+05 7.96349000e+05
 7.35432000e+05 6.79962000e+05 6.27754000e+05 5.78474000e+05
 5.34838000e+05 4.92725000e+05 4.52209000e+05 4.15195000e+05
 3.80228000e+05 3.48827000e+05 3.18278000e+05 2.90978000e+05
 2.64998000e+05 2.40399000e+05 2.17866000e+05 1.96613000e+05
 1.76517000e+05 1.59389000e+05 1.42454000e+05 1.27875000e+05
 1.13444000e+05 1.00229000e+05 8.83110000e+04 7.74150000e+04
 6.74500000e+04 5.83940000e+04 5.07200000e+04 4.34330000e+04
 3.71400000e+04 3.07770000e+04 2.65370000e+04 2.14200000e+04
 1.75640000e+04 1.42640000e+04 1.13840000e+04 8.77000000e+03
 6.84900000e+03 5.22900000e+03 3.75200000e+03 2.66600000e+03
 1.80800000e+03 1.09700000e+03 5.99000000e+02 2.30000000e+02
 9.80000000e+01 4.60000000e+01 1.30000000e+01 6.00000000e+00]
