Standard Deviation: 1.8049321253920522e-05
Skewness: 20.20699089322301
Kurtosis: 615.1729215807815
Median: 1.4030409327745214e-18
Mean: 2.1667941520965936e-06
Deciles: [0.00000000e+00 2.26367519e-09]
Minimum: 0.0
Maximum: 0.0019391171654539016
Bin Edges: [0.00000000e+00 1.93911717e-05 3.87823433e-05 5.81735150e-05
 7.75646866e-05 9.69558583e-05 1.16347030e-04 1.35738202e-04
 1.55129373e-04 1.74520545e-04 1.93911717e-04 2.13302888e-04
 2.32694060e-04 2.52085232e-04 2.71476403e-04 2.90867575e-04
 3.10258746e-04 3.29649918e-04 3.49041090e-04 3.68432261e-04
 3.87823433e-04 4.07214605e-04 4.26605776e-04 4.45996948e-04
 4.65388120e-04 4.84779291e-04 5.04170463e-04 5.23561635e-04
 5.42952806e-04 5.62343978e-04 5.81735150e-04 6.01126321e-04
 6.20517493e-04 6.39908665e-04 6.59299836e-04 6.78691008e-04
 6.98082180e-04 7.17473351e-04 7.36864523e-04 7.56255695e-04
 7.75646866e-04 7.95038038e-04 8.14429209e-04 8.33820381e-04
 8.53211553e-04 8.72602724e-04 8.91993896e-04 9.11385068e-04
 9.30776239e-04 9.50167411e-04 9.69558583e-04 9.88949754e-04
 1.00834093e-03 1.02773210e-03 1.04712327e-03 1.06651444e-03
 1.08590561e-03 1.10529678e-03 1.12468796e-03 1.14407913e-03
 1.16347030e-03 1.18286147e-03 1.20225264e-03 1.22164381e-03
 1.24103499e-03 1.26042616e-03 1.27981733e-03 1.29920850e-03
 1.31859967e-03 1.33799084e-03 1.35738202e-03 1.37677319e-03
 1.39616436e-03 1.41555553e-03 1.43494670e-03 1.45433787e-03
 1.47372905e-03 1.49312022e-03 1.51251139e-03 1.53190256e-03
 1.55129373e-03 1.57068490e-03 1.59007608e-03 1.60946725e-03
 1.62885842e-03 1.64824959e-03 1.66764076e-03 1.68703193e-03
 1.70642311e-03 1.72581428e-03 1.74520545e-03 1.76459662e-03
 1.78398779e-03 1.80337896e-03 1.82277014e-03 1.84216131e-03
 1.86155248e-03 1.88094365e-03 1.90033482e-03 1.91972599e-03
 1.93911717e-03]
Frequencies: [4.43509402e+09 4.14853390e+07 2.05637470e+07 1.29427270e+07
 8.73902300e+06 5.69461600e+06 3.62031100e+06 2.43349400e+06
 1.76736200e+06 1.35562900e+06 1.07357300e+06 8.73436000e+05
 7.24329000e+05 6.10500000e+05 5.18563000e+05 4.47049000e+05
 3.86642000e+05 3.37311000e+05 2.95655000e+05 2.58738000e+05
 2.29283000e+05 2.01623000e+05 1.78256000e+05 1.58538000e+05
 1.40152000e+05 1.24821000e+05 1.09732000e+05 9.75920000e+04
 8.64100000e+04 7.66400000e+04 6.78940000e+04 6.00780000e+04
 5.33140000e+04 4.68380000e+04 4.12770000e+04 3.68430000e+04
 3.22020000e+04 2.80850000e+04 2.48450000e+04 2.20370000e+04
 1.94790000e+04 1.70130000e+04 1.46870000e+04 1.28700000e+04
 1.11790000e+04 9.84400000e+03 8.42800000e+03 7.47600000e+03
 6.37000000e+03 5.47800000e+03 4.94200000e+03 4.12600000e+03
 3.66800000e+03 3.03400000e+03 2.53200000e+03 2.28900000e+03
 1.94500000e+03 1.66100000e+03 1.36800000e+03 1.10700000e+03
 9.98000000e+02 8.10000000e+02 6.98000000e+02 5.69000000e+02
 4.91000000e+02 4.38000000e+02 3.19000000e+02 2.79000000e+02
 2.21000000e+02 1.94000000e+02 1.55000000e+02 1.50000000e+02
 1.17000000e+02 9.00000000e+01 7.60000000e+01 6.30000000e+01
 4.60000000e+01 6.30000000e+01 2.60000000e+01 3.60000000e+01
 2.00000000e+01 2.80000000e+01 2.20000000e+01 9.00000000e+00
 1.80000000e+01 1.30000000e+01 6.00000000e+00 5.00000000e+00
 6.00000000e+00 2.00000000e+00 1.00000000e+00 2.00000000e+00
 1.00000000e+00 3.00000000e+00 2.00000000e+00 0.00000000e+00
 1.00000000e+00 2.00000000e+00 2.00000000e+00 1.00000000e+00]
