Standard Deviation: 6.7109134298063635
Skewness: -0.9171318039866126
Kurtosis: 0.39496240681957895
Median: 221.9895548931938
Mean: 220.02984860439116
Deciles: [215.69311524 225.24458111]
Minimum: 187.32763269425067
Maximum: 245.85621624687124
Bin Edges: [187.32763269 187.91291853 188.49820437 189.0834902  189.66877604
 190.25406187 190.83934771 191.42463354 192.00991938 192.59520521
 193.18049105 193.76577689 194.35106272 194.93634856 195.52163439
 196.10692023 196.69220606 197.2774919  197.86277773 198.44806357
 199.0333494  199.61863524 200.20392108 200.78920691 201.37449275
 201.95977858 202.54506442 203.13035025 203.71563609 204.30092192
 204.88620776 205.4714936  206.05677943 206.64206527 207.2273511
 207.81263694 208.39792277 208.98320861 209.56849444 210.15378028
 210.73906612 211.32435195 211.90963779 212.49492362 213.08020946
 213.66549529 214.25078113 214.83606696 215.4213528  216.00663864
 216.59192447 217.17721031 217.76249614 218.34778198 218.93306781
 219.51835365 220.10363948 220.68892532 221.27421115 221.85949699
 222.44478283 223.03006866 223.6153545  224.20064033 224.78592617
 225.371212   225.95649784 226.54178367 227.12706951 227.71235535
 228.29764118 228.88292702 229.46821285 230.05349869 230.63878452
 231.22407036 231.80935619 232.39464203 232.97992787 233.5652137
 234.15049954 234.73578537 235.32107121 235.90635704 236.49164288
 237.07692871 237.66221455 238.24750039 238.83278622 239.41807206
 240.00335789 240.58864373 241.17392956 241.7592154  242.34450123
 242.92978707 243.5150729  244.10035874 244.68564458 245.27093041
 245.85621625]
Frequencies: [2.03000000e+02 3.64000000e+02 1.14900000e+03 4.00900000e+03
 1.18250000e+04 2.34700000e+04 4.34500000e+04 7.90890000e+04
 1.46437000e+05 2.63797000e+05 4.42737000e+05 6.88378000e+05
 1.01990500e+06 1.46952600e+06 1.99503100e+06 2.60292100e+06
 3.28176300e+06 4.02284300e+06 4.80879600e+06 5.61636600e+06
 6.44532000e+06 7.29216600e+06 8.15207300e+06 9.10258200e+06
 1.01570640e+07 1.13682590e+07 1.26885830e+07 1.41854070e+07
 1.58274310e+07 1.75916950e+07 1.95326150e+07 2.17830380e+07
 2.42628710e+07 2.71170390e+07 3.04896580e+07 3.43678380e+07
 3.86852840e+07 4.32416050e+07 4.81450080e+07 5.32163050e+07
 5.84871370e+07 6.38955100e+07 6.92905270e+07 7.46022290e+07
 7.96398770e+07 8.43289540e+07 8.86139260e+07 9.22741310e+07
 9.55267280e+07 9.81814400e+07 1.00273080e+08 1.01660240e+08
 1.02843083e+08 1.04006059e+08 1.04880963e+08 1.06203084e+08
 1.08455286e+08 1.11932474e+08 1.17902586e+08 1.28580090e+08
 1.47305087e+08 1.77894808e+08 2.20219076e+08 2.62819665e+08
 2.89465481e+08 2.86057663e+08 2.47334574e+08 1.86421941e+08
 1.24434198e+08 7.62029620e+07 4.66812040e+07 3.07315170e+07
 2.18304340e+07 1.60941360e+07 1.18470610e+07 8.56638600e+06
 5.95569500e+06 3.94218100e+06 2.44131000e+06 1.41697300e+06
 7.90677000e+05 4.17835000e+05 2.26955000e+05 1.29705000e+05
 7.85050000e+04 5.05610000e+04 3.11850000e+04 1.84680000e+04
 1.05840000e+04 6.41800000e+03 3.88700000e+03 2.60900000e+03
 1.40800000e+03 6.31000000e+02 3.45000000e+02 1.92000000e+02
 1.44000000e+02 1.35000000e+02 6.20000000e+01 3.80000000e+01]
