Standard Deviation: 2.8515792444019512e-12
Skewness: 11680.611660442071
Kurtosis: 168034574.62359414
Median: 3.3414933172569495e-25
Mean: 1.2332823583237346e-15
Deciles: [2.24356522e-26 4.65532243e-24]
Minimum: 0.0
Maximum: 6.188958454783552e-08
Bin Edges: [0.00000000e+00 6.18895845e-10 1.23779169e-09 1.85668754e-09
 2.47558338e-09 3.09447923e-09 3.71337507e-09 4.33227092e-09
 4.95116676e-09 5.57006261e-09 6.18895845e-09 6.80785430e-09
 7.42675015e-09 8.04564599e-09 8.66454184e-09 9.28343768e-09
 9.90233353e-09 1.05212294e-08 1.11401252e-08 1.17590211e-08
 1.23779169e-08 1.29968128e-08 1.36157086e-08 1.42346044e-08
 1.48535003e-08 1.54723961e-08 1.60912920e-08 1.67101878e-08
 1.73290837e-08 1.79479795e-08 1.85668754e-08 1.91857712e-08
 1.98046671e-08 2.04235629e-08 2.10424587e-08 2.16613546e-08
 2.22802504e-08 2.28991463e-08 2.35180421e-08 2.41369380e-08
 2.47558338e-08 2.53747297e-08 2.59936255e-08 2.66125214e-08
 2.72314172e-08 2.78503130e-08 2.84692089e-08 2.90881047e-08
 2.97070006e-08 3.03258964e-08 3.09447923e-08 3.15636881e-08
 3.21825840e-08 3.28014798e-08 3.34203757e-08 3.40392715e-08
 3.46581673e-08 3.52770632e-08 3.58959590e-08 3.65148549e-08
 3.71337507e-08 3.77526466e-08 3.83715424e-08 3.89904383e-08
 3.96093341e-08 4.02282300e-08 4.08471258e-08 4.14660216e-08
 4.20849175e-08 4.27038133e-08 4.33227092e-08 4.39416050e-08
 4.45605009e-08 4.51793967e-08 4.57982926e-08 4.64171884e-08
 4.70360843e-08 4.76549801e-08 4.82738759e-08 4.88927718e-08
 4.95116676e-08 5.01305635e-08 5.07494593e-08 5.13683552e-08
 5.19872510e-08 5.26061469e-08 5.32250427e-08 5.38439386e-08
 5.44628344e-08 5.50817302e-08 5.57006261e-08 5.63195219e-08
 5.69384178e-08 5.75573136e-08 5.81762095e-08 5.87951053e-08
 5.94140012e-08 6.00328970e-08 6.06517929e-08 6.12706887e-08
 6.18895845e-08]
Frequencies: [4.54118289e+09 8.51000000e+02 1.28000000e+02 2.50000000e+01
 1.00000000e+01 1.00000000e+01 3.00000000e+00 8.00000000e+00
 8.00000000e+00 3.00000000e+00 5.00000000e+00 3.00000000e+00
 3.00000000e+00 4.00000000e+00 3.00000000e+00 3.00000000e+00
 2.00000000e+00 1.00000000e+00 1.00000000e+00 0.00000000e+00
 4.00000000e+00 1.00000000e+00 3.00000000e+00 1.00000000e+00
 0.00000000e+00 0.00000000e+00 1.00000000e+00 0.00000000e+00
 0.00000000e+00 0.00000000e+00 0.00000000e+00 0.00000000e+00
 1.00000000e+00 2.00000000e+00 0.00000000e+00 0.00000000e+00
 0.00000000e+00 1.00000000e+00 1.00000000e+00 2.00000000e+00
 1.00000000e+00 1.00000000e+00 2.00000000e+00 2.00000000e+00
 1.00000000e+00 0.00000000e+00 2.00000000e+00 0.00000000e+00
 0.00000000e+00 0.00000000e+00 1.00000000e+00 2.00000000e+00
 0.00000000e+00 1.00000000e+00 0.00000000e+00 0.00000000e+00
 0.00000000e+00 0.00000000e+00 0.00000000e+00 0.00000000e+00
 0.00000000e+00 0.00000000e+00 2.00000000e+00 0.00000000e+00
 1.00000000e+00 0.00000000e+00 0.00000000e+00 1.00000000e+00
 0.00000000e+00 0.00000000e+00 1.00000000e+00 0.00000000e+00
 0.00000000e+00 0.00000000e+00 1.00000000e+00 0.00000000e+00
 0.00000000e+00 0.00000000e+00 0.00000000e+00 0.00000000e+00
 1.00000000e+00 0.00000000e+00 0.00000000e+00 0.00000000e+00
 0.00000000e+00 0.00000000e+00 0.00000000e+00 0.00000000e+00
 0.00000000e+00 0.00000000e+00 0.00000000e+00 0.00000000e+00
 0.00000000e+00 0.00000000e+00 0.00000000e+00 0.00000000e+00
 0.00000000e+00 0.00000000e+00 0.00000000e+00 1.00000000e+00]
