Standard Deviation: 1.684362510121504e-05
Skewness: 6.639949260382416
Kurtosis: 55.15551595309026
Median: 1.093459659803076e-25
Mean: 3.8143246435436996e-06
Deciles: [0.00000000e+00 8.37297171e-09]
Minimum: 0.0
Maximum: 0.0006337637508826929
Bin Edges: [0.00000000e+00 6.33763751e-06 1.26752750e-05 1.90129125e-05
 2.53505500e-05 3.16881875e-05 3.80258251e-05 4.43634626e-05
 5.07011001e-05 5.70387376e-05 6.33763751e-05 6.97140126e-05
 7.60516501e-05 8.23892876e-05 8.87269251e-05 9.50645626e-05
 1.01402200e-04 1.07739838e-04 1.14077475e-04 1.20415113e-04
 1.26752750e-04 1.33090388e-04 1.39428025e-04 1.45765663e-04
 1.52103300e-04 1.58440938e-04 1.64778575e-04 1.71116213e-04
 1.77453850e-04 1.83791488e-04 1.90129125e-04 1.96466763e-04
 2.02804400e-04 2.09142038e-04 2.15479675e-04 2.21817313e-04
 2.28154950e-04 2.34492588e-04 2.40830225e-04 2.47167863e-04
 2.53505500e-04 2.59843138e-04 2.66180775e-04 2.72518413e-04
 2.78856050e-04 2.85193688e-04 2.91531325e-04 2.97868963e-04
 3.04206600e-04 3.10544238e-04 3.16881875e-04 3.23219513e-04
 3.29557150e-04 3.35894788e-04 3.42232425e-04 3.48570063e-04
 3.54907700e-04 3.61245338e-04 3.67582976e-04 3.73920613e-04
 3.80258251e-04 3.86595888e-04 3.92933526e-04 3.99271163e-04
 4.05608801e-04 4.11946438e-04 4.18284076e-04 4.24621713e-04
 4.30959351e-04 4.37296988e-04 4.43634626e-04 4.49972263e-04
 4.56309901e-04 4.62647538e-04 4.68985176e-04 4.75322813e-04
 4.81660451e-04 4.87998088e-04 4.94335726e-04 5.00673363e-04
 5.07011001e-04 5.13348638e-04 5.19686276e-04 5.26023913e-04
 5.32361551e-04 5.38699188e-04 5.45036826e-04 5.51374463e-04
 5.57712101e-04 5.64049738e-04 5.70387376e-04 5.76725013e-04
 5.83062651e-04 5.89400288e-04 5.95737926e-04 6.02075563e-04
 6.08413201e-04 6.14750838e-04 6.21088476e-04 6.27426113e-04
 6.33763751e-04]
Frequencies: [4.16712165e+09 8.37493860e+07 4.74981050e+07 3.52056940e+07
 2.85787040e+07 2.39481320e+07 2.03795060e+07 1.74983990e+07
 1.51308700e+07 1.31588320e+07 1.14875790e+07 1.00880850e+07
 8.87836300e+06 7.82544400e+06 6.91550500e+06 6.09961000e+06
 5.37063200e+06 4.71467300e+06 4.13117200e+06 3.60120800e+06
 3.11969500e+06 2.68473300e+06 2.30515600e+06 1.96149700e+06
 1.65906300e+06 1.39869900e+06 1.17198800e+06 9.74995000e+05
 8.06983000e+05 6.65933000e+05 5.50044000e+05 4.50639000e+05
 3.69752000e+05 3.02438000e+05 2.47479000e+05 2.02087000e+05
 1.66494000e+05 1.35788000e+05 1.11710000e+05 9.22650000e+04
 7.58540000e+04 6.20700000e+04 5.10760000e+04 4.19410000e+04
 3.43530000e+04 2.81580000e+04 2.30570000e+04 1.94060000e+04
 1.57200000e+04 1.28160000e+04 1.07810000e+04 8.83200000e+03
 7.35900000e+03 6.06900000e+03 5.02400000e+03 4.09300000e+03
 3.25900000e+03 2.72300000e+03 2.24400000e+03 1.78700000e+03
 1.49700000e+03 1.26200000e+03 1.03900000e+03 8.53000000e+02
 6.37000000e+02 5.39000000e+02 4.35000000e+02 3.83000000e+02
 3.10000000e+02 2.41000000e+02 2.64000000e+02 1.85000000e+02
 1.50000000e+02 1.31000000e+02 9.90000000e+01 7.30000000e+01
 6.50000000e+01 4.80000000e+01 5.20000000e+01 2.80000000e+01
 2.50000000e+01 2.00000000e+01 9.00000000e+00 1.00000000e+01
 1.10000000e+01 2.00000000e+00 3.00000000e+00 1.00000000e+00
 3.00000000e+00 1.00000000e+00 3.00000000e+00 1.00000000e+00
 2.00000000e+00 0.00000000e+00 1.00000000e+00 1.00000000e+00
 0.00000000e+00 0.00000000e+00 2.00000000e+00 1.00000000e+00]
