Standard Deviation: 0.0057424424619758425
Skewness: 0.16571706426140329
Kurtosis: -1.3045439007232005
Median: 0.00854802529580383
Mean: 0.009309898906133329
Deciles: [0.00418529 0.01474715]
Minimum: 2.5647675289633784e-06
Maximum: 0.024266490037597288
Bin Edges: [2.56476753e-06 2.45204020e-04 4.87843273e-04 7.30482526e-04
 9.73121778e-04 1.21576103e-03 1.45840028e-03 1.70103954e-03
 1.94367879e-03 2.18631804e-03 2.42895729e-03 2.67159655e-03
 2.91423580e-03 3.15687505e-03 3.39951431e-03 3.64215356e-03
 3.88479281e-03 4.12743206e-03 4.37007132e-03 4.61271057e-03
 4.85534982e-03 5.09798907e-03 5.34062833e-03 5.58326758e-03
 5.82590683e-03 6.06854609e-03 6.31118534e-03 6.55382459e-03
 6.79646384e-03 7.03910310e-03 7.28174235e-03 7.52438160e-03
 7.76702085e-03 8.00966011e-03 8.25229936e-03 8.49493861e-03
 8.73757786e-03 8.98021712e-03 9.22285637e-03 9.46549562e-03
 9.70813488e-03 9.95077413e-03 1.01934134e-02 1.04360526e-02
 1.06786919e-02 1.09213311e-02 1.11639704e-02 1.14066096e-02
 1.16492489e-02 1.18918881e-02 1.21345274e-02 1.23771667e-02
 1.26198059e-02 1.28624452e-02 1.31050844e-02 1.33477237e-02
 1.35903629e-02 1.38330022e-02 1.40756414e-02 1.43182807e-02
 1.45609199e-02 1.48035592e-02 1.50461984e-02 1.52888377e-02
 1.55314769e-02 1.57741162e-02 1.60167554e-02 1.62593947e-02
 1.65020340e-02 1.67446732e-02 1.69873125e-02 1.72299517e-02
 1.74725910e-02 1.77152302e-02 1.79578695e-02 1.82005087e-02
 1.84431480e-02 1.86857872e-02 1.89284265e-02 1.91710657e-02
 1.94137050e-02 1.96563442e-02 1.98989835e-02 2.01416227e-02
 2.03842620e-02 2.06269012e-02 2.08695405e-02 2.11121798e-02
 2.13548190e-02 2.15974583e-02 2.18400975e-02 2.20827368e-02
 2.23253760e-02 2.25680153e-02 2.28106545e-02 2.30532938e-02
 2.32959330e-02 2.35385723e-02 2.37812115e-02 2.40238508e-02
 2.42664900e-02]
Frequencies: [5.7826882e+07 6.3903142e+07 5.4368321e+07 4.5565511e+07 4.2898831e+07
 4.4201993e+07 4.7302837e+07 5.1816347e+07 5.7187156e+07 6.3118883e+07
 7.0184827e+07 7.8086920e+07 8.4392763e+07 8.8304526e+07 9.0365005e+07
 8.9309760e+07 8.6343782e+07 8.3101554e+07 7.9722256e+07 7.6702437e+07
 7.4058923e+07 7.1772371e+07 6.9594340e+07 6.7473495e+07 6.5435614e+07
 6.3630985e+07 6.1818374e+07 5.9994165e+07 5.8193444e+07 5.6389738e+07
 5.4607110e+07 5.2902991e+07 5.1269026e+07 4.9742054e+07 4.8531821e+07
 4.7506583e+07 4.6592085e+07 4.5858454e+07 4.5163137e+07 4.4563595e+07
 4.4022217e+07 4.3544124e+07 4.3100363e+07 4.2754265e+07 4.2437952e+07
 4.2187463e+07 4.1999792e+07 4.1855151e+07 4.1788085e+07 4.1840202e+07
 4.1968398e+07 4.2217493e+07 4.2642615e+07 4.3296289e+07 4.4135673e+07
 4.5045483e+07 4.6077943e+07 4.7306764e+07 4.8603259e+07 4.9939673e+07
 5.1397752e+07 5.2937473e+07 5.4596775e+07 5.6450488e+07 5.8299125e+07
 6.0012913e+07 6.1691011e+07 6.3412603e+07 6.5247344e+07 6.7211986e+07
 6.9212590e+07 7.0624141e+07 7.1053525e+07 6.9658301e+07 6.5877379e+07
 5.9521316e+07 5.0769309e+07 4.0487554e+07 2.9937687e+07 2.0510175e+07
 1.3187250e+07 8.1682560e+06 5.0418140e+06 3.2261070e+06 2.1323340e+06
 1.4402510e+06 9.5286400e+05 6.0777100e+05 3.7424300e+05 2.2777700e+05
 1.3910900e+05 8.3874000e+04 5.1581000e+04 3.2056000e+04 2.0850000e+04
 1.2797000e+04 6.1680000e+03 2.8580000e+03 1.1280000e+03 2.2300000e+02]
