Standard Deviation: 1.317876155314424e-05
Skewness: 5.766668423400867
Kurtosis: 41.830781264156776
Median: 0.0
Mean: 3.444004718623745e-06
Deciles: [0.00000000e+00 3.31164326e-09]
Minimum: 0.0
Maximum: 0.00048247721739422283
Bin Edges: [0.00000000e+00 4.82477217e-06 9.64954435e-06 1.44743165e-05
 1.92990887e-05 2.41238609e-05 2.89486330e-05 3.37734052e-05
 3.85981774e-05 4.34229496e-05 4.82477217e-05 5.30724939e-05
 5.78972661e-05 6.27220383e-05 6.75468104e-05 7.23715826e-05
 7.71963548e-05 8.20211270e-05 8.68458991e-05 9.16706713e-05
 9.64954435e-05 1.01320216e-04 1.06144988e-04 1.10969760e-04
 1.15794532e-04 1.20619304e-04 1.25444077e-04 1.30268849e-04
 1.35093621e-04 1.39918393e-04 1.44743165e-04 1.49567937e-04
 1.54392710e-04 1.59217482e-04 1.64042254e-04 1.68867026e-04
 1.73691798e-04 1.78516570e-04 1.83341343e-04 1.88166115e-04
 1.92990887e-04 1.97815659e-04 2.02640431e-04 2.07465203e-04
 2.12289976e-04 2.17114748e-04 2.21939520e-04 2.26764292e-04
 2.31589064e-04 2.36413837e-04 2.41238609e-04 2.46063381e-04
 2.50888153e-04 2.55712925e-04 2.60537697e-04 2.65362470e-04
 2.70187242e-04 2.75012014e-04 2.79836786e-04 2.84661558e-04
 2.89486330e-04 2.94311103e-04 2.99135875e-04 3.03960647e-04
 3.08785419e-04 3.13610191e-04 3.18434963e-04 3.23259736e-04
 3.28084508e-04 3.32909280e-04 3.37734052e-04 3.42558824e-04
 3.47383597e-04 3.52208369e-04 3.57033141e-04 3.61857913e-04
 3.66682685e-04 3.71507457e-04 3.76332230e-04 3.81157002e-04
 3.85981774e-04 3.90806546e-04 3.95631318e-04 4.00456090e-04
 4.05280863e-04 4.10105635e-04 4.14930407e-04 4.19755179e-04
 4.24579951e-04 4.29404723e-04 4.34229496e-04 4.39054268e-04
 4.43879040e-04 4.48703812e-04 4.53528584e-04 4.58353357e-04
 4.63178129e-04 4.68002901e-04 4.72827673e-04 4.77652445e-04
 4.82477217e-04]
Frequencies: [4.04974714e+09 1.03504330e+08 7.04146790e+07 5.44490160e+07
 4.37484280e+07 3.54974960e+07 2.89390210e+07 2.36620310e+07
 1.94559140e+07 1.61262220e+07 1.34798100e+07 1.13744430e+07
 9.68906200e+06 8.34390000e+06 7.25551800e+06 6.37287200e+06
 5.64107700e+06 5.03583500e+06 4.51407600e+06 4.06015200e+06
 3.63195000e+06 3.20278000e+06 2.74303400e+06 2.24671000e+06
 1.78558200e+06 1.38768300e+06 1.07302000e+06 8.27267000e+05
 6.35543000e+05 4.90824000e+05 3.82457000e+05 2.96087000e+05
 2.32044000e+05 1.80895000e+05 1.42694000e+05 1.13498000e+05
 9.00010000e+04 7.12190000e+04 5.69810000e+04 4.66590000e+04
 3.76700000e+04 3.04140000e+04 2.56200000e+04 2.11570000e+04
 1.74760000e+04 1.46670000e+04 1.25210000e+04 1.04830000e+04
 8.87500000e+03 7.85000000e+03 6.83200000e+03 5.78600000e+03
 5.01300000e+03 4.50700000e+03 3.90800000e+03 3.34400000e+03
 2.92300000e+03 2.54700000e+03 2.28500000e+03 1.89000000e+03
 1.66500000e+03 1.41900000e+03 1.13500000e+03 1.02200000e+03
 8.70000000e+02 7.49000000e+02 6.24000000e+02 5.00000000e+02
 4.15000000e+02 3.11000000e+02 3.22000000e+02 2.28000000e+02
 1.78000000e+02 1.73000000e+02 1.38000000e+02 1.00000000e+02
 7.30000000e+01 7.00000000e+01 6.80000000e+01 5.50000000e+01
 3.50000000e+01 3.40000000e+01 2.10000000e+01 1.90000000e+01
 1.70000000e+01 3.00000000e+00 1.00000000e+01 4.00000000e+00
 1.00000000e+00 2.00000000e+00 4.00000000e+00 3.00000000e+00
 1.00000000e+00 1.00000000e+00 1.00000000e+00 1.00000000e+00
 0.00000000e+00 0.00000000e+00 2.00000000e+00 3.00000000e+00]
