Standard Deviation: 8.079764312548827
Skewness: -0.7168993603684329
Kurtosis: -0.3118927837370049
Median: 226.08070924185301
Mean: 223.88158708968837
Deciles: [217.88265233 230.70695655]
Minimum: 189.32146253313417
Maximum: 248.47211620860517
Bin Edges: [189.32146253 189.91296907 190.50447561 191.09598214 191.68748868
 192.27899522 192.87050175 193.46200829 194.05351483 194.64502136
 195.2365279  195.82803444 196.41954097 197.01104751 197.60255405
 198.19406058 198.78556712 199.37707366 199.96858019 200.56008673
 201.15159327 201.7430998  202.33460634 202.92611288 203.51761942
 204.10912595 204.70063249 205.29213903 205.88364556 206.4751521
 207.06665864 207.65816517 208.24967171 208.84117825 209.43268478
 210.02419132 210.61569786 211.20720439 211.79871093 212.39021747
 212.981724   213.57323054 214.16473708 214.75624361 215.34775015
 215.93925669 216.53076322 217.12226976 217.7137763  218.30528283
 218.89678937 219.48829591 220.07980244 220.67130898 221.26281552
 221.85432205 222.44582859 223.03733513 223.62884166 224.2203482
 224.81185474 225.40336128 225.99486781 226.58637435 227.17788089
 227.76938742 228.36089396 228.9524005  229.54390703 230.13541357
 230.72692011 231.31842664 231.90993318 232.50143972 233.09294625
 233.68445279 234.27595933 234.86746586 235.4589724  236.05047894
 236.64198547 237.23349201 237.82499855 238.41650508 239.00801162
 239.59951816 240.19102469 240.78253123 241.37403777 241.9655443
 242.55705084 243.14855738 243.74006391 244.33157045 244.92307699
 245.51458352 246.10609006 246.6975966  247.28910314 247.88060967
 248.47211621]
Frequencies: [6.10000000e+01 1.73000000e+02 1.05100000e+03 3.95600000e+03
 1.01570000e+04 2.35550000e+04 4.71370000e+04 9.13860000e+04
 1.72134000e+05 3.18120000e+05 5.41754000e+05 8.49705000e+05
 1.25484700e+06 1.75040900e+06 2.26341800e+06 2.78286700e+06
 3.33057700e+06 3.91103600e+06 4.55194600e+06 5.24541200e+06
 6.06008400e+06 7.00487300e+06 8.12351200e+06 9.45450700e+06
 1.08333680e+07 1.23278680e+07 1.40343920e+07 1.58275250e+07
 1.77594320e+07 1.98090360e+07 2.21296040e+07 2.46174980e+07
 2.73393580e+07 3.01852770e+07 3.34166860e+07 3.70217350e+07
 4.09928930e+07 4.53588460e+07 5.00365740e+07 5.49088240e+07
 5.99341990e+07 6.46614480e+07 6.91989620e+07 7.36484670e+07
 7.76537040e+07 8.11330100e+07 8.39127600e+07 8.59532520e+07
 8.70931450e+07 8.71733470e+07 8.66083740e+07 8.54692930e+07
 8.40000530e+07 8.22654030e+07 8.06777660e+07 7.91900450e+07
 7.79919220e+07 7.75832890e+07 7.77795760e+07 7.86071910e+07
 8.02124070e+07 8.30704670e+07 8.74159580e+07 9.40810330e+07
 1.04028790e+08 1.18985926e+08 1.40773779e+08 1.70110289e+08
 2.04558790e+08 2.36075308e+08 2.53867164e+08 2.47385231e+08
 2.11516136e+08 1.56957399e+08 1.01256430e+08 5.87863450e+07
 3.39021750e+07 2.11466540e+07 1.42152600e+07 9.89129000e+06
 6.86624300e+06 4.60064300e+06 2.89760700e+06 1.71392900e+06
 9.43232000e+05 4.91900000e+05 2.33684000e+05 1.14975000e+05
 6.46710000e+04 3.77850000e+04 2.25770000e+04 1.41190000e+04
 8.14500000e+03 4.81300000e+03 2.71100000e+03 1.39700000e+03
 8.76000000e+02 5.95000000e+02 3.28000000e+02 1.40000000e+02]
