Standard Deviation: 2.815201731890935e-21
Skewness: 63054.63698392613
Kurtosis: 4128893278.724581
Median: 0.0
Mean: 6.393032458661779e-26
Deciles: [0. 0.]
Minimum: 0.0
Maximum: 1.8522180458429042e-16
Bin Edges: [0.00000000e+00 1.85221805e-18 3.70443609e-18 5.55665414e-18
 7.40887218e-18 9.26109023e-18 1.11133083e-17 1.29655263e-17
 1.48177444e-17 1.66699624e-17 1.85221805e-17 2.03743985e-17
 2.22266166e-17 2.40788346e-17 2.59310526e-17 2.77832707e-17
 2.96354887e-17 3.14877068e-17 3.33399248e-17 3.51921429e-17
 3.70443609e-17 3.88965790e-17 4.07487970e-17 4.26010151e-17
 4.44532331e-17 4.63054511e-17 4.81576692e-17 5.00098872e-17
 5.18621053e-17 5.37143233e-17 5.55665414e-17 5.74187594e-17
 5.92709775e-17 6.11231955e-17 6.29754136e-17 6.48276316e-17
 6.66798497e-17 6.85320677e-17 7.03842857e-17 7.22365038e-17
 7.40887218e-17 7.59409399e-17 7.77931579e-17 7.96453760e-17
 8.14975940e-17 8.33498121e-17 8.52020301e-17 8.70542482e-17
 8.89064662e-17 9.07586842e-17 9.26109023e-17 9.44631203e-17
 9.63153384e-17 9.81675564e-17 1.00019774e-16 1.01871993e-16
 1.03724211e-16 1.05576429e-16 1.07428647e-16 1.09280865e-16
 1.11133083e-16 1.12985301e-16 1.14837519e-16 1.16689737e-16
 1.18541955e-16 1.20394173e-16 1.22246391e-16 1.24098609e-16
 1.25950827e-16 1.27803045e-16 1.29655263e-16 1.31507481e-16
 1.33359699e-16 1.35211917e-16 1.37064135e-16 1.38916353e-16
 1.40768571e-16 1.42620790e-16 1.44473008e-16 1.46325226e-16
 1.48177444e-16 1.50029662e-16 1.51881880e-16 1.53734098e-16
 1.55586316e-16 1.57438534e-16 1.59290752e-16 1.61142970e-16
 1.62995188e-16 1.64847406e-16 1.66699624e-16 1.68551842e-16
 1.70404060e-16 1.72256278e-16 1.74108496e-16 1.75960714e-16
 1.77812932e-16 1.79665150e-16 1.81517368e-16 1.83369587e-16
 1.85221805e-16]
Frequencies: [4.54118399e+09 2.00000000e+00 0.00000000e+00 2.00000000e+00
 0.00000000e+00 1.00000000e+00 0.00000000e+00 0.00000000e+00
 0.00000000e+00 0.00000000e+00 0.00000000e+00 2.00000000e+00
 1.00000000e+00 0.00000000e+00 0.00000000e+00 0.00000000e+00
 0.00000000e+00 0.00000000e+00 0.00000000e+00 0.00000000e+00
 0.00000000e+00 0.00000000e+00 0.00000000e+00 0.00000000e+00
 0.00000000e+00 0.00000000e+00 0.00000000e+00 0.00000000e+00
 0.00000000e+00 0.00000000e+00 0.00000000e+00 0.00000000e+00
 0.00000000e+00 0.00000000e+00 0.00000000e+00 0.00000000e+00
 0.00000000e+00 0.00000000e+00 0.00000000e+00 0.00000000e+00
 0.00000000e+00 0.00000000e+00 0.00000000e+00 0.00000000e+00
 0.00000000e+00 0.00000000e+00 0.00000000e+00 0.00000000e+00
 0.00000000e+00 0.00000000e+00 0.00000000e+00 0.00000000e+00
 0.00000000e+00 0.00000000e+00 0.00000000e+00 0.00000000e+00
 0.00000000e+00 0.00000000e+00 0.00000000e+00 0.00000000e+00
 0.00000000e+00 0.00000000e+00 0.00000000e+00 0.00000000e+00
 0.00000000e+00 0.00000000e+00 0.00000000e+00 0.00000000e+00
 0.00000000e+00 0.00000000e+00 0.00000000e+00 0.00000000e+00
 0.00000000e+00 0.00000000e+00 0.00000000e+00 0.00000000e+00
 0.00000000e+00 0.00000000e+00 0.00000000e+00 0.00000000e+00
 0.00000000e+00 0.00000000e+00 0.00000000e+00 0.00000000e+00
 0.00000000e+00 0.00000000e+00 0.00000000e+00 0.00000000e+00
 0.00000000e+00 0.00000000e+00 0.00000000e+00 0.00000000e+00
 0.00000000e+00 0.00000000e+00 0.00000000e+00 0.00000000e+00
 0.00000000e+00 0.00000000e+00 0.00000000e+00 1.00000000e+00]
