Standard Deviation: 6.940025489370183e-05
Skewness: 4.19174593285002
Kurtosis: 24.850123119052896
Median: 6.048578798588625e-06
Mean: 3.47713030826965e-05
Deciles: [2.78129120e-09 4.07550063e-05]
Minimum: 0.0
Maximum: 0.0010993658896972416
Bin Edges: [0.00000000e+00 1.09936589e-05 2.19873178e-05 3.29809767e-05
 4.39746356e-05 5.49682945e-05 6.59619534e-05 7.69556123e-05
 8.79492712e-05 9.89429301e-05 1.09936589e-04 1.20930248e-04
 1.31923907e-04 1.42917566e-04 1.53911225e-04 1.64904883e-04
 1.75898542e-04 1.86892201e-04 1.97885860e-04 2.08879519e-04
 2.19873178e-04 2.30866837e-04 2.41860496e-04 2.52854155e-04
 2.63847814e-04 2.74841472e-04 2.85835131e-04 2.96828790e-04
 3.07822449e-04 3.18816108e-04 3.29809767e-04 3.40803426e-04
 3.51797085e-04 3.62790744e-04 3.73784402e-04 3.84778061e-04
 3.95771720e-04 4.06765379e-04 4.17759038e-04 4.28752697e-04
 4.39746356e-04 4.50740015e-04 4.61733674e-04 4.72727333e-04
 4.83720991e-04 4.94714650e-04 5.05708309e-04 5.16701968e-04
 5.27695627e-04 5.38689286e-04 5.49682945e-04 5.60676604e-04
 5.71670263e-04 5.82663922e-04 5.93657580e-04 6.04651239e-04
 6.15644898e-04 6.26638557e-04 6.37632216e-04 6.48625875e-04
 6.59619534e-04 6.70613193e-04 6.81606852e-04 6.92600511e-04
 7.03594169e-04 7.14587828e-04 7.25581487e-04 7.36575146e-04
 7.47568805e-04 7.58562464e-04 7.69556123e-04 7.80549782e-04
 7.91543441e-04 8.02537099e-04 8.13530758e-04 8.24524417e-04
 8.35518076e-04 8.46511735e-04 8.57505394e-04 8.68499053e-04
 8.79492712e-04 8.90486371e-04 9.01480030e-04 9.12473688e-04
 9.23467347e-04 9.34461006e-04 9.45454665e-04 9.56448324e-04
 9.67441983e-04 9.78435642e-04 9.89429301e-04 1.00042296e-03
 1.01141662e-03 1.02241028e-03 1.03340394e-03 1.04439760e-03
 1.05539125e-03 1.06638491e-03 1.07737857e-03 1.08837223e-03
 1.09936589e-03]
Frequencies: [2.53494642e+09 4.07312559e+08 2.93680056e+08 2.32809800e+08
 1.85814690e+08 1.48218710e+08 1.18495963e+08 9.51775670e+07
 7.67911170e+07 6.22913760e+07 5.08503780e+07 4.18284970e+07
 3.47017860e+07 2.90822500e+07 2.45945910e+07 2.09917710e+07
 1.80836650e+07 1.57124430e+07 1.37599180e+07 1.21400720e+07
 1.07821290e+07 9.62244400e+06 8.63547400e+06 7.78354000e+06
 7.04442500e+06 6.39092000e+06 5.81348200e+06 5.30831800e+06
 4.85442600e+06 4.45220700e+06 4.08887200e+06 3.76354500e+06
 3.46603100e+06 3.20090100e+06 2.95676200e+06 2.73316300e+06
 2.53263500e+06 2.34580500e+06 2.17772800e+06 2.02171500e+06
 1.87556100e+06 1.74417900e+06 1.61702200e+06 1.50326800e+06
 1.39543800e+06 1.29622800e+06 1.20573600e+06 1.11975800e+06
 1.03943900e+06 9.63986000e+05 8.96335000e+05 8.30826000e+05
 7.72005000e+05 7.11206000e+05 6.59122000e+05 6.08923000e+05
 5.62033000e+05 5.15778000e+05 4.74988000e+05 4.36352000e+05
 3.99887000e+05 3.65974000e+05 3.34287000e+05 3.04166000e+05
 2.76363000e+05 2.51527000e+05 2.26365000e+05 2.04451000e+05
 1.83261000e+05 1.63462000e+05 1.45372000e+05 1.29267000e+05
 1.13450000e+05 9.87900000e+04 8.73350000e+04 7.48850000e+04
 6.48220000e+04 5.52900000e+04 4.63140000e+04 3.81050000e+04
 3.15260000e+04 2.54670000e+04 2.04600000e+04 1.62780000e+04
 1.25100000e+04 9.41200000e+03 6.73200000e+03 4.55000000e+03
 3.09700000e+03 1.92300000e+03 1.21400000e+03 6.58000000e+02
 2.58000000e+02 1.39000000e+02 4.10000000e+01 1.50000000e+01
 3.00000000e+00 2.00000000e+00 1.00000000e+00 5.00000000e+00]
