Standard Deviation: 1.2840853578272201e-05
Skewness: 5.708107337019835
Kurtosis: 41.137661748050526
Median: 0.0
Mean: 3.394937625499609e-06
Deciles: [0.00000000e+00 2.52694458e-09]
Minimum: 0.0
Maximum: 0.0004823393775943664
Bin Edges: [0.00000000e+00 4.82339378e-06 9.64678755e-06 1.44701813e-05
 1.92935751e-05 2.41169689e-05 2.89403627e-05 3.37637564e-05
 3.85871502e-05 4.34105440e-05 4.82339378e-05 5.30573315e-05
 5.78807253e-05 6.27041191e-05 6.75275129e-05 7.23509066e-05
 7.71743004e-05 8.19976942e-05 8.68210880e-05 9.16444817e-05
 9.64678755e-05 1.01291269e-04 1.06114663e-04 1.10938057e-04
 1.15761451e-04 1.20584844e-04 1.25408238e-04 1.30231632e-04
 1.35055026e-04 1.39878420e-04 1.44701813e-04 1.49525207e-04
 1.54348601e-04 1.59171995e-04 1.63995388e-04 1.68818782e-04
 1.73642176e-04 1.78465570e-04 1.83288963e-04 1.88112357e-04
 1.92935751e-04 1.97759145e-04 2.02582539e-04 2.07405932e-04
 2.12229326e-04 2.17052720e-04 2.21876114e-04 2.26699507e-04
 2.31522901e-04 2.36346295e-04 2.41169689e-04 2.45993083e-04
 2.50816476e-04 2.55639870e-04 2.60463264e-04 2.65286658e-04
 2.70110051e-04 2.74933445e-04 2.79756839e-04 2.84580233e-04
 2.89403627e-04 2.94227020e-04 2.99050414e-04 3.03873808e-04
 3.08697202e-04 3.13520595e-04 3.18343989e-04 3.23167383e-04
 3.27990777e-04 3.32814171e-04 3.37637564e-04 3.42460958e-04
 3.47284352e-04 3.52107746e-04 3.56931139e-04 3.61754533e-04
 3.66577927e-04 3.71401321e-04 3.76224715e-04 3.81048108e-04
 3.85871502e-04 3.90694896e-04 3.95518290e-04 4.00341683e-04
 4.05165077e-04 4.09988471e-04 4.14811865e-04 4.19635259e-04
 4.24458652e-04 4.29282046e-04 4.34105440e-04 4.38928834e-04
 4.43752227e-04 4.48575621e-04 4.53399015e-04 4.58222409e-04
 4.63045802e-04 4.67869196e-04 4.72692590e-04 4.77515984e-04
 4.82339378e-04]
Frequencies: [4.04468622e+09 1.03909000e+08 7.19833720e+07 5.62558190e+07
 4.53346660e+07 3.67985860e+07 2.99043410e+07 2.43388800e+07
 1.98803080e+07 1.63503150e+07 1.35571470e+07 1.13465080e+07
 9.59076500e+06 8.19441400e+06 7.06495600e+06 6.15843800e+06
 5.40788700e+06 4.77900400e+06 4.25057400e+06 3.78917600e+06
 3.35898500e+06 2.93122600e+06 2.45774900e+06 1.98408000e+06
 1.55178000e+06 1.19684200e+06 9.20832000e+05 7.05491000e+05
 5.40038000e+05 4.14544000e+05 3.20556000e+05 2.46897000e+05
 1.92454000e+05 1.49922000e+05 1.18666000e+05 9.45190000e+04
 7.46780000e+04 6.03970000e+04 4.89520000e+04 3.94660000e+04
 3.20300000e+04 2.63080000e+04 2.17370000e+04 1.80050000e+04
 1.50300000e+04 1.25660000e+04 1.04340000e+04 9.06100000e+03
 7.81000000e+03 6.65300000e+03 5.56000000e+03 4.88500000e+03
 4.11900000e+03 3.38500000e+03 2.86100000e+03 2.48200000e+03
 2.17600000e+03 1.83300000e+03 1.56300000e+03 1.32700000e+03
 1.06000000e+03 8.96000000e+02 6.35000000e+02 5.54000000e+02
 4.72000000e+02 3.69000000e+02 3.28000000e+02 2.80000000e+02
 2.31000000e+02 1.83000000e+02 1.61000000e+02 1.14000000e+02
 1.05000000e+02 7.90000000e+01 6.10000000e+01 4.20000000e+01
 3.90000000e+01 2.30000000e+01 2.50000000e+01 1.40000000e+01
 1.30000000e+01 5.00000000e+00 7.00000000e+00 5.00000000e+00
 4.00000000e+00 4.00000000e+00 3.00000000e+00 2.00000000e+00
 0.00000000e+00 1.00000000e+00 0.00000000e+00 1.00000000e+00
 0.00000000e+00 0.00000000e+00 2.00000000e+00 0.00000000e+00
 1.00000000e+00 3.00000000e+00 0.00000000e+00 2.00000000e+00]
