Standard Deviation: 7.461084000800841e-08
Skewness: 2.1786485762845227
Kurtosis: 11.058028004059281
Median: 1.7305612570105023e-06
Mean: 1.7422876582240529e-06
Deciles: [1.70031265e-06 1.77824265e-06]
Minimum: 1.4277849034237855e-06
Maximum: 2.3607806379184068e-06
Bin Edges: [1.42778490e-06 1.43711486e-06 1.44644482e-06 1.45577478e-06
 1.46510473e-06 1.47443469e-06 1.48376465e-06 1.49309460e-06
 1.50242456e-06 1.51175452e-06 1.52108448e-06 1.53041443e-06
 1.53974439e-06 1.54907435e-06 1.55840431e-06 1.56773426e-06
 1.57706422e-06 1.58639418e-06 1.59572414e-06 1.60505409e-06
 1.61438405e-06 1.62371401e-06 1.63304397e-06 1.64237392e-06
 1.65170388e-06 1.66103384e-06 1.67036379e-06 1.67969375e-06
 1.68902371e-06 1.69835367e-06 1.70768362e-06 1.71701358e-06
 1.72634354e-06 1.73567350e-06 1.74500345e-06 1.75433341e-06
 1.76366337e-06 1.77299333e-06 1.78232328e-06 1.79165324e-06
 1.80098320e-06 1.81031315e-06 1.81964311e-06 1.82897307e-06
 1.83830303e-06 1.84763298e-06 1.85696294e-06 1.86629290e-06
 1.87562286e-06 1.88495281e-06 1.89428277e-06 1.90361273e-06
 1.91294269e-06 1.92227264e-06 1.93160260e-06 1.94093256e-06
 1.95026251e-06 1.95959247e-06 1.96892243e-06 1.97825239e-06
 1.98758234e-06 1.99691230e-06 2.00624226e-06 2.01557222e-06
 2.02490217e-06 2.03423213e-06 2.04356209e-06 2.05289205e-06
 2.06222200e-06 2.07155196e-06 2.08088192e-06 2.09021187e-06
 2.09954183e-06 2.10887179e-06 2.11820175e-06 2.12753170e-06
 2.13686166e-06 2.14619162e-06 2.15552158e-06 2.16485153e-06
 2.17418149e-06 2.18351145e-06 2.19284141e-06 2.20217136e-06
 2.21150132e-06 2.22083128e-06 2.23016124e-06 2.23949119e-06
 2.24882115e-06 2.25815111e-06 2.26748106e-06 2.27681102e-06
 2.28614098e-06 2.29547094e-06 2.30480089e-06 2.31413085e-06
 2.32346081e-06 2.33279077e-06 2.34212072e-06 2.35145068e-06
 2.36078064e-06]
Frequencies: [2.99800000e+03 1.49620000e+04 4.13320000e+04 7.16070000e+04
 1.63733000e+05 3.38999000e+05 4.57535000e+05 5.98996000e+05
 7.59494000e+05 9.88023000e+05 1.01893900e+06 1.01268600e+06
 1.14111900e+06 2.27141100e+06 4.48518300e+06 8.32331000e+06
 1.33078960e+07 1.78873760e+07 2.21087760e+07 2.52487480e+07
 2.82214230e+07 3.05926740e+07 3.48307290e+07 4.38481200e+07
 6.32238250e+07 8.54222150e+07 1.15098233e+08 1.69600233e+08
 3.36078076e+08 4.65523222e+08 3.93109341e+08 2.87678654e+08
 2.62981869e+08 2.81263230e+08 2.00002195e+08 1.72527277e+08
 2.14160402e+08 2.07083966e+08 1.98311413e+08 2.57967026e+08
 1.76835859e+08 8.30479250e+07 3.38976480e+07 2.50297540e+07
 2.44386120e+07 2.59251270e+07 3.24161610e+07 3.09977040e+07
 3.47892710e+07 1.71091380e+07 9.30545000e+06 7.55771000e+06
 6.65595900e+06 5.30272600e+06 3.95876000e+06 3.14148100e+06
 2.66475600e+06 2.33262200e+06 2.24192900e+06 2.28557500e+06
 2.29989200e+06 2.14492000e+06 2.10709300e+06 2.00501000e+06
 1.92316600e+06 1.84426400e+06 1.85487900e+06 1.75964300e+06
 1.72560700e+06 1.71246100e+06 1.70104700e+06 1.75251200e+06
 1.83578400e+06 1.89173900e+06 2.06603600e+06 2.30286500e+06
 2.85923200e+06 4.85281600e+06 2.16922300e+06 2.20999000e+06
 2.61455400e+06 2.67871400e+06 4.75192800e+06 7.31128400e+06
 2.77495000e+05 1.23553000e+05 1.24921000e+05 1.27556000e+05
 1.13574000e+05 1.00811000e+05 9.52000000e+04 9.56420000e+04
 9.91050000e+04 1.09966000e+05 1.46823000e+05 2.00346000e+05
 2.42058000e+05 4.79772000e+05 6.97936000e+05 7.31700000e+04]
