Standard Deviation: 10.761709705372954
Skewness: -0.7256374697842279
Kurtosis: -0.5480432728548115
Median: 239.08383081195393
Mean: 235.67902411120846
Deciles: [227.36591436 245.01305486]
Minimum: 193.8559126904835
Maximum: 262.1935443491485
Bin Edges: [193.85591269 194.53928901 195.22266532 195.90604164 196.58941796
 197.27279427 197.95617059 198.63954691 199.32292322 200.00629954
 200.68967586 201.37305217 202.05642849 202.73980481 203.42318112
 204.10655744 204.78993376 205.47331007 206.15668639 206.84006271
 207.52343902 208.20681534 208.89019166 209.57356797 210.25694429
 210.94032061 211.62369692 212.30707324 212.99044955 213.67382587
 214.35720219 215.0405785  215.72395482 216.40733114 217.09070745
 217.77408377 218.45746009 219.1408364  219.82421272 220.50758904
 221.19096535 221.87434167 222.55771799 223.2410943  223.92447062
 224.60784694 225.29122325 225.97459957 226.65797589 227.3413522
 228.02472852 228.70810484 229.39148115 230.07485747 230.75823379
 231.4416101  232.12498642 232.80836274 233.49173905 234.17511537
 234.85849169 235.541868   236.22524432 236.90862064 237.59199695
 238.27537327 238.95874959 239.6421259  240.32550222 241.00887853
 241.69225485 242.37563117 243.05900748 243.7423838  244.42576012
 245.10913643 245.79251275 246.47588907 247.15926538 247.8426417
 248.52601802 249.20939433 249.89277065 250.57614697 251.25952328
 251.9428996  252.62627592 253.30965223 253.99302855 254.67640487
 255.35978118 256.0431575  256.72653382 257.40991013 258.09328645
 258.77666277 259.46003908 260.1434154  260.82679172 261.51016803
 262.19354435]
Frequencies: [1.02000000e+02 4.82000000e+02 2.94500000e+03 7.33400000e+03
 1.68530000e+04 4.03030000e+04 8.55550000e+04 1.86723000e+05
 3.92101000e+05 7.31712000e+05 1.17727300e+06 1.67025700e+06
 2.17427800e+06 2.59388600e+06 2.90686100e+06 3.16517000e+06
 3.44259700e+06 3.70724500e+06 4.00775400e+06 4.40993700e+06
 4.87127600e+06 5.62550900e+06 6.68416300e+06 8.18230100e+06
 1.02944350e+07 1.28605640e+07 1.56866310e+07 1.89484680e+07
 2.26298490e+07 2.62579450e+07 2.98259230e+07 3.32668270e+07
 3.64484830e+07 3.94561000e+07 4.24570010e+07 4.53714220e+07
 4.82252980e+07 5.11067760e+07 5.35272460e+07 5.56432580e+07
 5.71799480e+07 5.83255020e+07 5.91284210e+07 5.94981410e+07
 5.97047140e+07 5.99466040e+07 6.02192370e+07 6.04421380e+07
 6.05865760e+07 6.06481680e+07 6.09091920e+07 6.10921370e+07
 6.14353620e+07 6.17452210e+07 6.22535490e+07 6.28624440e+07
 6.34467440e+07 6.41691830e+07 6.51385170e+07 6.63176410e+07
 6.75868130e+07 6.90643860e+07 7.04776120e+07 7.23346970e+07
 7.49101260e+07 7.82810850e+07 8.27970230e+07 8.85991210e+07
 9.61274490e+07 1.05753747e+08 1.17855192e+08 1.33884514e+08
 1.55133914e+08 1.83501713e+08 2.19752387e+08 2.57716515e+08
 2.72754986e+08 2.40921743e+08 1.65816633e+08 8.74243630e+07
 3.84645980e+07 1.79295770e+07 9.77269200e+06 5.50465800e+06
 2.98140900e+06 1.48934300e+06 6.80443000e+05 2.98537000e+05
 1.25339000e+05 5.56070000e+04 2.58320000e+04 1.12060000e+04
 5.70600000e+03 2.83400000e+03 1.81100000e+03 1.02400000e+03
 5.82000000e+02 2.48000000e+02 1.77000000e+02 7.60000000e+01]
