Standard Deviation: 2.7842808856355966e-23
Skewness: 62420.80563924624
Kurtosis: 4068002355.902465
Median: 0.0
Mean: 6.594022995779843e-28
Deciles: [0. 0.]
Minimum: 0.0
Maximum: 1.8249991263127075e-18
Bin Edges: [0.00000000e+00 1.82499913e-20 3.64999825e-20 5.47499738e-20
 7.29999651e-20 9.12499563e-20 1.09499948e-19 1.27749939e-19
 1.45999930e-19 1.64249921e-19 1.82499913e-19 2.00749904e-19
 2.18999895e-19 2.37249886e-19 2.55499878e-19 2.73749869e-19
 2.91999860e-19 3.10249851e-19 3.28499843e-19 3.46749834e-19
 3.64999825e-19 3.83249817e-19 4.01499808e-19 4.19749799e-19
 4.37999790e-19 4.56249782e-19 4.74499773e-19 4.92749764e-19
 5.10999755e-19 5.29249747e-19 5.47499738e-19 5.65749729e-19
 5.83999720e-19 6.02249712e-19 6.20499703e-19 6.38749694e-19
 6.56999685e-19 6.75249677e-19 6.93499668e-19 7.11749659e-19
 7.29999651e-19 7.48249642e-19 7.66499633e-19 7.84749624e-19
 8.02999616e-19 8.21249607e-19 8.39499598e-19 8.57749589e-19
 8.75999581e-19 8.94249572e-19 9.12499563e-19 9.30749554e-19
 9.48999546e-19 9.67249537e-19 9.85499528e-19 1.00374952e-18
 1.02199951e-18 1.04024950e-18 1.05849949e-18 1.07674948e-18
 1.09499948e-18 1.11324947e-18 1.13149946e-18 1.14974945e-18
 1.16799944e-18 1.18624943e-18 1.20449942e-18 1.22274941e-18
 1.24099941e-18 1.25924940e-18 1.27749939e-18 1.29574938e-18
 1.31399937e-18 1.33224936e-18 1.35049935e-18 1.36874934e-18
 1.38699934e-18 1.40524933e-18 1.42349932e-18 1.44174931e-18
 1.45999930e-18 1.47824929e-18 1.49649928e-18 1.51474927e-18
 1.53299927e-18 1.55124926e-18 1.56949925e-18 1.58774924e-18
 1.60599923e-18 1.62424922e-18 1.64249921e-18 1.66074920e-18
 1.67899920e-18 1.69724919e-18 1.71549918e-18 1.73374917e-18
 1.75199916e-18 1.77024915e-18 1.78849914e-18 1.80674914e-18
 1.82499913e-18]
Frequencies: [4.54118399e+09 2.00000000e+00 0.00000000e+00 1.00000000e+00
 0.00000000e+00 2.00000000e+00 0.00000000e+00 0.00000000e+00
 0.00000000e+00 0.00000000e+00 0.00000000e+00 1.00000000e+00
 0.00000000e+00 2.00000000e+00 0.00000000e+00 0.00000000e+00
 0.00000000e+00 0.00000000e+00 0.00000000e+00 0.00000000e+00
 0.00000000e+00 0.00000000e+00 0.00000000e+00 0.00000000e+00
 0.00000000e+00 0.00000000e+00 0.00000000e+00 0.00000000e+00
 0.00000000e+00 0.00000000e+00 0.00000000e+00 0.00000000e+00
 0.00000000e+00 0.00000000e+00 0.00000000e+00 0.00000000e+00
 0.00000000e+00 0.00000000e+00 0.00000000e+00 0.00000000e+00
 0.00000000e+00 0.00000000e+00 0.00000000e+00 0.00000000e+00
 0.00000000e+00 0.00000000e+00 0.00000000e+00 0.00000000e+00
 0.00000000e+00 0.00000000e+00 0.00000000e+00 0.00000000e+00
 0.00000000e+00 0.00000000e+00 0.00000000e+00 0.00000000e+00
 0.00000000e+00 0.00000000e+00 0.00000000e+00 0.00000000e+00
 0.00000000e+00 0.00000000e+00 0.00000000e+00 0.00000000e+00
 0.00000000e+00 0.00000000e+00 0.00000000e+00 0.00000000e+00
 0.00000000e+00 0.00000000e+00 0.00000000e+00 0.00000000e+00
 0.00000000e+00 0.00000000e+00 0.00000000e+00 0.00000000e+00
 0.00000000e+00 0.00000000e+00 0.00000000e+00 0.00000000e+00
 0.00000000e+00 0.00000000e+00 0.00000000e+00 0.00000000e+00
 0.00000000e+00 0.00000000e+00 0.00000000e+00 0.00000000e+00
 0.00000000e+00 0.00000000e+00 0.00000000e+00 0.00000000e+00
 0.00000000e+00 0.00000000e+00 0.00000000e+00 0.00000000e+00
 0.00000000e+00 0.00000000e+00 0.00000000e+00 1.00000000e+00]
