Standard Deviation: 1.070209158901161e-05
Skewness: 6.211792423265724
Kurtosis: 48.41014269524873
Median: 0.0
Mean: 2.5776454526496114e-06
Deciles: [0.00000000e+00 1.98211625e-11]
Minimum: 0.0
Maximum: 0.0002954817231409797
Bin Edges: [0.00000000e+00 2.95481723e-06 5.90963446e-06 8.86445169e-06
 1.18192689e-05 1.47740862e-05 1.77289034e-05 2.06837206e-05
 2.36385379e-05 2.65933551e-05 2.95481723e-05 3.25029895e-05
 3.54578068e-05 3.84126240e-05 4.13674412e-05 4.43222585e-05
 4.72770757e-05 5.02318929e-05 5.31867102e-05 5.61415274e-05
 5.90963446e-05 6.20511619e-05 6.50059791e-05 6.79607963e-05
 7.09156136e-05 7.38704308e-05 7.68252480e-05 7.97800652e-05
 8.27348825e-05 8.56896997e-05 8.86445169e-05 9.15993342e-05
 9.45541514e-05 9.75089686e-05 1.00463786e-04 1.03418603e-04
 1.06373420e-04 1.09328238e-04 1.12283055e-04 1.15237872e-04
 1.18192689e-04 1.21147506e-04 1.24102324e-04 1.27057141e-04
 1.30011958e-04 1.32966775e-04 1.35921593e-04 1.38876410e-04
 1.41831227e-04 1.44786044e-04 1.47740862e-04 1.50695679e-04
 1.53650496e-04 1.56605313e-04 1.59560130e-04 1.62514948e-04
 1.65469765e-04 1.68424582e-04 1.71379399e-04 1.74334217e-04
 1.77289034e-04 1.80243851e-04 1.83198668e-04 1.86153486e-04
 1.89108303e-04 1.92063120e-04 1.95017937e-04 1.97972755e-04
 2.00927572e-04 2.03882389e-04 2.06837206e-04 2.09792023e-04
 2.12746841e-04 2.15701658e-04 2.18656475e-04 2.21611292e-04
 2.24566110e-04 2.27520927e-04 2.30475744e-04 2.33430561e-04
 2.36385379e-04 2.39340196e-04 2.42295013e-04 2.45249830e-04
 2.48204647e-04 2.51159465e-04 2.54114282e-04 2.57069099e-04
 2.60023916e-04 2.62978734e-04 2.65933551e-04 2.68888368e-04
 2.71843185e-04 2.74798003e-04 2.77752820e-04 2.80707637e-04
 2.83662454e-04 2.86617271e-04 2.89572089e-04 2.92526906e-04
 2.95481723e-04]
Frequencies: [4.08712526e+09 8.00723750e+07 5.18492590e+07 3.98781100e+07
 3.30790580e+07 2.84562610e+07 2.49129490e+07 2.19729600e+07
 1.94133240e+07 1.71585670e+07 1.52010600e+07 1.34732610e+07
 1.19737670e+07 1.06188730e+07 9.45256800e+06 8.40776600e+06
 7.47194900e+06 6.64723100e+06 5.91254000e+06 5.24868800e+06
 4.66181200e+06 4.14230600e+06 3.67452200e+06 3.27532100e+06
 2.92510800e+06 2.61778800e+06 2.35213300e+06 2.11915600e+06
 1.92053700e+06 1.75010300e+06 1.60048600e+06 1.46805300e+06
 1.34897100e+06 1.22515200e+06 1.10626900e+06 9.76784000e+05
 8.44015000e+05 7.24742000e+05 6.18150000e+05 5.29515000e+05
 4.51888000e+05 3.83769000e+05 3.27683000e+05 2.78691000e+05
 2.36399000e+05 2.02056000e+05 1.69905000e+05 1.43595000e+05
 1.21209000e+05 1.02706000e+05 8.66130000e+04 7.38540000e+04
 6.28900000e+04 5.29220000e+04 4.46860000e+04 3.83390000e+04
 3.22180000e+04 2.73060000e+04 2.28250000e+04 1.88500000e+04
 1.56610000e+04 1.33090000e+04 1.13970000e+04 9.74000000e+03
 8.26900000e+03 6.89100000e+03 5.79200000e+03 4.69100000e+03
 3.90000000e+03 3.15300000e+03 2.75100000e+03 2.24800000e+03
 1.87100000e+03 1.51900000e+03 1.35200000e+03 1.07400000e+03
 8.72000000e+02 7.70000000e+02 5.72000000e+02 5.36000000e+02
 4.13000000e+02 3.32000000e+02 3.54000000e+02 2.91000000e+02
 2.46000000e+02 2.06000000e+02 1.62000000e+02 1.13000000e+02
 9.80000000e+01 6.00000000e+01 4.60000000e+01 3.30000000e+01
 2.10000000e+01 1.80000000e+01 2.40000000e+01 2.10000000e+01
 1.30000000e+01 6.00000000e+00 7.00000000e+00 1.60000000e+01]
