Standard Deviation: 0.005010329375476531
Skewness: 0.15925750753624168
Kurtosis: -1.316002820822218
Median: 0.007436560280048837
Mean: 0.00809938923627474
Deciles: [0.0036369  0.01285689]
Minimum: 6.167814941535936e-10
Maximum: 0.023500498669980597
Bin Edges: [6.16781494e-10 2.35005597e-04 4.70010578e-04 7.05015558e-04
 9.40020539e-04 1.17502552e-03 1.41003050e-03 1.64503548e-03
 1.88004046e-03 2.11504544e-03 2.35005042e-03 2.58505540e-03
 2.82006038e-03 3.05506536e-03 3.29007034e-03 3.52507532e-03
 3.76008031e-03 3.99508529e-03 4.23009027e-03 4.46509525e-03
 4.70010023e-03 4.93510521e-03 5.17011019e-03 5.40511517e-03
 5.64012015e-03 5.87512513e-03 6.11013011e-03 6.34513509e-03
 6.58014007e-03 6.81514505e-03 7.05015003e-03 7.28515501e-03
 7.52015999e-03 7.75516497e-03 7.99016995e-03 8.22517494e-03
 8.46017992e-03 8.69518490e-03 8.93018988e-03 9.16519486e-03
 9.40019984e-03 9.63520482e-03 9.87020980e-03 1.01052148e-02
 1.03402198e-02 1.05752247e-02 1.08102297e-02 1.10452347e-02
 1.12802397e-02 1.15152447e-02 1.17502496e-02 1.19852546e-02
 1.22202596e-02 1.24552646e-02 1.26902696e-02 1.29252745e-02
 1.31602795e-02 1.33952845e-02 1.36302895e-02 1.38652945e-02
 1.41002994e-02 1.43353044e-02 1.45703094e-02 1.48053144e-02
 1.50403194e-02 1.52753244e-02 1.55103293e-02 1.57453343e-02
 1.59803393e-02 1.62153443e-02 1.64503493e-02 1.66853542e-02
 1.69203592e-02 1.71553642e-02 1.73903692e-02 1.76253742e-02
 1.78603791e-02 1.80953841e-02 1.83303891e-02 1.85653941e-02
 1.88003991e-02 1.90354040e-02 1.92704090e-02 1.95054140e-02
 1.97404190e-02 1.99754240e-02 2.02104289e-02 2.04454339e-02
 2.06804389e-02 2.09154439e-02 2.11504489e-02 2.13854538e-02
 2.16204588e-02 2.18554638e-02 2.20904688e-02 2.23254738e-02
 2.25604787e-02 2.27954837e-02 2.30304887e-02 2.32654937e-02
 2.35004987e-02]
Frequencies: [4.9160734e+07 6.7595054e+07 6.5789763e+07 5.8034662e+07 5.5204716e+07
 5.6475379e+07 6.0698465e+07 6.7330244e+07 7.5803295e+07 8.3750853e+07
 8.8942574e+07 9.1013629e+07 9.1558735e+07 9.0998617e+07 9.0267956e+07
 8.9370761e+07 8.8161649e+07 8.6608416e+07 8.4415193e+07 8.1406814e+07
 7.8166100e+07 7.5109291e+07 7.2187338e+07 6.9467166e+07 6.6730707e+07
 6.4192711e+07 6.1866427e+07 5.9541088e+07 5.7486719e+07 5.5616081e+07
 5.3820531e+07 5.2235772e+07 5.0828306e+07 4.9547515e+07 4.8427409e+07
 4.7637288e+07 4.7019761e+07 4.6651478e+07 4.6388528e+07 4.6142221e+07
 4.6071093e+07 4.6062802e+07 4.6114059e+07 4.6235360e+07 4.6486424e+07
 4.6912084e+07 4.7493308e+07 4.8290481e+07 4.9275543e+07 5.0517120e+07
 5.2029004e+07 5.3722210e+07 5.5596021e+07 5.7496405e+07 5.9456582e+07
 6.1515852e+07 6.3658546e+07 6.5778396e+07 6.7837466e+07 7.0004668e+07
 7.2206607e+07 7.4390471e+07 7.6552243e+07 7.8329993e+07 7.9084216e+07
 7.8065661e+07 7.4223941e+07 6.6871761e+07 5.6376341e+07 4.3886134e+07
 3.1529835e+07 2.1021317e+07 1.3248163e+07 8.1553620e+06 5.0602470e+06
 3.2437860e+06 2.1390260e+06 1.4497850e+06 1.0062200e+06 7.0458600e+05
 4.8659800e+05 3.3124000e+05 2.2164800e+05 1.4324600e+05 9.2775000e+04
 5.7964000e+04 3.6313000e+04 2.2702000e+04 1.5306000e+04 1.0525000e+04
 6.7030000e+03 4.2280000e+03 2.6120000e+03 1.5580000e+03 7.6200000e+02
 4.8000000e+02 1.5500000e+02 6.4000000e+01 4.6000000e+01 1.0000000e+01]
