Standard Deviation: 7.887706321325858
Skewness: 0.5925145885040344
Kurtosis: 0.1361849432747717
Median: 207.29228092530826
Mean: 209.32798924146934
Deciles: [203.73098789 214.49099451]
Minimum: 179.40194651879125
Maximum: 249.04743603096782
Bin Edges: [179.40194652 180.09840141 180.79485631 181.4913112  182.1877661
 182.88422099 183.58067589 184.27713078 184.97358568 185.67004057
 186.36649547 187.06295037 187.75940526 188.45586016 189.15231505
 189.84876995 190.54522484 191.24167974 191.93813463 192.63458953
 193.33104442 194.02749932 194.72395421 195.42040911 196.116864
 196.8133189  197.50977379 198.20622869 198.90268358 199.59913848
 200.29559337 200.99204827 201.68850316 202.38495806 203.08141295
 203.77786785 204.47432274 205.17077764 205.86723253 206.56368743
 207.26014232 207.95659722 208.65305211 209.34950701 210.0459619
 210.7424168  211.43887169 212.13532659 212.83178148 213.52823638
 214.22469127 214.92114617 215.61760107 216.31405596 217.01051086
 217.70696575 218.40342065 219.09987554 219.79633044 220.49278533
 221.18924023 221.88569512 222.58215002 223.27860491 223.97505981
 224.6715147  225.3679696  226.06442449 226.76087939 227.45733428
 228.15378918 228.85024407 229.54669897 230.24315386 230.93960876
 231.63606365 232.33251855 233.02897344 233.72542834 234.42188323
 235.11833813 235.81479302 236.51124792 237.20770281 237.90415771
 238.6006126  239.2970675  239.99352239 240.68997729 241.38643218
 242.08288708 242.77934197 243.47579687 244.17225177 244.86870666
 245.56516156 246.26161645 246.95807135 247.65452624 248.35098114
 249.04743603]
Frequencies: [8.84000000e+02 4.77700000e+03 1.55670000e+04 5.05520000e+04
 1.42927000e+05 3.68766000e+05 7.51511000e+05 1.20371600e+06
 1.69902500e+06 2.21177300e+06 2.64552100e+06 3.01080900e+06
 3.31525500e+06 3.46594500e+06 3.59167500e+06 3.78813200e+06
 4.02353900e+06 4.27166200e+06 4.63169000e+06 5.11478300e+06
 5.76151300e+06 6.69657300e+06 8.22382300e+06 1.06742360e+07
 1.47192060e+07 2.10602980e+07 3.02803460e+07 4.30092570e+07
 5.94363780e+07 7.94291000e+07 1.03329447e+08 1.31656954e+08
 1.64367123e+08 1.98937157e+08 2.29622975e+08 2.48576975e+08
 2.50356873e+08 2.33709928e+08 2.05208508e+08 1.73896572e+08
 1.47221313e+08 1.28194850e+08 1.16408346e+08 1.09830616e+08
 1.06291605e+08 1.03808816e+08 1.01831986e+08 9.99289890e+07
 9.77930910e+07 9.54825890e+07 9.27942970e+07 8.94554100e+07
 8.57650430e+07 8.15715250e+07 7.70382320e+07 7.24294300e+07
 6.77617790e+07 6.32556690e+07 5.88128000e+07 5.47505410e+07
 5.09376760e+07 4.70182970e+07 4.31738550e+07 3.94369680e+07
 3.57156080e+07 3.23030940e+07 2.90567490e+07 2.59447390e+07
 2.30235830e+07 1.97764120e+07 1.63927150e+07 1.40982020e+07
 1.20593450e+07 1.00565380e+07 8.38283300e+06 6.45570500e+06
 4.54518500e+06 3.12373100e+06 1.89908300e+06 1.18848200e+06
 7.85384000e+05 5.40089000e+05 3.98074000e+05 2.95969000e+05
 2.23108000e+05 1.72232000e+05 1.30542000e+05 9.74110000e+04
 7.13760000e+04 5.26150000e+04 4.03190000e+04 3.16160000e+04
 2.41590000e+04 1.72160000e+04 1.18250000e+04 8.07000000e+03
 4.31800000e+03 1.30200000e+03 6.69000000e+02 2.28000000e+02]
