Standard Deviation: 1.2745418438095562e-05
Skewness: 33.673374779597125
Kurtosis: 1690.6208730455182
Median: 5.322395562685958e-24
Mean: 9.598440431620591e-07
Deciles: [0.00000000e+00 1.88691704e-11]
Minimum: 0.0
Maximum: 0.002120148557392096
Bin Edges: [0.00000000e+00 2.12014856e-05 4.24029711e-05 6.36044567e-05
 8.48059423e-05 1.06007428e-04 1.27208913e-04 1.48410399e-04
 1.69611885e-04 1.90813370e-04 2.12014856e-04 2.33216341e-04
 2.54417827e-04 2.75619312e-04 2.96820798e-04 3.18022284e-04
 3.39223769e-04 3.60425255e-04 3.81626740e-04 4.02828226e-04
 4.24029711e-04 4.45231197e-04 4.66432683e-04 4.87634168e-04
 5.08835654e-04 5.30037139e-04 5.51238625e-04 5.72440110e-04
 5.93641596e-04 6.14843082e-04 6.36044567e-04 6.57246053e-04
 6.78447538e-04 6.99649024e-04 7.20850510e-04 7.42051995e-04
 7.63253481e-04 7.84454966e-04 8.05656452e-04 8.26857937e-04
 8.48059423e-04 8.69260909e-04 8.90462394e-04 9.11663880e-04
 9.32865365e-04 9.54066851e-04 9.75268336e-04 9.96469822e-04
 1.01767131e-03 1.03887279e-03 1.06007428e-03 1.08127576e-03
 1.10247725e-03 1.12367874e-03 1.14488022e-03 1.16608171e-03
 1.18728319e-03 1.20848468e-03 1.22968616e-03 1.25088765e-03
 1.27208913e-03 1.29329062e-03 1.31449211e-03 1.33569359e-03
 1.35689508e-03 1.37809656e-03 1.39929805e-03 1.42049953e-03
 1.44170102e-03 1.46290250e-03 1.48410399e-03 1.50530548e-03
 1.52650696e-03 1.54770845e-03 1.56890993e-03 1.59011142e-03
 1.61131290e-03 1.63251439e-03 1.65371587e-03 1.67491736e-03
 1.69611885e-03 1.71732033e-03 1.73852182e-03 1.75972330e-03
 1.78092479e-03 1.80212627e-03 1.82332776e-03 1.84452924e-03
 1.86573073e-03 1.88693222e-03 1.90813370e-03 1.92933519e-03
 1.95053667e-03 1.97173816e-03 1.99293964e-03 2.01414113e-03
 2.03534262e-03 2.05654410e-03 2.07774559e-03 2.09894707e-03
 2.12014856e-03]
Frequencies: [4.50025283e+09 1.65081900e+07 8.04326200e+06 5.04714500e+06
 3.10831500e+06 1.82148900e+06 1.18191400e+06 8.67429000e+05
 6.72941000e+05 5.37203000e+05 4.36071000e+05 3.60917000e+05
 3.01571000e+05 2.55859000e+05 2.18485000e+05 1.89001000e+05
 1.63536000e+05 1.43003000e+05 1.24080000e+05 1.07910000e+05
 9.60300000e+04 8.44390000e+04 7.48640000e+04 6.56920000e+04
 5.78360000e+04 5.15760000e+04 4.59760000e+04 4.06590000e+04
 3.63100000e+04 3.21170000e+04 2.88600000e+04 2.56310000e+04
 2.28320000e+04 2.02910000e+04 1.84420000e+04 1.61220000e+04
 1.46970000e+04 1.28650000e+04 1.16450000e+04 1.02940000e+04
 9.21000000e+03 8.03000000e+03 7.14100000e+03 6.43900000e+03
 5.75600000e+03 5.03700000e+03 4.42200000e+03 3.96200000e+03
 3.48100000e+03 3.00300000e+03 2.56500000e+03 2.32800000e+03
 1.99300000e+03 1.72800000e+03 1.44500000e+03 1.30300000e+03
 1.18600000e+03 9.95000000e+02 8.89000000e+02 7.43000000e+02
 6.60000000e+02 5.30000000e+02 4.59000000e+02 3.53000000e+02
 3.42000000e+02 2.69000000e+02 2.41000000e+02 2.07000000e+02
 1.70000000e+02 1.46000000e+02 9.00000000e+01 8.90000000e+01
 8.60000000e+01 5.90000000e+01 6.00000000e+01 3.80000000e+01
 4.50000000e+01 4.20000000e+01 3.10000000e+01 2.50000000e+01
 1.20000000e+01 1.10000000e+01 1.30000000e+01 3.00000000e+00
 6.00000000e+00 4.00000000e+00 2.00000000e+00 5.00000000e+00
 2.00000000e+00 3.00000000e+00 1.00000000e+00 2.00000000e+00
 3.00000000e+00 0.00000000e+00 2.00000000e+00 1.00000000e+00
 2.00000000e+00 0.00000000e+00 0.00000000e+00 1.00000000e+00]
