Standard Deviation: 11.909158599220827
Skewness: -1.0485680772141543
Kurtosis: 0.33166813040301113
Median: 260.2669349013046
Mean: 255.87773127558359
Deciles: [248.27066947 265.68598816]
Minimum: 203.2939114227953
Maximum: 279.5881262954439
Bin Edges: [203.29391142 204.05685357 204.81979572 205.58273787 206.34568002
 207.10862217 207.87156432 208.63450646 209.39744861 210.16039076
 210.92333291 211.68627506 212.44921721 213.21215936 213.9751015
 214.73804365 215.5009858  216.26392795 217.0268701  217.78981225
 218.5527544  219.31569655 220.07863869 220.84158084 221.60452299
 222.36746514 223.13040729 223.89334944 224.65629159 225.41923374
 226.18217588 226.94511803 227.70806018 228.47100233 229.23394448
 229.99688663 230.75982878 231.52277093 232.28571307 233.04865522
 233.81159737 234.57453952 235.33748167 236.10042382 236.86336597
 237.62630812 238.38925026 239.15219241 239.91513456 240.67807671
 241.44101886 242.20396101 242.96690316 243.72984531 244.49278745
 245.2557296  246.01867175 246.7816139  247.54455605 248.3074982
 249.07044035 249.8333825  250.59632464 251.35926679 252.12220894
 252.88515109 253.64809324 254.41103539 255.17397754 255.93691968
 256.69986183 257.46280398 258.22574613 258.98868828 259.75163043
 260.51457258 261.27751473 262.04045687 262.80339902 263.56634117
 264.32928332 265.09222547 265.85516762 266.61810977 267.38105192
 268.14399406 268.90693621 269.66987836 270.43282051 271.19576266
 271.95870481 272.72164696 273.48458911 274.24753125 275.0104734
 275.77341555 276.5363577  277.29929985 278.062242   278.82518415
 279.5881263 ]
Frequencies: [3.72000000e+02 1.89500000e+03 8.32500000e+03 3.01250000e+04
 7.93430000e+04 1.67992000e+05 3.16219000e+05 5.13512000e+05
 7.63192000e+05 1.05594000e+06 1.35750900e+06 1.61818700e+06
 1.88682700e+06 2.13227000e+06 2.36565800e+06 2.58700800e+06
 2.76771300e+06 2.94757900e+06 3.10999900e+06 3.28570000e+06
 3.43075300e+06 3.61812900e+06 3.81574200e+06 4.07159200e+06
 4.44981500e+06 4.96405600e+06 5.63912700e+06 6.50324100e+06
 7.69745000e+06 9.07780700e+06 1.07565130e+07 1.26468330e+07
 1.46951980e+07 1.67241680e+07 1.89930210e+07 2.12230270e+07
 2.34678800e+07 2.56242430e+07 2.77323310e+07 2.97495500e+07
 3.16543600e+07 3.34959830e+07 3.53908840e+07 3.71869320e+07
 3.87871400e+07 4.04169910e+07 4.19529930e+07 4.33592690e+07
 4.46218560e+07 4.58160420e+07 4.69609560e+07 4.81223890e+07
 4.92646560e+07 5.03955690e+07 5.14515310e+07 5.26279090e+07
 5.37057920e+07 5.48364560e+07 5.61111980e+07 5.76146130e+07
 5.92142840e+07 6.08017760e+07 6.25726570e+07 6.43897250e+07
 6.63783260e+07 6.85591900e+07 7.08756020e+07 7.29070870e+07
 7.48160960e+07 7.67803810e+07 7.87416040e+07 8.13236380e+07
 8.47386730e+07 8.91696890e+07 9.54553780e+07 1.04260993e+08
 1.15516325e+08 1.28972336e+08 1.47075415e+08 1.73657983e+08
 2.15687041e+08 2.91341801e+08 3.74727037e+08 3.44119879e+08
 2.03256312e+08 8.89771810e+07 3.32296250e+07 1.15910680e+07
 4.05643900e+06 1.47737900e+06 5.51255000e+05 2.01713000e+05
 7.33000000e+04 2.50600000e+04 7.97300000e+03 2.94400000e+03
 1.09700000e+03 2.97000000e+02 5.90000000e+01 2.20000000e+01]
