Standard Deviation: 8.615491085173526
Skewness: 0.7595048046851635
Kurtosis: -0.5396511058409184
Median: 204.66773465714675
Mean: 207.7128098397324
Deciles: [200.62854044 214.04766743]
Minimum: 178.65206439794176
Maximum: 237.76713435123023
Bin Edges: [178.6520644  179.2432151  179.8343658  180.4255165  181.0166672
 181.6078179  182.1989686  182.79011929 183.38126999 183.97242069
 184.56357139 185.15472209 185.74587279 186.33702349 186.92817419
 187.51932489 188.11047559 188.70162629 189.29277699 189.88392769
 190.47507839 191.06622909 191.65737979 192.24853049 192.83968119
 193.43083189 194.02198259 194.61313329 195.20428398 195.79543468
 196.38658538 196.97773608 197.56888678 198.16003748 198.75118818
 199.34233888 199.93348958 200.52464028 201.11579098 201.70694168
 202.29809238 202.88924308 203.48039378 204.07154448 204.66269518
 205.25384588 205.84499658 206.43614728 207.02729798 207.61844868
 208.20959937 208.80075007 209.39190077 209.98305147 210.57420217
 211.16535287 211.75650357 212.34765427 212.93880497 213.52995567
 214.12110637 214.71225707 215.30340777 215.89455847 216.48570917
 217.07685987 217.66801057 218.25916127 218.85031197 219.44146267
 220.03261337 220.62376406 221.21491476 221.80606546 222.39721616
 222.98836686 223.57951756 224.17066826 224.76181896 225.35296966
 225.94412036 226.53527106 227.12642176 227.71757246 228.30872316
 228.89987386 229.49102456 230.08217526 230.67332596 231.26447666
 231.85562736 232.44677806 233.03792875 233.62907945 234.22023015
 234.81138085 235.40253155 235.99368225 236.58483295 237.17598365
 237.76713435]
Frequencies: [3.60000000e+01 4.21000000e+02 1.24400000e+03 2.79500000e+03
 4.20400000e+03 7.49500000e+03 1.08470000e+04 1.48080000e+04
 1.93820000e+04 2.75060000e+04 4.27290000e+04 6.22100000e+04
 8.75490000e+04 1.24521000e+05 1.71743000e+05 2.37097000e+05
 3.34158000e+05 4.65422000e+05 6.43413000e+05 8.87321000e+05
 1.19959500e+06 1.59230300e+06 2.00989600e+06 2.45090800e+06
 2.86794500e+06 3.29681500e+06 3.81665900e+06 4.59522900e+06
 6.36248200e+06 1.07264440e+07 2.09671070e+07 4.26773320e+07
 8.27626400e+07 1.42875181e+08 2.11480332e+08 2.63467356e+08
 2.80554185e+08 2.64813386e+08 2.28222508e+08 1.87453699e+08
 1.54483809e+08 1.30744106e+08 1.14348969e+08 1.02842722e+08
 9.42668760e+07 8.77944440e+07 8.28052470e+07 7.89362690e+07
 7.59546770e+07 7.33333680e+07 7.10273670e+07 6.91568530e+07
 6.75459190e+07 6.62123100e+07 6.50547840e+07 6.41147550e+07
 6.31654630e+07 6.22263280e+07 6.14004670e+07 6.06364560e+07
 6.00394970e+07 5.93705590e+07 5.87895230e+07 5.81259580e+07
 5.74827300e+07 5.66389420e+07 5.56203520e+07 5.44299550e+07
 5.32386130e+07 5.18949710e+07 5.04429060e+07 4.88357020e+07
 4.70003550e+07 4.50436330e+07 4.32362220e+07 4.12865680e+07
 3.90682990e+07 3.68078120e+07 3.44301570e+07 3.17774920e+07
 2.88583760e+07 2.58582280e+07 2.28944160e+07 1.95291470e+07
 1.58737000e+07 1.20875160e+07 8.21559400e+06 5.04552800e+06
 2.84252300e+06 1.51742500e+06 7.75970000e+05 3.82091000e+05
 1.73323000e+05 8.48630000e+04 4.73730000e+04 2.67560000e+04
 1.27580000e+04 5.33400000e+03 3.68800000e+03 1.05300000e+03]
