Standard Deviation: 1.7740971356961262e-18
Skewness: 3.709132103956336
Kurtosis: 13.106602928565113
Median: 1.4012680932948991e-19
Mean: 6.876199058101686e-19
Deciles: [7.72980863e-20 2.61994428e-19]
Minimum: 1.6228658241405864e-26
Maximum: 3.0824375248619796e-17
Bin Edges: [1.62286582e-26 3.08243769e-19 6.16487521e-19 9.24731273e-19
 1.23297503e-18 1.54121878e-18 1.84946253e-18 2.15770628e-18
 2.46595003e-18 2.77419379e-18 3.08243754e-18 3.39068129e-18
 3.69892504e-18 4.00716880e-18 4.31541255e-18 4.62365630e-18
 4.93190005e-18 5.24014381e-18 5.54838756e-18 5.85663131e-18
 6.16487506e-18 6.47311882e-18 6.78136257e-18 7.08960632e-18
 7.39785007e-18 7.70609382e-18 8.01433758e-18 8.32258133e-18
 8.63082508e-18 8.93906883e-18 9.24731259e-18 9.55555634e-18
 9.86380009e-18 1.01720438e-17 1.04802876e-17 1.07885313e-17
 1.10967751e-17 1.14050189e-17 1.17132626e-17 1.20215064e-17
 1.23297501e-17 1.26379939e-17 1.29462376e-17 1.32544814e-17
 1.35627251e-17 1.38709689e-17 1.41792126e-17 1.44874564e-17
 1.47957001e-17 1.51039439e-17 1.54121876e-17 1.57204314e-17
 1.60286751e-17 1.63369189e-17 1.66451626e-17 1.69534064e-17
 1.72616501e-17 1.75698939e-17 1.78781377e-17 1.81863814e-17
 1.84946252e-17 1.88028689e-17 1.91111127e-17 1.94193564e-17
 1.97276002e-17 2.00358439e-17 2.03440877e-17 2.06523314e-17
 2.09605752e-17 2.12688189e-17 2.15770627e-17 2.18853064e-17
 2.21935502e-17 2.25017939e-17 2.28100377e-17 2.31182814e-17
 2.34265252e-17 2.37347689e-17 2.40430127e-17 2.43512564e-17
 2.46595002e-17 2.49677440e-17 2.52759877e-17 2.55842315e-17
 2.58924752e-17 2.62007190e-17 2.65089627e-17 2.68172065e-17
 2.71254502e-17 2.74336940e-17 2.77419377e-17 2.80501815e-17
 2.83584252e-17 2.86666690e-17 2.89749127e-17 2.92831565e-17
 2.95914002e-17 2.98996440e-17 3.02078877e-17 3.05161315e-17
 3.08243752e-17]
Frequencies: [3.46122955e+09 3.44417518e+08 2.12250061e+08 6.97885170e+07
 5.47562390e+07 3.92422750e+07 2.77173000e+07 1.61768570e+07
 1.05061760e+07 8.68949300e+06 8.01023700e+06 9.49146200e+06
 1.13067470e+07 1.08432760e+07 1.08872390e+07 1.06424550e+07
 1.02721040e+07 1.07759190e+07 1.22323660e+07 1.03203130e+07
 1.03911140e+07 1.05475350e+07 1.10627420e+07 1.26282910e+07
 1.43348590e+07 1.54589110e+07 2.05438280e+07 2.32852670e+07
 2.51625170e+07 1.75993410e+07 1.30424980e+07 9.38653400e+06
 5.10472200e+06 1.92067000e+06 6.12630000e+05 2.48572000e+05
 1.16952000e+05 5.84880000e+04 3.22590000e+04 2.16320000e+04
 1.53280000e+04 1.14690000e+04 8.77800000e+03 6.78100000e+03
 5.36000000e+03 4.25200000e+03 3.24700000e+03 2.44500000e+03
 1.88500000e+03 1.41300000e+03 1.14000000e+03 8.72000000e+02
 7.05000000e+02 6.64000000e+02 5.39000000e+02 4.41000000e+02
 3.43000000e+02 3.07000000e+02 2.64000000e+02 2.21000000e+02
 2.06000000e+02 1.91000000e+02 1.64000000e+02 1.62000000e+02
 1.35000000e+02 1.33000000e+02 1.23000000e+02 1.12000000e+02
 1.05000000e+02 9.10000000e+01 8.40000000e+01 5.70000000e+01
 5.80000000e+01 5.20000000e+01 4.70000000e+01 5.10000000e+01
 4.20000000e+01 2.80000000e+01 3.10000000e+01 1.60000000e+01
 1.50000000e+01 1.00000000e+01 2.40000000e+01 1.90000000e+01
 1.30000000e+01 9.00000000e+00 7.00000000e+00 9.00000000e+00
 1.30000000e+01 1.10000000e+01 4.00000000e+00 5.00000000e+00
 1.00000000e+01 9.00000000e+00 5.00000000e+00 4.00000000e+00
 6.00000000e+00 8.00000000e+00 1.00000000e+01 4.00000000e+00]
