Standard Deviation: 3.7938262402475753e-05
Skewness: 5.85991020752372
Kurtosis: 44.29905510184312
Median: 2.8028297991082115e-09
Mean: 1.0701313180309853e-05
Deciles: [4.44686837e-34 1.24994387e-06]
Minimum: 0.0
Maximum: 0.0014929097981164032
Bin Edges: [0.00000000e+00 1.49290980e-05 2.98581960e-05 4.47872939e-05
 5.97163919e-05 7.46454899e-05 8.95745879e-05 1.04503686e-04
 1.19432784e-04 1.34361882e-04 1.49290980e-04 1.64220078e-04
 1.79149176e-04 1.94078274e-04 2.09007372e-04 2.23936470e-04
 2.38865568e-04 2.53794666e-04 2.68723764e-04 2.83652862e-04
 2.98581960e-04 3.13511058e-04 3.28440156e-04 3.43369254e-04
 3.58298352e-04 3.73227450e-04 3.88156548e-04 4.03085645e-04
 4.18014743e-04 4.32943841e-04 4.47872939e-04 4.62802037e-04
 4.77731135e-04 4.92660233e-04 5.07589331e-04 5.22518429e-04
 5.37447527e-04 5.52376625e-04 5.67305723e-04 5.82234821e-04
 5.97163919e-04 6.12093017e-04 6.27022115e-04 6.41951213e-04
 6.56880311e-04 6.71809409e-04 6.86738507e-04 7.01667605e-04
 7.16596703e-04 7.31525801e-04 7.46454899e-04 7.61383997e-04
 7.76313095e-04 7.91242193e-04 8.06171291e-04 8.21100389e-04
 8.36029487e-04 8.50958585e-04 8.65887683e-04 8.80816781e-04
 8.95745879e-04 9.10674977e-04 9.25604075e-04 9.40533173e-04
 9.55462271e-04 9.70391369e-04 9.85320467e-04 1.00024956e-03
 1.01517866e-03 1.03010776e-03 1.04503686e-03 1.05996596e-03
 1.07489505e-03 1.08982415e-03 1.10475325e-03 1.11968235e-03
 1.13461145e-03 1.14954054e-03 1.16446964e-03 1.17939874e-03
 1.19432784e-03 1.20925694e-03 1.22418603e-03 1.23911513e-03
 1.25404423e-03 1.26897333e-03 1.28390243e-03 1.29883152e-03
 1.31376062e-03 1.32868972e-03 1.34361882e-03 1.35854792e-03
 1.37347701e-03 1.38840611e-03 1.40333521e-03 1.41826431e-03
 1.43319341e-03 1.44812250e-03 1.46305160e-03 1.47798070e-03
 1.49290980e-03]
Frequencies: [3.98366587e+09 1.55985822e+08 8.98965010e+07 6.19390830e+07
 4.59494100e+07 3.54567360e+07 2.80536370e+07 2.25945860e+07
 1.85159250e+07 1.53497280e+07 1.28487300e+07 1.08574490e+07
 9.22641900e+06 7.88859400e+06 6.76350400e+06 5.79900800e+06
 4.96457000e+06 4.24546000e+06 3.61810100e+06 3.06753900e+06
 2.59016200e+06 2.17613100e+06 1.81828000e+06 1.51186100e+06
 1.24447000e+06 1.01880600e+06 8.28293000e+05 6.68966000e+05
 5.35039000e+05 4.26207000e+05 3.40648000e+05 2.70581000e+05
 2.15221000e+05 1.70909000e+05 1.36564000e+05 1.09683000e+05
 8.80280000e+04 7.00700000e+04 5.65750000e+04 4.53710000e+04
 3.66440000e+04 2.94980000e+04 2.32330000e+04 1.83400000e+04
 1.45800000e+04 1.15430000e+04 9.28800000e+03 7.28400000e+03
 5.60500000e+03 4.58200000e+03 3.60500000e+03 2.73400000e+03
 2.07100000e+03 1.63200000e+03 1.21700000e+03 9.62000000e+02
 6.24000000e+02 5.24000000e+02 4.09000000e+02 3.03000000e+02
 2.00000000e+02 1.28000000e+02 9.90000000e+01 8.50000000e+01
 5.70000000e+01 4.10000000e+01 2.20000000e+01 2.90000000e+01
 2.60000000e+01 1.10000000e+01 1.90000000e+01 1.30000000e+01
 1.20000000e+01 1.10000000e+01 4.00000000e+00 7.00000000e+00
 3.00000000e+00 5.00000000e+00 4.00000000e+00 4.00000000e+00
 1.00000000e+00 0.00000000e+00 2.00000000e+00 0.00000000e+00
 0.00000000e+00 0.00000000e+00 0.00000000e+00 2.00000000e+00
 0.00000000e+00 0.00000000e+00 1.00000000e+00 0.00000000e+00
 0.00000000e+00 0.00000000e+00 1.00000000e+00 0.00000000e+00
 0.00000000e+00 0.00000000e+00 0.00000000e+00 1.00000000e+00]
