Standard Deviation: 3.8035770693297095e-05
Skewness: 5.410051495242153
Kurtosis: 36.81423216922976
Median: 2.4760324532209997e-09
Mean: 1.1110219244989263e-05
Deciles: [0.00000000e+00 1.31461844e-06]
Minimum: 0.0
Maximum: 0.001590225276945932
Bin Edges: [0.00000000e+00 1.59022528e-05 3.18045055e-05 4.77067583e-05
 6.36090111e-05 7.95112638e-05 9.54135166e-05 1.11315769e-04
 1.27218022e-04 1.43120275e-04 1.59022528e-04 1.74924780e-04
 1.90827033e-04 2.06729286e-04 2.22631539e-04 2.38533792e-04
 2.54436044e-04 2.70338297e-04 2.86240550e-04 3.02142803e-04
 3.18045055e-04 3.33947308e-04 3.49849561e-04 3.65751814e-04
 3.81654066e-04 3.97556319e-04 4.13458572e-04 4.29360825e-04
 4.45263078e-04 4.61165330e-04 4.77067583e-04 4.92969836e-04
 5.08872089e-04 5.24774341e-04 5.40676594e-04 5.56578847e-04
 5.72481100e-04 5.88383352e-04 6.04285605e-04 6.20187858e-04
 6.36090111e-04 6.51992364e-04 6.67894616e-04 6.83796869e-04
 6.99699122e-04 7.15601375e-04 7.31503627e-04 7.47405880e-04
 7.63308133e-04 7.79210386e-04 7.95112638e-04 8.11014891e-04
 8.26917144e-04 8.42819397e-04 8.58721650e-04 8.74623902e-04
 8.90526155e-04 9.06428408e-04 9.22330661e-04 9.38232913e-04
 9.54135166e-04 9.70037419e-04 9.85939672e-04 1.00184192e-03
 1.01774418e-03 1.03364643e-03 1.04954868e-03 1.06545094e-03
 1.08135319e-03 1.09725544e-03 1.11315769e-03 1.12905995e-03
 1.14496220e-03 1.16086445e-03 1.17676670e-03 1.19266896e-03
 1.20857121e-03 1.22447346e-03 1.24037572e-03 1.25627797e-03
 1.27218022e-03 1.28808247e-03 1.30398473e-03 1.31988698e-03
 1.33578923e-03 1.35169149e-03 1.36759374e-03 1.38349599e-03
 1.39939824e-03 1.41530050e-03 1.43120275e-03 1.44710500e-03
 1.46300725e-03 1.47890951e-03 1.49481176e-03 1.51071401e-03
 1.52661627e-03 1.54251852e-03 1.55842077e-03 1.57432302e-03
 1.59022528e-03]
Frequencies: [3.98267874e+09 1.53888113e+08 8.90171910e+07 6.23696870e+07
 4.70202390e+07 3.67928810e+07 2.94741590e+07 2.39882510e+07
 1.97422740e+07 1.63913010e+07 1.37003010e+07 1.15171760e+07
 9.70459700e+06 8.18146200e+06 6.89755900e+06 5.77863100e+06
 4.81232500e+06 3.97684500e+06 3.26054200e+06 2.64388300e+06
 2.11683000e+06 1.67748400e+06 1.31446600e+06 1.01561100e+06
 7.75396000e+05 5.89780000e+05 4.45415000e+05 3.36181000e+05
 2.54795000e+05 1.93163000e+05 1.47308000e+05 1.11916000e+05
 8.56870000e+04 6.54900000e+04 5.07580000e+04 3.91890000e+04
 3.05790000e+04 2.38460000e+04 1.83600000e+04 1.42890000e+04
 1.08090000e+04 8.21000000e+03 6.27800000e+03 4.59800000e+03
 3.31300000e+03 2.44700000e+03 1.65800000e+03 1.16600000e+03
 8.91000000e+02 5.95000000e+02 4.06000000e+02 2.74000000e+02
 1.77000000e+02 1.15000000e+02 9.20000000e+01 6.50000000e+01
 3.40000000e+01 3.70000000e+01 3.30000000e+01 2.00000000e+01
 1.60000000e+01 1.20000000e+01 1.00000000e+01 8.00000000e+00
 1.00000000e+01 2.00000000e+00 4.00000000e+00 4.00000000e+00
 3.00000000e+00 1.00000000e+00 2.00000000e+00 1.00000000e+00
 0.00000000e+00 2.00000000e+00 0.00000000e+00 1.00000000e+00
 1.00000000e+00 0.00000000e+00 0.00000000e+00 1.00000000e+00
 1.00000000e+00 0.00000000e+00 0.00000000e+00 0.00000000e+00
 0.00000000e+00 0.00000000e+00 0.00000000e+00 0.00000000e+00
 0.00000000e+00 0.00000000e+00 0.00000000e+00 0.00000000e+00
 0.00000000e+00 0.00000000e+00 0.00000000e+00 0.00000000e+00
 0.00000000e+00 0.00000000e+00 0.00000000e+00 1.00000000e+00]
