Standard Deviation: 6.227092583017317e-07
Skewness: 142.53530109088314
Kurtosis: 27559.528797706345
Median: 2.6683968908126976e-50
Mean: 1.018410513113768e-08
Deciles: [0.0000000e+00 1.0499794e-27]
Minimum: 0.0
Maximum: 0.0003044984579767277
Bin Edges: [0.00000000e+00 3.04498458e-06 6.08996916e-06 9.13495374e-06
 1.21799383e-05 1.52249229e-05 1.82699075e-05 2.13148921e-05
 2.43598766e-05 2.74048612e-05 3.04498458e-05 3.34948304e-05
 3.65398150e-05 3.95847995e-05 4.26297841e-05 4.56747687e-05
 4.87197533e-05 5.17647379e-05 5.48097224e-05 5.78547070e-05
 6.08996916e-05 6.39446762e-05 6.69896608e-05 7.00346453e-05
 7.30796299e-05 7.61246145e-05 7.91695991e-05 8.22145837e-05
 8.52595682e-05 8.83045528e-05 9.13495374e-05 9.43945220e-05
 9.74395066e-05 1.00484491e-04 1.03529476e-04 1.06574460e-04
 1.09619445e-04 1.12664429e-04 1.15709414e-04 1.18754399e-04
 1.21799383e-04 1.24844368e-04 1.27889352e-04 1.30934337e-04
 1.33979322e-04 1.37024306e-04 1.40069291e-04 1.43114275e-04
 1.46159260e-04 1.49204244e-04 1.52249229e-04 1.55294214e-04
 1.58339198e-04 1.61384183e-04 1.64429167e-04 1.67474152e-04
 1.70519136e-04 1.73564121e-04 1.76609106e-04 1.79654090e-04
 1.82699075e-04 1.85744059e-04 1.88789044e-04 1.91834029e-04
 1.94879013e-04 1.97923998e-04 2.00968982e-04 2.04013967e-04
 2.07058951e-04 2.10103936e-04 2.13148921e-04 2.16193905e-04
 2.19238890e-04 2.22283874e-04 2.25328859e-04 2.28373843e-04
 2.31418828e-04 2.34463813e-04 2.37508797e-04 2.40553782e-04
 2.43598766e-04 2.46643751e-04 2.49688736e-04 2.52733720e-04
 2.55778705e-04 2.58823689e-04 2.61868674e-04 2.64913658e-04
 2.67958643e-04 2.71003628e-04 2.74048612e-04 2.77093597e-04
 2.80138581e-04 2.83183566e-04 2.86228550e-04 2.89273535e-04
 2.92318520e-04 2.95363504e-04 2.98408489e-04 3.01453473e-04
 3.04498458e-04]
Frequencies: [4.53868929e+09 1.00183600e+06 4.37243000e+05 2.49891000e+05
 1.60885000e+05 1.11876000e+05 8.19820000e+04 6.35000000e+04
 4.96910000e+04 4.05350000e+04 3.34090000e+04 2.82840000e+04
 2.36240000e+04 2.03150000e+04 1.75780000e+04 1.57720000e+04
 1.39870000e+04 1.22170000e+04 1.09780000e+04 9.89200000e+03
 8.94700000e+03 8.01400000e+03 7.42000000e+03 6.66200000e+03
 6.29500000e+03 5.96800000e+03 5.34000000e+03 4.87000000e+03
 4.45200000e+03 4.07800000e+03 3.76900000e+03 3.46400000e+03
 3.31700000e+03 3.01400000e+03 2.75600000e+03 2.68300000e+03
 2.48300000e+03 2.25500000e+03 2.10100000e+03 1.94800000e+03
 1.93100000e+03 1.69500000e+03 1.60100000e+03 1.44600000e+03
 1.42000000e+03 1.36600000e+03 1.14300000e+03 1.13600000e+03
 9.48000000e+02 9.34000000e+02 8.20000000e+02 7.59000000e+02
 6.73000000e+02 6.25000000e+02 5.89000000e+02 5.39000000e+02
 4.84000000e+02 4.16000000e+02 3.89000000e+02 3.63000000e+02
 3.04000000e+02 2.38000000e+02 2.30000000e+02 1.91000000e+02
 1.67000000e+02 1.40000000e+02 1.30000000e+02 1.18000000e+02
 1.19000000e+02 9.30000000e+01 8.10000000e+01 4.70000000e+01
 4.90000000e+01 3.50000000e+01 2.60000000e+01 2.40000000e+01
 1.80000000e+01 1.90000000e+01 1.10000000e+01 9.00000000e+00
 1.10000000e+01 5.00000000e+00 1.00000000e+01 5.00000000e+00
 6.00000000e+00 7.00000000e+00 4.00000000e+00 2.00000000e+00
 0.00000000e+00 1.00000000e+00 0.00000000e+00 0.00000000e+00
 0.00000000e+00 1.00000000e+00 0.00000000e+00 1.00000000e+00
 0.00000000e+00 0.00000000e+00 0.00000000e+00 1.00000000e+00]
