Standard Deviation: 2.635868931788284e-28
Skewness: 43437.227510822486
Kurtosis: 2150800941.037888
Median: 0.0
Mean: 1.0001393828432243e-32
Deciles: [0. 0.]
Minimum: 0.0
Maximum: 1.4340036189631367e-23
Bin Edges: [0.00000000e+00 1.43400362e-25 2.86800724e-25 4.30201086e-25
 5.73601448e-25 7.17001809e-25 8.60402171e-25 1.00380253e-24
 1.14720290e-24 1.29060326e-24 1.43400362e-24 1.57740398e-24
 1.72080434e-24 1.86420470e-24 2.00760507e-24 2.15100543e-24
 2.29440579e-24 2.43780615e-24 2.58120651e-24 2.72460688e-24
 2.86800724e-24 3.01140760e-24 3.15480796e-24 3.29820832e-24
 3.44160869e-24 3.58500905e-24 3.72840941e-24 3.87180977e-24
 4.01521013e-24 4.15861049e-24 4.30201086e-24 4.44541122e-24
 4.58881158e-24 4.73221194e-24 4.87561230e-24 5.01901267e-24
 5.16241303e-24 5.30581339e-24 5.44921375e-24 5.59261411e-24
 5.73601448e-24 5.87941484e-24 6.02281520e-24 6.16621556e-24
 6.30961592e-24 6.45301629e-24 6.59641665e-24 6.73981701e-24
 6.88321737e-24 7.02661773e-24 7.17001809e-24 7.31341846e-24
 7.45681882e-24 7.60021918e-24 7.74361954e-24 7.88701990e-24
 8.03042027e-24 8.17382063e-24 8.31722099e-24 8.46062135e-24
 8.60402171e-24 8.74742208e-24 8.89082244e-24 9.03422280e-24
 9.17762316e-24 9.32102352e-24 9.46442389e-24 9.60782425e-24
 9.75122461e-24 9.89462497e-24 1.00380253e-23 1.01814257e-23
 1.03248261e-23 1.04682264e-23 1.06116268e-23 1.07550271e-23
 1.08984275e-23 1.10418279e-23 1.11852282e-23 1.13286286e-23
 1.14720290e-23 1.16154293e-23 1.17588297e-23 1.19022300e-23
 1.20456304e-23 1.21890308e-23 1.23324311e-23 1.24758315e-23
 1.26192318e-23 1.27626322e-23 1.29060326e-23 1.30494329e-23
 1.31928333e-23 1.33362337e-23 1.34796340e-23 1.36230344e-23
 1.37664347e-23 1.39098351e-23 1.40532355e-23 1.41966358e-23
 1.43400362e-23]
Frequencies: [4.54118398e+09 2.00000000e+00 2.00000000e+00 4.00000000e+00
 1.00000000e+00 0.00000000e+00 2.00000000e+00 1.00000000e+00
 0.00000000e+00 0.00000000e+00 1.00000000e+00 0.00000000e+00
 1.00000000e+00 0.00000000e+00 1.00000000e+00 0.00000000e+00
 1.00000000e+00 0.00000000e+00 0.00000000e+00 0.00000000e+00
 1.00000000e+00 0.00000000e+00 0.00000000e+00 0.00000000e+00
 0.00000000e+00 1.00000000e+00 0.00000000e+00 0.00000000e+00
 0.00000000e+00 0.00000000e+00 0.00000000e+00 0.00000000e+00
 0.00000000e+00 0.00000000e+00 0.00000000e+00 0.00000000e+00
 0.00000000e+00 0.00000000e+00 0.00000000e+00 0.00000000e+00
 0.00000000e+00 0.00000000e+00 0.00000000e+00 0.00000000e+00
 0.00000000e+00 0.00000000e+00 0.00000000e+00 0.00000000e+00
 0.00000000e+00 0.00000000e+00 0.00000000e+00 0.00000000e+00
 0.00000000e+00 0.00000000e+00 0.00000000e+00 0.00000000e+00
 0.00000000e+00 1.00000000e+00 0.00000000e+00 0.00000000e+00
 0.00000000e+00 0.00000000e+00 0.00000000e+00 0.00000000e+00
 0.00000000e+00 0.00000000e+00 0.00000000e+00 0.00000000e+00
 0.00000000e+00 0.00000000e+00 0.00000000e+00 0.00000000e+00
 0.00000000e+00 0.00000000e+00 0.00000000e+00 0.00000000e+00
 0.00000000e+00 0.00000000e+00 0.00000000e+00 0.00000000e+00
 0.00000000e+00 0.00000000e+00 0.00000000e+00 0.00000000e+00
 0.00000000e+00 0.00000000e+00 0.00000000e+00 0.00000000e+00
 0.00000000e+00 0.00000000e+00 0.00000000e+00 0.00000000e+00
 0.00000000e+00 0.00000000e+00 0.00000000e+00 0.00000000e+00
 0.00000000e+00 0.00000000e+00 0.00000000e+00 1.00000000e+00]
