Standard Deviation: 16.354030762115677
Skewness: 0.7038563771459093
Kurtosis: 0.3740845662100294
Median: 8.438940652897514
Mean: 10.959565674225725
Deciles: [-1.38399927 21.07563273]
Minimum: -60.10402049617994
Maximum: 116.73855293233304
Bin Edges: [-6.01040205e+01 -5.83355948e+01 -5.65671690e+01 -5.47987433e+01
 -5.30303176e+01 -5.12618918e+01 -4.94934661e+01 -4.77250404e+01
 -4.59566146e+01 -4.41881889e+01 -4.24197632e+01 -4.06513374e+01
 -3.88829117e+01 -3.71144860e+01 -3.53460602e+01 -3.35776345e+01
 -3.18092087e+01 -3.00407830e+01 -2.82723573e+01 -2.65039315e+01
 -2.47355058e+01 -2.29670801e+01 -2.11986543e+01 -1.94302286e+01
 -1.76618029e+01 -1.58933771e+01 -1.41249514e+01 -1.23565257e+01
 -1.05880999e+01 -8.81967420e+00 -7.05124847e+00 -5.28282273e+00
 -3.51439700e+00 -1.74597126e+00  2.24544695e-02  1.79088020e+00
  3.55930594e+00  5.32773167e+00  7.09615741e+00  8.86458314e+00
  1.06330089e+01  1.24014346e+01  1.41698603e+01  1.59382861e+01
  1.77067118e+01  1.94751375e+01  2.12435633e+01  2.30119890e+01
  2.47804147e+01  2.65488405e+01  2.83172662e+01  3.00856920e+01
  3.18541177e+01  3.36225434e+01  3.53909692e+01  3.71593949e+01
  3.89278206e+01  4.06962464e+01  4.24646721e+01  4.42330978e+01
  4.60015236e+01  4.77699493e+01  4.95383750e+01  5.13068008e+01
  5.30752265e+01  5.48436522e+01  5.66120780e+01  5.83805037e+01
  6.01489294e+01  6.19173552e+01  6.36857809e+01  6.54542066e+01
  6.72226324e+01  6.89910581e+01  7.07594838e+01  7.25279096e+01
  7.42963353e+01  7.60647610e+01  7.78331868e+01  7.96016125e+01
  8.13700382e+01  8.31384640e+01  8.49068897e+01  8.66753154e+01
  8.84437412e+01  9.02121669e+01  9.19805927e+01  9.37490184e+01
  9.55174441e+01  9.72858699e+01  9.90542956e+01  1.00822721e+02
  1.02591147e+02  1.04359573e+02  1.06127999e+02  1.07896424e+02
  1.09664850e+02  1.11433276e+02  1.13201701e+02  1.14970127e+02
  1.16738553e+02]
Frequencies: [8.30000000e+01 2.90000000e+02 7.72000000e+02 1.59700000e+03
 3.26000000e+03 5.72700000e+03 1.03810000e+04 1.79270000e+04
 2.86140000e+04 4.15490000e+04 6.38470000e+04 9.46140000e+04
 1.38283000e+05 2.02108000e+05 2.95580000e+05 4.31350000e+05
 6.32928000e+05 9.29317000e+05 1.40828200e+06 2.19814400e+06
 3.46555700e+06 5.60197400e+06 9.16484900e+06 1.49872210e+07
 2.42847010e+07 3.87483370e+07 5.93018940e+07 8.62719380e+07
 1.17683119e+08 1.48920519e+08 1.75537900e+08 1.94924263e+08
 2.06730445e+08 2.12046209e+08 2.12271172e+08 2.08866769e+08
 2.03493118e+08 1.96980391e+08 1.89825273e+08 1.82380794e+08
 1.74468382e+08 1.66348526e+08 1.57976729e+08 1.49320354e+08
 1.40420043e+08 1.31463937e+08 1.22425503e+08 1.13269016e+08
 1.04115768e+08 9.51327900e+07 8.64452470e+07 7.81671070e+07
 7.03065610e+07 6.28217410e+07 5.58720160e+07 4.94009710e+07
 4.33350780e+07 3.77578060e+07 3.27614700e+07 2.82682110e+07
 2.42269570e+07 2.06510170e+07 1.74848370e+07 1.47401540e+07
 1.23561900e+07 1.02873380e+07 8.51709800e+06 7.00391400e+06
 5.74648400e+06 4.66931200e+06 3.77170000e+06 3.04012400e+06
 2.42275800e+06 1.92353800e+06 1.50701400e+06 1.16746700e+06
 9.10762000e+05 6.98672000e+05 5.32734000e+05 4.00828000e+05
 3.02095000e+05 2.23867000e+05 1.65013000e+05 1.19953000e+05
 8.44010000e+04 5.72860000e+04 3.99540000e+04 2.72580000e+04
 1.66540000e+04 9.83000000e+03 4.82200000e+03 2.36900000e+03
 1.13300000e+03 8.54000000e+02 4.70000000e+02 2.19000000e+02
 1.67000000e+02 1.65000000e+02 1.20000000e+02 1.20000000e+02]
