Standard Deviation: 12.70027066554003
Skewness: 0.3490011552531939
Kurtosis: -1.0898604205961167
Median: 200.861296048575
Mean: 203.1663377353187
Deciles: [192.03544034 214.05814535]
Minimum: 172.28679817159727
Maximum: 243.86792519670726
Bin Edges: [172.28679817 173.00260944 173.71842071 174.43423198 175.15004325
 175.86585452 176.58166579 177.29747706 178.01328833 178.7290996
 179.44491087 180.16072214 180.87653341 181.59234468 182.30815596
 183.02396723 183.7397785  184.45558977 185.17140104 185.88721231
 186.60302358 187.31883485 188.03464612 188.75045739 189.46626866
 190.18207993 190.8978912  191.61370247 192.32951374 193.04532501
 193.76113628 194.47694755 195.19275882 195.90857009 196.62438136
 197.34019263 198.0560039  198.77181517 199.48762644 200.20343771
 200.91924898 201.63506025 202.35087152 203.06668279 203.78249406
 204.49830533 205.2141166  205.92992787 206.64573914 207.36155041
 208.07736168 208.79317295 209.50898422 210.22479549 210.94060677
 211.65641804 212.37222931 213.08804058 213.80385185 214.51966312
 215.23547439 215.95128566 216.66709693 217.3829082  218.09871947
 218.81453074 219.53034201 220.24615328 220.96196455 221.67777582
 222.39358709 223.10939836 223.82520963 224.5410209  225.25683217
 225.97264344 226.68845471 227.40426598 228.12007725 228.83588852
 229.55169979 230.26751106 230.98332233 231.6991336  232.41494487
 233.13075614 233.84656741 234.56237868 235.27818995 235.99400122
 236.70981249 237.42562376 238.14143503 238.8572463  239.57305758
 240.28886885 241.00468012 241.72049139 242.43630266 243.15211393
 243.8679252 ]
Frequencies: [1.69000000e+02 1.45700000e+03 5.49900000e+03 1.97810000e+04
 5.26440000e+04 1.16547000e+05 2.31795000e+05 4.57992000e+05
 8.78934000e+05 1.57928800e+06 2.60768300e+06 4.13834900e+06
 6.30627700e+06 9.31142300e+06 1.34680500e+07 1.91458390e+07
 2.67971760e+07 3.66198110e+07 4.85411980e+07 6.22831160e+07
 7.71803080e+07 9.25834240e+07 1.07578515e+08 1.21189740e+08
 1.32628606e+08 1.40759764e+08 1.44896556e+08 1.45490920e+08
 1.41694699e+08 1.33526542e+08 1.21793084e+08 1.08306636e+08
 9.53475690e+07 8.43545190e+07 7.58554100e+07 6.99205240e+07
 6.58358800e+07 6.30192230e+07 6.10874240e+07 5.97829330e+07
 5.88691380e+07 5.82781030e+07 5.80177960e+07 5.78202160e+07
 5.77597310e+07 5.79392580e+07 5.83279130e+07 5.87956090e+07
 5.95327790e+07 6.03498550e+07 6.12746180e+07 6.24053890e+07
 6.35844460e+07 6.48476390e+07 6.58887530e+07 6.68030070e+07
 6.74502480e+07 6.81792420e+07 6.88335470e+07 6.91905250e+07
 6.91604020e+07 6.89127220e+07 6.83500110e+07 6.73800900e+07
 6.60460570e+07 6.42493270e+07 6.20008480e+07 5.93017420e+07
 5.63669690e+07 5.31683280e+07 4.99308160e+07 4.68813610e+07
 4.38803660e+07 4.03223410e+07 3.67031030e+07 3.27653380e+07
 2.92153200e+07 2.57366520e+07 2.20019010e+07 1.83480860e+07
 1.48093120e+07 1.06220380e+07 6.73167700e+06 3.81209200e+06
 2.06478700e+06 1.17201800e+06 6.65343000e+05 3.94852000e+05
 2.42424000e+05 1.37024000e+05 8.28510000e+04 5.69350000e+04
 4.45540000e+04 3.47820000e+04 2.40920000e+04 1.42650000e+04
 6.19400000e+03 2.49100000e+03 9.77000000e+02 3.96000000e+02]
