Standard Deviation: 7.012091317202881e-05
Skewness: 4.461862118889602
Kurtosis: 28.25998792769517
Median: 3.132642160376668e-06
Mean: 3.36989693238435e-05
Deciles: [0.00000000e+00 3.94570078e-05]
Minimum: 0.0
Maximum: 0.0011219222346962648
Bin Edges: [0.00000000e+00 1.12192223e-05 2.24384447e-05 3.36576670e-05
 4.48768894e-05 5.60961117e-05 6.73153341e-05 7.85345564e-05
 8.97537788e-05 1.00973001e-04 1.12192223e-04 1.23411446e-04
 1.34630668e-04 1.45849891e-04 1.57069113e-04 1.68288335e-04
 1.79507558e-04 1.90726780e-04 2.01946002e-04 2.13165225e-04
 2.24384447e-04 2.35603669e-04 2.46822892e-04 2.58042114e-04
 2.69261336e-04 2.80480559e-04 2.91699781e-04 3.02919003e-04
 3.14138226e-04 3.25357448e-04 3.36576670e-04 3.47795893e-04
 3.59015115e-04 3.70234337e-04 3.81453560e-04 3.92672782e-04
 4.03892004e-04 4.15111227e-04 4.26330449e-04 4.37549672e-04
 4.48768894e-04 4.59988116e-04 4.71207339e-04 4.82426561e-04
 4.93645783e-04 5.04865006e-04 5.16084228e-04 5.27303450e-04
 5.38522673e-04 5.49741895e-04 5.60961117e-04 5.72180340e-04
 5.83399562e-04 5.94618784e-04 6.05838007e-04 6.17057229e-04
 6.28276451e-04 6.39495674e-04 6.50714896e-04 6.61934118e-04
 6.73153341e-04 6.84372563e-04 6.95591786e-04 7.06811008e-04
 7.18030230e-04 7.29249453e-04 7.40468675e-04 7.51687897e-04
 7.62907120e-04 7.74126342e-04 7.85345564e-04 7.96564787e-04
 8.07784009e-04 8.19003231e-04 8.30222454e-04 8.41441676e-04
 8.52660898e-04 8.63880121e-04 8.75099343e-04 8.86318565e-04
 8.97537788e-04 9.08757010e-04 9.19976232e-04 9.31195455e-04
 9.42414677e-04 9.53633899e-04 9.64853122e-04 9.76072344e-04
 9.87291567e-04 9.98510789e-04 1.00973001e-03 1.02094923e-03
 1.03216846e-03 1.04338768e-03 1.05460690e-03 1.06582612e-03
 1.07704535e-03 1.08826457e-03 1.09948379e-03 1.11070301e-03
 1.12192223e-03]
Frequencies: [2.57827988e+09 3.79213109e+08 3.12642787e+08 2.47630680e+08
 1.91628290e+08 1.47998988e+08 1.14803419e+08 8.97033860e+07
 7.07555400e+07 5.64617940e+07 4.56111700e+07 3.73346140e+07
 3.09232180e+07 2.59193460e+07 2.19705860e+07 1.88075540e+07
 1.62647130e+07 1.41841860e+07 1.24609330e+07 1.10311930e+07
 9.83375500e+06 8.80903100e+06 7.92628000e+06 7.17177500e+06
 6.50693900e+06 5.93204800e+06 5.41145400e+06 4.95790600e+06
 4.55028800e+06 4.18550700e+06 3.85621800e+06 3.55831000e+06
 3.29153800e+06 3.04662600e+06 2.82566300e+06 2.62311700e+06
 2.43458500e+06 2.26018200e+06 2.10063600e+06 1.95218700e+06
 1.81832900e+06 1.68967800e+06 1.57287500e+06 1.46671200e+06
 1.36550900e+06 1.27372800e+06 1.18861300e+06 1.10619000e+06
 1.03110300e+06 9.59160000e+05 8.95981000e+05 8.32303000e+05
 7.73641000e+05 7.19249000e+05 6.67715000e+05 6.19333000e+05
 5.73730000e+05 5.31805000e+05 4.91332000e+05 4.51881000e+05
 4.16623000e+05 3.83658000e+05 3.52371000e+05 3.23553000e+05
 2.96650000e+05 2.71981000e+05 2.49355000e+05 2.29570000e+05
 2.08223000e+05 1.89517000e+05 1.73143000e+05 1.56607000e+05
 1.41094000e+05 1.27026000e+05 1.13881000e+05 1.02063000e+05
 9.03540000e+04 8.01540000e+04 7.05790000e+04 6.11750000e+04
 5.28350000e+04 4.51790000e+04 3.80200000e+04 3.12080000e+04
 2.53650000e+04 2.01990000e+04 1.58140000e+04 1.15000000e+04
 7.89200000e+03 4.93100000e+03 2.74300000e+03 1.37000000e+03
 5.85000000e+02 3.21000000e+02 1.07000000e+02 3.30000000e+01
 1.00000000e+01 7.00000000e+00 5.00000000e+00 3.00000000e+00]
