Standard Deviation: 2.155630539983137e-06
Skewness: 270.1478944801881
Kurtosis: 103367.66771796989
Median: 0.0
Mean: 2.0133610930240453e-08
Deciles: [0. 0.]
Minimum: 0.0
Maximum: 0.0023502175581107307
Bin Edges: [0.00000000e+00 2.35021756e-05 4.70043512e-05 7.05065267e-05
 9.40087023e-05 1.17510878e-04 1.41013053e-04 1.64515229e-04
 1.88017405e-04 2.11519580e-04 2.35021756e-04 2.58523931e-04
 2.82026107e-04 3.05528283e-04 3.29030458e-04 3.52532634e-04
 3.76034809e-04 3.99536985e-04 4.23039160e-04 4.46541336e-04
 4.70043512e-04 4.93545687e-04 5.17047863e-04 5.40550038e-04
 5.64052214e-04 5.87554390e-04 6.11056565e-04 6.34558741e-04
 6.58060916e-04 6.81563092e-04 7.05065267e-04 7.28567443e-04
 7.52069619e-04 7.75571794e-04 7.99073970e-04 8.22576145e-04
 8.46078321e-04 8.69580497e-04 8.93082672e-04 9.16584848e-04
 9.40087023e-04 9.63589199e-04 9.87091374e-04 1.01059355e-03
 1.03409573e-03 1.05759790e-03 1.08110008e-03 1.10460225e-03
 1.12810443e-03 1.15160660e-03 1.17510878e-03 1.19861095e-03
 1.22211313e-03 1.24561531e-03 1.26911748e-03 1.29261966e-03
 1.31612183e-03 1.33962401e-03 1.36312618e-03 1.38662836e-03
 1.41013053e-03 1.43363271e-03 1.45713489e-03 1.48063706e-03
 1.50413924e-03 1.52764141e-03 1.55114359e-03 1.57464576e-03
 1.59814794e-03 1.62165012e-03 1.64515229e-03 1.66865447e-03
 1.69215664e-03 1.71565882e-03 1.73916099e-03 1.76266317e-03
 1.78616534e-03 1.80966752e-03 1.83316970e-03 1.85667187e-03
 1.88017405e-03 1.90367622e-03 1.92717840e-03 1.95068057e-03
 1.97418275e-03 1.99768492e-03 2.02118710e-03 2.04468928e-03
 2.06819145e-03 2.09169363e-03 2.11519580e-03 2.13869798e-03
 2.16220015e-03 2.18570233e-03 2.20920450e-03 2.23270668e-03
 2.25620886e-03 2.27971103e-03 2.30321321e-03 2.32671538e-03
 2.35021756e-03]
Frequencies: [4.5406316e+09 2.1128800e+05 9.1345000e+04 5.3877000e+04 3.6786000e+04
 2.6952000e+04 2.0263000e+04 1.5890000e+04 1.2769000e+04 1.0627000e+04
 8.8290000e+03 7.5850000e+03 6.4570000e+03 5.6300000e+03 4.8650000e+03
 4.1920000e+03 3.7230000e+03 3.1980000e+03 2.9460000e+03 2.6210000e+03
 2.3370000e+03 2.0810000e+03 1.8400000e+03 1.6560000e+03 1.5020000e+03
 1.2780000e+03 1.2280000e+03 1.1050000e+03 9.6800000e+02 8.6400000e+02
 7.5500000e+02 7.3300000e+02 6.5000000e+02 5.6700000e+02 4.7800000e+02
 4.4300000e+02 4.4500000e+02 4.0600000e+02 3.2400000e+02 3.0600000e+02
 2.4200000e+02 2.6000000e+02 2.1500000e+02 1.6300000e+02 1.8400000e+02
 1.7900000e+02 1.5300000e+02 1.1000000e+02 1.2100000e+02 1.0300000e+02
 8.1000000e+01 1.0000000e+02 9.0000000e+01 7.1000000e+01 6.7000000e+01
 5.3000000e+01 4.3000000e+01 5.7000000e+01 4.3000000e+01 2.8000000e+01
 2.7000000e+01 2.2000000e+01 2.0000000e+01 1.8000000e+01 1.6000000e+01
 1.0000000e+01 1.1000000e+01 4.0000000e+00 1.1000000e+01 5.0000000e+00
 1.3000000e+01 6.0000000e+00 8.0000000e+00 4.0000000e+00 6.0000000e+00
 8.0000000e+00 6.0000000e+00 3.0000000e+00 1.0000000e+00 6.0000000e+00
 3.0000000e+00 2.0000000e+00 2.0000000e+00 2.0000000e+00 2.0000000e+00
 0.0000000e+00 3.0000000e+00 2.0000000e+00 2.0000000e+00 2.0000000e+00
 1.0000000e+00 1.0000000e+00 1.0000000e+00 0.0000000e+00 1.0000000e+00
 0.0000000e+00 0.0000000e+00 0.0000000e+00 0.0000000e+00 1.0000000e+00]
