Standard Deviation: 0.004108079433533672
Skewness: 0.3336125334851323
Kurtosis: -1.1417130049463766
Median: 0.005330805019010004
Mean: 0.00608095077669342
Deciles: [0.00245627 0.00964623]
Minimum: 1e-12
Maximum: 0.02132837542823872
Bin Edges: [1.00000000e-12 2.13283755e-04 4.26567510e-04 6.39851264e-04
 8.53135018e-04 1.06641877e-03 1.27970253e-03 1.49298628e-03
 1.70627004e-03 1.91955379e-03 2.13283754e-03 2.34612130e-03
 2.55940505e-03 2.77268881e-03 2.98597256e-03 3.19925632e-03
 3.41254007e-03 3.62582382e-03 3.83910758e-03 4.05239133e-03
 4.26567509e-03 4.47895884e-03 4.69224259e-03 4.90552635e-03
 5.11881010e-03 5.33209386e-03 5.54537761e-03 5.75866137e-03
 5.97194512e-03 6.18522887e-03 6.39851263e-03 6.61179638e-03
 6.82508014e-03 7.03836389e-03 7.25164765e-03 7.46493140e-03
 7.67821515e-03 7.89149891e-03 8.10478266e-03 8.31806642e-03
 8.53135017e-03 8.74463393e-03 8.95791768e-03 9.17120143e-03
 9.38448519e-03 9.59776894e-03 9.81105270e-03 1.00243365e-02
 1.02376202e-02 1.04509040e-02 1.06641877e-02 1.08774715e-02
 1.10907552e-02 1.13040390e-02 1.15173227e-02 1.17306065e-02
 1.19438902e-02 1.21571740e-02 1.23704577e-02 1.25837415e-02
 1.27970253e-02 1.30103090e-02 1.32235928e-02 1.34368765e-02
 1.36501603e-02 1.38634440e-02 1.40767278e-02 1.42900115e-02
 1.45032953e-02 1.47165790e-02 1.49298628e-02 1.51431466e-02
 1.53564303e-02 1.55697141e-02 1.57829978e-02 1.59962816e-02
 1.62095653e-02 1.64228491e-02 1.66361328e-02 1.68494166e-02
 1.70627003e-02 1.72759841e-02 1.74892679e-02 1.77025516e-02
 1.79158354e-02 1.81291191e-02 1.83424029e-02 1.85556866e-02
 1.87689704e-02 1.89822541e-02 1.91955379e-02 1.94088216e-02
 1.96221054e-02 1.98353891e-02 2.00486729e-02 2.02619567e-02
 2.04752404e-02 2.06885242e-02 2.09018079e-02 2.11150917e-02
 2.13283754e-02]
Frequencies: [6.87258510e+07 9.69606190e+07 1.03529137e+08 1.00648643e+08
 9.87741010e+07 1.00186774e+08 1.01918394e+08 1.03168624e+08
 1.03608785e+08 1.03465329e+08 1.02228681e+08 1.00311735e+08
 9.81263980e+07 9.56656990e+07 9.33235880e+07 9.10142240e+07
 8.87980980e+07 8.67380290e+07 8.47516530e+07 8.25825740e+07
 7.99387220e+07 7.67197880e+07 7.32517520e+07 6.98257150e+07
 6.67247510e+07 6.40765110e+07 6.17500300e+07 5.98164200e+07
 5.81331670e+07 5.66878300e+07 5.55911000e+07 5.47533120e+07
 5.40848640e+07 5.36876330e+07 5.34743290e+07 5.35547720e+07
 5.37019080e+07 5.39294300e+07 5.42245840e+07 5.45157540e+07
 5.50152080e+07 5.54774740e+07 5.59850050e+07 5.64710090e+07
 5.69621090e+07 5.73877540e+07 5.77645420e+07 5.80090340e+07
 5.81642090e+07 5.82347790e+07 5.82297100e+07 5.81340760e+07
 5.79631140e+07 5.77614930e+07 5.75162560e+07 5.72889480e+07
 5.71099620e+07 5.68892460e+07 5.63345240e+07 5.51678960e+07
 5.30497850e+07 4.95957920e+07 4.45657650e+07 3.80809110e+07
 3.05786430e+07 2.29146570e+07 1.60212450e+07 1.05628870e+07
 6.70562900e+06 4.26786100e+06 2.82026200e+06 1.97146000e+06
 1.43533200e+06 1.05853500e+06 7.91122000e+05 5.83509000e+05
 4.20630000e+05 2.98248000e+05 2.07884000e+05 1.44105000e+05
 9.73890000e+04 6.45710000e+04 4.09970000e+04 2.56680000e+04
 1.59320000e+04 1.00860000e+04 6.37800000e+03 4.13700000e+03
 2.69200000e+03 2.09200000e+03 1.43700000e+03 1.08700000e+03
 7.98000000e+02 5.12000000e+02 1.95000000e+02 5.20000000e+01
 2.80000000e+01 1.80000000e+01 5.00000000e+00 8.00000000e+00]
