Standard Deviation: 3.7334710152338276e-06
Skewness: 137.28300327344013
Kurtosis: 26681.65929267526
Median: 0.0
Mean: 6.602694058363836e-08
Deciles: [0. 0.]
Minimum: 0.0
Maximum: 0.0023324645374912896
Bin Edges: [0.00000000e+00 2.33246454e-05 4.66492907e-05 6.99739361e-05
 9.32985815e-05 1.16623227e-04 1.39947872e-04 1.63272518e-04
 1.86597163e-04 2.09921808e-04 2.33246454e-04 2.56571099e-04
 2.79895744e-04 3.03220390e-04 3.26545035e-04 3.49869681e-04
 3.73194326e-04 3.96518971e-04 4.19843617e-04 4.43168262e-04
 4.66492907e-04 4.89817553e-04 5.13142198e-04 5.36466844e-04
 5.59791489e-04 5.83116134e-04 6.06440780e-04 6.29765425e-04
 6.53090070e-04 6.76414716e-04 6.99739361e-04 7.23064007e-04
 7.46388652e-04 7.69713297e-04 7.93037943e-04 8.16362588e-04
 8.39687233e-04 8.63011879e-04 8.86336524e-04 9.09661170e-04
 9.32985815e-04 9.56310460e-04 9.79635106e-04 1.00295975e-03
 1.02628440e-03 1.04960904e-03 1.07293369e-03 1.09625833e-03
 1.11958298e-03 1.14290762e-03 1.16623227e-03 1.18955691e-03
 1.21288156e-03 1.23620620e-03 1.25953085e-03 1.28285550e-03
 1.30618014e-03 1.32950479e-03 1.35282943e-03 1.37615408e-03
 1.39947872e-03 1.42280337e-03 1.44612801e-03 1.46945266e-03
 1.49277730e-03 1.51610195e-03 1.53942659e-03 1.56275124e-03
 1.58607589e-03 1.60940053e-03 1.63272518e-03 1.65604982e-03
 1.67937447e-03 1.70269911e-03 1.72602376e-03 1.74934840e-03
 1.77267305e-03 1.79599769e-03 1.81932234e-03 1.84264698e-03
 1.86597163e-03 1.88929628e-03 1.91262092e-03 1.93594557e-03
 1.95927021e-03 1.98259486e-03 2.00591950e-03 2.02924415e-03
 2.05256879e-03 2.07589344e-03 2.09921808e-03 2.12254273e-03
 2.14586737e-03 2.16919202e-03 2.19251667e-03 2.21584131e-03
 2.23916596e-03 2.26249060e-03 2.28581525e-03 2.30913989e-03
 2.33246454e-03]
Frequencies: [4.53934383e+09 7.22713000e+05 2.89708000e+05 1.69775000e+05
 1.17628000e+05 8.57800000e+04 6.73040000e+04 5.41220000e+04
 4.47790000e+04 3.75730000e+04 3.24310000e+04 2.77620000e+04
 2.42520000e+04 2.11590000e+04 1.80340000e+04 1.59400000e+04
 1.38590000e+04 1.21410000e+04 1.05390000e+04 9.07500000e+03
 7.80500000e+03 6.99300000e+03 6.19800000e+03 5.20600000e+03
 4.60500000e+03 4.17200000e+03 3.60100000e+03 3.17500000e+03
 2.85800000e+03 2.43900000e+03 2.11400000e+03 1.87900000e+03
 1.58200000e+03 1.41200000e+03 1.28500000e+03 1.21300000e+03
 1.02300000e+03 8.79000000e+02 8.19000000e+02 6.99000000e+02
 6.76000000e+02 5.82000000e+02 5.14000000e+02 4.41000000e+02
 3.90000000e+02 3.49000000e+02 3.01000000e+02 3.04000000e+02
 2.53000000e+02 1.99000000e+02 2.05000000e+02 1.61000000e+02
 1.55000000e+02 1.13000000e+02 1.35000000e+02 1.09000000e+02
 8.40000000e+01 8.20000000e+01 8.60000000e+01 6.40000000e+01
 5.10000000e+01 3.90000000e+01 5.90000000e+01 3.60000000e+01
 3.50000000e+01 3.60000000e+01 2.50000000e+01 3.00000000e+01
 1.30000000e+01 1.00000000e+01 1.20000000e+01 1.20000000e+01
 1.10000000e+01 6.00000000e+00 1.30000000e+01 4.00000000e+00
 2.00000000e+00 6.00000000e+00 3.00000000e+00 5.00000000e+00
 9.00000000e+00 4.00000000e+00 5.00000000e+00 1.00000000e+00
 4.00000000e+00 1.00000000e+00 1.00000000e+00 1.00000000e+00
 2.00000000e+00 0.00000000e+00 0.00000000e+00 0.00000000e+00
 0.00000000e+00 0.00000000e+00 0.00000000e+00 0.00000000e+00
 0.00000000e+00 0.00000000e+00 1.00000000e+00 2.00000000e+00]
