Standard Deviation: 1.056182439278685e-06
Skewness: 61.854179635236335
Kurtosis: 5630.826865303803
Median: 0.0
Mean: 3.460427015624141e-08
Deciles: [0. 0.]
Minimum: 0.0
Maximum: 0.00028606966409728515
Bin Edges: [0.00000000e+00 2.86069664e-06 5.72139328e-06 8.58208992e-06
 1.14427866e-05 1.43034832e-05 1.71641798e-05 2.00248765e-05
 2.28855731e-05 2.57462698e-05 2.86069664e-05 3.14676631e-05
 3.43283597e-05 3.71890563e-05 4.00497530e-05 4.29104496e-05
 4.57711463e-05 4.86318429e-05 5.14925395e-05 5.43532362e-05
 5.72139328e-05 6.00746295e-05 6.29353261e-05 6.57960227e-05
 6.86567194e-05 7.15174160e-05 7.43781127e-05 7.72388093e-05
 8.00995059e-05 8.29602026e-05 8.58208992e-05 8.86815959e-05
 9.15422925e-05 9.44029892e-05 9.72636858e-05 1.00124382e-04
 1.02985079e-04 1.05845776e-04 1.08706472e-04 1.11567169e-04
 1.14427866e-04 1.17288562e-04 1.20149259e-04 1.23009956e-04
 1.25870652e-04 1.28731349e-04 1.31592045e-04 1.34452742e-04
 1.37313439e-04 1.40174135e-04 1.43034832e-04 1.45895529e-04
 1.48756225e-04 1.51616922e-04 1.54477619e-04 1.57338315e-04
 1.60199012e-04 1.63059709e-04 1.65920405e-04 1.68781102e-04
 1.71641798e-04 1.74502495e-04 1.77363192e-04 1.80223888e-04
 1.83084585e-04 1.85945282e-04 1.88805978e-04 1.91666675e-04
 1.94527372e-04 1.97388068e-04 2.00248765e-04 2.03109462e-04
 2.05970158e-04 2.08830855e-04 2.11691551e-04 2.14552248e-04
 2.17412945e-04 2.20273641e-04 2.23134338e-04 2.25995035e-04
 2.28855731e-04 2.31716428e-04 2.34577125e-04 2.37437821e-04
 2.40298518e-04 2.43159214e-04 2.46019911e-04 2.48880608e-04
 2.51741304e-04 2.54602001e-04 2.57462698e-04 2.60323394e-04
 2.63184091e-04 2.66044788e-04 2.68905484e-04 2.71766181e-04
 2.74626878e-04 2.77487574e-04 2.80348271e-04 2.83208967e-04
 2.86069664e-04]
Frequencies: [4.5313406e+09 3.1333650e+06 1.7019730e+06 1.1058650e+06 7.8222100e+05
 5.8063900e+05 4.4457500e+05 3.4839700e+05 2.7843800e+05 2.2433700e+05
 1.8343700e+05 1.5079800e+05 1.2495600e+05 1.0546900e+05 8.8221000e+04
 7.4134000e+04 6.2976000e+04 5.4202000e+04 4.7065000e+04 4.0048000e+04
 3.4468000e+04 2.9912000e+04 2.6105000e+04 2.2719000e+04 2.0149000e+04
 1.7900000e+04 1.5621000e+04 1.3772000e+04 1.2482000e+04 1.1291000e+04
 1.0217000e+04 9.2740000e+03 8.4190000e+03 7.5830000e+03 6.9170000e+03
 6.2250000e+03 5.6380000e+03 5.1040000e+03 4.7770000e+03 4.2870000e+03
 3.8900000e+03 3.5670000e+03 3.1750000e+03 2.8930000e+03 2.5780000e+03
 2.3590000e+03 2.1690000e+03 1.9810000e+03 1.8500000e+03 1.6430000e+03
 1.5360000e+03 1.3200000e+03 1.2020000e+03 1.1550000e+03 9.8200000e+02
 8.9800000e+02 7.6400000e+02 6.8400000e+02 5.8200000e+02 5.3300000e+02
 4.7300000e+02 4.7400000e+02 4.1600000e+02 3.3900000e+02 3.3000000e+02
 2.6000000e+02 2.1300000e+02 1.8000000e+02 1.5300000e+02 1.4600000e+02
 1.1000000e+02 1.0300000e+02 8.9000000e+01 6.5000000e+01 4.4000000e+01
 5.1000000e+01 3.2000000e+01 3.2000000e+01 2.7000000e+01 2.9000000e+01
 1.7000000e+01 1.7000000e+01 1.2000000e+01 1.3000000e+01 6.0000000e+00
 3.0000000e+00 7.0000000e+00 2.0000000e+00 3.0000000e+00 3.0000000e+00
 2.0000000e+00 0.0000000e+00 1.0000000e+00 3.0000000e+00 2.0000000e+00
 1.0000000e+00 0.0000000e+00 1.0000000e+00 1.0000000e+00 2.0000000e+00]
