Standard Deviation: 9.22020754495328
Skewness: -1.2433846785597051
Kurtosis: 1.9017852203582475
Median: 249.4715459514731
Mean: 247.36185653163102
Deciles: [244.32669004 253.05220257]
Minimum: 193.58809591288653
Maximum: 317.23807076873726
Bin Edges: [193.58809591 194.82459566 196.06109541 197.29759516 198.53409491
 199.77059466 201.0070944  202.24359415 203.4800939  204.71659365
 205.9530934  207.18959315 208.4260929  209.66259264 210.89909239
 212.13559214 213.37209189 214.60859164 215.84509139 217.08159114
 218.31809088 219.55459063 220.79109038 222.02759013 223.26408988
 224.50058963 225.73708938 226.97358912 228.21008887 229.44658862
 230.68308837 231.91958812 233.15608787 234.39258762 235.62908736
 236.86558711 238.10208686 239.33858661 240.57508636 241.81158611
 243.04808586 244.2845856  245.52108535 246.7575851  247.99408485
 249.2305846  250.46708435 251.7035841  252.94008384 254.17658359
 255.41308334 256.64958309 257.88608284 259.12258259 260.35908234
 261.59558208 262.83208183 264.06858158 265.30508133 266.54158108
 267.77808083 269.01458057 270.25108032 271.48758007 272.72407982
 273.96057957 275.19707932 276.43357907 277.67007881 278.90657856
 280.14307831 281.37957806 282.61607781 283.85257756 285.08907731
 286.32557705 287.5620768  288.79857655 290.0350763  291.27157605
 292.5080758  293.74457555 294.98107529 296.21757504 297.45407479
 298.69057454 299.92707429 301.16357404 302.40007379 303.63657353
 304.87307328 306.10957303 307.34607278 308.58257253 309.81907228
 311.05557203 312.29207177 313.52857152 314.76507127 316.00157102
 317.23807077]
Frequencies: [2.25000000e+02 8.04000000e+02 1.99700000e+03 3.91800000e+03
 9.33500000e+03 2.33750000e+04 4.24380000e+04 8.34010000e+04
 1.58318000e+05 3.00206000e+05 5.59883000e+05 9.62105000e+05
 1.47975900e+06 2.18937500e+06 3.11585200e+06 4.25418700e+06
 5.71293500e+06 7.50745600e+06 9.64285300e+06 1.21617020e+07
 1.49694790e+07 1.80310480e+07 2.11838870e+07 2.43887790e+07
 2.74646420e+07 3.05084480e+07 3.34048750e+07 3.62955030e+07
 3.92698580e+07 4.19444510e+07 4.44070920e+07 4.69729710e+07
 4.99118750e+07 5.33633390e+07 5.74826570e+07 6.25310960e+07
 6.91434970e+07 7.77316650e+07 8.97255800e+07 1.07748574e+08
 1.35360916e+08 1.76440603e+08 2.32524065e+08 2.97693653e+08
 3.58411350e+08 3.98783471e+08 4.05253883e+08 3.75252496e+08
 3.17829345e+08 2.49646770e+08 1.86256401e+08 1.35043428e+08
 9.64065550e+07 6.69667880e+07 4.40833290e+07 2.73386130e+07
 1.62682690e+07 9.34598400e+06 5.26202700e+06 3.21526900e+06
 2.13201800e+06 1.54796600e+06 1.15493700e+06 8.86630000e+05
 6.87021000e+05 5.39291000e+05 4.24935000e+05 3.42845000e+05
 2.79539000e+05 2.20040000e+05 1.71534000e+05 1.36830000e+05
 1.12374000e+05 9.17270000e+04 7.61440000e+04 6.47210000e+04
 5.46830000e+04 4.48290000e+04 3.40630000e+04 2.61100000e+04
 1.99030000e+04 1.57940000e+04 1.26190000e+04 9.42400000e+03
 6.54300000e+03 4.68100000e+03 3.52500000e+03 2.79300000e+03
 2.07300000e+03 1.55400000e+03 1.35400000e+03 1.03700000e+03
 5.69000000e+02 3.65000000e+02 2.41000000e+02 2.30000000e+02
 1.48000000e+02 1.30000000e+02 7.10000000e+01 5.40000000e+01]
