Standard Deviation: 0.003499052932833121
Skewness: 0.5948752809136256
Kurtosis: -0.829825013547806
Median: 0.0036822148392346913
Mean: 0.004588648744467068
Deciles: [0.00156245 0.00730655]
Minimum: 1e-12
Maximum: 0.019535516281793498
Bin Edges: [1.00000000e-12 1.95355164e-04 3.90710327e-04 5.86065489e-04
 7.81420652e-04 9.76775815e-04 1.17213098e-03 1.36748614e-03
 1.56284130e-03 1.75819647e-03 1.95355163e-03 2.14890679e-03
 2.34426195e-03 2.53961712e-03 2.73497228e-03 2.93032744e-03
 3.12568261e-03 3.32103777e-03 3.51639293e-03 3.71174809e-03
 3.90710326e-03 4.10245842e-03 4.29781358e-03 4.49316875e-03
 4.68852391e-03 4.88387907e-03 5.07923423e-03 5.27458940e-03
 5.46994456e-03 5.66529972e-03 5.86065489e-03 6.05601005e-03
 6.25136521e-03 6.44672037e-03 6.64207554e-03 6.83743070e-03
 7.03278586e-03 7.22814102e-03 7.42349619e-03 7.61885135e-03
 7.81420651e-03 8.00956168e-03 8.20491684e-03 8.40027200e-03
 8.59562716e-03 8.79098233e-03 8.98633749e-03 9.18169265e-03
 9.37704782e-03 9.57240298e-03 9.76775814e-03 9.96311330e-03
 1.01584685e-02 1.03538236e-02 1.05491788e-02 1.07445340e-02
 1.09398891e-02 1.11352443e-02 1.13305994e-02 1.15259546e-02
 1.17213098e-02 1.19166649e-02 1.21120201e-02 1.23073753e-02
 1.25027304e-02 1.26980856e-02 1.28934407e-02 1.30887959e-02
 1.32841511e-02 1.34795062e-02 1.36748614e-02 1.38702166e-02
 1.40655717e-02 1.42609269e-02 1.44562820e-02 1.46516372e-02
 1.48469924e-02 1.50423475e-02 1.52377027e-02 1.54330579e-02
 1.56284130e-02 1.58237682e-02 1.60191234e-02 1.62144785e-02
 1.64098337e-02 1.66051888e-02 1.68005440e-02 1.69958992e-02
 1.71912543e-02 1.73866095e-02 1.75819647e-02 1.77773198e-02
 1.79726750e-02 1.81680301e-02 1.83633853e-02 1.85587405e-02
 1.87540956e-02 1.89494508e-02 1.91448060e-02 1.93401611e-02
 1.95355163e-02]
Frequencies: [1.06132671e+08 1.48952063e+08 1.58859504e+08 1.56116374e+08
 1.50105642e+08 1.44064879e+08 1.38556508e+08 1.32768812e+08
 1.27095636e+08 1.21467069e+08 1.16513661e+08 1.11848159e+08
 1.07594013e+08 1.03447486e+08 9.94519800e+07 9.54917580e+07
 9.17623340e+07 8.82296440e+07 8.47201840e+07 8.12220570e+07
 7.77689700e+07 7.44862900e+07 7.14298090e+07 6.85708090e+07
 6.58738230e+07 6.33714000e+07 6.10969330e+07 5.91089520e+07
 5.73419730e+07 5.58832800e+07 5.46767670e+07 5.36950350e+07
 5.28438240e+07 5.21046250e+07 5.15117020e+07 5.09768460e+07
 5.05711430e+07 5.01434910e+07 4.97321210e+07 4.93151420e+07
 4.88602660e+07 4.84517360e+07 4.81259440e+07 4.78652080e+07
 4.76441510e+07 4.75127250e+07 4.74365960e+07 4.73152510e+07
 4.71461900e+07 4.70032510e+07 4.67680690e+07 4.65061500e+07
 4.61699620e+07 4.55899110e+07 4.47309690e+07 4.34880080e+07
 4.16364140e+07 3.90718460e+07 3.57550730e+07 3.17063230e+07
 2.69811270e+07 2.19565850e+07 1.70049390e+07 1.25349530e+07
 8.85557100e+06 6.05331800e+06 4.04852100e+06 2.73828700e+06
 1.91530600e+06 1.38129300e+06 1.02810300e+06 7.77892000e+05
 5.91770000e+05 4.51430000e+05 3.32800000e+05 2.47266000e+05
 1.78289000e+05 1.28442000e+05 9.11030000e+04 6.41590000e+04
 4.45330000e+04 2.88710000e+04 1.95310000e+04 1.31290000e+04
 8.92200000e+03 6.26000000e+03 4.13700000e+03 2.85800000e+03
 2.09000000e+03 1.75500000e+03 1.22900000e+03 7.98000000e+02
 6.00000000e+02 4.57000000e+02 1.83000000e+02 4.60000000e+01
 7.00000000e+00 1.10000000e+01 9.00000000e+00 8.00000000e+00]
