Standard Deviation: 0.000136600873639522
Skewness: 1.7726975323269905
Kurtosis: 3.108456573174962
Median: 6.018087187608977e-05
Mean: 0.00011721065916968285
Deciles: [2.21863512e-05 1.59958935e-04]
Minimum: 1e-12
Maximum: 0.002298865272757542
Bin Edges: [1.00000000e-12 2.29886537e-05 4.59773064e-05 6.89659592e-05
 9.19546119e-05 1.14943265e-04 1.37931917e-04 1.60920570e-04
 1.83909223e-04 2.06897875e-04 2.29886528e-04 2.52875181e-04
 2.75863834e-04 2.98852486e-04 3.21841139e-04 3.44829792e-04
 3.67818444e-04 3.90807097e-04 4.13795750e-04 4.36784403e-04
 4.59773055e-04 4.82761708e-04 5.05750361e-04 5.28739014e-04
 5.51727666e-04 5.74716319e-04 5.97704972e-04 6.20693624e-04
 6.43682277e-04 6.66670930e-04 6.89659583e-04 7.12648235e-04
 7.35636888e-04 7.58625541e-04 7.81614193e-04 8.04602846e-04
 8.27591499e-04 8.50580152e-04 8.73568804e-04 8.96557457e-04
 9.19546110e-04 9.42534762e-04 9.65523415e-04 9.88512068e-04
 1.01150072e-03 1.03448937e-03 1.05747803e-03 1.08046668e-03
 1.10345533e-03 1.12644398e-03 1.14943264e-03 1.17242129e-03
 1.19540994e-03 1.21839860e-03 1.24138725e-03 1.26437590e-03
 1.28736455e-03 1.31035321e-03 1.33334186e-03 1.35633051e-03
 1.37931916e-03 1.40230782e-03 1.42529647e-03 1.44828512e-03
 1.47127377e-03 1.49426243e-03 1.51725108e-03 1.54023973e-03
 1.56322839e-03 1.58621704e-03 1.60920569e-03 1.63219434e-03
 1.65518300e-03 1.67817165e-03 1.70116030e-03 1.72414895e-03
 1.74713761e-03 1.77012626e-03 1.79311491e-03 1.81610357e-03
 1.83909222e-03 1.86208087e-03 1.88506952e-03 1.90805818e-03
 1.93104683e-03 1.95403548e-03 1.97702413e-03 2.00001279e-03
 2.02300144e-03 2.04599009e-03 2.06897875e-03 2.09196740e-03
 2.11495605e-03 2.13794470e-03 2.16093336e-03 2.18392201e-03
 2.20691066e-03 2.22989931e-03 2.25288797e-03 2.27587662e-03
 2.29886527e-03]
Frequencies: [1.17247909e+09 7.76172172e+08 4.87336630e+08 3.47466625e+08
 2.60936628e+08 2.03644638e+08 1.64096010e+08 1.36179499e+08
 1.15367280e+08 9.97396580e+07 8.77642140e+07 7.85096170e+07
 7.13395040e+07 6.57376790e+07 6.11918240e+07 5.72787260e+07
 5.36388980e+07 5.00175350e+07 4.60618450e+07 4.15375240e+07
 3.63695500e+07 3.06782520e+07 2.48135270e+07 1.91948500e+07
 1.42624810e+07 1.02363970e+07 7.22579100e+06 5.11009800e+06
 3.69179300e+06 2.74321500e+06 2.10733400e+06 1.64564500e+06
 1.30774000e+06 1.04670100e+06 8.43798000e+05 6.77401000e+05
 5.50701000e+05 4.43620000e+05 3.57055000e+05 2.85182000e+05
 2.25387000e+05 1.79651000e+05 1.41370000e+05 1.12098000e+05
 8.92360000e+04 7.20710000e+04 5.57250000e+04 4.30630000e+04
 3.32360000e+04 2.50380000e+04 2.01940000e+04 1.56870000e+04
 1.21790000e+04 1.00360000e+04 8.36800000e+03 7.28300000e+03
 6.00900000e+03 5.14300000e+03 4.52600000e+03 3.96200000e+03
 3.42200000e+03 3.06800000e+03 2.68900000e+03 2.41400000e+03
 2.18200000e+03 1.95900000e+03 1.84100000e+03 1.41700000e+03
 1.15800000e+03 1.01600000e+03 8.97000000e+02 7.90000000e+02
 6.86000000e+02 5.59000000e+02 4.83000000e+02 4.36000000e+02
 3.46000000e+02 2.98000000e+02 1.83000000e+02 1.80000000e+02
 1.21000000e+02 1.19000000e+02 1.14000000e+02 9.20000000e+01
 7.20000000e+01 5.70000000e+01 5.10000000e+01 4.10000000e+01
 4.20000000e+01 4.30000000e+01 5.60000000e+01 3.40000000e+01
 4.10000000e+01 4.10000000e+01 2.10000000e+01 1.70000000e+01
 6.00000000e+00 6.00000000e+00 6.00000000e+00 5.00000000e+00]
