Standard Deviation: 11.181338866675592
Skewness: -0.03411641011111198
Kurtosis: 11.279735757434239
Median: -0.028070553090180396
Mean: -0.030576512291645427
Deciles: [-4.64394878  4.57206401]
Minimum: -146.92058765802457
Maximum: 143.54681997044273
Bin Edges: [-146.92058766 -144.01591358 -141.11123951 -138.20656543 -135.30189135
 -132.39721728 -129.4925432  -126.58786912 -123.68319505 -120.77852097
 -117.8738469  -114.96917282 -112.06449874 -109.15982467 -106.25515059
 -103.35047651 -100.44580244  -97.54112836  -94.63645428  -91.73178021
  -88.82710613  -85.92243206  -83.01775798  -80.1130839   -77.20840983
  -74.30373575  -71.39906167  -68.4943876   -65.58971352  -62.68503945
  -59.78036537  -56.87569129  -53.97101722  -51.06634314  -48.16166906
  -45.25699499  -42.35232091  -39.44764684  -36.54297276  -33.63829868
  -30.73362461  -27.82895053  -24.92427645  -22.01960238  -19.1149283
  -16.21025423  -13.30558015  -10.40090607   -7.496232     -4.59155792
   -1.68688384    1.21779023    4.12246431    7.02713839    9.93181246
   12.83648654   15.74116061   18.64583469   21.55050877   24.45518284
   27.35985692   30.264531     33.16920507   36.07387915   38.97855322
   41.8832273    44.78790138   47.69257545   50.59724953   53.50192361
   56.40659768   59.31127176   62.21594583   65.12061991   68.02529399
   70.92996806   73.83464214   76.73931622   79.64399029   82.54866437
   85.45333844   88.35801252   91.2626866    94.16736067   97.07203475
   99.97670883  102.8813829   105.78605698  108.69073106  111.59540513
  114.50007921  117.40475328  120.30942736  123.21410144  126.11877551
  129.02344959  131.92812367  134.83279774  137.73747182  140.64214589
  143.54681997]
Frequencies: [4.00000000e+01 7.40000000e+01 1.95000000e+02 9.76000000e+02
 1.73600000e+03 3.15300000e+03 5.06900000e+03 8.54100000e+03
 1.33800000e+04 2.07160000e+04 2.87970000e+04 3.88720000e+04
 5.03190000e+04 6.30430000e+04 7.78050000e+04 9.94210000e+04
 1.23649000e+05 1.54375000e+05 1.90653000e+05 2.31178000e+05
 2.77081000e+05 3.35956000e+05 4.06146000e+05 4.93402000e+05
 5.95747000e+05 7.22254000e+05 8.78868000e+05 1.05344300e+06
 1.24734100e+06 1.46206200e+06 1.72431700e+06 2.05300700e+06
 2.45986800e+06 2.97300700e+06 3.59997700e+06 4.39558700e+06
 5.40576900e+06 6.68693500e+06 8.42078700e+06 1.07837050e+07
 1.40725350e+07 1.87858000e+07 2.59304000e+07 3.72966100e+07
 5.59374600e+07 8.83848010e+07 1.47380292e+08 2.56978814e+08
 4.43509228e+08 6.71968264e+08 7.96906302e+08 7.02442670e+08
 4.75074970e+08 2.76281399e+08 1.57702135e+08 9.43384240e+07
 5.94730990e+07 3.95432070e+07 2.76898020e+07 2.01800590e+07
 1.51243310e+07 1.15698520e+07 8.96178000e+06 7.04540900e+06
 5.58922500e+06 4.48531500e+06 3.66300800e+06 3.01841500e+06
 2.50413100e+06 2.09033900e+06 1.74761600e+06 1.46714400e+06
 1.22658400e+06 1.02892200e+06 8.61738000e+05 7.19532000e+05
 6.03253000e+05 4.95528000e+05 4.08964000e+05 3.36992000e+05
 2.75755000e+05 2.23220000e+05 1.77422000e+05 1.41225000e+05
 1.10812000e+05 8.81560000e+04 6.96950000e+04 5.35530000e+04
 4.11530000e+04 2.95980000e+04 2.11130000e+04 1.51810000e+04
 9.87200000e+03 6.52500000e+03 4.02100000e+03 2.47200000e+03
 1.39000000e+03 8.18000000e+02 3.53000000e+02 6.60000000e+01]
