Standard Deviation: 1.3841525686511723e-05
Skewness: 5.850035575049969
Kurtosis: 44.108236151093266
Median: 0.0
Mean: 3.4994910891707473e-06
Deciles: [0. 0.]
Minimum: 0.0
Maximum: 0.0006151656764829022
Bin Edges: [0.00000000e+00 6.15165676e-06 1.23033135e-05 1.84549703e-05
 2.46066271e-05 3.07582838e-05 3.69099406e-05 4.30615974e-05
 4.92132541e-05 5.53649109e-05 6.15165676e-05 6.76682244e-05
 7.38198812e-05 7.99715379e-05 8.61231947e-05 9.22748515e-05
 9.84265082e-05 1.04578165e-04 1.10729822e-04 1.16881479e-04
 1.23033135e-04 1.29184792e-04 1.35336449e-04 1.41488106e-04
 1.47639762e-04 1.53791419e-04 1.59943076e-04 1.66094733e-04
 1.72246389e-04 1.78398046e-04 1.84549703e-04 1.90701360e-04
 1.96853016e-04 2.03004673e-04 2.09156330e-04 2.15307987e-04
 2.21459644e-04 2.27611300e-04 2.33762957e-04 2.39914614e-04
 2.46066271e-04 2.52217927e-04 2.58369584e-04 2.64521241e-04
 2.70672898e-04 2.76824554e-04 2.82976211e-04 2.89127868e-04
 2.95279525e-04 3.01431181e-04 3.07582838e-04 3.13734495e-04
 3.19886152e-04 3.26037809e-04 3.32189465e-04 3.38341122e-04
 3.44492779e-04 3.50644436e-04 3.56796092e-04 3.62947749e-04
 3.69099406e-04 3.75251063e-04 3.81402719e-04 3.87554376e-04
 3.93706033e-04 3.99857690e-04 4.06009346e-04 4.12161003e-04
 4.18312660e-04 4.24464317e-04 4.30615974e-04 4.36767630e-04
 4.42919287e-04 4.49070944e-04 4.55222601e-04 4.61374257e-04
 4.67525914e-04 4.73677571e-04 4.79829228e-04 4.85980884e-04
 4.92132541e-04 4.98284198e-04 5.04435855e-04 5.10587511e-04
 5.16739168e-04 5.22890825e-04 5.29042482e-04 5.35194139e-04
 5.41345795e-04 5.47497452e-04 5.53649109e-04 5.59800766e-04
 5.65952422e-04 5.72104079e-04 5.78255736e-04 5.84407393e-04
 5.90559049e-04 5.96710706e-04 6.02862363e-04 6.09014020e-04
 6.15165676e-04]
Frequencies: [4.09874344e+09 9.35574830e+07 7.01673810e+07 5.48495480e+07
 4.29703610e+07 3.36453350e+07 2.64292380e+07 2.09460920e+07
 1.67962590e+07 1.36656590e+07 1.12844840e+07 9.46685000e+06
 8.06218600e+06 6.94234600e+06 6.06046600e+06 5.36064700e+06
 4.85724100e+06 4.26837900e+06 3.43369500e+06 2.57403000e+06
 1.86670200e+06 1.34724500e+06 9.69247000e+05 6.98983000e+05
 5.12656000e+05 3.81407000e+05 2.86663000e+05 2.17312000e+05
 1.66137000e+05 1.28269000e+05 9.92920000e+04 7.75890000e+04
 6.11420000e+04 4.86100000e+04 3.86470000e+04 3.15070000e+04
 2.58860000e+04 2.08660000e+04 1.72850000e+04 1.44550000e+04
 1.20940000e+04 1.03420000e+04 8.71700000e+03 7.59100000e+03
 6.54900000e+03 5.60600000e+03 4.87200000e+03 4.39600000e+03
 3.74000000e+03 3.31500000e+03 3.01500000e+03 2.63600000e+03
 2.37700000e+03 2.04800000e+03 1.82400000e+03 1.59600000e+03
 1.46900000e+03 1.34000000e+03 1.14300000e+03 1.11600000e+03
 9.02000000e+02 8.16000000e+02 7.89000000e+02 6.66000000e+02
 5.58000000e+02 5.18000000e+02 4.22000000e+02 4.26000000e+02
 3.70000000e+02 3.21000000e+02 2.65000000e+02 2.10000000e+02
 1.58000000e+02 1.29000000e+02 1.23000000e+02 7.30000000e+01
 7.30000000e+01 6.50000000e+01 6.00000000e+01 5.80000000e+01
 3.30000000e+01 2.80000000e+01 2.30000000e+01 1.60000000e+01
 9.00000000e+00 2.10000000e+01 1.10000000e+01 1.40000000e+01
 1.20000000e+01 8.00000000e+00 5.00000000e+00 4.00000000e+00
 3.00000000e+00 3.00000000e+00 2.00000000e+00 1.00000000e+00
 2.00000000e+00 1.00000000e+00 0.00000000e+00 1.00000000e+00]
