Standard Deviation: 3.036941996647591e-05
Skewness: 5.289901293559574
Kurtosis: 36.91565454556215
Median: 0.0
Mean: 8.934869689952873e-06
Deciles: [0.00000000e+00 1.13091099e-26]
Minimum: 0.0
Maximum: 0.0011385567865022854
Bin Edges: [0.00000000e+00 1.13855679e-05 2.27711357e-05 3.41567036e-05
 4.55422715e-05 5.69278393e-05 6.83134072e-05 7.96989751e-05
 9.10845429e-05 1.02470111e-04 1.13855679e-04 1.25241247e-04
 1.36626814e-04 1.48012382e-04 1.59397950e-04 1.70783518e-04
 1.82169086e-04 1.93554654e-04 2.04940222e-04 2.16325789e-04
 2.27711357e-04 2.39096925e-04 2.50482493e-04 2.61868061e-04
 2.73253629e-04 2.84639197e-04 2.96024764e-04 3.07410332e-04
 3.18795900e-04 3.30181468e-04 3.41567036e-04 3.52952604e-04
 3.64338172e-04 3.75723740e-04 3.87109307e-04 3.98494875e-04
 4.09880443e-04 4.21266011e-04 4.32651579e-04 4.44037147e-04
 4.55422715e-04 4.66808282e-04 4.78193850e-04 4.89579418e-04
 5.00964986e-04 5.12350554e-04 5.23736122e-04 5.35121690e-04
 5.46507258e-04 5.57892825e-04 5.69278393e-04 5.80663961e-04
 5.92049529e-04 6.03435097e-04 6.14820665e-04 6.26206233e-04
 6.37591800e-04 6.48977368e-04 6.60362936e-04 6.71748504e-04
 6.83134072e-04 6.94519640e-04 7.05905208e-04 7.17290775e-04
 7.28676343e-04 7.40061911e-04 7.51447479e-04 7.62833047e-04
 7.74218615e-04 7.85604183e-04 7.96989751e-04 8.08375318e-04
 8.19760886e-04 8.31146454e-04 8.42532022e-04 8.53917590e-04
 8.65303158e-04 8.76688726e-04 8.88074293e-04 8.99459861e-04
 9.10845429e-04 9.22230997e-04 9.33616565e-04 9.45002133e-04
 9.56387701e-04 9.67773269e-04 9.79158836e-04 9.90544404e-04
 1.00192997e-03 1.01331554e-03 1.02470111e-03 1.03608668e-03
 1.04747224e-03 1.05885781e-03 1.07024338e-03 1.08162895e-03
 1.09301452e-03 1.10440008e-03 1.11578565e-03 1.12717122e-03
 1.13855679e-03]
Frequencies: [3.94477876e+09 1.31403888e+08 9.13023540e+07 6.94571210e+07
 5.48716940e+07 4.43491140e+07 3.63326750e+07 2.98745110e+07
 2.45500160e+07 2.01821750e+07 1.65744620e+07 1.36299470e+07
 1.11906410e+07 9.17761200e+06 7.53966900e+06 6.21318400e+06
 5.13739600e+06 4.25137200e+06 3.53265400e+06 2.92890800e+06
 2.44171300e+06 2.03001700e+06 1.68889900e+06 1.39871500e+06
 1.15648800e+06 9.58054000e+05 7.87861000e+05 6.49273000e+05
 5.34285000e+05 4.36202000e+05 3.55706000e+05 2.89611000e+05
 2.33137000e+05 1.88031000e+05 1.51433000e+05 1.22040000e+05
 9.69340000e+04 7.80070000e+04 6.24910000e+04 4.96930000e+04
 3.96770000e+04 3.18160000e+04 2.50710000e+04 2.02600000e+04
 1.60970000e+04 1.30760000e+04 1.06060000e+04 8.37000000e+03
 6.53400000e+03 5.27000000e+03 4.21000000e+03 3.36900000e+03
 2.66900000e+03 2.14400000e+03 1.72500000e+03 1.39800000e+03
 1.09600000e+03 8.65000000e+02 6.83000000e+02 5.30000000e+02
 4.29000000e+02 3.18000000e+02 2.77000000e+02 2.03000000e+02
 1.61000000e+02 1.11000000e+02 7.70000000e+01 6.70000000e+01
 3.60000000e+01 2.70000000e+01 1.50000000e+01 1.30000000e+01
 8.00000000e+00 1.10000000e+01 8.00000000e+00 1.00000000e+00
 3.00000000e+00 5.00000000e+00 2.00000000e+00 3.00000000e+00
 2.00000000e+00 4.00000000e+00 2.00000000e+00 2.00000000e+00
 2.00000000e+00 1.00000000e+00 0.00000000e+00 2.00000000e+00
 1.00000000e+00 0.00000000e+00 1.00000000e+00 0.00000000e+00
 1.00000000e+00 0.00000000e+00 0.00000000e+00 0.00000000e+00
 0.00000000e+00 0.00000000e+00 0.00000000e+00 1.00000000e+00]
