Standard Deviation: 3.171059023553511e-05
Skewness: 5.554406020207651
Kurtosis: 43.25288240861731
Median: 0.0
Mean: 8.852450171660654e-06
Deciles: [0. 0.]
Minimum: 0.0
Maximum: 0.001069568806578363
Bin Edges: [0.00000000e+00 1.06956881e-05 2.13913761e-05 3.20870642e-05
 4.27827523e-05 5.34784403e-05 6.41741284e-05 7.48698165e-05
 8.55655045e-05 9.62611926e-05 1.06956881e-04 1.17652569e-04
 1.28348257e-04 1.39043945e-04 1.49739633e-04 1.60435321e-04
 1.71131009e-04 1.81826697e-04 1.92522385e-04 2.03218073e-04
 2.13913761e-04 2.24609449e-04 2.35305137e-04 2.46000826e-04
 2.56696514e-04 2.67392202e-04 2.78087890e-04 2.88783578e-04
 2.99479266e-04 3.10174954e-04 3.20870642e-04 3.31566330e-04
 3.42262018e-04 3.52957706e-04 3.63653394e-04 3.74349082e-04
 3.85044770e-04 3.95740458e-04 4.06436146e-04 4.17131835e-04
 4.27827523e-04 4.38523211e-04 4.49218899e-04 4.59914587e-04
 4.70610275e-04 4.81305963e-04 4.92001651e-04 5.02697339e-04
 5.13393027e-04 5.24088715e-04 5.34784403e-04 5.45480091e-04
 5.56175779e-04 5.66871467e-04 5.77567156e-04 5.88262844e-04
 5.98958532e-04 6.09654220e-04 6.20349908e-04 6.31045596e-04
 6.41741284e-04 6.52436972e-04 6.63132660e-04 6.73828348e-04
 6.84524036e-04 6.95219724e-04 7.05915412e-04 7.16611100e-04
 7.27306788e-04 7.38002477e-04 7.48698165e-04 7.59393853e-04
 7.70089541e-04 7.80785229e-04 7.91480917e-04 8.02176605e-04
 8.12872293e-04 8.23567981e-04 8.34263669e-04 8.44959357e-04
 8.55655045e-04 8.66350733e-04 8.77046421e-04 8.87742109e-04
 8.98437798e-04 9.09133486e-04 9.19829174e-04 9.30524862e-04
 9.41220550e-04 9.51916238e-04 9.62611926e-04 9.73307614e-04
 9.84003302e-04 9.94698990e-04 1.00539468e-03 1.01609037e-03
 1.02678605e-03 1.03748174e-03 1.04817743e-03 1.05887312e-03
 1.06956881e-03]
Frequencies: [3.99590148e+09 9.04430100e+07 7.00334110e+07 5.86363430e+07
 4.98002910e+07 4.26418500e+07 3.67023660e+07 3.15326650e+07
 2.70650050e+07 2.31537660e+07 1.97199290e+07 1.66322710e+07
 1.38552170e+07 1.13836950e+07 9.24918500e+06 7.48073500e+06
 6.05961800e+06 4.93749800e+06 4.05115500e+06 3.34879000e+06
 2.78710700e+06 2.33004700e+06 1.96009700e+06 1.65280100e+06
 1.40342800e+06 1.19099900e+06 1.01781200e+06 8.67965000e+05
 7.42667000e+05 6.37660000e+05 5.47764000e+05 4.71127000e+05
 4.05518000e+05 3.48973000e+05 3.00491000e+05 2.57791000e+05
 2.21941000e+05 1.91562000e+05 1.65796000e+05 1.42496000e+05
 1.22922000e+05 1.06310000e+05 9.23890000e+04 8.01480000e+04
 6.89880000e+04 5.94080000e+04 5.21660000e+04 4.47850000e+04
 3.88250000e+04 3.37800000e+04 2.93280000e+04 2.55610000e+04
 2.19600000e+04 1.90050000e+04 1.64560000e+04 1.41730000e+04
 1.22290000e+04 1.05420000e+04 8.95700000e+03 8.03200000e+03
 6.97100000e+03 5.91200000e+03 5.00200000e+03 4.44200000e+03
 3.86500000e+03 3.15500000e+03 2.68700000e+03 2.40000000e+03
 1.96800000e+03 1.70500000e+03 1.43500000e+03 1.26000000e+03
 9.83000000e+02 7.99000000e+02 6.46000000e+02 4.91000000e+02
 4.01000000e+02 3.45000000e+02 2.63000000e+02 1.94000000e+02
 1.70000000e+02 1.51000000e+02 1.12000000e+02 8.00000000e+01
 7.10000000e+01 5.20000000e+01 4.10000000e+01 2.30000000e+01
 2.40000000e+01 2.40000000e+01 1.00000000e+01 4.00000000e+00
 7.00000000e+00 2.00000000e+00 4.00000000e+00 3.00000000e+00
 5.00000000e+00 3.00000000e+00 2.00000000e+00 1.00000000e+00]
