Standard Deviation: 0.0015587294470058538
Skewness: 1.3465027155502105
Kurtosis: 0.9497598299461805
Median: 0.0008288132276957031
Mean: 0.0014781232496161186
Deciles: [0.0003115  0.00218064]
Minimum: 1e-12
Maximum: 0.011500419272641315
Bin Edges: [1.00000000e-12 1.15004194e-04 2.30008386e-04 3.45012579e-04
 4.60016772e-04 5.75020965e-04 6.90025157e-04 8.05029350e-04
 9.20033543e-04 1.03503774e-03 1.15004193e-03 1.26504612e-03
 1.38005031e-03 1.49505451e-03 1.61005870e-03 1.72506289e-03
 1.84006708e-03 1.95507128e-03 2.07007547e-03 2.18507966e-03
 2.30008386e-03 2.41508805e-03 2.53009224e-03 2.64509643e-03
 2.76010063e-03 2.87510482e-03 2.99010901e-03 3.10511320e-03
 3.22011740e-03 3.33512159e-03 3.45012578e-03 3.56512998e-03
 3.68013417e-03 3.79513836e-03 3.91014255e-03 4.02514675e-03
 4.14015094e-03 4.25515513e-03 4.37015932e-03 4.48516352e-03
 4.60016771e-03 4.71517190e-03 4.83017610e-03 4.94518029e-03
 5.06018448e-03 5.17518867e-03 5.29019287e-03 5.40519706e-03
 5.52020125e-03 5.63520544e-03 5.75020964e-03 5.86521383e-03
 5.98021802e-03 6.09522221e-03 6.21022641e-03 6.32523060e-03
 6.44023479e-03 6.55523899e-03 6.67024318e-03 6.78524737e-03
 6.90025156e-03 7.01525576e-03 7.13025995e-03 7.24526414e-03
 7.36026833e-03 7.47527253e-03 7.59027672e-03 7.70528091e-03
 7.82028511e-03 7.93528930e-03 8.05029349e-03 8.16529768e-03
 8.28030188e-03 8.39530607e-03 8.51031026e-03 8.62531445e-03
 8.74031865e-03 8.85532284e-03 8.97032703e-03 9.08533123e-03
 9.20033542e-03 9.31533961e-03 9.43034380e-03 9.54534800e-03
 9.66035219e-03 9.77535638e-03 9.89036057e-03 1.00053648e-02
 1.01203690e-02 1.02353732e-02 1.03503773e-02 1.04653815e-02
 1.05803857e-02 1.06953899e-02 1.08103941e-02 1.09253983e-02
 1.10404025e-02 1.11554067e-02 1.12704109e-02 1.13854151e-02
 1.15004193e-02]
Frequencies: [3.75543289e+08 4.72726186e+08 3.93155100e+08 3.19718428e+08
 2.63532337e+08 2.21033113e+08 1.89117283e+08 1.64019712e+08
 1.43798741e+08 1.27383068e+08 1.13421736e+08 1.01981899e+08
 9.28648390e+07 8.50756740e+07 7.85376930e+07 7.30808470e+07
 6.83457280e+07 6.42322460e+07 6.05953630e+07 5.73244180e+07
 5.44180280e+07 5.17500180e+07 4.93446880e+07 4.71320510e+07
 4.51170760e+07 4.32767130e+07 4.15760740e+07 4.00299580e+07
 3.85819400e+07 3.73275450e+07 3.61700020e+07 3.51333110e+07
 3.41049840e+07 3.31741470e+07 3.23311740e+07 3.15041310e+07
 3.06980790e+07 2.98693680e+07 2.90704740e+07 2.82007710e+07
 2.73047280e+07 2.63315870e+07 2.53224260e+07 2.42907480e+07
 2.31923380e+07 2.20425470e+07 2.08669150e+07 1.96460830e+07
 1.83321080e+07 1.69533290e+07 1.54454300e+07 1.37727000e+07
 1.19081780e+07 9.98595300e+06 8.04256900e+06 6.21818100e+06
 4.63106000e+06 3.33227400e+06 2.36311000e+06 1.69824800e+06
 1.24206600e+06 9.38171000e+05 7.13388000e+05 5.45473000e+05
 4.16674000e+05 3.19996000e+05 2.46248000e+05 1.87698000e+05
 1.44579000e+05 1.10393000e+05 8.27420000e+04 6.23690000e+04
 4.62060000e+04 3.46530000e+04 2.56990000e+04 1.94050000e+04
 1.51230000e+04 1.16810000e+04 9.33400000e+03 7.21400000e+03
 5.85800000e+03 4.99500000e+03 3.82000000e+03 2.86500000e+03
 2.19400000e+03 1.57900000e+03 1.29000000e+03 1.07400000e+03
 7.27000000e+02 5.59000000e+02 3.81000000e+02 2.41000000e+02
 2.01000000e+02 1.28000000e+02 1.04000000e+02 5.80000000e+01
 4.10000000e+01 2.10000000e+01 4.00000000e+00 4.00000000e+00]
