Standard Deviation: 3.856049105554905e-05
Skewness: 5.2924144357403256
Kurtosis: 35.92058633460644
Median: 0.0
Mean: 1.1064628401975832e-05
Deciles: [0.00000000e+00 2.79442272e-08]
Minimum: 0.0
Maximum: 0.00180473329950337
Bin Edges: [0.00000000e+00 1.80473330e-05 3.60946660e-05 5.41419990e-05
 7.21893320e-05 9.02366650e-05 1.08283998e-04 1.26331331e-04
 1.44378664e-04 1.62425997e-04 1.80473330e-04 1.98520663e-04
 2.16567996e-04 2.34615329e-04 2.52662662e-04 2.70709995e-04
 2.88757328e-04 3.06804661e-04 3.24851994e-04 3.42899327e-04
 3.60946660e-04 3.78993993e-04 3.97041326e-04 4.15088659e-04
 4.33135992e-04 4.51183325e-04 4.69230658e-04 4.87277991e-04
 5.05325324e-04 5.23372657e-04 5.41419990e-04 5.59467323e-04
 5.77514656e-04 5.95561989e-04 6.13609322e-04 6.31656655e-04
 6.49703988e-04 6.67751321e-04 6.85798654e-04 7.03845987e-04
 7.21893320e-04 7.39940653e-04 7.57987986e-04 7.76035319e-04
 7.94082652e-04 8.12129985e-04 8.30177318e-04 8.48224651e-04
 8.66271984e-04 8.84319317e-04 9.02366650e-04 9.20413983e-04
 9.38461316e-04 9.56508649e-04 9.74555982e-04 9.92603315e-04
 1.01065065e-03 1.02869798e-03 1.04674531e-03 1.06479265e-03
 1.08283998e-03 1.10088731e-03 1.11893465e-03 1.13698198e-03
 1.15502931e-03 1.17307664e-03 1.19112398e-03 1.20917131e-03
 1.22721864e-03 1.24526598e-03 1.26331331e-03 1.28136064e-03
 1.29940798e-03 1.31745531e-03 1.33550264e-03 1.35354997e-03
 1.37159731e-03 1.38964464e-03 1.40769197e-03 1.42573931e-03
 1.44378664e-03 1.46183397e-03 1.47988131e-03 1.49792864e-03
 1.51597597e-03 1.53402330e-03 1.55207064e-03 1.57011797e-03
 1.58816530e-03 1.60621264e-03 1.62425997e-03 1.64230730e-03
 1.66035464e-03 1.67840197e-03 1.69644930e-03 1.71449663e-03
 1.73254397e-03 1.75059130e-03 1.76863863e-03 1.78668597e-03
 1.80473330e-03]
Frequencies: [4.01918681e+09 1.33055142e+08 8.55866080e+07 6.26950680e+07
 4.83396490e+07 3.82657050e+07 3.06872410e+07 2.47172280e+07
 1.99231190e+07 1.61000460e+07 1.30533300e+07 1.05940490e+07
 8.55095300e+06 6.86241300e+06 5.45769100e+06 4.28824700e+06
 3.33816400e+06 2.56823900e+06 1.95355100e+06 1.46861900e+06
 1.10201500e+06 8.25225000e+05 6.18038000e+05 4.64359000e+05
 3.50119000e+05 2.64193000e+05 2.01828000e+05 1.54065000e+05
 1.16942000e+05 8.88530000e+04 6.86980000e+04 5.31970000e+04
 4.11080000e+04 3.18920000e+04 2.51720000e+04 1.93200000e+04
 1.52650000e+04 1.20190000e+04 9.37400000e+03 7.22800000e+03
 5.48500000e+03 4.33000000e+03 3.25300000e+03 2.46300000e+03
 1.90400000e+03 1.45200000e+03 1.10400000e+03 8.72000000e+02
 6.32000000e+02 4.32000000e+02 3.11000000e+02 2.31000000e+02
 1.84000000e+02 1.27000000e+02 1.18000000e+02 7.20000000e+01
 5.00000000e+01 4.40000000e+01 3.40000000e+01 3.70000000e+01
 2.00000000e+01 1.00000000e+01 1.30000000e+01 6.00000000e+00
 1.30000000e+01 3.00000000e+00 2.00000000e+00 3.00000000e+00
 3.00000000e+00 1.00000000e+00 1.00000000e+00 1.00000000e+00
 1.00000000e+00 1.00000000e+00 1.00000000e+00 1.00000000e+00
 2.00000000e+00 0.00000000e+00 0.00000000e+00 0.00000000e+00
 0.00000000e+00 1.00000000e+00 0.00000000e+00 0.00000000e+00
 0.00000000e+00 0.00000000e+00 0.00000000e+00 0.00000000e+00
 0.00000000e+00 0.00000000e+00 0.00000000e+00 0.00000000e+00
 0.00000000e+00 0.00000000e+00 0.00000000e+00 0.00000000e+00
 0.00000000e+00 0.00000000e+00 0.00000000e+00 1.00000000e+00]
