Standard Deviation: 11.514577710678953
Skewness: 0.00015852812606284987
Kurtosis: 1.1108275541625892
Median: -0.0779891946913303
Mean: -0.0854194812853028
Deciles: [-6.87544715  6.68900407]
Minimum: -70.0976011575351
Maximum: 79.36084642727897
Bin Edges: [-70.09760116 -68.60301668 -67.10843221 -65.61384773 -64.11926325
 -62.62467878 -61.1300943  -59.63550983 -58.14092535 -56.64634087
 -55.1517564  -53.65717192 -52.16258745 -50.66800297 -49.1734185
 -47.67883402 -46.18424954 -44.68966507 -43.19508059 -41.70049612
 -40.20591164 -38.71132716 -37.21674269 -35.72215821 -34.22757374
 -32.73298926 -31.23840479 -29.74382031 -28.24923583 -26.75465136
 -25.26006688 -23.76548241 -22.27089793 -20.77631345 -19.28172898
 -17.7871445  -16.29256003 -14.79797555 -13.30339108 -11.8088066
 -10.31422212  -8.81963765  -7.32505317  -5.8304687   -4.33588422
  -2.84129974  -1.34671527   0.14786921   1.64245368   3.13703816
   4.63162263   6.12620711   7.62079159   9.11537606  10.60996054
  12.10454501  13.59912949  15.09371397  16.58829844  18.08288292
  19.57746739  21.07205187  22.56663635  24.06122082  25.5558053
  27.05038977  28.54497425  30.03955872  31.5341432   33.02872768
  34.52331215  36.01789663  37.5124811   39.00706558  40.50165006
  41.99623453  43.49081901  44.98540348  46.47998796  47.97457243
  49.46915691  50.96374139  52.45832586  53.95291034  55.44749481
  56.94207929  58.43666377  59.93124824  61.42583272  62.92041719
  64.41500167  65.90958614  67.40417062  68.8987551   70.39333957
  71.88792405  73.38250852  74.877093    76.37167748  77.86626195
  79.36084643]
Frequencies: [1.31000000e+02 7.74000000e+02 1.96200000e+03 3.83200000e+03
 6.61200000e+03 1.21480000e+04 2.05250000e+04 3.55360000e+04
 6.31310000e+04 1.05254000e+05 1.63014000e+05 2.35159000e+05
 3.25742000e+05 4.51811000e+05 5.12666000e+05 6.64544000e+05
 8.58422000e+05 1.10531800e+06 1.42736500e+06 1.83126500e+06
 2.33709000e+06 2.97889600e+06 3.76645800e+06 4.77223400e+06
 6.01869400e+06 7.56554800e+06 9.49308200e+06 1.18699110e+07
 1.48099370e+07 1.83983550e+07 2.27301630e+07 2.80599560e+07
 3.45456520e+07 4.24360860e+07 5.18893360e+07 6.31367040e+07
 7.64352090e+07 9.20074910e+07 1.10246614e+08 1.31079354e+08
 1.54396572e+08 1.79469405e+08 2.05338945e+08 2.30458573e+08
 2.52622647e+08 2.69567321e+08 2.78619977e+08 2.77402855e+08
 2.66328607e+08 2.47609600e+08 2.24020510e+08 1.97887285e+08
 1.71527392e+08 1.46399254e+08 1.23637144e+08 1.03405137e+08
 8.61000050e+07 7.14735970e+07 5.91471450e+07 4.86967760e+07
 3.98971180e+07 3.25479270e+07 2.65053290e+07 2.14541300e+07
 1.73259920e+07 1.39671950e+07 1.12226770e+07 8.99392700e+06
 7.18111000e+06 5.70183000e+06 4.51861100e+06 3.54627300e+06
 2.77790900e+06 2.15691500e+06 1.67213500e+06 1.29162800e+06
 9.91115000e+05 7.58291000e+05 5.74782000e+05 4.28493000e+05
 3.18024000e+05 2.35234000e+05 1.71749000e+05 1.26776000e+05
 9.08180000e+04 6.46670000e+04 4.60700000e+04 3.21180000e+04
 2.30840000e+04 1.66770000e+04 1.21110000e+04 8.42400000e+03
 5.80900000e+03 3.68000000e+03 2.26100000e+03 1.33400000e+03
 6.34000000e+02 2.89000000e+02 1.00000000e+02 2.60000000e+01]
