Standard Deviation: 6.97948782970712
Skewness: 0.07347448498986309
Kurtosis: 2.0493361223187874
Median: -0.06611536638602677
Mean: -0.04447246783300626
Deciles: [-3.6228248   3.46163697]
Minimum: -57.27888471190908
Maximum: 60.99313546634994
Bin Edges: [-57.27888471 -56.09616451 -54.91344431 -53.73072411 -52.5480039
 -51.3652837  -50.1825635  -48.9998433  -47.8171231  -46.6344029
 -45.45168269 -44.26896249 -43.08624229 -41.90352209 -40.72080189
 -39.53808169 -38.35536148 -37.17264128 -35.98992108 -34.80720088
 -33.62448068 -32.44176047 -31.25904027 -30.07632007 -28.89359987
 -27.71087967 -26.52815947 -25.34543926 -24.16271906 -22.97999886
 -21.79727866 -20.61455846 -19.43183825 -18.24911805 -17.06639785
 -15.88367765 -14.70095745 -13.51823725 -12.33551704 -11.15279684
  -9.97007664  -8.78735644  -7.60463624  -6.42191604  -5.23919583
  -4.05647563  -2.87375543  -1.69103523  -0.50831503   0.67440518
   1.85712538   3.03984558   4.22256578   5.40528598   6.58800618
   7.77072639   8.95344659  10.13616679  11.31888699  12.50160719
  13.6843274   14.8670476   16.0497678   17.232488    18.4152082
  19.5979284   20.78064861  21.96336881  23.14608901  24.32880921
  25.51152941  26.69424961  27.87696982  29.05969002  30.24241022
  31.42513042  32.60785062  33.79057083  34.97329103  36.15601123
  37.33873143  38.52145163  39.70417183  40.88689204  42.06961224
  43.25233244  44.43505264  45.61777284  46.80049304  47.98321325
  49.16593345  50.34865365  51.53137385  52.71409405  53.89681426
  55.07953446  56.26225466  57.44497486  58.62769506  59.81041526
  60.99313547]
Frequencies: [3.00000000e+00 5.00000000e+00 7.00000000e+00 1.70000000e+01
 6.60000000e+01 1.32000000e+02 3.08000000e+02 5.99000000e+02
 1.12000000e+03 1.94600000e+03 3.13900000e+03 5.49100000e+03
 8.93500000e+03 1.45360000e+04 2.33710000e+04 3.65470000e+04
 5.76050000e+04 9.04430000e+04 1.38627000e+05 2.07327000e+05
 3.04849000e+05 4.45454000e+05 6.40785000e+05 9.18160000e+05
 1.29164600e+06 1.78512200e+06 2.43580600e+06 3.30346300e+06
 4.42606500e+06 5.87531500e+06 7.71753400e+06 1.00770670e+07
 1.30289540e+07 1.67129610e+07 2.13170910e+07 2.70144180e+07
 3.40481440e+07 4.27307130e+07 5.34506310e+07 6.68774830e+07
 8.38975400e+07 1.05911086e+08 1.34810565e+08 1.73394241e+08
 2.24448409e+08 2.88880347e+08 3.60119740e+08 4.19345327e+08
 4.39925431e+08 4.10076237e+08 3.44983614e+08 2.71937020e+08
 2.08327757e+08 1.59541601e+08 1.23586728e+08 9.70038840e+07
 7.69737910e+07 6.15452340e+07 4.95163490e+07 3.99595970e+07
 3.22418350e+07 2.59387210e+07 2.07855610e+07 1.65719090e+07
 1.31316630e+07 1.03158060e+07 8.04754600e+06 6.22280000e+06
 4.76777400e+06 3.63404000e+06 2.74787000e+06 2.06332400e+06
 1.53632800e+06 1.13109600e+06 8.29437000e+05 5.98034000e+05
 4.27119000e+05 3.02261000e+05 2.13841000e+05 1.50703000e+05
 1.05539000e+05 7.45300000e+04 5.25070000e+04 3.63280000e+04
 2.58290000e+04 1.84990000e+04 1.23780000e+04 8.69700000e+03
 5.74600000e+03 3.89800000e+03 2.38700000e+03 1.53800000e+03
 9.75000000e+02 4.65000000e+02 2.56000000e+02 1.47000000e+02
 1.08000000e+02 7.50000000e+01 4.00000000e+01 7.00000000e+00]
