Standard Deviation: 3.576616586505073e-07
Skewness: 2.258696514491909
Kurtosis: 37.34996505248821
Median: 1.4006013853343563e-06
Mean: 1.4424537508746275e-06
Deciles: [1.25545453e-06 1.61280629e-06]
Minimum: 1e-12
Maximum: 6.0167412125713854e-05
Bin Edges: [1.00000000e-12 6.01675111e-07 1.20334922e-06 1.80502333e-06
 2.40669745e-06 3.00837156e-06 3.61004567e-06 4.21171978e-06
 4.81339389e-06 5.41506800e-06 6.01674211e-06 6.61841622e-06
 7.22009034e-06 7.82176445e-06 8.42343856e-06 9.02511267e-06
 9.62678678e-06 1.02284609e-05 1.08301350e-05 1.14318091e-05
 1.20334832e-05 1.26351573e-05 1.32368314e-05 1.38385056e-05
 1.44401797e-05 1.50418538e-05 1.56435279e-05 1.62452020e-05
 1.68468761e-05 1.74485502e-05 1.80502243e-05 1.86518984e-05
 1.92535726e-05 1.98552467e-05 2.04569208e-05 2.10585949e-05
 2.16602690e-05 2.22619431e-05 2.28636172e-05 2.34652913e-05
 2.40669655e-05 2.46686396e-05 2.52703137e-05 2.58719878e-05
 2.64736619e-05 2.70753360e-05 2.76770101e-05 2.82786842e-05
 2.88803583e-05 2.94820325e-05 3.00837066e-05 3.06853807e-05
 3.12870548e-05 3.18887289e-05 3.24904030e-05 3.30920771e-05
 3.36937512e-05 3.42954253e-05 3.48970995e-05 3.54987736e-05
 3.61004477e-05 3.67021218e-05 3.73037959e-05 3.79054700e-05
 3.85071441e-05 3.91088182e-05 3.97104923e-05 4.03121665e-05
 4.09138406e-05 4.15155147e-05 4.21171888e-05 4.27188629e-05
 4.33205370e-05 4.39222111e-05 4.45238852e-05 4.51255593e-05
 4.57272335e-05 4.63289076e-05 4.69305817e-05 4.75322558e-05
 4.81339299e-05 4.87356040e-05 4.93372781e-05 4.99389522e-05
 5.05406263e-05 5.11423005e-05 5.17439746e-05 5.23456487e-05
 5.29473228e-05 5.35489969e-05 5.41506710e-05 5.47523451e-05
 5.53540192e-05 5.59556933e-05 5.65573675e-05 5.71590416e-05
 5.77607157e-05 5.83623898e-05 5.89640639e-05 5.95657380e-05
 6.01674121e-05]
Frequencies: [2.20084220e+07 8.70069363e+08 3.12596817e+09 4.57852789e+08
 4.77221580e+07 1.10542520e+07 3.64395000e+06 1.44182100e+06
 6.38819000e+05 3.19844000e+05 1.71776000e+05 9.96240000e+04
 5.97840000e+04 3.74800000e+04 2.47970000e+04 1.69530000e+04
 1.16150000e+04 8.69900000e+03 6.68300000e+03 5.17600000e+03
 3.95300000e+03 3.24400000e+03 2.56200000e+03 1.99700000e+03
 1.63600000e+03 1.34200000e+03 1.16200000e+03 9.24000000e+02
 7.52000000e+02 6.43000000e+02 5.43000000e+02 4.29000000e+02
 3.64000000e+02 3.37000000e+02 2.67000000e+02 2.40000000e+02
 2.29000000e+02 1.57000000e+02 1.26000000e+02 1.21000000e+02
 1.09000000e+02 8.80000000e+01 9.00000000e+01 7.40000000e+01
 4.90000000e+01 4.10000000e+01 4.00000000e+01 3.80000000e+01
 3.70000000e+01 2.70000000e+01 1.90000000e+01 1.70000000e+01
 2.20000000e+01 1.80000000e+01 7.00000000e+00 1.30000000e+01
 6.00000000e+00 8.00000000e+00 1.20000000e+01 8.00000000e+00
 1.00000000e+01 6.00000000e+00 2.00000000e+00 2.00000000e+00
 4.00000000e+00 6.00000000e+00 6.00000000e+00 1.00000000e+00
 1.00000000e+00 4.00000000e+00 2.00000000e+00 2.00000000e+00
 0.00000000e+00 4.00000000e+00 1.00000000e+00 5.00000000e+00
 1.00000000e+00 2.00000000e+00 1.00000000e+00 1.00000000e+00
 1.00000000e+00 0.00000000e+00 0.00000000e+00 1.00000000e+00
 1.00000000e+00 1.00000000e+00 0.00000000e+00 1.00000000e+00
 1.00000000e+00 0.00000000e+00 0.00000000e+00 0.00000000e+00
 0.00000000e+00 0.00000000e+00 0.00000000e+00 0.00000000e+00
 0.00000000e+00 0.00000000e+00 1.00000000e+00 2.00000000e+00]
