Standard Deviation: 11.756032253465667
Skewness: -0.8825233947897057
Kurtosis: -0.17672204711971506
Median: 250.42638167383308
Mean: 246.44418933037213
Deciles: [238.21673944 256.44464101]
Minimum: 198.93855604952475
Maximum: 273.2164698351799
Bin Edges: [198.93855605 199.68133519 200.42411433 201.16689346 201.9096726
 202.65245174 203.39523088 204.13801001 204.88078915 205.62356829
 206.36634743 207.10912657 207.8519057  208.59468484 209.33746398
 210.08024312 210.82302226 211.56580139 212.30858053 213.05135967
 213.79413881 214.53691794 215.27969708 216.02247622 216.76525536
 217.5080345  218.25081363 218.99359277 219.73637191 220.47915105
 221.22193019 221.96470932 222.70748846 223.4502676  224.19304674
 224.93582587 225.67860501 226.42138415 227.16416329 227.90694243
 228.64972156 229.3925007  230.13527984 230.87805898 231.62083812
 232.36361725 233.10639639 233.84917553 234.59195467 235.3347338
 236.07751294 236.82029208 237.56307122 238.30585036 239.04862949
 239.79140863 240.53418777 241.27696691 242.01974605 242.76252518
 243.50530432 244.24808346 244.9908626  245.73364173 246.47642087
 247.21920001 247.96197915 248.70475829 249.44753742 250.19031656
 250.9330957  251.67587484 252.41865398 253.16143311 253.90421225
 254.64699139 255.38977053 256.13254966 256.8753288  257.61810794
 258.36088708 259.10366622 259.84644535 260.58922449 261.33200363
 262.07478277 262.81756191 263.56034104 264.30312018 265.04589932
 265.78867846 266.53145759 267.27423673 268.01701587 268.75979501
 269.50257415 270.24535328 270.98813242 271.73091156 272.4736907
 273.21646984]
Frequencies: [5.50000000e+02 1.68500000e+03 7.92100000e+03 2.33960000e+04
 6.09050000e+04 1.57591000e+05 3.22726000e+05 5.83271000e+05
 9.40719000e+05 1.36070000e+06 1.72627300e+06 2.07589200e+06
 2.39264500e+06 2.67782300e+06 2.90124500e+06 3.14512100e+06
 3.33367500e+06 3.51425700e+06 3.72966500e+06 4.00441000e+06
 4.39072300e+06 4.89717600e+06 5.63618400e+06 6.76684700e+06
 8.21763700e+06 1.00155750e+07 1.21452750e+07 1.45174090e+07
 1.70938690e+07 1.98931640e+07 2.25903330e+07 2.54221660e+07
 2.81899040e+07 3.07983780e+07 3.32326070e+07 3.55619600e+07
 3.77313810e+07 3.97734110e+07 4.16911880e+07 4.36063330e+07
 4.54246220e+07 4.69198270e+07 4.82350710e+07 4.93350940e+07
 5.03917910e+07 5.11747180e+07 5.17030730e+07 5.23099300e+07
 5.28865360e+07 5.35699590e+07 5.42107760e+07 5.49181370e+07
 5.58420730e+07 5.68763260e+07 5.79523560e+07 5.90856470e+07
 6.03563310e+07 6.18099630e+07 6.34265950e+07 6.51717100e+07
 6.71138610e+07 6.89981610e+07 7.08312180e+07 7.27153200e+07
 7.45429110e+07 7.64586580e+07 7.87291920e+07 8.15262330e+07
 8.49978390e+07 8.97080460e+07 9.58733510e+07 1.04105771e+08
 1.15232685e+08 1.28955767e+08 1.46417628e+08 1.71601025e+08
 2.08367150e+08 2.63617474e+08 3.19079078e+08 3.06942555e+08
 2.02950879e+08 9.10345450e+07 3.30924150e+07 1.24885120e+07
 5.27462500e+06 2.27809500e+06 9.25551000e+05 3.66231000e+05
 1.37232000e+05 5.54360000e+04 2.13890000e+04 7.84200000e+03
 2.90000000e+03 1.18900000e+03 3.96000000e+02 2.06000000e+02
 5.60000000e+01 3.30000000e+01 1.20000000e+01 8.00000000e+00]
