Standard Deviation: 5.790088678035394e-56
Skewness: 613.2961904044972
Kurtosis: 789053.3545217859
Median: 0.0
Mean: 4.395025301379051e-58
Deciles: [0. 0.]
Minimum: 0.0
Maximum: 2.923336401663339e-52
Bin Edges: [0.00000000e+00 2.92333640e-54 5.84667280e-54 8.77000920e-54
 1.16933456e-53 1.46166820e-53 1.75400184e-53 2.04633548e-53
 2.33866912e-53 2.63100276e-53 2.92333640e-53 3.21567004e-53
 3.50800368e-53 3.80033732e-53 4.09267096e-53 4.38500460e-53
 4.67733824e-53 4.96967188e-53 5.26200552e-53 5.55433916e-53
 5.84667280e-53 6.13900644e-53 6.43134008e-53 6.72367372e-53
 7.01600736e-53 7.30834100e-53 7.60067464e-53 7.89300828e-53
 8.18534192e-53 8.47767556e-53 8.77000920e-53 9.06234285e-53
 9.35467649e-53 9.64701013e-53 9.93934377e-53 1.02316774e-52
 1.05240110e-52 1.08163447e-52 1.11086783e-52 1.14010120e-52
 1.16933456e-52 1.19856792e-52 1.22780129e-52 1.25703465e-52
 1.28626802e-52 1.31550138e-52 1.34473474e-52 1.37396811e-52
 1.40320147e-52 1.43243484e-52 1.46166820e-52 1.49090156e-52
 1.52013493e-52 1.54936829e-52 1.57860166e-52 1.60783502e-52
 1.63706838e-52 1.66630175e-52 1.69553511e-52 1.72476848e-52
 1.75400184e-52 1.78323521e-52 1.81246857e-52 1.84170193e-52
 1.87093530e-52 1.90016866e-52 1.92940203e-52 1.95863539e-52
 1.98786875e-52 2.01710212e-52 2.04633548e-52 2.07556885e-52
 2.10480221e-52 2.13403557e-52 2.16326894e-52 2.19250230e-52
 2.22173567e-52 2.25096903e-52 2.28020239e-52 2.30943576e-52
 2.33866912e-52 2.36790249e-52 2.39713585e-52 2.42636921e-52
 2.45560258e-52 2.48483594e-52 2.51406931e-52 2.54330267e-52
 2.57253603e-52 2.60176940e-52 2.63100276e-52 2.66023613e-52
 2.68946949e-52 2.71870285e-52 2.74793622e-52 2.77716958e-52
 2.80640295e-52 2.83563631e-52 2.86486967e-52 2.89410304e-52
 2.92333640e-52]
Frequencies: [4.54107861e+09 5.47270000e+04 2.21450000e+04 8.65700000e+03
 7.14300000e+03 3.90500000e+03 2.09400000e+03 1.16500000e+03
 1.84900000e+03 6.96000000e+02 7.93000000e+02 5.05000000e+02
 5.31000000e+02 1.49000000e+02 1.80000000e+02 0.00000000e+00
 1.64000000e+02 1.60000000e+02 0.00000000e+00 1.16000000e+02
 0.00000000e+00 1.31000000e+02 0.00000000e+00 8.30000000e+01
 7.30000000e+01 0.00000000e+00 2.60000000e+01 0.00000000e+00
 2.00000000e+01 0.00000000e+00 0.00000000e+00 0.00000000e+00
 2.20000000e+01 0.00000000e+00 0.00000000e+00 1.20000000e+01
 0.00000000e+00 0.00000000e+00 0.00000000e+00 8.00000000e+00
 0.00000000e+00 0.00000000e+00 1.50000000e+01 0.00000000e+00
 0.00000000e+00 0.00000000e+00 7.00000000e+00 0.00000000e+00
 0.00000000e+00 6.00000000e+00 0.00000000e+00 0.00000000e+00
 0.00000000e+00 5.00000000e+00 0.00000000e+00 0.00000000e+00
 0.00000000e+00 0.00000000e+00 0.00000000e+00 0.00000000e+00
 0.00000000e+00 0.00000000e+00 0.00000000e+00 0.00000000e+00
 0.00000000e+00 0.00000000e+00 0.00000000e+00 0.00000000e+00
 0.00000000e+00 0.00000000e+00 0.00000000e+00 0.00000000e+00
 0.00000000e+00 0.00000000e+00 0.00000000e+00 0.00000000e+00
 0.00000000e+00 0.00000000e+00 0.00000000e+00 0.00000000e+00
 0.00000000e+00 0.00000000e+00 0.00000000e+00 0.00000000e+00
 0.00000000e+00 0.00000000e+00 0.00000000e+00 0.00000000e+00
 0.00000000e+00 0.00000000e+00 0.00000000e+00 0.00000000e+00
 0.00000000e+00 0.00000000e+00 0.00000000e+00 0.00000000e+00
 0.00000000e+00 0.00000000e+00 0.00000000e+00 1.00000000e+00]
