Standard Deviation: 12.116169515565373
Skewness: -1.1851045270494924
Kurtosis: 1.0862023179680884
Median: 282.03077926321384
Mean: 277.6633681631291
Deciles: [270.19009414 287.22252865]
Minimum: 214.85646547448883
Maximum: 303.6153035865805
Bin Edges: [214.85646547 215.74405386 216.63164224 217.51923062 218.406819
 219.29440738 220.18199576 221.06958414 221.95717252 222.8447609
 223.73234929 224.61993767 225.50752605 226.39511443 227.28270281
 228.17029119 229.05787957 229.94546795 230.83305633 231.72064472
 232.6082331  233.49582148 234.38340986 235.27099824 236.15858662
 237.046175   237.93376338 238.82135176 239.70894015 240.59652853
 241.48411691 242.37170529 243.25929367 244.14688205 245.03447043
 245.92205881 246.80964719 247.69723558 248.58482396 249.47241234
 250.36000072 251.2475891  252.13517748 253.02276586 253.91035424
 254.79794262 255.68553101 256.57311939 257.46070777 258.34829615
 259.23588453 260.12347291 261.01106129 261.89864967 262.78623806
 263.67382644 264.56141482 265.4490032  266.33659158 267.22417996
 268.11176834 268.99935672 269.8869451  270.77453349 271.66212187
 272.54971025 273.43729863 274.32488701 275.21247539 276.10006377
 276.98765215 277.87524053 278.76282892 279.6504173  280.53800568
 281.42559406 282.31318244 283.20077082 284.0883592  284.97594758
 285.86353596 286.75112435 287.63871273 288.52630111 289.41388949
 290.30147787 291.18906625 292.07665463 292.96424301 293.85183139
 294.73941978 295.62700816 296.51459654 297.40218492 298.2897733
 299.17736168 300.06495006 300.95253844 301.84012682 302.72771521
 303.61530359]
Frequencies: [8.80000000e+02 4.68300000e+03 1.38750000e+04 2.90020000e+04
 5.32750000e+04 9.98030000e+04 1.66234000e+05 2.54755000e+05
 3.77897000e+05 5.19487000e+05 6.96086000e+05 8.88574000e+05
 1.08137700e+06 1.29890800e+06 1.50285300e+06 1.69170200e+06
 1.88062800e+06 2.04887800e+06 2.21395300e+06 2.36660900e+06
 2.51316100e+06 2.64771100e+06 2.81104400e+06 2.95176300e+06
 3.13853800e+06 3.32026900e+06 3.55350900e+06 3.83259400e+06
 4.15988500e+06 4.52919500e+06 4.98786800e+06 5.55296600e+06
 6.26064700e+06 7.09472800e+06 8.11953700e+06 9.24725900e+06
 1.04960510e+07 1.17935000e+07 1.32312670e+07 1.48019300e+07
 1.64861320e+07 1.83908170e+07 2.04468080e+07 2.28857750e+07
 2.53345640e+07 2.79374380e+07 3.09446600e+07 3.41156980e+07
 3.75021440e+07 4.08371050e+07 4.40824600e+07 4.72822600e+07
 5.01007840e+07 5.25983280e+07 5.46795400e+07 5.66749330e+07
 5.88487450e+07 6.08981990e+07 6.32958440e+07 6.57709550e+07
 6.85013230e+07 7.08433210e+07 7.24350180e+07 7.32321980e+07
 7.33273260e+07 7.32639580e+07 7.37091090e+07 7.50841270e+07
 7.69856900e+07 7.96495930e+07 8.32217220e+07 8.78887980e+07
 9.40662250e+07 1.01992080e+08 1.12076709e+08 1.23517121e+08
 1.35001461e+08 1.47958154e+08 1.65942150e+08 1.95615033e+08
 2.61843525e+08 3.80614237e+08 3.88729922e+08 2.49587494e+08
 1.37518683e+08 7.35667390e+07 3.92314280e+07 2.14118740e+07
 1.26531820e+07 7.85383100e+06 4.95002300e+06 3.12763000e+06
 1.96522000e+06 1.20412400e+06 6.98009000e+05 3.52508000e+05
 1.53211000e+05 5.08250000e+04 1.30330000e+04 1.31600000e+03]
