Standard Deviation: 1.1501300293300806e-05
Skewness: 6.372258033491916
Kurtosis: 51.22935890064995
Median: 0.0
Mean: 2.663403329799507e-06
Deciles: [0. 0.]
Minimum: 0.0
Maximum: 0.0003954935592662909
Bin Edges: [0.00000000e+00 3.95493559e-06 7.90987119e-06 1.18648068e-05
 1.58197424e-05 1.97746780e-05 2.37296136e-05 2.76845491e-05
 3.16394847e-05 3.55944203e-05 3.95493559e-05 4.35042915e-05
 4.74592271e-05 5.14141627e-05 5.53690983e-05 5.93240339e-05
 6.32789695e-05 6.72339051e-05 7.11888407e-05 7.51437763e-05
 7.90987119e-05 8.30536474e-05 8.70085830e-05 9.09635186e-05
 9.49184542e-05 9.88733898e-05 1.02828325e-04 1.06783261e-04
 1.10738197e-04 1.14693132e-04 1.18648068e-04 1.22603003e-04
 1.26557939e-04 1.30512875e-04 1.34467810e-04 1.38422746e-04
 1.42377681e-04 1.46332617e-04 1.50287553e-04 1.54242488e-04
 1.58197424e-04 1.62152359e-04 1.66107295e-04 1.70062230e-04
 1.74017166e-04 1.77972102e-04 1.81927037e-04 1.85881973e-04
 1.89836908e-04 1.93791844e-04 1.97746780e-04 2.01701715e-04
 2.05656651e-04 2.09611586e-04 2.13566522e-04 2.17521458e-04
 2.21476393e-04 2.25431329e-04 2.29386264e-04 2.33341200e-04
 2.37296136e-04 2.41251071e-04 2.45206007e-04 2.49160942e-04
 2.53115878e-04 2.57070814e-04 2.61025749e-04 2.64980685e-04
 2.68935620e-04 2.72890556e-04 2.76845491e-04 2.80800427e-04
 2.84755363e-04 2.88710298e-04 2.92665234e-04 2.96620169e-04
 3.00575105e-04 3.04530041e-04 3.08484976e-04 3.12439912e-04
 3.16394847e-04 3.20349783e-04 3.24304719e-04 3.28259654e-04
 3.32214590e-04 3.36169525e-04 3.40124461e-04 3.44079397e-04
 3.48034332e-04 3.51989268e-04 3.55944203e-04 3.59899139e-04
 3.63854075e-04 3.67809010e-04 3.71763946e-04 3.75718881e-04
 3.79673817e-04 3.83628752e-04 3.87583688e-04 3.91538624e-04
 3.95493559e-04]
Frequencies: [4.1399133e+09 6.8981357e+07 4.9741770e+07 4.0233116e+07 3.3840253e+07
 2.8862737e+07 2.4628683e+07 2.0996274e+07 1.7926495e+07 1.5353972e+07
 1.3166141e+07 1.1337705e+07 9.7946930e+06 8.4918970e+06 7.3838340e+06
 6.4273390e+06 5.6133610e+06 4.9175600e+06 4.3174760e+06 3.7971180e+06
 3.3507310e+06 2.9691100e+06 2.6499560e+06 2.3815100e+06 2.1650530e+06
 2.0109900e+06 1.7784540e+06 1.4816020e+06 1.2099990e+06 9.7803100e+05
 7.9366600e+05 6.4928300e+05 5.2867700e+05 4.3350300e+05 3.5961900e+05
 2.9244000e+05 2.4097000e+05 2.0054700e+05 1.6579800e+05 1.3827500e+05
 1.1331900e+05 9.5187000e+04 7.8727000e+04 6.5644000e+04 5.4468000e+04
 4.5113000e+04 3.7770000e+04 3.1615000e+04 2.6359000e+04 2.1481000e+04
 1.7634000e+04 1.4572000e+04 1.2270000e+04 1.0026000e+04 8.5130000e+03
 7.4420000e+03 6.2240000e+03 5.2080000e+03 4.3240000e+03 3.5780000e+03
 3.0950000e+03 2.5230000e+03 2.2960000e+03 1.9730000e+03 1.6460000e+03
 1.3460000e+03 1.1890000e+03 9.8900000e+02 8.9100000e+02 8.1300000e+02
 7.4300000e+02 6.3500000e+02 4.6100000e+02 4.3800000e+02 3.4900000e+02
 3.1000000e+02 2.4800000e+02 2.3700000e+02 1.6900000e+02 1.0800000e+02
 1.1700000e+02 8.4000000e+01 8.7000000e+01 8.2000000e+01 8.5000000e+01
 6.9000000e+01 5.3000000e+01 5.0000000e+01 2.8000000e+01 1.3000000e+01
 2.6000000e+01 2.2000000e+01 1.3000000e+01 1.8000000e+01 7.0000000e+00
 1.1000000e+01 7.0000000e+00 1.0000000e+00 0.0000000e+00 1.0000000e+00]
