Standard Deviation: 5.776421851391897e-05
Skewness: 4.386031499851293
Kurtosis: 28.086180036652838
Median: 0.0
Mean: 2.346355400919217e-05
Deciles: [0.00000000e+00 1.66600062e-05]
Minimum: 0.0
Maximum: 0.001135542274797983
Bin Edges: [0.00000000e+00 1.13554227e-05 2.27108455e-05 3.40662682e-05
 4.54216910e-05 5.67771137e-05 6.81325365e-05 7.94879592e-05
 9.08433820e-05 1.02198805e-04 1.13554227e-04 1.24909650e-04
 1.36265073e-04 1.47620496e-04 1.58975918e-04 1.70331341e-04
 1.81686764e-04 1.93042187e-04 2.04397609e-04 2.15753032e-04
 2.27108455e-04 2.38463878e-04 2.49819300e-04 2.61174723e-04
 2.72530146e-04 2.83885569e-04 2.95240991e-04 3.06596414e-04
 3.17951837e-04 3.29307260e-04 3.40662682e-04 3.52018105e-04
 3.63373528e-04 3.74728951e-04 3.86084373e-04 3.97439796e-04
 4.08795219e-04 4.20150642e-04 4.31506064e-04 4.42861487e-04
 4.54216910e-04 4.65572333e-04 4.76927755e-04 4.88283178e-04
 4.99638601e-04 5.10994024e-04 5.22349446e-04 5.33704869e-04
 5.45060292e-04 5.56415715e-04 5.67771137e-04 5.79126560e-04
 5.90481983e-04 6.01837406e-04 6.13192828e-04 6.24548251e-04
 6.35903674e-04 6.47259097e-04 6.58614519e-04 6.69969942e-04
 6.81325365e-04 6.92680788e-04 7.04036210e-04 7.15391633e-04
 7.26747056e-04 7.38102479e-04 7.49457901e-04 7.60813324e-04
 7.72168747e-04 7.83524170e-04 7.94879592e-04 8.06235015e-04
 8.17590438e-04 8.28945861e-04 8.40301283e-04 8.51656706e-04
 8.63012129e-04 8.74367552e-04 8.85722974e-04 8.97078397e-04
 9.08433820e-04 9.19789243e-04 9.31144665e-04 9.42500088e-04
 9.53855511e-04 9.65210934e-04 9.76566356e-04 9.87921779e-04
 9.99277202e-04 1.01063262e-03 1.02198805e-03 1.03334347e-03
 1.04469889e-03 1.05605432e-03 1.06740974e-03 1.07876516e-03
 1.09012058e-03 1.10147601e-03 1.11283143e-03 1.12418685e-03
 1.13554227e-03]
Frequencies: [3.31938958e+09 1.78438490e+08 1.55118203e+08 1.30695966e+08
 1.12117927e+08 9.63744680e+07 8.23951990e+07 7.01822200e+07
 5.94008390e+07 4.99543180e+07 4.17507410e+07 3.47424200e+07
 2.89058400e+07 2.41028620e+07 2.01832180e+07 1.70161820e+07
 1.44345970e+07 1.23239540e+07 1.05817800e+07 9.14340900e+06
 7.95292800e+06 6.94953000e+06 6.09642900e+06 5.37213100e+06
 4.75603100e+06 4.21875100e+06 3.76270800e+06 3.36161000e+06
 3.00958600e+06 2.70352000e+06 2.42875300e+06 2.18856700e+06
 1.97432400e+06 1.78264500e+06 1.61461700e+06 1.46247900e+06
 1.32421000e+06 1.20333300e+06 1.09161800e+06 9.92992000e+05
 9.01458000e+05 8.21059000e+05 7.48320000e+05 6.80977000e+05
 6.20187000e+05 5.66330000e+05 5.14932000e+05 4.69337000e+05
 4.27594000e+05 3.90511000e+05 3.55582000e+05 3.24024000e+05
 2.95211000e+05 2.68677000e+05 2.44912000e+05 2.22346000e+05
 2.00921000e+05 1.81874000e+05 1.65034000e+05 1.48804000e+05
 1.34865000e+05 1.22162000e+05 1.09547000e+05 9.82090000e+04
 8.79710000e+04 7.84040000e+04 7.01640000e+04 6.19060000e+04
 5.53700000e+04 4.86290000e+04 4.29030000e+04 3.75260000e+04
 3.27350000e+04 2.81750000e+04 2.44110000e+04 2.07280000e+04
 1.76990000e+04 1.47130000e+04 1.22580000e+04 1.00370000e+04
 8.03700000e+03 6.29000000e+03 4.84000000e+03 3.37400000e+03
 2.28400000e+03 1.53500000e+03 9.82000000e+02 6.13000000e+02
 3.16000000e+02 1.46000000e+02 5.00000000e+01 1.90000000e+01
 1.30000000e+01 8.00000000e+00 6.00000000e+00 3.00000000e+00
 0.00000000e+00 1.00000000e+00 0.00000000e+00 1.00000000e+00]
