Standard Deviation: 4.3113388971567296e-07
Skewness: 14.177207335953083
Kurtosis: 603.3213412228166
Median: 1.4993621863499627e-06
Mean: 1.5929777116386766e-06
Deciles: [1.39872525e-06 1.70948256e-06]
Minimum: 1e-12
Maximum: 0.00011892786211034677
Bin Edges: [1.00000000e-12 1.18927961e-06 2.37855822e-06 3.56783683e-06
 4.75711544e-06 5.94639406e-06 7.13567267e-06 8.32495128e-06
 9.51422989e-06 1.07035085e-05 1.18927871e-05 1.30820657e-05
 1.42713443e-05 1.54606229e-05 1.66499016e-05 1.78391802e-05
 1.90284588e-05 2.02177374e-05 2.14070160e-05 2.25962946e-05
 2.37855732e-05 2.49748518e-05 2.61641304e-05 2.73534091e-05
 2.85426877e-05 2.97319663e-05 3.09212449e-05 3.21105235e-05
 3.32998021e-05 3.44890807e-05 3.56783593e-05 3.68676379e-05
 3.80569166e-05 3.92461952e-05 4.04354738e-05 4.16247524e-05
 4.28140310e-05 4.40033096e-05 4.51925882e-05 4.63818668e-05
 4.75711454e-05 4.87604241e-05 4.99497027e-05 5.11389813e-05
 5.23282599e-05 5.35175385e-05 5.47068171e-05 5.58960957e-05
 5.70853743e-05 5.82746529e-05 5.94639316e-05 6.06532102e-05
 6.18424888e-05 6.30317674e-05 6.42210460e-05 6.54103246e-05
 6.65996032e-05 6.77888818e-05 6.89781604e-05 7.01674391e-05
 7.13567177e-05 7.25459963e-05 7.37352749e-05 7.49245535e-05
 7.61138321e-05 7.73031107e-05 7.84923893e-05 7.96816679e-05
 8.08709466e-05 8.20602252e-05 8.32495038e-05 8.44387824e-05
 8.56280610e-05 8.68173396e-05 8.80066182e-05 8.91958968e-05
 9.03851754e-05 9.15744541e-05 9.27637327e-05 9.39530113e-05
 9.51422899e-05 9.63315685e-05 9.75208471e-05 9.87101257e-05
 9.98994043e-05 1.01088683e-04 1.02277962e-04 1.03467240e-04
 1.04656519e-04 1.05845797e-04 1.07035076e-04 1.08224355e-04
 1.09413633e-04 1.10602912e-04 1.11792190e-04 1.12981469e-04
 1.14170748e-04 1.15360026e-04 1.16549305e-04 1.17738583e-04
 1.18927862e-04]
Frequencies: [9.69823410e+07 4.33366295e+09 8.85442990e+07 1.25854960e+07
 4.30892100e+06 1.99773800e+06 1.07718900e+06 6.42854000e+05
 4.05348000e+05 2.72814000e+05 1.86965000e+05 1.32587000e+05
 9.49700000e+04 6.97770000e+04 5.10430000e+04 3.83100000e+04
 2.84930000e+04 2.16000000e+04 1.69720000e+04 1.28910000e+04
 1.00280000e+04 7.65400000e+03 6.13500000e+03 4.85600000e+03
 3.78800000e+03 2.98700000e+03 2.36500000e+03 1.90400000e+03
 1.56700000e+03 1.33100000e+03 1.13600000e+03 9.40000000e+02
 7.84000000e+02 6.86000000e+02 5.61000000e+02 4.72000000e+02
 4.04000000e+02 3.66000000e+02 3.13000000e+02 2.88000000e+02
 2.36000000e+02 2.05000000e+02 1.78000000e+02 1.62000000e+02
 1.32000000e+02 9.90000000e+01 1.06000000e+02 7.70000000e+01
 1.04000000e+02 6.50000000e+01 6.50000000e+01 7.40000000e+01
 4.70000000e+01 4.10000000e+01 4.40000000e+01 2.70000000e+01
 2.50000000e+01 3.30000000e+01 1.50000000e+01 1.90000000e+01
 1.30000000e+01 1.10000000e+01 1.30000000e+01 8.00000000e+00
 7.00000000e+00 6.00000000e+00 6.00000000e+00 1.00000000e+00
 8.00000000e+00 1.00000000e+01 8.00000000e+00 4.00000000e+00
 8.00000000e+00 2.00000000e+00 2.00000000e+00 1.00000000e+00
 2.00000000e+00 0.00000000e+00 0.00000000e+00 1.00000000e+00
 0.00000000e+00 0.00000000e+00 0.00000000e+00 1.00000000e+00
 2.00000000e+00 2.00000000e+00 0.00000000e+00 1.00000000e+00
 0.00000000e+00 0.00000000e+00 0.00000000e+00 0.00000000e+00
 1.00000000e+00 0.00000000e+00 0.00000000e+00 0.00000000e+00
 0.00000000e+00 0.00000000e+00 0.00000000e+00 2.00000000e+00]
