Standard Deviation: 10.16151495532138
Skewness: 0.5107090065395637
Kurtosis: -0.006218010737734758
Median: 2.458425341655121
Mean: 3.72764644237526
Deciles: [-3.78135611 10.25528984]
Minimum: -56.92042737508315
Maximum: 65.62516551960111
Bin Edges: [-56.92042738 -55.69497145 -54.46951552 -53.24405959 -52.01860366
 -50.79314773 -49.5676918  -48.34223587 -47.11677994 -45.89132401
 -44.66586809 -43.44041216 -42.21495623 -40.9895003  -39.76404437
 -38.53858844 -37.31313251 -36.08767658 -34.86222065 -33.63676473
 -32.4113088  -31.18585287 -29.96039694 -28.73494101 -27.50948508
 -26.28402915 -25.05857322 -23.83311729 -22.60766136 -21.38220544
 -20.15674951 -18.93129358 -17.70583765 -16.48038172 -15.25492579
 -14.02946986 -12.80401393 -11.578558   -10.35310208  -9.12764615
  -7.90219022  -6.67673429  -5.45127836  -4.22582243  -3.0003665
  -1.77491057  -0.54945464   0.67600129   1.90145721   3.12691314
   4.35236907   5.577825     6.80328093   8.02873686   9.25419279
  10.47964872  11.70510465  12.93056057  14.1560165   15.38147243
  16.60692836  17.83238429  19.05784022  20.28329615  21.50875208
  22.73420801  23.95966394  25.18511986  26.41057579  27.63603172
  28.86148765  30.08694358  31.31239951  32.53785544  33.76331137
  34.9887673   36.21422322  37.43967915  38.66513508  39.89059101
  41.11604694  42.34150287  43.5669588   44.79241473  46.01787066
  47.24332659  48.46878251  49.69423844  50.91969437  52.1451503
  53.37060623  54.59606216  55.82151809  57.04697402  58.27242995
  59.49788587  60.7233418   61.94879773  63.17425366  64.39970959
  65.62516552]
Frequencies: [6.00000000e+00 3.00000000e+00 1.20000000e+01 1.20000000e+01
 2.60000000e+01 4.70000000e+01 9.70000000e+01 1.94000000e+02
 3.79000000e+02 5.24000000e+02 7.78000000e+02 1.06100000e+03
 1.53600000e+03 2.31100000e+03 3.22000000e+03 4.60100000e+03
 7.00000000e+03 9.82200000e+03 1.47000000e+04 2.30310000e+04
 3.47470000e+04 5.15270000e+04 7.73360000e+04 1.17339000e+05
 1.76579000e+05 2.73470000e+05 4.30877000e+05 6.96897000e+05
 1.19079900e+06 2.07965500e+06 3.66926800e+06 6.39987300e+06
 1.08377050e+07 1.77007020e+07 2.78312880e+07 4.20872030e+07
 6.09427030e+07 8.40410040e+07 1.10171284e+08 1.37293604e+08
 1.62951980e+08 1.85465623e+08 2.03448321e+08 2.16233304e+08
 2.24180353e+08 2.27361208e+08 2.25935087e+08 2.20915137e+08
 2.12997256e+08 2.02984579e+08 1.91769295e+08 1.80185743e+08
 1.68548369e+08 1.56952204e+08 1.45610842e+08 1.34588950e+08
 1.23704129e+08 1.13085803e+08 1.02873955e+08 9.29640990e+07
 8.35191910e+07 7.44263330e+07 6.58139550e+07 5.75707470e+07
 4.97555110e+07 4.23985370e+07 3.56545560e+07 2.95378940e+07
 2.40968420e+07 1.93043660e+07 1.52312650e+07 1.18704280e+07
 9.08470700e+06 6.84571400e+06 5.07168000e+06 3.68795200e+06
 2.64647100e+06 1.85160100e+06 1.28958200e+06 8.83349000e+05
 5.96843000e+05 3.92323000e+05 2.55175000e+05 1.62387000e+05
 1.04772000e+05 6.89330000e+04 4.51720000e+04 2.95010000e+04
 1.93610000e+04 1.29720000e+04 8.81200000e+03 5.83200000e+03
 3.91100000e+03 2.75900000e+03 1.83600000e+03 1.15200000e+03
 8.64000000e+02 6.64000000e+02 4.36000000e+02 1.57000000e+02]
