Standard Deviation: 8.585617050015742
Skewness: -1.1552013590441355
Kurtosis: 2.0758834311140006
Median: 261.9986721832463
Mean: 260.14474270651607
Deciles: [256.73832222 265.57993075]
Minimum: 197.3207691309408
Maximum: 316.5297369830083
Bin Edges: [197.32076913 198.51285881 199.70494849 200.89703817 202.08912785
 203.28121752 204.4733072  205.66539688 206.85748656 208.04957624
 209.24166592 210.43375559 211.62584527 212.81793495 214.01002463
 215.20211431 216.39420399 217.58629367 218.77838334 219.97047302
 221.1625627  222.35465238 223.54674206 224.73883174 225.93092142
 227.12301109 228.31510077 229.50719045 230.69928013 231.89136981
 233.08345949 234.27554917 235.46763884 236.65972852 237.8518182
 239.04390788 240.23599756 241.42808724 242.62017691 243.81226659
 245.00435627 246.19644595 247.38853563 248.58062531 249.77271499
 250.96480466 252.15689434 253.34898402 254.5410737  255.73316338
 256.92525306 258.11734274 259.30943241 260.50152209 261.69361177
 262.88570145 264.07779113 265.26988081 266.46197049 267.65406016
 268.84614984 270.03823952 271.2303292  272.42241888 273.61450856
 274.80659823 275.99868791 277.19077759 278.38286727 279.57495695
 280.76704663 281.95913631 283.15122598 284.34331566 285.53540534
 286.72749502 287.9195847  289.11167438 290.30376406 291.49585373
 292.68794341 293.88003309 295.07212277 296.26421245 297.45630213
 298.64839181 299.84048148 301.03257116 302.22466084 303.41675052
 304.6088402  305.80092988 306.99301955 308.18510923 309.37719891
 310.56928859 311.76137827 312.95346795 314.14555763 315.3376473
 316.52973698]
Frequencies: [6.10000000e+01 4.32000000e+02 7.55000000e+02 1.60800000e+03
 2.86100000e+03 4.75200000e+03 7.17000000e+03 1.12030000e+04
 1.48380000e+04 1.96590000e+04 2.72500000e+04 3.96980000e+04
 6.19620000e+04 9.75720000e+04 1.48391000e+05 2.22289000e+05
 3.27003000e+05 4.69267000e+05 6.49422000e+05 8.81939000e+05
 1.17922100e+06 1.55311000e+06 2.00815200e+06 2.59019100e+06
 3.32511700e+06 4.22867400e+06 5.33935500e+06 6.67900600e+06
 8.25331500e+06 1.00839980e+07 1.21934320e+07 1.46011940e+07
 1.72778200e+07 2.02849290e+07 2.36363910e+07 2.72384680e+07
 3.11779950e+07 3.53749660e+07 3.98826560e+07 4.47160800e+07
 4.97835530e+07 5.50287790e+07 6.04592100e+07 6.62575360e+07
 7.27007480e+07 8.02922780e+07 8.99651490e+07 1.03003486e+08
 1.21320362e+08 1.46961187e+08 1.81878288e+08 2.26670819e+08
 2.78794499e+08 3.30945493e+08 3.71101572e+08 3.88131892e+08
 3.75974103e+08 3.34321833e+08 2.72562891e+08 2.04552553e+08
 1.42819394e+08 9.45938020e+07 6.08279980e+07 3.86728980e+07
 2.46207780e+07 1.58421020e+07 1.04298610e+07 7.05930200e+06
 5.00806200e+06 3.70942300e+06 2.83963000e+06 2.21261900e+06
 1.73015400e+06 1.35413700e+06 1.05149200e+06 8.11066000e+05
 6.08597000e+05 4.48181000e+05 3.33382000e+05 2.46363000e+05
 1.82480000e+05 1.34290000e+05 9.84870000e+04 7.10670000e+04
 5.09610000e+04 3.52470000e+04 2.43490000e+04 1.66120000e+04
 1.05760000e+04 7.08100000e+03 4.78900000e+03 3.37100000e+03
 2.37800000e+03 1.53700000e+03 1.13900000e+03 7.58000000e+02
 5.57000000e+02 3.63000000e+02 2.02000000e+02 8.20000000e+01]
