Standard Deviation: 0.0006348619177708186
Skewness: 1.858775839712912
Kurtosis: 3.137276856989285
Median: 0.0002527423098133531
Mean: 0.0005222004394430029
Deciles: [9.75476096e-05 6.90121995e-04]
Minimum: 1e-12
Maximum: 0.00678675426385475
Bin Edges: [1.00000000e-12 6.78675436e-05 1.35735086e-04 2.03602629e-04
 2.71470172e-04 3.39337714e-04 4.07205257e-04 4.75072799e-04
 5.42940342e-04 6.10807885e-04 6.78675427e-04 7.46542970e-04
 8.14410513e-04 8.82278055e-04 9.50145598e-04 1.01801314e-03
 1.08588068e-03 1.15374823e-03 1.22161577e-03 1.28948331e-03
 1.35735085e-03 1.42521840e-03 1.49308594e-03 1.56095348e-03
 1.62882102e-03 1.69668857e-03 1.76455611e-03 1.83242365e-03
 1.90029119e-03 1.96815874e-03 2.03602628e-03 2.10389382e-03
 2.17176137e-03 2.23962891e-03 2.30749645e-03 2.37536399e-03
 2.44323154e-03 2.51109908e-03 2.57896662e-03 2.64683416e-03
 2.71470171e-03 2.78256925e-03 2.85043679e-03 2.91830433e-03
 2.98617188e-03 3.05403942e-03 3.12190696e-03 3.18977450e-03
 3.25764205e-03 3.32550959e-03 3.39337713e-03 3.46124468e-03
 3.52911222e-03 3.59697976e-03 3.66484730e-03 3.73271485e-03
 3.80058239e-03 3.86844993e-03 3.93631747e-03 4.00418502e-03
 4.07205256e-03 4.13992010e-03 4.20778764e-03 4.27565519e-03
 4.34352273e-03 4.41139027e-03 4.47925781e-03 4.54712536e-03
 4.61499290e-03 4.68286044e-03 4.75072798e-03 4.81859553e-03
 4.88646307e-03 4.95433061e-03 5.02219816e-03 5.09006570e-03
 5.15793324e-03 5.22580078e-03 5.29366833e-03 5.36153587e-03
 5.42940341e-03 5.49727095e-03 5.56513850e-03 5.63300604e-03
 5.70087358e-03 5.76874112e-03 5.83660867e-03 5.90447621e-03
 5.97234375e-03 6.04021129e-03 6.10807884e-03 6.17594638e-03
 6.24381392e-03 6.31168147e-03 6.37954901e-03 6.44741655e-03
 6.51528409e-03 6.58315164e-03 6.65101918e-03 6.71888672e-03
 6.78675426e-03]
Frequencies: [7.83152187e+08 7.29610936e+08 4.93723983e+08 3.50586028e+08
 2.65717960e+08 2.11184532e+08 1.73608255e+08 1.46319662e+08
 1.25609237e+08 1.09318395e+08 9.61262230e+07 8.53770860e+07
 7.65070330e+07 6.89216970e+07 6.24830140e+07 5.69542130e+07
 5.21974380e+07 4.80941210e+07 4.45267000e+07 4.14249190e+07
 3.86979370e+07 3.62914580e+07 3.41413410e+07 3.21756800e+07
 3.03206720e+07 2.87312800e+07 2.73211600e+07 2.59863360e+07
 2.47663750e+07 2.36307710e+07 2.25321730e+07 2.14698590e+07
 2.03795630e+07 1.92844520e+07 1.81533430e+07 1.69623590e+07
 1.57199030e+07 1.43267640e+07 1.28414280e+07 1.12215890e+07
 9.54359000e+06 7.88759800e+06 6.33633600e+06 4.96534400e+06
 3.76543100e+06 2.81653500e+06 2.09611900e+06 1.58891900e+06
 1.21971500e+06 9.56084000e+05 7.58695000e+05 5.94586000e+05
 4.71089000e+05 3.74799000e+05 2.96292000e+05 2.33355000e+05
 1.88464000e+05 1.49277000e+05 1.16012000e+05 9.05570000e+04
 7.06200000e+04 5.58520000e+04 4.46660000e+04 3.46950000e+04
 2.55800000e+04 1.97520000e+04 1.55050000e+04 1.24640000e+04
 9.86000000e+03 8.22800000e+03 6.80700000e+03 5.61600000e+03
 4.50800000e+03 3.80200000e+03 3.45100000e+03 2.98000000e+03
 2.30700000e+03 1.88800000e+03 1.77400000e+03 1.28500000e+03
 1.07600000e+03 8.88000000e+02 7.49000000e+02 6.13000000e+02
 4.82000000e+02 3.93000000e+02 3.19000000e+02 2.23000000e+02
 1.63000000e+02 1.66000000e+02 1.12000000e+02 6.70000000e+01
 5.50000000e+01 6.20000000e+01 5.00000000e+01 3.50000000e+01
 1.90000000e+01 1.50000000e+01 1.30000000e+01 1.00000000e+00]
