Standard Deviation: 9.353231671077188
Skewness: 0.5307983788909341
Kurtosis: 0.16495611953071432
Median: 0.37548819988059245
Mean: 1.5172146721607371
Deciles: [-5.2740408   7.30713719]
Minimum: -63.53993570795374
Maximum: 66.28737180149254
Bin Edges: [-63.53993571 -62.24166263 -60.94338956 -59.64511648 -58.34684341
 -57.04857033 -55.75029726 -54.45202418 -53.15375111 -51.85547803
 -50.55720496 -49.25893188 -47.96065881 -46.66238573 -45.36411266
 -44.06583958 -42.76756651 -41.46929343 -40.17102036 -38.87274728
 -37.57447421 -36.27620113 -34.97792806 -33.67965498 -32.38138191
 -31.08310883 -29.78483576 -28.48656268 -27.18828961 -25.89001653
 -24.59174346 -23.29347038 -21.9951973  -20.69692423 -19.39865115
 -18.10037808 -16.802105   -15.50383193 -14.20555885 -12.90728578
 -11.6090127  -10.31073963  -9.01246655  -7.71419348  -6.4159204
  -5.11764733  -3.81937425  -2.52110118  -1.2228281    0.07544497
   1.37371805   2.67199112   3.9702642    5.26853727   6.56681035
   7.86508342   9.1633565   10.46162957  11.75990265  13.05817572
  14.3564488   15.65472187  16.95299495  18.25126802  19.5495411
  20.84781417  22.14608725  23.44436032  24.7426334   26.04090647
  27.33917955  28.63745262  29.9357257   31.23399877  32.53227185
  33.83054492  35.128818    36.42709107  37.72536415  39.02363722
  40.3219103   41.62018337  42.91845645  44.21672952  45.5150026
  46.81327568  48.11154875  49.40982183  50.7080949   52.00636798
  53.30464105  54.60291413  55.9011872   57.19946028  58.49773335
  59.79600643  61.0942795   62.39255258  63.69082565  64.98909873
  66.2873718 ]
Frequencies: [1.10000000e+01 8.00000000e+00 1.70000000e+01 3.20000000e+01
 5.80000000e+01 7.70000000e+01 9.40000000e+01 1.90000000e+02
 3.27000000e+02 5.47000000e+02 8.34000000e+02 1.30600000e+03
 2.04900000e+03 2.99200000e+03 4.22300000e+03 6.42500000e+03
 8.78100000e+03 1.26480000e+04 1.87310000e+04 2.75300000e+04
 3.89580000e+04 5.34520000e+04 7.50870000e+04 1.05549000e+05
 1.45072000e+05 2.02222000e+05 2.75891000e+05 3.87613000e+05
 5.37152000e+05 7.51250000e+05 1.08150100e+06 1.63251800e+06
 2.62543800e+06 4.43193100e+06 7.70121700e+06 1.34844940e+07
 2.30209130e+07 3.76466790e+07 5.86908760e+07 8.68557700e+07
 1.20970928e+08 1.56744273e+08 1.89891438e+08 2.17849992e+08
 2.39826232e+08 2.54907544e+08 2.63459959e+08 2.65653183e+08
 2.62062070e+08 2.52546337e+08 2.38434424e+08 2.20910944e+08
 2.02354572e+08 1.83747134e+08 1.65829641e+08 1.49072324e+08
 1.33569988e+08 1.19248659e+08 1.06071122e+08 9.37982630e+07
 8.23695670e+07 7.17549900e+07 6.16844400e+07 5.23168210e+07
 4.36920770e+07 3.58705880e+07 2.88732950e+07 2.28274000e+07
 1.77139760e+07 1.34629660e+07 1.00343900e+07 7.33358700e+06
 5.24535200e+06 3.69779000e+06 2.56132400e+06 1.74532200e+06
 1.17292700e+06 7.72603000e+05 4.94124000e+05 3.11928000e+05
 1.91696000e+05 1.16093000e+05 6.71250000e+04 3.98650000e+04
 2.33150000e+04 1.37680000e+04 7.79100000e+03 4.55400000e+03
 2.58500000e+03 1.23300000e+03 5.15000000e+02 2.76000000e+02
 1.36000000e+02 4.90000000e+01 1.30000000e+01 1.20000000e+01
 5.00000000e+00 6.00000000e+00 5.00000000e+00 1.00000000e+00]
