Standard Deviation: 11.231342190345146
Skewness: -0.7729353265926299
Kurtosis: -0.4512325541507445
Median: 243.0396662668634
Mean: 239.40986958417727
Deciles: [230.99317748 249.1029729 ]
Minimum: 195.70079218004878
Maximum: 265.25240916332376
Bin Edges: [195.70079218 196.39630835 197.09182452 197.78734069 198.48285686
 199.17837303 199.8738892  200.56940537 201.26492154 201.96043771
 202.65595388 203.35147005 204.04698622 204.74250239 205.43801856
 206.13353473 206.8290509  207.52456707 208.22008324 208.91559941
 209.61111558 210.30663175 211.00214792 211.69766409 212.39318026
 213.08869643 213.7842126  214.47972877 215.17524494 215.87076111
 216.56627728 217.26179344 217.95730961 218.65282578 219.34834195
 220.04385812 220.73937429 221.43489046 222.13040663 222.8259228
 223.52143897 224.21695514 224.91247131 225.60798748 226.30350365
 226.99901982 227.69453599 228.39005216 229.08556833 229.7810845
 230.47660067 231.17211684 231.86763301 232.56314918 233.25866535
 233.95418152 234.64969769 235.34521386 236.04073003 236.7362462
 237.43176237 238.12727854 238.82279471 239.51831088 240.21382705
 240.90934322 241.60485939 242.30037556 242.99589173 243.6914079
 244.38692407 245.08244024 245.77795641 246.47347258 247.16898875
 247.86450492 248.56002109 249.25553726 249.95105343 250.6465696
 251.34208577 252.03760194 252.73311811 253.42863428 254.12415045
 254.81966662 255.51518279 256.21069896 256.90621513 257.6017313
 258.29724746 258.99276363 259.6882798  260.38379597 261.07931214
 261.77482831 262.47034448 263.16586065 263.86137682 264.55689299
 265.25240916]
Frequencies: [1.88000000e+02 1.58300000e+03 4.84100000e+03 1.13400000e+04
 2.99970000e+04 6.76480000e+04 1.53412000e+05 3.20503000e+05
 6.14340000e+05 1.00492300e+06 1.47710000e+06 1.92954000e+06
 2.31811400e+06 2.61325600e+06 2.89147500e+06 3.15880100e+06
 3.40160300e+06 3.58930800e+06 3.83382500e+06 4.14751300e+06
 4.52387600e+06 5.11125900e+06 6.09150300e+06 7.49039500e+06
 9.31472500e+06 1.17247880e+07 1.45187760e+07 1.76060780e+07
 2.09130780e+07 2.42445400e+07 2.73855510e+07 3.03024390e+07
 3.30676090e+07 3.57631360e+07 3.83341590e+07 4.08832430e+07
 4.34387390e+07 4.58312340e+07 4.81076420e+07 5.01325810e+07
 5.17672160e+07 5.29383890e+07 5.38191640e+07 5.45130220e+07
 5.49164050e+07 5.51358800e+07 5.53820610e+07 5.56883310e+07
 5.60506630e+07 5.64693710e+07 5.69502740e+07 5.73372310e+07
 5.78452190e+07 5.84580950e+07 5.91345960e+07 5.98736600e+07
 6.08575600e+07 6.19277340e+07 6.29965380e+07 6.41629380e+07
 6.54058370e+07 6.68916370e+07 6.84054160e+07 7.00026640e+07
 7.19192780e+07 7.38447930e+07 7.64558190e+07 7.99203670e+07
 8.42994430e+07 9.00497650e+07 9.77096510e+07 1.07378128e+08
 1.19204190e+08 1.34643014e+08 1.55083225e+08 1.83194712e+08
 2.21116924e+08 2.64156447e+08 2.82879496e+08 2.42474354e+08
 1.56056150e+08 7.61696310e+07 3.19155280e+07 1.45056480e+07
 7.50337000e+06 3.94807100e+06 1.93569100e+06 8.66503000e+05
 3.73206000e+05 1.65865000e+05 7.01890000e+04 3.17800000e+04
 1.48490000e+04 6.85700000e+03 3.37400000e+03 1.43700000e+03
 8.39000000e+02 4.55000000e+02 3.01000000e+02 8.80000000e+01]
