Standard Deviation: 0.0007876339868950687
Skewness: 1.7992054398725332
Kurtosis: 2.826149987959802
Median: 0.00032404548154902604
Mean: 0.0006576936869567763
Deciles: [0.00012383 0.00087815]
Minimum: 1e-12
Maximum: 0.007687680297079517
Bin Edges: [1.00000000e-12 7.68768040e-05 1.53753607e-04 2.30630410e-04
 3.07507213e-04 3.84384016e-04 4.61260819e-04 5.38137622e-04
 6.15014425e-04 6.91891228e-04 7.68768031e-04 8.45644834e-04
 9.22521637e-04 9.99398439e-04 1.07627524e-03 1.15315205e-03
 1.23002885e-03 1.30690565e-03 1.38378245e-03 1.46065926e-03
 1.53753606e-03 1.61441286e-03 1.69128967e-03 1.76816647e-03
 1.84504327e-03 1.92192008e-03 1.99879688e-03 2.07567368e-03
 2.15255048e-03 2.22942729e-03 2.30630409e-03 2.38318089e-03
 2.46005770e-03 2.53693450e-03 2.61381130e-03 2.69068810e-03
 2.76756491e-03 2.84444171e-03 2.92131851e-03 2.99819532e-03
 3.07507212e-03 3.15194892e-03 3.22882573e-03 3.30570253e-03
 3.38257933e-03 3.45945613e-03 3.53633294e-03 3.61320974e-03
 3.69008654e-03 3.76696335e-03 3.84384015e-03 3.92071695e-03
 3.99759375e-03 4.07447056e-03 4.15134736e-03 4.22822416e-03
 4.30510097e-03 4.38197777e-03 4.45885457e-03 4.53573138e-03
 4.61260818e-03 4.68948498e-03 4.76636178e-03 4.84323859e-03
 4.92011539e-03 4.99699219e-03 5.07386900e-03 5.15074580e-03
 5.22762260e-03 5.30449941e-03 5.38137621e-03 5.45825301e-03
 5.53512981e-03 5.61200662e-03 5.68888342e-03 5.76576022e-03
 5.84263703e-03 5.91951383e-03 5.99639063e-03 6.07326743e-03
 6.15014424e-03 6.22702104e-03 6.30389784e-03 6.38077465e-03
 6.45765145e-03 6.53452825e-03 6.61140506e-03 6.68828186e-03
 6.76515866e-03 6.84203546e-03 6.91891227e-03 6.99578907e-03
 7.07266587e-03 7.14954268e-03 7.22641948e-03 7.30329628e-03
 7.38017309e-03 7.45704989e-03 7.53392669e-03 7.61080349e-03
 7.68768030e-03]
Frequencies: [6.86416116e+08 6.90052496e+08 4.80849680e+08 3.49682284e+08
 2.69536273e+08 2.16184063e+08 1.78770269e+08 1.51114244e+08
 1.30178186e+08 1.13681269e+08 1.00387262e+08 8.94580800e+07
 8.03267570e+07 7.25764930e+07 6.59343410e+07 6.02163590e+07
 5.52500700e+07 5.09131890e+07 4.71077660e+07 4.38016870e+07
 4.07644920e+07 3.83095780e+07 3.61620750e+07 3.42360560e+07
 3.24904490e+07 3.08964710e+07 2.94112660e+07 2.80406740e+07
 2.67730610e+07 2.55591060e+07 2.44183280e+07 2.33470400e+07
 2.22901180e+07 2.12716900e+07 2.02792360e+07 1.93015490e+07
 1.83150000e+07 1.73125730e+07 1.62959340e+07 1.52126250e+07
 1.40900110e+07 1.28557270e+07 1.15255390e+07 1.00793860e+07
 8.58597000e+06 7.07096100e+06 5.66568600e+06 4.39997400e+06
 3.30228100e+06 2.44006000e+06 1.81226900e+06 1.36865400e+06
 1.05220500e+06 8.20999000e+05 6.42245000e+05 5.03610000e+05
 3.95486000e+05 3.12015000e+05 2.44344000e+05 1.94380000e+05
 1.53740000e+05 1.19614000e+05 9.24260000e+04 7.14790000e+04
 5.68050000e+04 4.47290000e+04 3.34210000e+04 2.53460000e+04
 1.94690000e+04 1.54060000e+04 1.19470000e+04 9.59200000e+03
 7.87600000e+03 6.41300000e+03 5.11200000e+03 4.42700000e+03
 3.82500000e+03 3.32700000e+03 2.53500000e+03 2.15200000e+03
 1.76400000e+03 1.40100000e+03 1.09300000e+03 8.83000000e+02
 7.36000000e+02 5.77000000e+02 4.58000000e+02 3.52000000e+02
 2.93000000e+02 2.09000000e+02 1.50000000e+02 1.16000000e+02
 8.30000000e+01 6.70000000e+01 6.70000000e+01 4.30000000e+01
 2.10000000e+01 1.30000000e+01 1.90000000e+01 7.00000000e+00]
