Standard Deviation: 12.07078012489942
Skewness: -1.2029796037062919
Kurtosis: 1.091144436466406
Median: 281.0989450055035
Mean: 276.5854738880936
Deciles: [269.17869747 286.09242438]
Minimum: 214.27727638598532
Maximum: 301.426085251589
Bin Edges: [214.27727639 215.14876447 216.02025256 216.89174065 217.76322874
 218.63471683 219.50620492 220.37769301 221.2491811  222.12066918
 222.99215727 223.86364536 224.73513345 225.60662154 226.47810963
 227.34959772 228.2210858  229.09257389 229.96406198 230.83555007
 231.70703816 232.57852625 233.45001434 234.32150243 235.19299051
 236.0644786  236.93596669 237.80745478 238.67894287 239.55043096
 240.42191905 241.29340713 242.16489522 243.03638331 243.9078714
 244.77935949 245.65084758 246.52233567 247.39382375 248.26531184
 249.13679993 250.00828802 250.87977611 251.7512642  252.62275229
 253.49424038 254.36572846 255.23721655 256.10870464 256.98019273
 257.85168082 258.72316891 259.594657   260.46614508 261.33763317
 262.20912126 263.08060935 263.95209744 264.82358553 265.69507362
 266.56656171 267.43804979 268.30953788 269.18102597 270.05251406
 270.92400215 271.79549024 272.66697833 273.53846641 274.4099545
 275.28144259 276.15293068 277.02441877 277.89590686 278.76739495
 279.63888304 280.51037112 281.38185921 282.2533473  283.12483539
 283.99632348 284.86781157 285.73929966 286.61078774 287.48227583
 288.35376392 289.22525201 290.0967401  290.96822819 291.83971628
 292.71120437 293.58269245 294.45418054 295.32566863 296.19715672
 297.06864481 297.9401329  298.81162099 299.68310907 300.55459716
 301.42608525]
Frequencies: [9.15000000e+02 4.90700000e+03 1.47900000e+04 3.03020000e+04
 5.67050000e+04 1.03501000e+05 1.74004000e+05 2.65685000e+05
 3.91444000e+05 5.37145000e+05 7.09370000e+05 9.04853000e+05
 1.09657900e+06 1.31165200e+06 1.51317500e+06 1.69306500e+06
 1.89226500e+06 2.05023900e+06 2.20937200e+06 2.35948600e+06
 2.49915400e+06 2.63608600e+06 2.77297600e+06 2.90982800e+06
 3.08594600e+06 3.25159200e+06 3.46525300e+06 3.70734900e+06
 4.02289600e+06 4.34851500e+06 4.77419400e+06 5.28582800e+06
 5.93221400e+06 6.71796900e+06 7.67669500e+06 8.80303800e+06
 1.00210880e+07 1.13620610e+07 1.27821420e+07 1.43940510e+07
 1.60658180e+07 1.79744560e+07 2.00333480e+07 2.23609180e+07
 2.49614120e+07 2.77874470e+07 3.06950310e+07 3.36128560e+07
 3.66342430e+07 3.95991530e+07 4.25134830e+07 4.53876620e+07
 4.80257140e+07 5.04398530e+07 5.23409080e+07 5.42318670e+07
 5.60849800e+07 5.78869260e+07 5.97687970e+07 6.18304180e+07
 6.41513600e+07 6.65392710e+07 6.87881860e+07 7.01897970e+07
 7.08204010e+07 7.09751400e+07 7.10477740e+07 7.14840160e+07
 7.27107840e+07 7.48953600e+07 7.78665460e+07 8.16696450e+07
 8.66342500e+07 9.30165390e+07 1.01047721e+08 1.11261464e+08
 1.22527646e+08 1.34562791e+08 1.49629575e+08 1.70495576e+08
 2.05367591e+08 2.82892876e+08 4.01992399e+08 3.84285474e+08
 2.41144448e+08 1.27759850e+08 6.34726260e+07 3.07501590e+07
 1.56992790e+07 8.72338400e+06 5.14180800e+06 3.16290200e+06
 1.96816000e+06 1.20856400e+06 7.03909000e+05 3.61791000e+05
 1.61318000e+05 5.47910000e+04 1.38200000e+04 1.39000000e+03]
