Standard Deviation: 2.3144663690512297e-07
Skewness: 3.794534573503279
Kurtosis: 110.52602603956976
Median: 1.6586913599535816e-06
Mean: 1.7002133507617534e-06
Deciles: [1.55027414e-06 1.79985474e-06]
Minimum: 9.920218422601323e-07
Maximum: 0.00010185735806038432
Bin Edges: [9.92021842e-07 2.00067520e-06 3.00932857e-06 4.01798193e-06
 5.02663529e-06 6.03528865e-06 7.04394202e-06 8.05259538e-06
 9.06124874e-06 1.00699021e-05 1.10785555e-05 1.20872088e-05
 1.30958622e-05 1.41045156e-05 1.51131689e-05 1.61218223e-05
 1.71304756e-05 1.81391290e-05 1.91477824e-05 2.01564357e-05
 2.11650891e-05 2.21737424e-05 2.31823958e-05 2.41910492e-05
 2.51997025e-05 2.62083559e-05 2.72170093e-05 2.82256626e-05
 2.92343160e-05 3.02429693e-05 3.12516227e-05 3.22602761e-05
 3.32689294e-05 3.42775828e-05 3.52862362e-05 3.62948895e-05
 3.73035429e-05 3.83121962e-05 3.93208496e-05 4.03295030e-05
 4.13381563e-05 4.23468097e-05 4.33554631e-05 4.43641164e-05
 4.53727698e-05 4.63814231e-05 4.73900765e-05 4.83987299e-05
 4.94073832e-05 5.04160366e-05 5.14246900e-05 5.24333433e-05
 5.34419967e-05 5.44506500e-05 5.54593034e-05 5.64679568e-05
 5.74766101e-05 5.84852635e-05 5.94939168e-05 6.05025702e-05
 6.15112236e-05 6.25198769e-05 6.35285303e-05 6.45371837e-05
 6.55458370e-05 6.65544904e-05 6.75631437e-05 6.85717971e-05
 6.95804505e-05 7.05891038e-05 7.15977572e-05 7.26064106e-05
 7.36150639e-05 7.46237173e-05 7.56323706e-05 7.66410240e-05
 7.76496774e-05 7.86583307e-05 7.96669841e-05 8.06756375e-05
 8.16842908e-05 8.26929442e-05 8.37015975e-05 8.47102509e-05
 8.57189043e-05 8.67275576e-05 8.77362110e-05 8.87448644e-05
 8.97535177e-05 9.07621711e-05 9.17708244e-05 9.27794778e-05
 9.37881312e-05 9.47967845e-05 9.58054379e-05 9.68140912e-05
 9.78227446e-05 9.88313980e-05 9.98400513e-05 1.00848705e-04
 1.01857358e-04]
Frequencies: [4.18336641e+09 3.48037021e+08 8.07456100e+06 1.13698700e+06
 3.28253000e+05 1.27910000e+05 5.68490000e+04 2.53710000e+04
 1.22030000e+04 6.74600000e+03 4.29800000e+03 2.92600000e+03
 1.73100000e+03 1.05400000e+03 4.51000000e+02 1.93000000e+02
 1.69000000e+02 1.44000000e+02 1.02000000e+02 8.00000000e+01
 7.30000000e+01 5.40000000e+01 4.70000000e+01 5.80000000e+01
 2.50000000e+01 3.50000000e+01 3.50000000e+01 2.40000000e+01
 2.30000000e+01 1.50000000e+01 1.10000000e+01 1.90000000e+01
 1.50000000e+01 1.30000000e+01 1.10000000e+01 1.20000000e+01
 7.00000000e+00 8.00000000e+00 7.00000000e+00 9.00000000e+00
 1.10000000e+01 4.00000000e+00 0.00000000e+00 1.00000000e+00
 2.00000000e+00 1.00000000e+00 0.00000000e+00 2.00000000e+00
 2.00000000e+00 2.00000000e+00 0.00000000e+00 1.00000000e+00
 0.00000000e+00 0.00000000e+00 1.00000000e+00 1.00000000e+00
 0.00000000e+00 1.00000000e+00 0.00000000e+00 0.00000000e+00
 2.00000000e+00 0.00000000e+00 1.00000000e+00 1.00000000e+00
 2.00000000e+00 0.00000000e+00 0.00000000e+00 0.00000000e+00
 0.00000000e+00 0.00000000e+00 0.00000000e+00 0.00000000e+00
 0.00000000e+00 0.00000000e+00 0.00000000e+00 0.00000000e+00
 0.00000000e+00 0.00000000e+00 0.00000000e+00 0.00000000e+00
 0.00000000e+00 0.00000000e+00 0.00000000e+00 1.00000000e+00
 0.00000000e+00 0.00000000e+00 0.00000000e+00 0.00000000e+00
 0.00000000e+00 0.00000000e+00 0.00000000e+00 0.00000000e+00
 0.00000000e+00 0.00000000e+00 0.00000000e+00 0.00000000e+00
 0.00000000e+00 1.00000000e+00 0.00000000e+00 1.00000000e+00]
