Standard Deviation: 5.757028659920082
Skewness: 0.005063517948766172
Kurtosis: 5.870598135123892
Median: 0.013814246990329461
Mean: 0.014460445879583438
Deciles: [-2.74339345  2.76479676]
Minimum: -58.6421116064417
Maximum: 59.12692964931431
Bin Edges: [-58.64211161 -57.46442119 -56.28673078 -55.10904037 -53.93134996
 -52.75365954 -51.57596913 -50.39827872 -49.22058831 -48.04289789
 -46.86520748 -45.68751707 -44.50982666 -43.33213624 -42.15444583
 -40.97675542 -39.79906501 -38.62137459 -37.44368418 -36.26599377
 -35.08830336 -33.91061294 -32.73292253 -31.55523212 -30.37754171
 -29.19985129 -28.02216088 -26.84447047 -25.66678005 -24.48908964
 -23.31139923 -22.13370882 -20.9560184  -19.77832799 -18.60063758
 -17.42294717 -16.24525675 -15.06756634 -13.88987593 -12.71218552
 -11.5344951  -10.35680469  -9.17911428  -8.00142387  -6.82373345
  -5.64604304  -4.46835263  -3.29066222  -2.1129718   -0.93528139
   0.24240902   1.42009943   2.59778985   3.77548026   4.95317067
   6.13086108   7.3085515    8.48624191   9.66393232  10.84162273
  12.01931315  13.19700356  14.37469397  15.55238438  16.7300748
  17.90776521  19.08545562  20.26314603  21.44083645  22.61852686
  23.79621727  24.97390769  26.1515981   27.32928851  28.50697892
  29.68466934  30.86235975  32.04005016  33.21774057  34.39543099
  35.5731214   36.75081181  37.92850222  39.10619264  40.28388305
  41.46157346  42.63926387  43.81695429  44.9946447   46.17233511
  47.35002552  48.52771594  49.70540635  50.88309676  52.06078717
  53.23847759  54.416168    55.59385841  56.77154882  57.94923924
  59.12692965]
Frequencies: [1.92000000e+02 4.16000000e+02 6.84000000e+02 1.37300000e+03
 2.37900000e+03 3.93700000e+03 6.86100000e+03 1.15010000e+04
 1.69030000e+04 2.40790000e+04 3.42960000e+04 4.80480000e+04
 6.36970000e+04 8.63730000e+04 1.14230000e+05 1.49258000e+05
 1.93639000e+05 2.52614000e+05 3.21784000e+05 4.07979000e+05
 5.09906000e+05 6.27338000e+05 7.63958000e+05 9.22053000e+05
 1.11994900e+06 1.35633500e+06 1.62959300e+06 1.94981700e+06
 2.31831700e+06 2.77143200e+06 3.31038300e+06 3.98274900e+06
 4.79465700e+06 5.81812800e+06 7.11159500e+06 8.79691500e+06
 1.10149370e+07 1.40899630e+07 1.84260070e+07 2.45422990e+07
 3.32605820e+07 4.59345610e+07 6.46620210e+07 9.28373330e+07
 1.35051848e+08 1.97035809e+08 2.82737156e+08 3.86061069e+08
 4.82920385e+08 5.38200506e+08 5.24959550e+08 4.49188867e+08
 3.44775010e+08 2.45852046e+08 1.69167643e+08 1.15703543e+08
 8.01855680e+07 5.66378110e+07 4.06000920e+07 2.96272500e+07
 2.20773680e+07 1.67472030e+07 1.29681810e+07 1.02481110e+07
 8.20199200e+06 6.64555900e+06 5.46518600e+06 4.50907500e+06
 3.73883200e+06 3.11258100e+06 2.59937800e+06 2.17133300e+06
 1.80536100e+06 1.50251700e+06 1.24504600e+06 1.02393300e+06
 8.39117000e+05 6.88232000e+05 5.58019000e+05 4.41672000e+05
 3.57245000e+05 2.87891000e+05 2.28208000e+05 1.80900000e+05
 1.38776000e+05 1.06008000e+05 8.05740000e+04 6.11020000e+04
 4.66380000e+04 3.30220000e+04 2.33570000e+04 1.72510000e+04
 1.28190000e+04 9.67100000e+03 6.38800000e+03 3.98900000e+03
 2.69900000e+03 1.89100000e+03 1.29300000e+03 3.58000000e+02]
