Standard Deviation: 2.3381542547269395e-05
Skewness: 5.365804929839996
Kurtosis: 34.70025579661753
Median: 0.0
Mean: 6.070154389695908e-06
Deciles: [0. 0.]
Minimum: 0.0
Maximum: 0.0008141599032024808
Bin Edges: [0.00000000e+00 8.14159903e-06 1.62831981e-05 2.44247971e-05
 3.25663961e-05 4.07079952e-05 4.88495942e-05 5.69911932e-05
 6.51327923e-05 7.32743913e-05 8.14159903e-05 8.95575894e-05
 9.76991884e-05 1.05840787e-04 1.13982386e-04 1.22123985e-04
 1.30265585e-04 1.38407184e-04 1.46548783e-04 1.54690382e-04
 1.62831981e-04 1.70973580e-04 1.79115179e-04 1.87256778e-04
 1.95398377e-04 2.03539976e-04 2.11681575e-04 2.19823174e-04
 2.27964773e-04 2.36106372e-04 2.44247971e-04 2.52389570e-04
 2.60531169e-04 2.68672768e-04 2.76814367e-04 2.84955966e-04
 2.93097565e-04 3.01239164e-04 3.09380763e-04 3.17522362e-04
 3.25663961e-04 3.33805560e-04 3.41947159e-04 3.50088758e-04
 3.58230357e-04 3.66371956e-04 3.74513555e-04 3.82655155e-04
 3.90796754e-04 3.98938353e-04 4.07079952e-04 4.15221551e-04
 4.23363150e-04 4.31504749e-04 4.39646348e-04 4.47787947e-04
 4.55929546e-04 4.64071145e-04 4.72212744e-04 4.80354343e-04
 4.88495942e-04 4.96637541e-04 5.04779140e-04 5.12920739e-04
 5.21062338e-04 5.29203937e-04 5.37345536e-04 5.45487135e-04
 5.53628734e-04 5.61770333e-04 5.69911932e-04 5.78053531e-04
 5.86195130e-04 5.94336729e-04 6.02478328e-04 6.10619927e-04
 6.18761526e-04 6.26903125e-04 6.35044724e-04 6.43186324e-04
 6.51327923e-04 6.59469522e-04 6.67611121e-04 6.75752720e-04
 6.83894319e-04 6.92035918e-04 7.00177517e-04 7.08319116e-04
 7.16460715e-04 7.24602314e-04 7.32743913e-04 7.40885512e-04
 7.49027111e-04 7.57168710e-04 7.65310309e-04 7.73451908e-04
 7.81593507e-04 7.89735106e-04 7.97876705e-04 8.06018304e-04
 8.14159903e-04]
Frequencies: [4.0746276e+09 9.3965812e+07 5.9902112e+07 4.4439056e+07 3.5427728e+07
 2.9479432e+07 2.5229700e+07 2.1999482e+07 1.9457512e+07 1.7383842e+07
 1.5652940e+07 1.4177451e+07 1.2941868e+07 1.1786176e+07 1.0667871e+07
 9.4760740e+06 8.2268270e+06 6.9807750e+06 5.8106200e+06 4.7655470e+06
 3.8577170e+06 3.0966090e+06 2.4686340e+06 1.9611620e+06 1.5529210e+06
 1.2250270e+06 9.6577000e+05 7.5876300e+05 5.9858100e+05 4.7089300e+05
 3.7115100e+05 2.9411000e+05 2.3244400e+05 1.8419100e+05 1.4667100e+05
 1.1631700e+05 9.3174000e+04 7.4598000e+04 6.0168000e+04 4.7618000e+04
 3.8774000e+04 3.1029000e+04 2.5199000e+04 2.0436000e+04 1.6831000e+04
 1.3729000e+04 1.1076000e+04 9.3930000e+03 7.6400000e+03 6.0970000e+03
 5.0700000e+03 4.2370000e+03 3.3510000e+03 2.8780000e+03 2.3710000e+03
 1.9240000e+03 1.6090000e+03 1.3650000e+03 1.0910000e+03 8.2900000e+02
 7.2000000e+02 5.9800000e+02 4.4700000e+02 4.1500000e+02 3.5000000e+02
 2.9000000e+02 2.2300000e+02 1.9300000e+02 1.6000000e+02 1.5200000e+02
 1.1800000e+02 7.7000000e+01 8.2000000e+01 7.0000000e+01 4.1000000e+01
 3.7000000e+01 3.1000000e+01 2.5000000e+01 1.5000000e+01 1.3000000e+01
 1.1000000e+01 8.0000000e+00 1.2000000e+01 5.0000000e+00 7.0000000e+00
 4.0000000e+00 3.0000000e+00 6.0000000e+00 1.0000000e+00 2.0000000e+00
 3.0000000e+00 1.0000000e+00 1.0000000e+00 0.0000000e+00 1.0000000e+00
 0.0000000e+00 0.0000000e+00 1.0000000e+00 0.0000000e+00 1.0000000e+00]
