Standard Deviation: 0.005005225996546543
Skewness: 0.15955455155878906
Kurtosis: -1.317893009530369
Median: 0.007419662517136016
Mean: 0.008084443514734765
Deciles: [0.00362572 0.01284194]
Minimum: 1e-12
Maximum: 0.0233140547274945
Bin Edges: [1.00000000e-12 2.33140548e-04 4.66281096e-04 6.99421643e-04
 9.32562190e-04 1.16570274e-03 1.39884328e-03 1.63198383e-03
 1.86512438e-03 2.09826493e-03 2.33140547e-03 2.56454602e-03
 2.79768657e-03 3.03082712e-03 3.26396766e-03 3.49710821e-03
 3.73024876e-03 3.96338930e-03 4.19652985e-03 4.42967040e-03
 4.66281095e-03 4.89595149e-03 5.12909204e-03 5.36223259e-03
 5.59537314e-03 5.82851368e-03 6.06165423e-03 6.29479478e-03
 6.52793532e-03 6.76107587e-03 6.99421642e-03 7.22735697e-03
 7.46049751e-03 7.69363806e-03 7.92677861e-03 8.15991916e-03
 8.39305970e-03 8.62620025e-03 8.85934080e-03 9.09248134e-03
 9.32562189e-03 9.55876244e-03 9.79190299e-03 1.00250435e-02
 1.02581841e-02 1.04913246e-02 1.07244652e-02 1.09576057e-02
 1.11907463e-02 1.14238868e-02 1.16570274e-02 1.18901679e-02
 1.21233085e-02 1.23564490e-02 1.25895896e-02 1.28227301e-02
 1.30558706e-02 1.32890112e-02 1.35221517e-02 1.37552923e-02
 1.39884328e-02 1.42215734e-02 1.44547139e-02 1.46878545e-02
 1.49209950e-02 1.51541356e-02 1.53872761e-02 1.56204167e-02
 1.58535572e-02 1.60866978e-02 1.63198383e-02 1.65529789e-02
 1.67861194e-02 1.70192600e-02 1.72524005e-02 1.74855410e-02
 1.77186816e-02 1.79518221e-02 1.81849627e-02 1.84181032e-02
 1.86512438e-02 1.88843843e-02 1.91175249e-02 1.93506654e-02
 1.95838060e-02 1.98169465e-02 2.00500871e-02 2.02832276e-02
 2.05163682e-02 2.07495087e-02 2.09826493e-02 2.12157898e-02
 2.14489303e-02 2.16820709e-02 2.19152114e-02 2.21483520e-02
 2.23814925e-02 2.26146331e-02 2.28477736e-02 2.30809142e-02
 2.33140547e-02]
Frequencies: [4.8805952e+07 6.7185812e+07 6.5705039e+07 5.8007912e+07 5.5212438e+07
 5.6439478e+07 6.0481480e+07 6.6758962e+07 7.4873794e+07 8.2806896e+07
 8.8160871e+07 9.0442374e+07 9.1050760e+07 9.0495137e+07 8.9713280e+07
 8.8864928e+07 8.7693962e+07 8.6220273e+07 8.4107138e+07 8.1189752e+07
 7.7973730e+07 7.4913398e+07 7.2017672e+07 6.9322492e+07 6.6645500e+07
 6.4106288e+07 6.1858538e+07 5.9530422e+07 5.7450355e+07 5.5580248e+07
 5.3810223e+07 5.2200273e+07 5.0793579e+07 4.9499896e+07 4.8356852e+07
 4.7521119e+07 4.6861184e+07 4.6434188e+07 4.6148165e+07 4.5899416e+07
 4.5798146e+07 4.5748829e+07 4.5787302e+07 4.5838814e+07 4.6030290e+07
 4.6360312e+07 4.6854285e+07 4.7529382e+07 4.8414878e+07 4.9543494e+07
 5.0933542e+07 5.2537037e+07 5.4308992e+07 5.6169878e+07 5.8022966e+07
 5.9993605e+07 6.2038726e+07 6.4117995e+07 6.6217291e+07 6.8343741e+07
 7.0660229e+07 7.3012475e+07 7.5459869e+07 7.7709324e+07 7.9274889e+07
 7.9326774e+07 7.6867243e+07 7.0949665e+07 6.1520618e+07 4.9497840e+07
 3.6619951e+07 2.5026861e+07 1.6014261e+07 9.8666450e+06 6.0644050e+06
 3.8199300e+06 2.4932200e+06 1.6761580e+06 1.1520830e+06 8.0544900e+05
 5.5517200e+05 3.8027900e+05 2.5376600e+05 1.6440900e+05 1.0611600e+05
 6.6082000e+04 4.0927000e+04 2.4991000e+04 1.6141000e+04 1.0812000e+04
 7.0480000e+03 4.7430000e+03 2.9810000e+03 1.6240000e+03 9.1000000e+02
 4.9500000e+02 2.0700000e+02 6.4000000e+01 3.5000000e+01 2.8000000e+01]
