Standard Deviation: 2.7574270475241773e-05
Skewness: 12.147376734299513
Kurtosis: 222.09282785641696
Median: 0.0
Mean: 5.266594330201417e-06
Deciles: [0.0000000e+00 2.0739184e-08]
Minimum: 0.0
Maximum: 0.0022426935177122147
Bin Edges: [0.00000000e+00 2.24269352e-05 4.48538704e-05 6.72808055e-05
 8.97077407e-05 1.12134676e-04 1.34561611e-04 1.56988546e-04
 1.79415481e-04 2.01842417e-04 2.24269352e-04 2.46696287e-04
 2.69123222e-04 2.91550157e-04 3.13977092e-04 3.36404028e-04
 3.58830963e-04 3.81257898e-04 4.03684833e-04 4.26111768e-04
 4.48538704e-04 4.70965639e-04 4.93392574e-04 5.15819509e-04
 5.38246444e-04 5.60673379e-04 5.83100315e-04 6.05527250e-04
 6.27954185e-04 6.50381120e-04 6.72808055e-04 6.95234990e-04
 7.17661926e-04 7.40088861e-04 7.62515796e-04 7.84942731e-04
 8.07369666e-04 8.29796602e-04 8.52223537e-04 8.74650472e-04
 8.97077407e-04 9.19504342e-04 9.41931277e-04 9.64358213e-04
 9.86785148e-04 1.00921208e-03 1.03163902e-03 1.05406595e-03
 1.07649289e-03 1.09891982e-03 1.12134676e-03 1.14377369e-03
 1.16620063e-03 1.18862756e-03 1.21105450e-03 1.23348143e-03
 1.25590837e-03 1.27833531e-03 1.30076224e-03 1.32318918e-03
 1.34561611e-03 1.36804305e-03 1.39046998e-03 1.41289692e-03
 1.43532385e-03 1.45775079e-03 1.48017772e-03 1.50260466e-03
 1.52503159e-03 1.54745853e-03 1.56988546e-03 1.59231240e-03
 1.61473933e-03 1.63716627e-03 1.65959320e-03 1.68202014e-03
 1.70444707e-03 1.72687401e-03 1.74930094e-03 1.77172788e-03
 1.79415481e-03 1.81658175e-03 1.83900868e-03 1.86143562e-03
 1.88386255e-03 1.90628949e-03 1.92871643e-03 1.95114336e-03
 1.97357030e-03 1.99599723e-03 2.01842417e-03 2.04085110e-03
 2.06327804e-03 2.08570497e-03 2.10813191e-03 2.13055884e-03
 2.15298578e-03 2.17541271e-03 2.19783965e-03 2.22026658e-03
 2.24269352e-03]
Frequencies: [4.28496258e+09 1.05880536e+08 5.60952640e+07 3.12341430e+07
 1.84045790e+07 1.15641230e+07 7.56455400e+06 5.13467300e+06
 3.64841500e+06 2.72039200e+06 2.11704600e+06 1.70732800e+06
 1.41473400e+06 1.19860300e+06 1.02888500e+06 8.91480000e+05
 7.78390000e+05 6.80782000e+05 5.93729000e+05 5.17364000e+05
 4.49109000e+05 3.89362000e+05 3.36425000e+05 2.90323000e+05
 2.48422000e+05 2.12210000e+05 1.80117000e+05 1.53461000e+05
 1.29940000e+05 1.09722000e+05 9.15620000e+04 7.71540000e+04
 6.45460000e+04 5.43120000e+04 4.47470000e+04 3.72620000e+04
 3.09830000e+04 2.54440000e+04 2.15910000e+04 1.76790000e+04
 1.44880000e+04 1.19860000e+04 9.68400000e+03 8.20000000e+03
 6.75100000e+03 5.43200000e+03 4.50400000e+03 3.73800000e+03
 3.05900000e+03 2.54400000e+03 2.13100000e+03 1.68700000e+03
 1.39000000e+03 1.08800000e+03 8.72000000e+02 7.69000000e+02
 6.48000000e+02 5.06000000e+02 4.07000000e+02 3.22000000e+02
 2.77000000e+02 2.57000000e+02 2.37000000e+02 1.84000000e+02
 1.48000000e+02 1.25000000e+02 1.02000000e+02 8.50000000e+01
 7.00000000e+01 5.70000000e+01 5.70000000e+01 4.10000000e+01
 2.70000000e+01 3.00000000e+01 2.80000000e+01 1.60000000e+01
 1.20000000e+01 1.10000000e+01 7.00000000e+00 6.00000000e+00
 8.00000000e+00 6.00000000e+00 1.10000000e+01 3.00000000e+00
 2.00000000e+00 4.00000000e+00 2.00000000e+00 0.00000000e+00
 0.00000000e+00 2.00000000e+00 0.00000000e+00 0.00000000e+00
 0.00000000e+00 1.00000000e+00 0.00000000e+00 1.00000000e+00
 0.00000000e+00 0.00000000e+00 0.00000000e+00 1.00000000e+00]
