Standard Deviation: 11.836711065542604
Skewness: -1.14279097608015
Kurtosis: 0.670693284278872
Median: 265.9591583560605
Mean: 261.3938453121715
Deciles: [254.14942256 270.89802663]
Minimum: 206.6670932342774
Maximum: 283.5281703447939
Bin Edges: [206.66709323 207.43570401 208.20431478 208.97292555 209.74153632
 210.51014709 211.27875786 212.04736863 212.8159794  213.58459017
 214.35320095 215.12181172 215.89042249 216.65903326 217.42764403
 218.1962548  218.96486557 219.73347634 220.50208711 221.27069789
 222.03930866 222.80791943 223.5765302  224.34514097 225.11375174
 225.88236251 226.65097328 227.41958405 228.18819483 228.9568056
 229.72541637 230.49402714 231.26263791 232.03124868 232.79985945
 233.56847022 234.33708099 235.10569177 235.87430254 236.64291331
 237.41152408 238.18013485 238.94874562 239.71735639 240.48596716
 241.25457793 242.02318871 242.79179948 243.56041025 244.32902102
 245.09763179 245.86624256 246.63485333 247.4034641  248.17207487
 248.94068565 249.70929642 250.47790719 251.24651796 252.01512873
 252.7837395  253.55235027 254.32096104 255.08957181 255.85818259
 256.62679336 257.39540413 258.1640149  258.93262567 259.70123644
 260.46984721 261.23845798 262.00706875 262.77567952 263.5442903
 264.31290107 265.08151184 265.85012261 266.61873338 267.38734415
 268.15595492 268.92456569 269.69317646 270.46178724 271.23039801
 271.99900878 272.76761955 273.53623032 274.30484109 275.07345186
 275.84206263 276.6106734  277.37928418 278.14789495 278.91650572
 279.68511649 280.45372726 281.22233803 281.9909488  282.75955957
 283.52817034]
Frequencies: [1.25000000e+03 7.81000000e+03 2.74050000e+04 6.59510000e+04
 1.30100000e+05 2.34693000e+05 3.85034000e+05 5.72655000e+05
 7.97228000e+05 1.02701300e+06 1.26884600e+06 1.49052700e+06
 1.73135900e+06 1.95647800e+06 2.15594400e+06 2.35001000e+06
 2.51302900e+06 2.66721600e+06 2.81674300e+06 2.93072300e+06
 3.05567600e+06 3.20185200e+06 3.33875400e+06 3.49501500e+06
 3.74503800e+06 4.03073100e+06 4.36990400e+06 4.80042300e+06
 5.41239600e+06 6.20962800e+06 7.20685200e+06 8.44234900e+06
 9.92735900e+06 1.15256040e+07 1.33540410e+07 1.53061620e+07
 1.72309890e+07 1.91878980e+07 2.12457600e+07 2.32213090e+07
 2.51991490e+07 2.71916850e+07 2.90010840e+07 3.08487380e+07
 3.26489470e+07 3.45115090e+07 3.62474980e+07 3.79946650e+07
 3.97642730e+07 4.12960470e+07 4.28002850e+07 4.41655580e+07
 4.53096490e+07 4.66402480e+07 4.78756200e+07 4.91812800e+07
 5.05903950e+07 5.19177410e+07 5.32433730e+07 5.45409240e+07
 5.61532350e+07 5.77387020e+07 5.91451920e+07 6.05038650e+07
 6.20286540e+07 6.39201130e+07 6.56881090e+07 6.74918890e+07
 6.92889120e+07 7.13551550e+07 7.36479670e+07 7.62088660e+07
 7.89593870e+07 8.21574320e+07 8.60641190e+07 9.15157180e+07
 9.94050870e+07 1.10131298e+08 1.22760903e+08 1.38401729e+08
 1.60016782e+08 1.91809613e+08 2.47539304e+08 3.37175130e+08
 3.90526717e+08 3.05623963e+08 1.66098963e+08 7.29517290e+07
 2.78681010e+07 9.69976500e+06 3.21888100e+06 1.10558900e+06
 3.81816000e+05 1.31556000e+05 4.27430000e+04 1.46400000e+04
 4.49200000e+03 1.15200000e+03 2.31000000e+02 7.90000000e+01]
