Standard Deviation: 7.809941617953305
Skewness: -0.17965636959714332
Kurtosis: 3.1735158390366447
Median: 257.9893696261828
Mean: 257.4035631363434
Deciles: [253.6528907  261.60910937]
Minimum: 193.94927952655672
Maximum: 319.7279577528218
Bin Edges: [193.94927953 195.20706631 196.46485309 197.72263987 198.98042666
 200.23821344 201.49600022 202.753787   204.01157378 205.26936057
 206.52714735 207.78493413 209.04272091 210.3005077  211.55829448
 212.81608126 214.07386804 215.33165483 216.58944161 217.84722839
 219.10501517 220.36280195 221.62058874 222.87837552 224.1361623
 225.39394908 226.65173587 227.90952265 229.16730943 230.42509621
 231.68288299 232.94066978 234.19845656 235.45624334 236.71403012
 237.97181691 239.22960369 240.48739047 241.74517725 243.00296403
 244.26075082 245.5185376  246.77632438 248.03411116 249.29189795
 250.54968473 251.80747151 253.06525829 254.32304508 255.58083186
 256.83861864 258.09640542 259.3541922  260.61197899 261.86976577
 263.12755255 264.38533933 265.64312612 266.9009129  268.15869968
 269.41648646 270.67427324 271.93206003 273.18984681 274.44763359
 275.70542037 276.96320716 278.22099394 279.47878072 280.7365675
 281.99435428 283.25214107 284.50992785 285.76771463 287.02550141
 288.2832882  289.54107498 290.79886176 292.05664854 293.31443533
 294.57222211 295.83000889 297.08779567 298.34558245 299.60336924
 300.86115602 302.1189428  303.37672958 304.63451637 305.89230315
 307.15008993 308.40787671 309.66566349 310.92345028 312.18123706
 313.43902384 314.69681062 315.95459741 317.21238419 318.47017097
 319.72795775]
Frequencies: [1.13000000e+02 1.65000000e+02 5.27000000e+02 1.25700000e+03
 1.86000000e+03 2.67200000e+03 4.06300000e+03 5.72800000e+03
 8.91500000e+03 1.24110000e+04 1.78860000e+04 2.66440000e+04
 3.96640000e+04 6.10810000e+04 8.71280000e+04 1.22261000e+05
 1.70612000e+05 2.37598000e+05 3.32145000e+05 4.56664000e+05
 6.10067000e+05 8.05644000e+05 1.04634000e+06 1.35435000e+06
 1.75845900e+06 2.28106900e+06 2.93147500e+06 3.72602300e+06
 4.65808900e+06 5.80075000e+06 7.17402600e+06 8.86197900e+06
 1.08766190e+07 1.33911400e+07 1.64508290e+07 2.01150290e+07
 2.45827820e+07 3.00121340e+07 3.66001040e+07 4.46819460e+07
 5.46147140e+07 6.68165330e+07 8.21816980e+07 1.01710937e+08
 1.26552984e+08 1.58289502e+08 1.97771582e+08 2.44548240e+08
 2.96438524e+08 3.47528773e+08 3.89120307e+08 4.10158220e+08
 4.01155007e+08 3.59317332e+08 2.93126041e+08 2.19435440e+08
 1.53634094e+08 1.03028777e+08 6.81902700e+07 4.59083230e+07
 3.22812910e+07 2.40858210e+07 1.90203280e+07 1.56897970e+07
 1.32888930e+07 1.14940450e+07 1.00599040e+07 8.81121700e+06
 7.69126400e+06 6.70751100e+06 5.82143000e+06 5.00155800e+06
 4.25661800e+06 3.59324100e+06 3.01226200e+06 2.50665100e+06
 2.05470100e+06 1.65610800e+06 1.30955100e+06 1.02606200e+06
 7.94622000e+05 6.08160000e+05 4.55738000e+05 3.35950000e+05
 2.44600000e+05 1.75684000e+05 1.22036000e+05 8.37330000e+04
 5.76090000e+04 3.82290000e+04 2.55970000e+04 1.56260000e+04
 9.65200000e+03 6.16400000e+03 3.53200000e+03 1.86900000e+03
 9.15000000e+02 2.88000000e+02 1.53000000e+02 4.40000000e+01]
