Standard Deviation: 8.015928477581472
Skewness: 0.07684303862018732
Kurtosis: 16.070231242781123
Median: -0.010105063198993647
Mean: 0.005608303510576524
Deciles: [-2.39724649  2.38813087]
Minimum: -108.9170570054712
Maximum: 111.6532331515411
Bin Edges: [-108.91705701 -106.7113541  -104.5056512  -102.2999483  -100.0942454
  -97.8885425   -95.6828396   -93.47713669  -91.27143379  -89.06573089
  -86.86002799  -84.65432509  -82.44862219  -80.24291929  -78.03721638
  -75.83151348  -73.62581058  -71.42010768  -69.21440478  -67.00870188
  -64.80299897  -62.59729607  -60.39159317  -58.18589027  -55.98018737
  -53.77448447  -51.56878156  -49.36307866  -47.15737576  -44.95167286
  -42.74596996  -40.54026706  -38.33456416  -36.12886125  -33.92315835
  -31.71745545  -29.51175255  -27.30604965  -25.10034675  -22.89464384
  -20.68894094  -18.48323804  -16.27753514  -14.07183224  -11.86612934
   -9.66042643   -7.45472353   -5.24902063   -3.04331773   -0.83761483
    1.36808807    3.57379097    5.77949388    7.98519678   10.19089968
   12.39660258   14.60230548   16.80800838   19.01371129   21.21941419
   23.42511709   25.63081999   27.83652289   30.04222579   32.2479287
   34.4536316    36.6593345    38.8650374    41.0707403    43.2764432
   45.4821461    47.68784901   49.89355191   52.09925481   54.30495771
   56.51066061   58.71636351   60.92206642   63.12776932   65.33347222
   67.53917512   69.74487802   71.95058092   74.15628382   76.36198673
   78.56768963   80.77339253   82.97909543   85.18479833   87.39050123
   89.59620414   91.80190704   94.00760994   96.21331284   98.41901574
  100.62471864  102.83042155  105.03612445  107.24182735  109.44753025
  111.65323315]
Frequencies: [2.30000000e+01 4.40000000e+01 9.80000000e+01 3.99000000e+02
 1.13900000e+03 3.19500000e+03 6.17900000e+03 1.04790000e+04
 1.55570000e+04 2.40290000e+04 3.39940000e+04 4.55940000e+04
 5.96110000e+04 7.63320000e+04 9.70500000e+04 1.23715000e+05
 1.55873000e+05 1.93092000e+05 2.39457000e+05 2.94929000e+05
 3.64424000e+05 4.46455000e+05 5.47861000e+05 6.71476000e+05
 8.11170000e+05 9.67100000e+05 1.15385500e+06 1.38439600e+06
 1.64435700e+06 1.96575400e+06 2.35001500e+06 2.81328200e+06
 3.38176900e+06 4.08290900e+06 4.96069600e+06 6.08099100e+06
 7.46306300e+06 9.17327200e+06 1.13277180e+07 1.40783630e+07
 1.76394760e+07 2.22954120e+07 2.87539750e+07 3.83385460e+07
 5.47129180e+07 8.96248270e+07 1.79796252e+08 4.20431637e+08
 8.98031972e+08 1.15833717e+09 7.65053712e+08 3.41394527e+08
 1.49218870e+08 7.72124600e+07 4.90770390e+07 3.52207700e+07
 2.68220230e+07 2.09062130e+07 1.64898100e+07 1.32134070e+07
 1.06692390e+07 8.63508300e+06 7.04835500e+06 5.81429000e+06
 4.85591500e+06 4.07127500e+06 3.41261900e+06 2.86921200e+06
 2.39129700e+06 2.01133600e+06 1.69565600e+06 1.43803500e+06
 1.21488100e+06 1.02191100e+06 8.53151000e+05 7.12792000e+05
 5.90054000e+05 4.86057000e+05 3.95484000e+05 3.19863000e+05
 2.56440000e+05 2.01260000e+05 1.56391000e+05 1.20134000e+05
 8.98950000e+04 6.70390000e+04 5.03760000e+04 3.63750000e+04
 2.72580000e+04 1.94760000e+04 1.28150000e+04 7.96500000e+03
 4.55300000e+03 3.03400000e+03 1.61600000e+03 9.40000000e+02
 8.40000000e+02 2.90000000e+02 3.10000000e+01 3.40000000e+01]
