Standard Deviation: 6.857927142573698
Skewness: -0.18843517208064767
Kurtosis: 1.8502343216500092
Median: 0.2505262095437249
Mean: 0.14486625246072024
Deciles: [-3.83043929  4.32578896]
Minimum: -54.97320304667725
Maximum: 56.94112255897729
Bin Edges: [-54.97320305 -53.85405979 -52.73491653 -51.61577328 -50.49663002
 -49.37748677 -48.25834351 -47.13920025 -46.020057   -44.90091374
 -43.78177049 -42.66262723 -41.54348397 -40.42434072 -39.30519746
 -38.18605421 -37.06691095 -35.94776769 -34.82862444 -33.70948118
 -32.59033793 -31.47119467 -30.35205141 -29.23290816 -28.1137649
 -26.99462165 -25.87547839 -24.75633513 -23.63719188 -22.51804862
 -21.39890536 -20.27976211 -19.16061885 -18.0414756  -16.92233234
 -15.80318908 -14.68404583 -13.56490257 -12.44575932 -11.32661606
 -10.2074728   -9.08832955  -7.96918629  -6.85004304  -5.73089978
  -4.61175652  -3.49261327  -2.37347001  -1.25432676  -0.1351835
   0.98395976   2.10310301   3.22224627   4.34138952   5.46053278
   6.57967604   7.69881929   8.81796255   9.9371058   11.05624906
  12.17539232  13.29453557  14.41367883  15.53282208  16.65196534
  17.7711086   18.89025185  20.00939511  21.12853837  22.24768162
  23.36682488  24.48596813  25.60511139  26.72425465  27.8433979
  28.96254116  30.08168441  31.20082767  32.31997093  33.43911418
  34.55825744  35.67740069  36.79654395  37.91568721  39.03483046
  40.15397372  41.27311697  42.39226023  43.51140349  44.63054674
  45.74969     46.86883325  47.98797651  49.10711977  50.22626302
  51.34540628  52.46454953  53.58369279  54.70283605  55.8219793
  56.94112256]
Frequencies: [9.00000000e+00 1.50000000e+01 3.20000000e+01 1.07000000e+02
 2.07000000e+02 4.22000000e+02 8.41000000e+02 2.07200000e+03
 4.32400000e+03 8.88300000e+03 1.76810000e+04 3.06770000e+04
 5.04680000e+04 8.10540000e+04 1.21815000e+05 1.79475000e+05
 2.57559000e+05 3.51727000e+05 4.67489000e+05 6.09501000e+05
 7.74818000e+05 9.79608000e+05 1.22379400e+06 1.52318700e+06
 1.88668700e+06 2.32263900e+06 2.85067600e+06 3.49033900e+06
 4.26023500e+06 5.21874600e+06 6.42478500e+06 7.95893800e+06
 9.95462900e+06 1.25664670e+07 1.60303600e+07 2.07058170e+07
 2.69793640e+07 3.53820480e+07 4.64465570e+07 6.07876070e+07
 7.91210540e+07 1.02608356e+08 1.32566356e+08 1.69262730e+08
 2.10320322e+08 2.51598343e+08 2.88557529e+08 3.16961001e+08
 3.33396009e+08 3.36521178e+08 3.28067355e+08 3.09036065e+08
 2.81622421e+08 2.47037655e+08 2.07109641e+08 1.66043141e+08
 1.28214945e+08 9.70133840e+07 7.27001880e+07 5.43217810e+07
 4.04218250e+07 2.99835100e+07 2.21840840e+07 1.63836090e+07
 1.21093520e+07 8.98373200e+06 6.69096200e+06 5.03684200e+06
 3.81966400e+06 2.92760400e+06 2.26122300e+06 1.76422600e+06
 1.39035800e+06 1.09898200e+06 8.77263000e+05 7.05566000e+05
 5.66387000e+05 4.58418000e+05 3.69722000e+05 2.92739000e+05
 2.29446000e+05 1.74940000e+05 1.30935000e+05 9.52800000e+04
 6.78470000e+04 4.68940000e+04 3.13190000e+04 2.00760000e+04
 1.22220000e+04 7.43400000e+03 4.59800000e+03 2.78800000e+03
 1.47800000e+03 7.66000000e+02 4.30000000e+02 1.98000000e+02
 1.01000000e+02 4.30000000e+01 1.70000000e+01 7.00000000e+00]
