Standard Deviation: 5.747680003625103e-35
Skewness: 6.827456393959233
Kurtosis: 56.386903285276205
Median: 3.714414953795162e-39
Mean: 1.376734656053829e-35
Deciles: [1.33526508e-41 9.00906103e-37]
Minimum: 5.580094876082701e-45
Maximum: 1.2357978048417719e-33
Bin Edges: [5.58009488e-45 1.23579781e-35 2.47159561e-35 3.70739342e-35
 4.94319122e-35 6.17898902e-35 7.41478683e-35 8.65058463e-35
 9.88638244e-35 1.11221802e-34 1.23579780e-34 1.35937759e-34
 1.48295737e-34 1.60653715e-34 1.73011693e-34 1.85369671e-34
 1.97727649e-34 2.10085627e-34 2.22443605e-34 2.34801583e-34
 2.47159561e-34 2.59517539e-34 2.71875517e-34 2.84233495e-34
 2.96591473e-34 3.08949451e-34 3.21307429e-34 3.33665407e-34
 3.46023385e-34 3.58381363e-34 3.70739341e-34 3.83097320e-34
 3.95455298e-34 4.07813276e-34 4.20171254e-34 4.32529232e-34
 4.44887210e-34 4.57245188e-34 4.69603166e-34 4.81961144e-34
 4.94319122e-34 5.06677100e-34 5.19035078e-34 5.31393056e-34
 5.43751034e-34 5.56109012e-34 5.68466990e-34 5.80824968e-34
 5.93182946e-34 6.05540924e-34 6.17898902e-34 6.30256880e-34
 6.42614859e-34 6.54972837e-34 6.67330815e-34 6.79688793e-34
 6.92046771e-34 7.04404749e-34 7.16762727e-34 7.29120705e-34
 7.41478683e-34 7.53836661e-34 7.66194639e-34 7.78552617e-34
 7.90910595e-34 8.03268573e-34 8.15626551e-34 8.27984529e-34
 8.40342507e-34 8.52700485e-34 8.65058463e-34 8.77416441e-34
 8.89774419e-34 9.02132398e-34 9.14490376e-34 9.26848354e-34
 9.39206332e-34 9.51564310e-34 9.63922288e-34 9.76280266e-34
 9.88638244e-34 1.00099622e-33 1.01335420e-33 1.02571218e-33
 1.03807016e-33 1.05042813e-33 1.06278611e-33 1.07514409e-33
 1.08750207e-33 1.09986005e-33 1.11221802e-33 1.12457600e-33
 1.13693398e-33 1.14929196e-33 1.16164994e-33 1.17400791e-33
 1.18636589e-33 1.19872387e-33 1.21108185e-33 1.22343983e-33
 1.23579780e-33]
Frequencies: [3.99071936e+09 1.38757111e+08 6.97322280e+07 4.67932330e+07
 3.78448050e+07 2.85204240e+07 2.28751370e+07 2.09398640e+07
 1.96298090e+07 1.69970660e+07 1.46992920e+07 1.34999150e+07
 1.20062950e+07 1.02646020e+07 8.24123000e+06 6.65826200e+06
 5.61729400e+06 4.79482300e+06 4.12669100e+06 3.60775100e+06
 3.18918900e+06 2.89652700e+06 2.77516500e+06 2.75579000e+06
 2.78295200e+06 2.74187100e+06 2.72673600e+06 2.65184500e+06
 2.59465800e+06 2.51686200e+06 2.49072900e+06 2.48956600e+06
 2.49242700e+06 2.42951700e+06 2.30167000e+06 2.14105000e+06
 2.05000200e+06 1.87474300e+06 1.70378500e+06 1.55631800e+06
 1.46282900e+06 1.43742000e+06 1.39873800e+06 1.37693200e+06
 1.25608700e+06 1.19949700e+06 1.17188100e+06 1.17288700e+06
 7.69667000e+05 5.69077000e+05 5.11592000e+05 4.54910000e+05
 4.06381000e+05 3.53338000e+05 2.99706000e+05 2.42065000e+05
 2.04295000e+05 1.72630000e+05 1.40562000e+05 1.11575000e+05
 9.69850000e+04 8.61340000e+04 7.58260000e+04 6.99960000e+04
 6.52030000e+04 5.96780000e+04 5.58340000e+04 5.18150000e+04
 4.98100000e+04 4.69520000e+04 4.36760000e+04 4.26600000e+04
 4.01210000e+04 3.72490000e+04 3.06130000e+04 2.68240000e+04
 2.29100000e+04 1.93710000e+04 1.48280000e+04 1.13280000e+04
 7.95300000e+03 5.80300000e+03 4.66900000e+03 3.42200000e+03
 2.24000000e+03 1.37100000e+03 1.43900000e+03 1.33800000e+03
 1.32500000e+03 1.26000000e+03 1.14200000e+03 1.08600000e+03
 1.11900000e+03 9.52000000e+02 8.23000000e+02 6.53000000e+02
 3.91000000e+02 3.01000000e+02 1.81000000e+02 5.50000000e+01]
