Standard Deviation: 8.958247513083308e-06
Skewness: 7.851110122252326
Kurtosis: 75.4696340602713
Median: 0.0
Mean: 1.6817682626845312e-06
Deciles: [0. 0.]
Minimum: 0.0
Maximum: 0.00027813661214682055
Bin Edges: [0.00000000e+00 2.78136612e-06 5.56273224e-06 8.34409836e-06
 1.11254645e-05 1.39068306e-05 1.66881967e-05 1.94695629e-05
 2.22509290e-05 2.50322951e-05 2.78136612e-05 3.05950273e-05
 3.33763935e-05 3.61577596e-05 3.89391257e-05 4.17204918e-05
 4.45018579e-05 4.72832241e-05 5.00645902e-05 5.28459563e-05
 5.56273224e-05 5.84086886e-05 6.11900547e-05 6.39714208e-05
 6.67527869e-05 6.95341530e-05 7.23155192e-05 7.50968853e-05
 7.78782514e-05 8.06596175e-05 8.34409836e-05 8.62223498e-05
 8.90037159e-05 9.17850820e-05 9.45664481e-05 9.73478143e-05
 1.00129180e-04 1.02910546e-04 1.05691913e-04 1.08473279e-04
 1.11254645e-04 1.14036011e-04 1.16817377e-04 1.19598743e-04
 1.22380109e-04 1.25161475e-04 1.27942842e-04 1.30724208e-04
 1.33505574e-04 1.36286940e-04 1.39068306e-04 1.41849672e-04
 1.44631038e-04 1.47412404e-04 1.50193771e-04 1.52975137e-04
 1.55756503e-04 1.58537869e-04 1.61319235e-04 1.64100601e-04
 1.66881967e-04 1.69663333e-04 1.72444700e-04 1.75226066e-04
 1.78007432e-04 1.80788798e-04 1.83570164e-04 1.86351530e-04
 1.89132896e-04 1.91914262e-04 1.94695629e-04 1.97476995e-04
 2.00258361e-04 2.03039727e-04 2.05821093e-04 2.08602459e-04
 2.11383825e-04 2.14165191e-04 2.16946557e-04 2.19727924e-04
 2.22509290e-04 2.25290656e-04 2.28072022e-04 2.30853388e-04
 2.33634754e-04 2.36416120e-04 2.39197486e-04 2.41978853e-04
 2.44760219e-04 2.47541585e-04 2.50322951e-04 2.53104317e-04
 2.55885683e-04 2.58667049e-04 2.61448415e-04 2.64229782e-04
 2.67011148e-04 2.69792514e-04 2.72573880e-04 2.75355246e-04
 2.78136612e-04]
Frequencies: [4.25205842e+09 4.51961570e+07 3.12760020e+07 2.47779060e+07
 2.07659010e+07 1.79405740e+07 1.57764690e+07 1.40129480e+07
 1.25136530e+07 1.12037460e+07 1.00207790e+07 8.96235000e+06
 7.99351900e+06 7.11053300e+06 6.30663300e+06 5.57139400e+06
 4.90461900e+06 4.32469700e+06 3.80141800e+06 3.35961000e+06
 2.97672700e+06 2.65286900e+06 2.37774200e+06 2.14153200e+06
 1.93614100e+06 1.76365100e+06 1.62322100e+06 1.50347200e+06
 1.39959800e+06 1.31044000e+06 1.23282700e+06 1.16988700e+06
 1.11110900e+06 1.06277000e+06 1.02546500e+06 9.98949000e+05
 9.82800000e+05 9.28629000e+05 8.45111000e+05 7.48379000e+05
 6.42100000e+05 5.34509000e+05 4.39982000e+05 3.57331000e+05
 2.88564000e+05 2.34116000e+05 1.88799000e+05 1.51215000e+05
 1.22544000e+05 9.97670000e+04 8.12990000e+04 6.64770000e+04
 5.47050000e+04 4.41010000e+04 3.61520000e+04 2.94660000e+04
 2.48000000e+04 2.07760000e+04 1.65740000e+04 1.40260000e+04
 1.17860000e+04 9.38300000e+03 7.67600000e+03 6.55800000e+03
 5.41700000e+03 4.61400000e+03 3.81100000e+03 3.20700000e+03
 2.64900000e+03 2.18700000e+03 1.76600000e+03 1.53100000e+03
 1.24900000e+03 9.86000000e+02 9.02000000e+02 7.42000000e+02
 5.63000000e+02 4.99000000e+02 4.55000000e+02 3.81000000e+02
 3.06000000e+02 2.86000000e+02 1.86000000e+02 1.38000000e+02
 1.15000000e+02 1.12000000e+02 9.20000000e+01 9.90000000e+01
 9.20000000e+01 3.60000000e+01 4.40000000e+01 3.90000000e+01
 2.60000000e+01 1.70000000e+01 2.30000000e+01 2.30000000e+01
 1.70000000e+01 7.00000000e+00 9.00000000e+00 2.00000000e+01]
