Standard Deviation: 9.927638764394983
Skewness: 0.508875139727285
Kurtosis: 0.0017125750991864308
Median: 2.1385430340538365
Mean: 3.371720829990299
Deciles: [-3.95741642  9.74292404]
Minimum: -58.26643804132834
Maximum: 64.61512770240074
Bin Edges: [-58.26643804 -57.03762238 -55.80880673 -54.57999107 -53.35117541
 -52.12235975 -50.8935441  -49.66472844 -48.43591278 -47.20709712
 -45.97828147 -44.74946581 -43.52065015 -42.29183449 -41.06301884
 -39.83420318 -38.60538752 -37.37657186 -36.14775621 -34.91894055
 -33.69012489 -32.46130924 -31.23249358 -30.00367792 -28.77486226
 -27.54604661 -26.31723095 -25.08841529 -23.85959963 -22.63078398
 -21.40196832 -20.17315266 -18.944337   -17.71552135 -16.48670569
 -15.25789003 -14.02907437 -12.80025872 -11.57144306 -10.3426274
  -9.11381174  -7.88499609  -6.65618043  -5.42736477  -4.19854911
  -2.96973346  -1.7409178   -0.51210214   0.71671352   1.94552917
   3.17434483   4.40316049   5.63197615   6.8607918    8.08960746
   9.31842312  10.54723878  11.77605443  13.00487009  14.23368575
  15.4625014   16.69131706  17.92013272  19.14894838  20.37776403
  21.60657969  22.83539535  24.06421101  25.29302666  26.52184232
  27.75065798  28.97947364  30.20828929  31.43710495  32.66592061
  33.89473627  35.12355192  36.35236758  37.58118324  38.8099989
  40.03881455  41.26763021  42.49644587  43.72526153  44.95407718
  46.18289284  47.4117085   48.64052416  49.86933981  51.09815547
  52.32697113  53.55578679  54.78460244  56.0134181   57.24223376
  58.47104942  59.69986507  60.92868073  62.15749639  63.38631204
  64.6151277 ]
Frequencies: [6.00000000e+00 3.00000000e+00 1.10000000e+01 1.90000000e+01
 2.60000000e+01 2.90000000e+01 8.40000000e+01 1.65000000e+02
 2.69000000e+02 4.96000000e+02 6.58000000e+02 8.97000000e+02
 1.38200000e+03 1.84200000e+03 2.76900000e+03 3.81700000e+03
 5.45400000e+03 7.86900000e+03 1.13980000e+04 1.67780000e+04
 2.54060000e+04 3.85110000e+04 5.66160000e+04 8.38250000e+04
 1.25063000e+05 1.86875000e+05 2.87249000e+05 4.43341000e+05
 7.08968000e+05 1.18508100e+06 2.04166100e+06 3.54284500e+06
 6.13773500e+06 1.04910260e+07 1.73449150e+07 2.77707650e+07
 4.26338940e+07 6.22961200e+07 8.66829350e+07 1.14263898e+08
 1.42785277e+08 1.69538344e+08 1.92603924e+08 2.10949504e+08
 2.23439892e+08 2.30931032e+08 2.33364126e+08 2.31004576e+08
 2.24982932e+08 2.15999836e+08 2.04966638e+08 1.92819360e+08
 1.80572307e+08 1.68211739e+08 1.56131788e+08 1.44290164e+08
 1.32777081e+08 1.21322590e+08 1.10337696e+08 9.95867120e+07
 8.93961310e+07 7.96037510e+07 7.03036180e+07 6.14761500e+07
 5.31743490e+07 4.53100440e+07 3.80696440e+07 3.15556320e+07
 2.56977960e+07 2.05675920e+07 1.61858050e+07 1.25693730e+07
 9.58247200e+06 7.17128100e+06 5.27271300e+06 3.81570400e+06
 2.71389700e+06 1.88745200e+06 1.29818300e+06 8.85094000e+05
 5.85973000e+05 3.80910000e+05 2.45491000e+05 1.51892000e+05
 9.57450000e+04 6.06050000e+04 3.92070000e+04 2.56440000e+04
 1.64550000e+04 1.00870000e+04 6.42700000e+03 4.26000000e+03
 2.98800000e+03 1.90200000e+03 1.33700000e+03 8.96000000e+02
 7.01000000e+02 3.89000000e+02 1.69000000e+02 2.20000000e+01]
