Standard Deviation: 11.943681138445102
Skewness: 0.6087929564249057
Kurtosis: 0.09559047863264736
Median: 4.213989340753326
Mean: 5.979731004708428
Deciles: [-2.98449663 13.58664691]
Minimum: -55.25236764623691
Maximum: 79.31950320046693
Bin Edges: [-5.52523676e+01 -5.39066489e+01 -5.25609302e+01 -5.12152115e+01
 -4.98694928e+01 -4.85237741e+01 -4.71780554e+01 -4.58323367e+01
 -4.44866180e+01 -4.31408993e+01 -4.17951806e+01 -4.04494619e+01
 -3.91037431e+01 -3.77580244e+01 -3.64123057e+01 -3.50665870e+01
 -3.37208683e+01 -3.23751496e+01 -3.10294309e+01 -2.96837122e+01
 -2.83379935e+01 -2.69922748e+01 -2.56465561e+01 -2.43008374e+01
 -2.29551186e+01 -2.16093999e+01 -2.02636812e+01 -1.89179625e+01
 -1.75722438e+01 -1.62265251e+01 -1.48808064e+01 -1.35350877e+01
 -1.21893690e+01 -1.08436503e+01 -9.49793156e+00 -8.15221285e+00
 -6.80649414e+00 -5.46077543e+00 -4.11505672e+00 -2.76933802e+00
 -1.42361931e+00 -7.79005991e-02  1.26781811e+00  2.61353682e+00
  3.95925553e+00  5.30497423e+00  6.65069294e+00  7.99641165e+00
  9.34213036e+00  1.06878491e+01  1.20335678e+01  1.33792865e+01
  1.47250052e+01  1.60707239e+01  1.74164426e+01  1.87621613e+01
  2.01078800e+01  2.14535987e+01  2.27993174e+01  2.41450362e+01
  2.54907549e+01  2.68364736e+01  2.81821923e+01  2.95279110e+01
  3.08736297e+01  3.22193484e+01  3.35650671e+01  3.49107858e+01
  3.62565045e+01  3.76022232e+01  3.89479419e+01  4.02936607e+01
  4.16393794e+01  4.29850981e+01  4.43308168e+01  4.56765355e+01
  4.70222542e+01  4.83679729e+01  4.97136916e+01  5.10594103e+01
  5.24051290e+01  5.37508477e+01  5.50965664e+01  5.64422852e+01
  5.77880039e+01  5.91337226e+01  6.04794413e+01  6.18251600e+01
  6.31708787e+01  6.45165974e+01  6.58623161e+01  6.72080348e+01
  6.85537535e+01  6.98994722e+01  7.12451909e+01  7.25909097e+01
  7.39366284e+01  7.52823471e+01  7.66280658e+01  7.79737845e+01
  7.93195032e+01]
Frequencies: [6.00000000e+00 1.20000000e+01 2.80000000e+01 5.30000000e+01
 7.20000000e+01 1.22000000e+02 2.19000000e+02 3.53000000e+02
 5.39000000e+02 8.37000000e+02 1.38600000e+03 2.45300000e+03
 4.51400000e+03 7.68100000e+03 1.24970000e+04 2.04230000e+04
 3.27730000e+04 5.09820000e+04 8.22150000e+04 1.27920000e+05
 2.03929000e+05 3.22620000e+05 5.09450000e+05 8.29081000e+05
 1.37652900e+06 2.32329700e+06 4.00414500e+06 6.90473700e+06
 1.18653530e+07 2.01074680e+07 3.28639980e+07 5.06520280e+07
 7.31363850e+07 9.93801830e+07 1.27337986e+08 1.54203463e+08
 1.77791686e+08 1.96302058e+08 2.08847367e+08 2.15834302e+08
 2.18038995e+08 2.15972459e+08 2.10804927e+08 2.03173020e+08
 1.94220792e+08 1.84496366e+08 1.74469715e+08 1.64461576e+08
 1.54634725e+08 1.44947682e+08 1.35477852e+08 1.26288382e+08
 1.17398337e+08 1.08644464e+08 1.00046349e+08 9.17737590e+07
 8.36729490e+07 7.56951690e+07 6.79860820e+07 6.05163780e+07
 5.33660210e+07 4.66334980e+07 4.02283080e+07 3.43566780e+07
 2.90118700e+07 2.42323950e+07 2.00282930e+07 1.63729230e+07
 1.32344050e+07 1.05873080e+07 8.35934300e+06 6.55904900e+06
 5.09398500e+06 3.90423400e+06 2.97722500e+06 2.24472700e+06
 1.68010700e+06 1.24585300e+06 9.15500000e+05 6.65892000e+05
 4.81543000e+05 3.44865000e+05 2.43581000e+05 1.70688000e+05
 1.18999000e+05 8.34660000e+04 5.79180000e+04 3.93630000e+04
 2.70370000e+04 1.91550000e+04 1.27010000e+04 9.42600000e+03
 6.05800000e+03 3.88700000e+03 2.26600000e+03 1.53100000e+03
 1.25900000e+03 8.53000000e+02 4.66000000e+02 1.96000000e+02]
