Standard Deviation: 10.769345869966743
Skewness: -0.7235767238101009
Kurtosis: -0.5503507136712273
Median: 239.07765792255398
Mean: 235.67575241354663
Deciles: [227.35195024 245.00796819]
Minimum: 193.85664997593096
Maximum: 262.1795413147494
Bin Edges: [193.85664998 194.53987889 195.2231078  195.90633672 196.58956563
 197.27279454 197.95602346 198.63925237 199.32248128 200.0057102
 200.68893911 201.37216802 202.05539694 202.73862585 203.42185476
 204.10508368 204.78831259 205.4715415  206.15477042 206.83799933
 207.52122824 208.20445716 208.88768607 209.57091498 210.2541439
 210.93737281 211.62060172 212.30383064 212.98705955 213.67028846
 214.35351738 215.03674629 215.7199752  216.40320412 217.08643303
 217.76966194 218.45289086 219.13611977 219.81934868 220.5025776
 221.18580651 221.86903542 222.55226434 223.23549325 223.91872217
 224.60195108 225.28517999 225.96840891 226.65163782 227.33486673
 228.01809565 228.70132456 229.38455347 230.06778239 230.7510113
 231.43424021 232.11746913 232.80069804 233.48392695 234.16715587
 234.85038478 235.53361369 236.21684261 236.90007152 237.58330043
 238.26652935 238.94975826 239.63298717 240.31621609 240.999445
 241.68267391 242.36590283 243.04913174 243.73236065 244.41558957
 245.09881848 245.78204739 246.46527631 247.14850522 247.83173413
 248.51496305 249.19819196 249.88142087 250.56464979 251.2478787
 251.93110761 252.61433653 253.29756544 253.98079435 254.66402327
 255.34725218 256.03048109 256.71371001 257.39693892 258.08016783
 258.76339675 259.44662566 260.12985457 260.81308349 261.4963124
 262.17954131]
Frequencies: [1.02000000e+02 4.85000000e+02 2.95700000e+03 7.35300000e+03
 1.69000000e+04 4.04810000e+04 8.58460000e+04 1.87310000e+05
 3.93446000e+05 7.33806000e+05 1.17964300e+06 1.67273600e+06
 2.17686600e+06 2.59541200e+06 2.90802400e+06 3.16644000e+06
 3.44417300e+06 3.70887400e+06 4.01002600e+06 4.41329500e+06
 4.87484500e+06 5.63160500e+06 6.69206100e+06 8.19375200e+06
 1.03105670e+07 1.28776330e+07 1.57063790e+07 1.89698050e+07
 2.26545930e+07 2.62836960e+07 2.98530890e+07 3.32926120e+07
 3.64748880e+07 3.94853690e+07 4.24900300e+07 4.54006660e+07
 4.82578070e+07 5.11381770e+07 5.35598840e+07 5.56765610e+07
 5.72085860e+07 5.83552290e+07 5.91548230e+07 5.95211970e+07
 5.97265710e+07 5.99659580e+07 6.02346990e+07 6.04544660e+07
 6.05912630e+07 6.06481010e+07 6.09004780e+07 6.10723610e+07
 6.14093450e+07 6.17098270e+07 6.22074000e+07 6.28027010e+07
 6.33742180e+07 6.40955930e+07 6.50529020e+07 6.62344140e+07
 6.74889330e+07 6.89771490e+07 7.03945910e+07 7.22579780e+07
 7.48402920e+07 7.82202630e+07 8.27407490e+07 8.85469780e+07
 9.60815250e+07 1.05677779e+08 1.17727131e+08 1.33737532e+08
 1.54953797e+08 1.83229264e+08 2.19132534e+08 2.56149988e+08
 2.69962009e+08 2.38500562e+08 1.66113871e+08 9.01195240e+07
 4.11282830e+07 1.92667280e+07 1.03983710e+07 5.88934200e+06
 3.23566800e+06 1.66839500e+06 7.90494000e+05 3.69104000e+05
 1.58347000e+05 6.97190000e+04 3.46280000e+04 1.68700000e+04
 8.69200000e+03 4.12500000e+03 2.19900000e+03 1.17600000e+03
 5.92000000e+02 2.39000000e+02 1.78000000e+02 7.50000000e+01]
