Standard Deviation: 1.1447874180712313e-07
Skewness: 2.604945835824128
Kurtosis: 6.71150785080863
Median: 1.73865361369717e-06
Mean: 1.7829210328444831e-06
Deciles: [1.71620587e-06 1.79779425e-06]
Minimum: 1.6955826146866853e-06
Maximum: 2.2972763647861044e-06
Bin Edges: [1.69558261e-06 1.70159955e-06 1.70761649e-06 1.71363343e-06
 1.71965036e-06 1.72566730e-06 1.73168424e-06 1.73770118e-06
 1.74371811e-06 1.74973505e-06 1.75575199e-06 1.76176893e-06
 1.76778586e-06 1.77380280e-06 1.77981974e-06 1.78583668e-06
 1.79185361e-06 1.79787055e-06 1.80388749e-06 1.80990443e-06
 1.81592136e-06 1.82193830e-06 1.82795524e-06 1.83397218e-06
 1.83998911e-06 1.84600605e-06 1.85202299e-06 1.85803993e-06
 1.86405686e-06 1.87007380e-06 1.87609074e-06 1.88210768e-06
 1.88812461e-06 1.89414155e-06 1.90015849e-06 1.90617543e-06
 1.91219236e-06 1.91820930e-06 1.92422624e-06 1.93024318e-06
 1.93626011e-06 1.94227705e-06 1.94829399e-06 1.95431093e-06
 1.96032786e-06 1.96634480e-06 1.97236174e-06 1.97837868e-06
 1.98439561e-06 1.99041255e-06 1.99642949e-06 2.00244643e-06
 2.00846336e-06 2.01448030e-06 2.02049724e-06 2.02651418e-06
 2.03253111e-06 2.03854805e-06 2.04456499e-06 2.05058193e-06
 2.05659886e-06 2.06261580e-06 2.06863274e-06 2.07464968e-06
 2.08066661e-06 2.08668355e-06 2.09270049e-06 2.09871743e-06
 2.10473436e-06 2.11075130e-06 2.11676824e-06 2.12278518e-06
 2.12880211e-06 2.13481905e-06 2.14083599e-06 2.14685293e-06
 2.15286986e-06 2.15888680e-06 2.16490374e-06 2.17092068e-06
 2.17693761e-06 2.18295455e-06 2.18897149e-06 2.19498843e-06
 2.20100536e-06 2.20702230e-06 2.21303924e-06 2.21905618e-06
 2.22507311e-06 2.23109005e-06 2.23710699e-06 2.24312393e-06
 2.24914086e-06 2.25515780e-06 2.26117474e-06 2.26719168e-06
 2.27320861e-06 2.27922555e-06 2.28524249e-06 2.29125943e-06
 2.29727636e-06]
Frequencies: [3.01274290e+08 4.23922640e+07 4.75795192e+08 6.68023446e+08
 3.02750585e+08 3.32963033e+08 1.34870259e+08 7.46250960e+07
 5.75453490e+07 2.29181853e+08 2.59194750e+07 1.89434760e+07
 7.37425300e+07 1.92437129e+08 2.27379319e+08 1.08197269e+08
 1.43642575e+08 3.09410574e+08 2.84476490e+07 1.36467290e+07
 1.17085970e+07 1.07896410e+07 1.10135030e+07 1.28461130e+07
 1.61713050e+07 4.04293050e+07 1.40822337e+08 3.35961540e+07
 1.73440350e+07 1.07424460e+07 8.84978300e+06 9.07290100e+06
 9.72428900e+06 1.01971180e+07 1.79769180e+07 3.28444710e+07
 1.96283780e+07 1.53635090e+07 1.21860720e+07 8.61914400e+06
 8.16774400e+06 6.46759800e+06 5.57925600e+06 5.06620800e+06
 5.14493600e+06 4.73382700e+06 5.08487500e+06 4.37913600e+06
 4.22909100e+06 3.57241900e+06 3.31889100e+06 3.82652500e+06
 3.81524100e+06 3.36816600e+06 3.42994400e+06 2.81277600e+06
 2.65887500e+06 2.64179600e+06 3.02360100e+06 3.11446400e+06
 2.93060800e+06 2.97108100e+06 3.00452100e+06 2.88997700e+06
 2.96507900e+06 2.93634300e+06 2.62357400e+06 2.52272400e+06
 2.39648100e+06 2.70488400e+06 3.05044300e+06 2.70224100e+06
 2.59532800e+06 2.98465700e+06 2.95369200e+06 3.32975700e+06
 3.32813600e+06 3.82678300e+06 4.03801700e+06 4.62699000e+06
 6.44665800e+06 1.09341980e+07 1.81131170e+07 3.05286840e+07
 2.66494350e+07 1.99571430e+07 1.29409260e+07 1.06204160e+07
 1.05115800e+07 8.08039200e+06 6.21810000e+06 5.25410400e+06
 4.18775300e+06 3.73702200e+06 2.80713300e+06 2.31334300e+06
 2.32870300e+06 1.49389500e+06 9.01792000e+05 2.28810000e+05]
