Standard Deviation: 2.0814429717232055e-10
Skewness: 39668.02150917164
Kurtosis: 1938210577.1076567
Median: 0.0
Mean: 9.40430340796522e-15
Deciles: [0. 0.]
Minimum: 0.0
Maximum: 1.1207730731231812e-05
Bin Edges: [0.00000000e+00 1.12077307e-07 2.24154615e-07 3.36231922e-07
 4.48309229e-07 5.60386537e-07 6.72463844e-07 7.84541151e-07
 8.96618458e-07 1.00869577e-06 1.12077307e-06 1.23285038e-06
 1.34492769e-06 1.45700500e-06 1.56908230e-06 1.68115961e-06
 1.79323692e-06 1.90531422e-06 2.01739153e-06 2.12946884e-06
 2.24154615e-06 2.35362345e-06 2.46570076e-06 2.57777807e-06
 2.68985538e-06 2.80193268e-06 2.91400999e-06 3.02608730e-06
 3.13816460e-06 3.25024191e-06 3.36231922e-06 3.47439653e-06
 3.58647383e-06 3.69855114e-06 3.81062845e-06 3.92270576e-06
 4.03478306e-06 4.14686037e-06 4.25893768e-06 4.37101499e-06
 4.48309229e-06 4.59516960e-06 4.70724691e-06 4.81932421e-06
 4.93140152e-06 5.04347883e-06 5.15555614e-06 5.26763344e-06
 5.37971075e-06 5.49178806e-06 5.60386537e-06 5.71594267e-06
 5.82801998e-06 5.94009729e-06 6.05217459e-06 6.16425190e-06
 6.27632921e-06 6.38840652e-06 6.50048382e-06 6.61256113e-06
 6.72463844e-06 6.83671575e-06 6.94879305e-06 7.06087036e-06
 7.17294767e-06 7.28502498e-06 7.39710228e-06 7.50917959e-06
 7.62125690e-06 7.73333420e-06 7.84541151e-06 7.95748882e-06
 8.06956613e-06 8.18164343e-06 8.29372074e-06 8.40579805e-06
 8.51787536e-06 8.62995266e-06 8.74202997e-06 8.85410728e-06
 8.96618458e-06 9.07826189e-06 9.19033920e-06 9.30241651e-06
 9.41449381e-06 9.52657112e-06 9.63864843e-06 9.75072574e-06
 9.86280304e-06 9.97488035e-06 1.00869577e-05 1.01990350e-05
 1.03111123e-05 1.04231896e-05 1.05352669e-05 1.06473442e-05
 1.07594215e-05 1.08714988e-05 1.09835761e-05 1.10956534e-05
 1.12077307e-05]
Frequencies: [4.54118397e+09 4.00000000e+00 3.00000000e+00 2.00000000e+00
 0.00000000e+00 1.00000000e+00 2.00000000e+00 2.00000000e+00
 1.00000000e+00 2.00000000e+00 1.00000000e+00 1.00000000e+00
 0.00000000e+00 2.00000000e+00 0.00000000e+00 0.00000000e+00
 0.00000000e+00 0.00000000e+00 0.00000000e+00 0.00000000e+00
 0.00000000e+00 1.00000000e+00 0.00000000e+00 0.00000000e+00
 0.00000000e+00 0.00000000e+00 0.00000000e+00 0.00000000e+00
 1.00000000e+00 1.00000000e+00 1.00000000e+00 0.00000000e+00
 0.00000000e+00 0.00000000e+00 0.00000000e+00 0.00000000e+00
 0.00000000e+00 1.00000000e+00 0.00000000e+00 0.00000000e+00
 0.00000000e+00 0.00000000e+00 0.00000000e+00 0.00000000e+00
 0.00000000e+00 0.00000000e+00 0.00000000e+00 0.00000000e+00
 0.00000000e+00 0.00000000e+00 0.00000000e+00 0.00000000e+00
 0.00000000e+00 0.00000000e+00 0.00000000e+00 0.00000000e+00
 0.00000000e+00 0.00000000e+00 0.00000000e+00 0.00000000e+00
 0.00000000e+00 0.00000000e+00 0.00000000e+00 0.00000000e+00
 0.00000000e+00 0.00000000e+00 0.00000000e+00 0.00000000e+00
 0.00000000e+00 0.00000000e+00 0.00000000e+00 0.00000000e+00
 0.00000000e+00 0.00000000e+00 0.00000000e+00 0.00000000e+00
 0.00000000e+00 0.00000000e+00 0.00000000e+00 0.00000000e+00
 0.00000000e+00 0.00000000e+00 0.00000000e+00 0.00000000e+00
 0.00000000e+00 0.00000000e+00 0.00000000e+00 0.00000000e+00
 0.00000000e+00 0.00000000e+00 0.00000000e+00 0.00000000e+00
 0.00000000e+00 0.00000000e+00 0.00000000e+00 0.00000000e+00
 0.00000000e+00 0.00000000e+00 0.00000000e+00 1.00000000e+00]
