Standard Deviation: 17.660179635258654
Skewness: -0.17484423682916567
Kurtosis: 0.3244099070551041
Median: 14.277746005834445
Mean: 14.099736916297594
Deciles: [ 2.91253341 25.94809182]
Minimum: -61.96564063502704
Maximum: 98.71155034645608
Bin Edges: [-61.96564064 -60.35886873 -58.75209682 -57.14532491 -55.538553
 -53.93178109 -52.32500918 -50.71823727 -49.11146536 -47.50469345
 -45.89792154 -44.29114963 -42.68437772 -41.07760581 -39.4708339
 -37.86406199 -36.25729008 -34.65051817 -33.04374626 -31.43697435
 -29.83020244 -28.22343053 -26.61665862 -25.00988671 -23.4031148
 -21.79634289 -20.18957098 -18.58279907 -16.97602716 -15.36925525
 -13.76248334 -12.15571143 -10.54893952  -8.94216761  -7.3353957
  -5.72862379  -4.12185188  -2.51507997  -0.90830806   0.69846385
   2.30523576   3.91200767   5.51877958   7.12555149   8.7323234
  10.33909531  11.94586722  13.55263913  15.15941104  16.76618295
  18.37295486  19.97972677  21.58649868  23.19327059  24.80004249
  26.4068144   28.01358631  29.62035822  31.22713013  32.83390204
  34.44067395  36.04744586  37.65421777  39.26098968  40.86776159
  42.4745335   44.08130541  45.68807732  47.29484923  48.90162114
  50.50839305  52.11516496  53.72193687  55.32870878  56.93548069
  58.5422526   60.14902451  61.75579642  63.36256833  64.96934024
  66.57611215  68.18288406  69.78965597  71.39642788  73.00319979
  74.6099717   76.21674361  77.82351552  79.43028743  81.03705934
  82.64383125  84.25060316  85.85737507  87.46414698  89.07091889
  90.6776908   92.28446271  93.89123462  95.49800653  97.10477844
  98.71155035]
Frequencies: [5.70000000e+01 5.83000000e+02 4.84800000e+03 2.49460000e+04
 9.03180000e+04 2.59200000e+05 6.77713000e+05 1.39273800e+06
 1.36287900e+06 1.67289800e+06 2.07186400e+06 2.51143300e+06
 3.00945000e+06 3.59397600e+06 4.29098000e+06 5.12578800e+06
 6.07168800e+06 7.16588000e+06 8.37426700e+06 9.70620800e+06
 1.11680430e+07 1.27804710e+07 1.45382230e+07 1.64427140e+07
 1.85952030e+07 2.10165610e+07 2.37567590e+07 2.69323320e+07
 3.06311820e+07 3.49496350e+07 3.99744010e+07 4.59608510e+07
 5.31104710e+07 6.16981550e+07 7.16960020e+07 8.28900480e+07
 9.53775020e+07 1.08403620e+08 1.21513852e+08 1.33402590e+08
 1.43157048e+08 1.51097812e+08 1.57178600e+08 1.61780588e+08
 1.64881069e+08 1.66896942e+08 1.67682174e+08 1.67543715e+08
 1.66459006e+08 1.64334962e+08 1.61145372e+08 1.56606143e+08
 1.51130986e+08 1.44740831e+08 1.37455240e+08 1.29190563e+08
 1.20190763e+08 1.10712408e+08 1.01083789e+08 9.13534960e+07
 8.16233580e+07 7.22177890e+07 6.32617960e+07 5.49610320e+07
 4.73154330e+07 4.04169890e+07 3.41921790e+07 2.86758520e+07
 2.38896000e+07 1.97403000e+07 1.61817140e+07 1.31449760e+07
 1.06035290e+07 8.54266900e+06 6.79979400e+06 5.36420900e+06
 4.21378100e+06 3.28746100e+06 2.53290200e+06 1.94882200e+06
 1.46931700e+06 1.10388100e+06 8.28412000e+05 6.10323000e+05
 4.38750000e+05 3.13893000e+05 2.19528000e+05 1.52587000e+05
 1.03595000e+05 6.86430000e+04 4.29510000e+04 2.54950000e+04
 1.23800000e+04 6.45000000e+03 3.32700000e+03 1.44500000e+03
 5.99000000e+02 2.88000000e+02 9.90000000e+01 1.60000000e+01]
