Standard Deviation: 6.147294884423801
Skewness: 0.04034392529073275
Kurtosis: 2.170973294430974
Median: -0.030148928981008186
Mean: -0.01568939071039185
Deciles: [-3.31611258  3.24208589]
Minimum: -62.54150040592285
Maximum: 71.31407108440999
Bin Edges: [-62.54150041 -61.20294469 -59.86438898 -58.52583326 -57.18727755
 -55.84872183 -54.51016612 -53.1716104  -51.83305469 -50.49449897
 -49.15594326 -47.81738754 -46.47883183 -45.14027611 -43.8017204
 -42.46316468 -41.12460897 -39.78605325 -38.44749754 -37.10894182
 -35.77038611 -34.43183039 -33.09327468 -31.75471896 -30.41616325
 -29.07760753 -27.73905182 -26.4004961  -25.06194039 -23.72338467
 -22.38482896 -21.04627324 -19.70771753 -18.36916181 -17.0306061
 -15.69205038 -14.35349467 -13.01493895 -11.67638324 -10.33782752
  -8.99927181  -7.66071609  -6.32216038  -4.98360467  -3.64504895
  -2.30649324  -0.96793752   0.37061819   1.70917391   3.04772962
   4.38628534   5.72484105   7.06339677   8.40195248   9.7405082
  11.07906391  12.41761963  13.75617534  15.09473106  16.43328677
  17.77184249  19.1103982   20.44895392  21.78750963  23.12606535
  24.46462106  25.80317678  27.14173249  28.48028821  29.81884392
  31.15739964  32.49595535  33.83451107  35.17306678  36.5116225
  37.85017821  39.18873393  40.52728964  41.86584536  43.20440107
  44.54295679  45.8815125   47.22006822  48.55862393  49.89717965
  51.23573536  52.57429108  53.91284679  55.25140251  56.58995822
  57.92851394  59.26706965  60.60562537  61.94418108  63.28273679
  64.62129251  65.95984822  67.29840394  68.63695965  69.97551537
  71.31407108]
Frequencies: [9.00000000e+00 1.40000000e+01 3.90000000e+01 5.00000000e+01
 8.20000000e+01 1.06000000e+02 1.73000000e+02 3.52000000e+02
 5.62000000e+02 9.33000000e+02 1.51000000e+03 2.34500000e+03
 3.57800000e+03 5.60700000e+03 8.27700000e+03 1.20340000e+04
 1.77440000e+04 2.72460000e+04 4.12040000e+04 6.25410000e+04
 9.34610000e+04 1.40396000e+05 2.10109000e+05 3.14017000e+05
 4.64373000e+05 6.82457000e+05 9.98000000e+05 1.44927100e+06
 2.07929600e+06 2.97386500e+06 4.22345300e+06 5.97378900e+06
 8.37326500e+06 1.17063410e+07 1.62924250e+07 2.24831750e+07
 3.09649810e+07 4.24591060e+07 5.82245890e+07 7.98084940e+07
 1.09766801e+08 1.51928571e+08 2.10422432e+08 2.88231075e+08
 3.82158149e+08 4.72966032e+08 5.22777167e+08 5.02317377e+08
 4.22286222e+08 3.22186493e+08 2.34909201e+08 1.69651945e+08
 1.23525412e+08 9.08041530e+07 6.71800640e+07 4.96648890e+07
 3.65667120e+07 2.66917180e+07 1.93396380e+07 1.38693770e+07
 9.87658200e+06 6.99837400e+06 4.95009400e+06 3.48248900e+06
 2.45207000e+06 1.73145200e+06 1.22554100e+06 8.75211000e+05
 6.26082000e+05 4.49624000e+05 3.23730000e+05 2.34102000e+05
 1.69051000e+05 1.22751000e+05 8.94630000e+04 6.54370000e+04
 4.71830000e+04 3.42290000e+04 2.48760000e+04 1.78010000e+04
 1.27900000e+04 9.15000000e+03 6.56000000e+03 4.69700000e+03
 3.34700000e+03 2.38400000e+03 1.80300000e+03 1.27800000e+03
 9.17000000e+02 6.70000000e+02 4.92000000e+02 3.54000000e+02
 2.63000000e+02 1.91000000e+02 9.70000000e+01 6.00000000e+01
 4.90000000e+01 3.10000000e+01 1.90000000e+01 9.00000000e+00]
