Standard Deviation: 2.4969731391976708e-05
Skewness: 5.346023672400139
Kurtosis: 35.004348611771725
Median: 0.0
Mean: 6.7908981165008845e-06
Deciles: [0.0000000e+00 8.7581154e-47]
Minimum: 0.0
Maximum: 0.0008394970466085867
Bin Edges: [0.00000000e+00 8.39497047e-06 1.67899409e-05 2.51849114e-05
 3.35798819e-05 4.19748523e-05 5.03698228e-05 5.87647933e-05
 6.71597637e-05 7.55547342e-05 8.39497047e-05 9.23446751e-05
 1.00739646e-04 1.09134616e-04 1.17529587e-04 1.25924557e-04
 1.34319527e-04 1.42714498e-04 1.51109468e-04 1.59504439e-04
 1.67899409e-04 1.76294380e-04 1.84689350e-04 1.93084321e-04
 2.01479291e-04 2.09874262e-04 2.18269232e-04 2.26664203e-04
 2.35059173e-04 2.43454144e-04 2.51849114e-04 2.60244084e-04
 2.68639055e-04 2.77034025e-04 2.85428996e-04 2.93823966e-04
 3.02218937e-04 3.10613907e-04 3.19008878e-04 3.27403848e-04
 3.35798819e-04 3.44193789e-04 3.52588760e-04 3.60983730e-04
 3.69378701e-04 3.77773671e-04 3.86168641e-04 3.94563612e-04
 4.02958582e-04 4.11353553e-04 4.19748523e-04 4.28143494e-04
 4.36538464e-04 4.44933435e-04 4.53328405e-04 4.61723376e-04
 4.70118346e-04 4.78513317e-04 4.86908287e-04 4.95303257e-04
 5.03698228e-04 5.12093198e-04 5.20488169e-04 5.28883139e-04
 5.37278110e-04 5.45673080e-04 5.54068051e-04 5.62463021e-04
 5.70857992e-04 5.79252962e-04 5.87647933e-04 5.96042903e-04
 6.04437874e-04 6.12832844e-04 6.21227814e-04 6.29622785e-04
 6.38017755e-04 6.46412726e-04 6.54807696e-04 6.63202667e-04
 6.71597637e-04 6.79992608e-04 6.88387578e-04 6.96782549e-04
 7.05177519e-04 7.13572490e-04 7.21967460e-04 7.30362431e-04
 7.38757401e-04 7.47152371e-04 7.55547342e-04 7.63942312e-04
 7.72337283e-04 7.80732253e-04 7.89127224e-04 7.97522194e-04
 8.05917165e-04 8.14312135e-04 8.22707106e-04 8.31102076e-04
 8.39497047e-04]
Frequencies: [4.01150732e+09 1.26541529e+08 7.20467690e+07 5.00883060e+07
 3.84958640e+07 3.13384250e+07 2.64625140e+07 2.28786770e+07
 2.00784800e+07 1.78393550e+07 1.60106100e+07 1.44755740e+07
 1.31533630e+07 1.19238950e+07 1.07371820e+07 9.52642900e+06
 8.27600800e+06 7.06818100e+06 5.95700400e+06 4.95896100e+06
 4.10075300e+06 3.36492000e+06 2.75338800e+06 2.24152000e+06
 1.82083300e+06 1.47217200e+06 1.18827500e+06 9.57825000e+05
 7.68909000e+05 6.17346000e+05 4.96456000e+05 3.95892000e+05
 3.17810000e+05 2.55458000e+05 2.03911000e+05 1.63684000e+05
 1.31152000e+05 1.05880000e+05 8.49610000e+04 6.94550000e+04
 5.61240000e+04 4.56040000e+04 3.74310000e+04 3.06940000e+04
 2.49900000e+04 2.03130000e+04 1.64440000e+04 1.35520000e+04
 1.10340000e+04 9.09000000e+03 7.51800000e+03 6.40300000e+03
 5.30400000e+03 4.36600000e+03 3.57600000e+03 2.99300000e+03
 2.38500000e+03 2.02100000e+03 1.63100000e+03 1.29700000e+03
 1.14400000e+03 1.03900000e+03 7.09000000e+02 6.08000000e+02
 5.08000000e+02 4.12000000e+02 3.66000000e+02 2.63000000e+02
 2.48000000e+02 1.62000000e+02 1.37000000e+02 1.27000000e+02
 8.20000000e+01 8.40000000e+01 5.50000000e+01 5.60000000e+01
 5.80000000e+01 3.00000000e+01 1.30000000e+01 2.30000000e+01
 1.40000000e+01 1.30000000e+01 4.00000000e+00 1.00000000e+01
 4.00000000e+00 2.00000000e+00 5.00000000e+00 4.00000000e+00
 1.00000000e+00 2.00000000e+00 1.00000000e+00 0.00000000e+00
 1.00000000e+00 0.00000000e+00 0.00000000e+00 0.00000000e+00
 0.00000000e+00 0.00000000e+00 0.00000000e+00 1.00000000e+00]
