Standard Deviation: 9.076214662110716e-27
Skewness: 32908.96861922252
Kurtosis: 1321273087.6039925
Median: 0.0
Mean: 6.665391042730282e-31
Deciles: [0. 0.]
Minimum: 0.0
Maximum: 4.235164736271502e-22
Bin Edges: [0.00000000e+00 4.23516474e-24 8.47032947e-24 1.27054942e-23
 1.69406589e-23 2.11758237e-23 2.54109884e-23 2.96461532e-23
 3.38813179e-23 3.81164826e-23 4.23516474e-23 4.65868121e-23
 5.08219768e-23 5.50571416e-23 5.92923063e-23 6.35274710e-23
 6.77626358e-23 7.19978005e-23 7.62329653e-23 8.04681300e-23
 8.47032947e-23 8.89384595e-23 9.31736242e-23 9.74087889e-23
 1.01643954e-22 1.05879118e-22 1.10114283e-22 1.14349448e-22
 1.18584613e-22 1.22819777e-22 1.27054942e-22 1.31290107e-22
 1.35525272e-22 1.39760436e-22 1.43995601e-22 1.48230766e-22
 1.52465931e-22 1.56701095e-22 1.60936260e-22 1.65171425e-22
 1.69406589e-22 1.73641754e-22 1.77876919e-22 1.82112084e-22
 1.86347248e-22 1.90582413e-22 1.94817578e-22 1.99052743e-22
 2.03287907e-22 2.07523072e-22 2.11758237e-22 2.15993402e-22
 2.20228566e-22 2.24463731e-22 2.28698896e-22 2.32934060e-22
 2.37169225e-22 2.41404390e-22 2.45639555e-22 2.49874719e-22
 2.54109884e-22 2.58345049e-22 2.62580214e-22 2.66815378e-22
 2.71050543e-22 2.75285708e-22 2.79520873e-22 2.83756037e-22
 2.87991202e-22 2.92226367e-22 2.96461532e-22 3.00696696e-22
 3.04931861e-22 3.09167026e-22 3.13402190e-22 3.17637355e-22
 3.21872520e-22 3.26107685e-22 3.30342849e-22 3.34578014e-22
 3.38813179e-22 3.43048344e-22 3.47283508e-22 3.51518673e-22
 3.55753838e-22 3.59989003e-22 3.64224167e-22 3.68459332e-22
 3.72694497e-22 3.76929662e-22 3.81164826e-22 3.85399991e-22
 3.89635156e-22 3.93870320e-22 3.98105485e-22 4.02340650e-22
 4.06575815e-22 4.10810979e-22 4.15046144e-22 4.19281309e-22
 4.23516474e-22]
Frequencies: [4.54118392e+09 3.40000000e+01 1.40000000e+01 9.00000000e+00
 6.00000000e+00 1.00000000e+00 1.00000000e+00 4.00000000e+00
 1.00000000e+00 3.00000000e+00 2.00000000e+00 0.00000000e+00
 1.00000000e+00 0.00000000e+00 0.00000000e+00 1.00000000e+00
 0.00000000e+00 0.00000000e+00 1.00000000e+00 0.00000000e+00
 0.00000000e+00 1.00000000e+00 0.00000000e+00 0.00000000e+00
 0.00000000e+00 2.00000000e+00 0.00000000e+00 0.00000000e+00
 0.00000000e+00 0.00000000e+00 0.00000000e+00 1.00000000e+00
 0.00000000e+00 0.00000000e+00 0.00000000e+00 0.00000000e+00
 0.00000000e+00 1.00000000e+00 0.00000000e+00 0.00000000e+00
 0.00000000e+00 0.00000000e+00 0.00000000e+00 0.00000000e+00
 0.00000000e+00 0.00000000e+00 0.00000000e+00 0.00000000e+00
 0.00000000e+00 0.00000000e+00 0.00000000e+00 0.00000000e+00
 0.00000000e+00 0.00000000e+00 0.00000000e+00 0.00000000e+00
 0.00000000e+00 0.00000000e+00 0.00000000e+00 0.00000000e+00
 0.00000000e+00 0.00000000e+00 0.00000000e+00 0.00000000e+00
 0.00000000e+00 0.00000000e+00 0.00000000e+00 0.00000000e+00
 1.00000000e+00 0.00000000e+00 0.00000000e+00 0.00000000e+00
 0.00000000e+00 0.00000000e+00 0.00000000e+00 0.00000000e+00
 0.00000000e+00 0.00000000e+00 0.00000000e+00 0.00000000e+00
 0.00000000e+00 0.00000000e+00 0.00000000e+00 0.00000000e+00
 0.00000000e+00 0.00000000e+00 0.00000000e+00 0.00000000e+00
 0.00000000e+00 0.00000000e+00 0.00000000e+00 0.00000000e+00
 0.00000000e+00 0.00000000e+00 0.00000000e+00 0.00000000e+00
 0.00000000e+00 0.00000000e+00 0.00000000e+00 1.00000000e+00]
