Standard Deviation: 9.567004305401902
Skewness: 0.5194739789323705
Kurtosis: 0.04722444715670093
Median: 1.5013251686851357
Mean: 2.7111518417854032
Deciles: [-4.33252933  8.80630592]
Minimum: -61.26230492336405
Maximum: 66.88644614555656
Bin Edges: [-61.26230492 -59.98081741 -58.6993299  -57.41784239 -56.13635488
 -54.85486737 -53.57337986 -52.29189235 -51.01040484 -49.72891733
 -48.44742982 -47.16594231 -45.8844548  -44.60296728 -43.32147977
 -42.03999226 -40.75850475 -39.47701724 -38.19552973 -36.91404222
 -35.63255471 -34.3510672  -33.06957969 -31.78809218 -30.50660467
 -29.22511716 -27.94362965 -26.66214213 -25.38065462 -24.09916711
 -22.8176796  -21.53619209 -20.25470458 -18.97321707 -17.69172956
 -16.41024205 -15.12875454 -13.84726703 -12.56577952 -11.28429201
 -10.0028045   -8.72131699  -7.43982947  -6.15834196  -4.87685445
  -3.59536694  -2.31387943  -1.03239192   0.24909559   1.5305831
   2.81207061   4.09355812   5.37504563   6.65653314   7.93802065
   9.21950816  10.50099568  11.78248319  13.0639707   14.34545821
  15.62694572  16.90843323  18.18992074  19.47140825  20.75289576
  22.03438327  23.31587078  24.59735829  25.8788458   27.16033331
  28.44182082  29.72330834  31.00479585  32.28628336  33.56777087
  34.84925838  36.13074589  37.4122334   38.69372091  39.97520842
  41.25669593  42.53818344  43.81967095  45.10115846  46.38264597
  47.66413349  48.945621    50.22710851  51.50859602  52.79008353
  54.07157104  55.35305855  56.63454606  57.91603357  59.19752108
  60.47900859  61.7604961   63.04198361  64.32347112  65.60495863
  66.88644615]
Frequencies: [5.00000000e+00 4.00000000e+00 2.40000000e+01 2.90000000e+01
 3.10000000e+01 2.60000000e+01 8.10000000e+01 1.40000000e+02
 2.21000000e+02 3.96000000e+02 5.40000000e+02 8.16000000e+02
 1.24000000e+03 1.73000000e+03 2.37800000e+03 3.54000000e+03
 4.90900000e+03 7.10000000e+03 1.04580000e+04 1.49640000e+04
 2.16270000e+04 3.21400000e+04 4.70690000e+04 6.81200000e+04
 9.89060000e+04 1.45213000e+05 2.16597000e+05 3.21048000e+05
 4.91517000e+05 7.67596000e+05 1.25392000e+06 2.10257800e+06
 3.62952100e+06 6.36397200e+06 1.10634180e+07 1.88017410e+07
 3.08847390e+07 4.85241820e+07 7.27302800e+07 1.03133523e+08
 1.36947053e+08 1.70866886e+08 2.00871261e+08 2.24852789e+08
 2.41562257e+08 2.51031275e+08 2.54081733e+08 2.51370185e+08
 2.43707840e+08 2.32458679e+08 2.18736606e+08 2.04219780e+08
 1.89434622e+08 1.74766560e+08 1.60423576e+08 1.46674318e+08
 1.33143312e+08 1.20071300e+08 1.07506527e+08 9.55158590e+07
 8.41916020e+07 7.34634110e+07 6.33645030e+07 5.39415420e+07
 4.52173820e+07 3.73114720e+07 3.02784400e+07 2.40718830e+07
 1.88260490e+07 1.44411790e+07 1.08442280e+07 7.99379200e+06
 5.77523200e+06 4.10028500e+06 2.85309800e+06 1.93836200e+06
 1.30296000e+06 8.56457000e+05 5.47570000e+05 3.44697000e+05
 2.14361000e+05 1.27612000e+05 7.54990000e+04 4.55890000e+04
 2.72630000e+04 1.66280000e+04 9.95100000e+03 5.85500000e+03
 3.36300000e+03 2.04600000e+03 1.32900000e+03 7.57000000e+02
 5.01000000e+02 2.30000000e+02 7.20000000e+01 2.10000000e+01
 1.10000000e+01 6.00000000e+00 2.00000000e+00 3.00000000e+00]
