Standard Deviation: 12.475441697039871
Skewness: -0.0033520709883492357
Kurtosis: 6.650508211668857
Median: -0.06663020633288208
Mean: -0.05757782559835964
Deciles: [-6.40255807  6.26326012]
Minimum: -157.1243258868839
Maximum: 153.36809976885814
Bin Edges: [-157.12432589 -154.01940163 -150.91447737 -147.80955312 -144.70462886
 -141.5997046  -138.49478035 -135.38985609 -132.28493183 -129.18000758
 -126.07508332 -122.97015906 -119.86523481 -116.76031055 -113.6553863
 -110.55046204 -107.44553778 -104.34061353 -101.23568927  -98.13076501
  -95.02584076  -91.9209165   -88.81599224  -85.71106799  -82.60614373
  -79.50121947  -76.39629522  -73.29137096  -70.1864467   -67.08152245
  -63.97659819  -60.87167393  -57.76674968  -54.66182542  -51.55690116
  -48.45197691  -45.34705265  -42.24212839  -39.13720414  -36.03227988
  -32.92735562  -29.82243137  -26.71750711  -23.61258285  -20.5076586
  -17.40273434  -14.29781009  -11.19288583   -8.08796157   -4.98303732
   -1.87811306    1.2268112     4.33173545    7.43665971   10.54158397
   13.64650822   16.75143248   19.85635674   22.96128099   26.06620525
   29.17112951   32.27605376   35.38097802   38.48590228   41.59082653
   44.69575079   47.80067505   50.9055993    54.01052356   57.11544782
   60.22037207   63.32529633   66.43022059   69.53514484   72.6400691
   75.74499335   78.84991761   81.95484187   85.05976612   88.16469038
   91.26961464   94.37453889   97.47946315  100.58438741  103.68931166
  106.79423592  109.89916018  113.00408443  116.10900869  119.21393295
  122.3188572   125.42378146  128.52870572  131.63362997  134.73855423
  137.84347849  140.94840274  144.053327    147.15825126  150.26317551
  153.36809977]
Frequencies: [3.70000000e+01 1.55000000e+02 3.15000000e+02 5.46000000e+02
 8.94000000e+02 1.46300000e+03 2.00700000e+03 2.79900000e+03
 4.26100000e+03 6.56700000e+03 1.00070000e+04 1.57460000e+04
 2.23680000e+04 3.07460000e+04 4.14040000e+04 5.24510000e+04
 6.69740000e+04 8.62350000e+04 1.11490000e+05 1.42120000e+05
 1.79911000e+05 2.22437000e+05 2.72124000e+05 3.35960000e+05
 4.13555000e+05 5.07554000e+05 6.30005000e+05 7.79300000e+05
 9.68898000e+05 1.19247100e+06 1.45594300e+06 1.77130500e+06
 2.14913600e+06 2.62654800e+06 3.22865600e+06 4.00479900e+06
 5.03571500e+06 6.45360300e+06 8.52882700e+06 1.15765800e+07
 1.61212680e+07 2.30706530e+07 3.39551830e+07 5.15471660e+07
 8.03128120e+07 1.27957871e+08 2.04716529e+08 3.16939610e+08
 4.49313910e+08 5.59918980e+08 6.07515553e+08 5.73803621e+08
 4.70329178e+08 3.37038533e+08 2.19602080e+08 1.37746656e+08
 8.68141920e+07 5.57495270e+07 3.68371910e+07 2.50572000e+07
 1.75285200e+07 1.26507260e+07 9.35965200e+06 7.04329500e+06
 5.42654600e+06 4.27014200e+06 3.38499900e+06 2.71394600e+06
 2.20131700e+06 1.78398400e+06 1.44650200e+06 1.17633800e+06
 9.59536000e+05 7.80826000e+05 6.35520000e+05 5.14886000e+05
 4.17128000e+05 3.36170000e+05 2.72276000e+05 2.18515000e+05
 1.72977000e+05 1.38203000e+05 1.11329000e+05 8.83510000e+04
 6.92060000e+04 5.49900000e+04 4.18400000e+04 3.11820000e+04
 2.25830000e+04 1.62810000e+04 1.23110000e+04 8.67200000e+03
 5.99900000e+03 3.90900000e+03 2.52400000e+03 1.49900000e+03
 8.22000000e+02 5.27000000e+02 2.82000000e+02 6.40000000e+01]
