Standard Deviation: 6.502736884973516e-05
Skewness: 4.187538407092062
Kurtosis: 25.17647041550242
Median: 0.0
Mean: 2.8451716568978053e-05
Deciles: [0.00000000e+00 2.87410911e-05]
Minimum: 0.0
Maximum: 0.0011415965204327216
Bin Edges: [0.00000000e+00 1.14159652e-05 2.28319304e-05 3.42478956e-05
 4.56638608e-05 5.70798260e-05 6.84957912e-05 7.99117564e-05
 9.13277216e-05 1.02743687e-04 1.14159652e-04 1.25575617e-04
 1.36991582e-04 1.48407548e-04 1.59823513e-04 1.71239478e-04
 1.82655443e-04 1.94071408e-04 2.05487374e-04 2.16903339e-04
 2.28319304e-04 2.39735269e-04 2.51151234e-04 2.62567200e-04
 2.73983165e-04 2.85399130e-04 2.96815095e-04 3.08231061e-04
 3.19647026e-04 3.31062991e-04 3.42478956e-04 3.53894921e-04
 3.65310887e-04 3.76726852e-04 3.88142817e-04 3.99558782e-04
 4.10974747e-04 4.22390713e-04 4.33806678e-04 4.45222643e-04
 4.56638608e-04 4.68054573e-04 4.79470539e-04 4.90886504e-04
 5.02302469e-04 5.13718434e-04 5.25134399e-04 5.36550365e-04
 5.47966330e-04 5.59382295e-04 5.70798260e-04 5.82214225e-04
 5.93630191e-04 6.05046156e-04 6.16462121e-04 6.27878086e-04
 6.39294051e-04 6.50710017e-04 6.62125982e-04 6.73541947e-04
 6.84957912e-04 6.96373877e-04 7.07789843e-04 7.19205808e-04
 7.30621773e-04 7.42037738e-04 7.53453703e-04 7.64869669e-04
 7.76285634e-04 7.87701599e-04 7.99117564e-04 8.10533530e-04
 8.21949495e-04 8.33365460e-04 8.44781425e-04 8.56197390e-04
 8.67613356e-04 8.79029321e-04 8.90445286e-04 9.01861251e-04
 9.13277216e-04 9.24693182e-04 9.36109147e-04 9.47525112e-04
 9.58941077e-04 9.70357042e-04 9.81773008e-04 9.93188973e-04
 1.00460494e-03 1.01602090e-03 1.02743687e-03 1.03885283e-03
 1.05026880e-03 1.06168476e-03 1.07310073e-03 1.08451669e-03
 1.09593266e-03 1.10734862e-03 1.11876459e-03 1.13018056e-03
 1.14159652e-03]
Frequencies: [3.10039368e+09 2.06353078e+08 1.84288213e+08 1.55940662e+08
 1.34079537e+08 1.14327144e+08 9.69330130e+07 8.16936290e+07
 6.84824960e+07 5.71268360e+07 4.74793010e+07 3.94265730e+07
 3.28324190e+07 2.74766240e+07 2.31459880e+07 1.96337880e+07
 1.67662710e+07 1.44251730e+07 1.24958590e+07 1.08824560e+07
 9.55280400e+06 8.41523000e+06 7.45746500e+06 6.63634300e+06
 5.93415000e+06 5.31684100e+06 4.78628600e+06 4.31975900e+06
 3.90891000e+06 3.53912100e+06 3.21801700e+06 2.92433200e+06
 2.66926000e+06 2.43549400e+06 2.22253100e+06 2.03195700e+06
 1.86238600e+06 1.70859000e+06 1.56458200e+06 1.43678600e+06
 1.31898600e+06 1.21228900e+06 1.11186400e+06 1.02194500e+06
 9.40646000e+05 8.64642000e+05 7.92596000e+05 7.28995000e+05
 6.69759000e+05 6.14419000e+05 5.61608000e+05 5.15591000e+05
 4.72086000e+05 4.32397000e+05 3.95958000e+05 3.60694000e+05
 3.29450000e+05 2.99171000e+05 2.72711000e+05 2.47117000e+05
 2.25134000e+05 2.02655000e+05 1.83001000e+05 1.64634000e+05
 1.47688000e+05 1.32673000e+05 1.18038000e+05 1.05032000e+05
 9.27560000e+04 8.22740000e+04 7.17250000e+04 6.29150000e+04
 5.42820000e+04 4.64800000e+04 4.03230000e+04 3.42280000e+04
 2.87680000e+04 2.39960000e+04 1.95520000e+04 1.60030000e+04
 1.24980000e+04 1.00850000e+04 7.69600000e+03 5.56900000e+03
 3.83900000e+03 2.51900000e+03 1.51200000e+03 8.92000000e+02
 3.86000000e+02 1.71000000e+02 8.70000000e+01 4.30000000e+01
 1.30000000e+01 1.00000000e+01 3.00000000e+00 4.00000000e+00
 0.00000000e+00 1.00000000e+00 1.00000000e+00 1.00000000e+00]
