Standard Deviation: 6.097028645851112e-07
Skewness: 566.2069708370136
Kurtosis: 482148.05758538627
Median: 0.0
Mean: 2.7962067876115385e-09
Deciles: [0. 0.]
Minimum: 0.0
Maximum: 0.001317398951345367
Bin Edges: [0.00000000e+00 1.31739895e-05 2.63479790e-05 3.95219685e-05
 5.26959581e-05 6.58699476e-05 7.90439371e-05 9.22179266e-05
 1.05391916e-04 1.18565906e-04 1.31739895e-04 1.44913885e-04
 1.58087874e-04 1.71261864e-04 1.84435853e-04 1.97609843e-04
 2.10783832e-04 2.23957822e-04 2.37131811e-04 2.50305801e-04
 2.63479790e-04 2.76653780e-04 2.89827769e-04 3.03001759e-04
 3.16175748e-04 3.29349738e-04 3.42523727e-04 3.55697717e-04
 3.68871706e-04 3.82045696e-04 3.95219685e-04 4.08393675e-04
 4.21567664e-04 4.34741654e-04 4.47915643e-04 4.61089633e-04
 4.74263622e-04 4.87437612e-04 5.00611602e-04 5.13785591e-04
 5.26959581e-04 5.40133570e-04 5.53307560e-04 5.66481549e-04
 5.79655539e-04 5.92829528e-04 6.06003518e-04 6.19177507e-04
 6.32351497e-04 6.45525486e-04 6.58699476e-04 6.71873465e-04
 6.85047455e-04 6.98221444e-04 7.11395434e-04 7.24569423e-04
 7.37743413e-04 7.50917402e-04 7.64091392e-04 7.77265381e-04
 7.90439371e-04 8.03613360e-04 8.16787350e-04 8.29961339e-04
 8.43135329e-04 8.56309318e-04 8.69483308e-04 8.82657297e-04
 8.95831287e-04 9.09005276e-04 9.22179266e-04 9.35353255e-04
 9.48527245e-04 9.61701234e-04 9.74875224e-04 9.88049214e-04
 1.00122320e-03 1.01439719e-03 1.02757118e-03 1.04074517e-03
 1.05391916e-03 1.06709315e-03 1.08026714e-03 1.09344113e-03
 1.10661512e-03 1.11978911e-03 1.13296310e-03 1.14613709e-03
 1.15931108e-03 1.17248507e-03 1.18565906e-03 1.19883305e-03
 1.21200704e-03 1.22518102e-03 1.23835501e-03 1.25152900e-03
 1.26470299e-03 1.27787698e-03 1.29105097e-03 1.30422496e-03
 1.31739895e-03]
Frequencies: [4.54101876e+09 6.80670000e+04 2.84120000e+04 1.64420000e+04
 1.06820000e+04 7.78000000e+03 5.75600000e+03 4.48300000e+03
 3.49100000e+03 2.82000000e+03 2.32300000e+03 1.86200000e+03
 1.59600000e+03 1.37100000e+03 1.18000000e+03 9.73000000e+02
 8.80000000e+02 7.67000000e+02 7.32000000e+02 5.65000000e+02
 5.45000000e+02 4.48000000e+02 3.73000000e+02 3.56000000e+02
 3.30000000e+02 2.70000000e+02 2.41000000e+02 2.16000000e+02
 2.17000000e+02 1.87000000e+02 1.40000000e+02 1.62000000e+02
 1.16000000e+02 1.17000000e+02 1.12000000e+02 9.20000000e+01
 1.20000000e+02 7.30000000e+01 9.40000000e+01 6.90000000e+01
 7.50000000e+01 4.30000000e+01 5.80000000e+01 5.60000000e+01
 4.00000000e+01 2.80000000e+01 4.10000000e+01 2.90000000e+01
 4.70000000e+01 4.00000000e+01 3.70000000e+01 2.30000000e+01
 2.70000000e+01 1.90000000e+01 2.20000000e+01 1.50000000e+01
 1.60000000e+01 1.30000000e+01 1.90000000e+01 1.20000000e+01
 9.00000000e+00 1.60000000e+01 5.00000000e+00 8.00000000e+00
 6.00000000e+00 1.00000000e+01 5.00000000e+00 7.00000000e+00
 6.00000000e+00 2.00000000e+00 5.00000000e+00 8.00000000e+00
 4.00000000e+00 5.00000000e+00 5.00000000e+00 2.00000000e+00
 5.00000000e+00 1.00000000e+00 3.00000000e+00 1.00000000e+00
 3.00000000e+00 1.00000000e+00 1.00000000e+00 1.00000000e+00
 1.00000000e+00 0.00000000e+00 0.00000000e+00 2.00000000e+00
 0.00000000e+00 0.00000000e+00 0.00000000e+00 0.00000000e+00
 0.00000000e+00 0.00000000e+00 1.00000000e+00 0.00000000e+00
 0.00000000e+00 0.00000000e+00 0.00000000e+00 1.00000000e+00]
