Standard Deviation: 1.1816063744349414e-05
Skewness: 1.8272333526746765
Kurtosis: 5.015160774659504
Median: 7.111472546325221e-06
Mean: 1.1856357371798862e-05
Deciles: [3.25668295e-06 1.69424926e-05]
Minimum: 1e-12
Maximum: 0.0003366143289712808
Bin Edges: [1.00000000e-12 3.36614428e-06 6.73228756e-06 1.00984308e-05
 1.34645741e-05 1.68307174e-05 2.01968607e-05 2.35630040e-05
 2.69291472e-05 3.02952905e-05 3.36614338e-05 3.70275771e-05
 4.03937204e-05 4.37598636e-05 4.71260069e-05 5.04921502e-05
 5.38582935e-05 5.72244368e-05 6.05905800e-05 6.39567233e-05
 6.73228666e-05 7.06890099e-05 7.40551532e-05 7.74212964e-05
 8.07874397e-05 8.41535830e-05 8.75197263e-05 9.08858696e-05
 9.42520128e-05 9.76181561e-05 1.00984299e-04 1.04350443e-04
 1.07716586e-04 1.11082729e-04 1.14448873e-04 1.17815016e-04
 1.21181159e-04 1.24547302e-04 1.27913446e-04 1.31279589e-04
 1.34645732e-04 1.38011875e-04 1.41378019e-04 1.44744162e-04
 1.48110305e-04 1.51476449e-04 1.54842592e-04 1.58208735e-04
 1.61574878e-04 1.64941022e-04 1.68307165e-04 1.71673308e-04
 1.75039452e-04 1.78405595e-04 1.81771738e-04 1.85137881e-04
 1.88504025e-04 1.91870168e-04 1.95236311e-04 1.98602455e-04
 2.01968598e-04 2.05334741e-04 2.08700884e-04 2.12067028e-04
 2.15433171e-04 2.18799314e-04 2.22165457e-04 2.25531601e-04
 2.28897744e-04 2.32263887e-04 2.35630031e-04 2.38996174e-04
 2.42362317e-04 2.45728460e-04 2.49094604e-04 2.52460747e-04
 2.55826890e-04 2.59193034e-04 2.62559177e-04 2.65925320e-04
 2.69291463e-04 2.72657607e-04 2.76023750e-04 2.79389893e-04
 2.82756036e-04 2.86122180e-04 2.89488323e-04 2.92854466e-04
 2.96220610e-04 2.99586753e-04 3.02952896e-04 3.06319039e-04
 3.09685183e-04 3.13051326e-04 3.16417469e-04 3.19783613e-04
 3.23149756e-04 3.26515899e-04 3.29882042e-04 3.33248186e-04
 3.36614329e-04]
Frequencies: [1.18517325e+09 1.00828988e+09 5.57857677e+08 3.71900303e+08
 2.74662759e+08 2.19413182e+08 1.86895081e+08 1.67508763e+08
 1.51273717e+08 1.27856807e+08 9.68531150e+07 6.61564840e+07
 4.22971160e+07 2.64180620e+07 1.67260970e+07 1.09731970e+07
 7.47909700e+06 5.30269500e+06 3.91248000e+06 2.98676600e+06
 2.32956700e+06 1.83535500e+06 1.46471400e+06 1.17501800e+06
 9.38098000e+05 7.49962000e+05 6.03639000e+05 4.79378000e+05
 3.77499000e+05 2.96313000e+05 2.30735000e+05 1.75864000e+05
 1.33679000e+05 1.01401000e+05 7.73210000e+04 5.89750000e+04
 4.33720000e+04 3.34190000e+04 2.54540000e+04 1.99680000e+04
 1.61050000e+04 1.34150000e+04 1.08380000e+04 8.89600000e+03
 7.24900000e+03 5.95600000e+03 5.02600000e+03 4.31700000e+03
 3.79100000e+03 3.06000000e+03 2.64900000e+03 2.25600000e+03
 1.94700000e+03 1.60900000e+03 1.49600000e+03 1.19800000e+03
 9.86000000e+02 9.42000000e+02 7.07000000e+02 6.76000000e+02
 6.41000000e+02 4.96000000e+02 4.11000000e+02 3.76000000e+02
 4.09000000e+02 3.30000000e+02 2.97000000e+02 2.05000000e+02
 1.55000000e+02 1.44000000e+02 1.20000000e+02 1.21000000e+02
 9.40000000e+01 6.90000000e+01 6.90000000e+01 5.40000000e+01
 5.70000000e+01 6.60000000e+01 4.50000000e+01 4.30000000e+01
 5.20000000e+01 4.80000000e+01 4.20000000e+01 4.20000000e+01
 4.30000000e+01 3.30000000e+01 2.90000000e+01 2.70000000e+01
 1.50000000e+01 2.00000000e+01 8.00000000e+00 1.40000000e+01
 1.20000000e+01 9.00000000e+00 5.00000000e+00 4.00000000e+00
 2.00000000e+00 3.00000000e+00 5.00000000e+00 8.00000000e+00]
