Standard Deviation: 1.395640730372343e-05
Skewness: 6.942074441333309
Kurtosis: 58.886061098154684
Median: 0.0
Mean: 2.8109416487167435e-06
Deciles: [0. 0.]
Minimum: 0.0
Maximum: 0.0006390117625863749
Bin Edges: [0.00000000e+00 6.39011763e-06 1.27802353e-05 1.91703529e-05
 2.55604705e-05 3.19505881e-05 3.83407058e-05 4.47308234e-05
 5.11209410e-05 5.75110586e-05 6.39011763e-05 7.02912939e-05
 7.66814115e-05 8.30715291e-05 8.94616468e-05 9.58517644e-05
 1.02241882e-04 1.08632000e-04 1.15022117e-04 1.21412235e-04
 1.27802353e-04 1.34192470e-04 1.40582588e-04 1.46972705e-04
 1.53362823e-04 1.59752941e-04 1.66143058e-04 1.72533176e-04
 1.78923294e-04 1.85313411e-04 1.91703529e-04 1.98093646e-04
 2.04483764e-04 2.10873882e-04 2.17263999e-04 2.23654117e-04
 2.30044235e-04 2.36434352e-04 2.42824470e-04 2.49214587e-04
 2.55604705e-04 2.61994823e-04 2.68384940e-04 2.74775058e-04
 2.81165176e-04 2.87555293e-04 2.93945411e-04 3.00335528e-04
 3.06725646e-04 3.13115764e-04 3.19505881e-04 3.25895999e-04
 3.32286117e-04 3.38676234e-04 3.45066352e-04 3.51456469e-04
 3.57846587e-04 3.64236705e-04 3.70626822e-04 3.77016940e-04
 3.83407058e-04 3.89797175e-04 3.96187293e-04 4.02577410e-04
 4.08967528e-04 4.15357646e-04 4.21747763e-04 4.28137881e-04
 4.34527999e-04 4.40918116e-04 4.47308234e-04 4.53698351e-04
 4.60088469e-04 4.66478587e-04 4.72868704e-04 4.79258822e-04
 4.85648940e-04 4.92039057e-04 4.98429175e-04 5.04819292e-04
 5.11209410e-04 5.17599528e-04 5.23989645e-04 5.30379763e-04
 5.36769881e-04 5.43159998e-04 5.49550116e-04 5.55940233e-04
 5.62330351e-04 5.68720469e-04 5.75110586e-04 5.81500704e-04
 5.87890822e-04 5.94280939e-04 6.00671057e-04 6.07061174e-04
 6.13451292e-04 6.19841410e-04 6.26231527e-04 6.32621645e-04
 6.39011763e-04]
Frequencies: [4.25645996e+09 4.91149450e+07 3.67984930e+07 2.98076670e+07
 2.48138190e+07 2.09647710e+07 1.78404700e+07 1.52601920e+07
 1.31045450e+07 1.13017760e+07 9.78421400e+06 8.48893300e+06
 7.37994000e+06 6.40819800e+06 5.55389500e+06 4.80303800e+06
 4.12677700e+06 3.51931500e+06 2.97451800e+06 2.49058200e+06
 2.05903600e+06 1.68586600e+06 1.36426800e+06 1.09450300e+06
 8.71283000e+05 6.90652000e+05 5.42937000e+05 4.24992000e+05
 3.31905000e+05 2.57987000e+05 1.99548000e+05 1.53933000e+05
 1.18498000e+05 9.01080000e+04 6.92500000e+04 5.23020000e+04
 4.02540000e+04 3.07230000e+04 2.34690000e+04 1.82940000e+04
 1.44630000e+04 1.10170000e+04 8.75100000e+03 6.99200000e+03
 5.32100000e+03 4.37800000e+03 3.38700000e+03 2.67600000e+03
 2.16700000e+03 1.69400000e+03 1.34600000e+03 1.12300000e+03
 9.03000000e+02 6.75000000e+02 5.90000000e+02 4.70000000e+02
 3.96000000e+02 3.17000000e+02 2.54000000e+02 1.95000000e+02
 1.78000000e+02 1.40000000e+02 1.15000000e+02 1.06000000e+02
 8.50000000e+01 7.80000000e+01 6.20000000e+01 3.70000000e+01
 4.10000000e+01 4.10000000e+01 3.20000000e+01 1.70000000e+01
 1.90000000e+01 1.10000000e+01 6.00000000e+00 1.30000000e+01
 5.00000000e+00 4.00000000e+00 4.00000000e+00 3.00000000e+00
 5.00000000e+00 5.00000000e+00 1.00000000e+00 1.00000000e+00
 2.00000000e+00 0.00000000e+00 3.00000000e+00 1.00000000e+00
 0.00000000e+00 0.00000000e+00 3.00000000e+00 2.00000000e+00
 1.00000000e+00 0.00000000e+00 0.00000000e+00 0.00000000e+00
 1.00000000e+00 1.00000000e+00 0.00000000e+00 1.00000000e+00]
