Standard Deviation: 24.897771561588886
Skewness: 0.9115183657608348
Kurtosis: 1.3530605880997593
Median: -1.4425745298415706
Mean: 2.0170947402933175
Deciles: [-13.62946882  13.41422074]
Minimum: -121.20197796187684
Maximum: 152.3489086216624
Bin Edges: [-121.20197796 -118.4664691  -115.73096023 -112.99545136 -110.2599425
 -107.52443363 -104.78892477 -102.0534159   -99.31790704  -96.58239817
  -93.8468893   -91.11138044  -88.37587157  -85.64036271  -82.90485384
  -80.16934497  -77.43383611  -74.69832724  -71.96281838  -69.22730951
  -66.49180065  -63.75629178  -61.02078291  -58.28527405  -55.54976518
  -52.81425632  -50.07874745  -47.34323858  -44.60772972  -41.87222085
  -39.13671199  -36.40120312  -33.66569426  -30.93018539  -28.19467652
  -25.45916766  -22.72365879  -19.98814993  -17.25264106  -14.51713219
  -11.78162333   -9.04611446   -6.3106056    -3.57509673   -0.83958787
    1.895921      4.63142987    7.36693873   10.1024476    12.83795646
   15.57346533   18.3089742    21.04448306   23.77999193   26.51550079
   29.25100966   31.98651852   34.72202739   37.45753626   40.19304512
   42.92855399   45.66406285   48.39957172   51.13508059   53.87058945
   56.60609832   59.34160718   62.07711605   64.81262491   67.54813378
   70.28364265   73.01915151   75.75466038   78.49016924   81.22567811
   83.96118698   86.69669584   89.43220471   92.16771357   94.90322244
   97.6387313   100.37424017  103.10974904  105.8452579   108.58076677
  111.31627563  114.0517845   116.78729337  119.52280223  122.2583111
  124.99381996  127.72932883  130.46483769  133.20034656  135.93585543
  138.67136429  141.40687316  144.14238202  146.87789089  149.61339976
  152.34890862]
Frequencies: [2.20000000e+01 3.10000000e+01 5.20000000e+01 6.70000000e+01
 9.80000000e+01 1.74000000e+02 2.79000000e+02 4.48000000e+02
 5.01000000e+02 1.33100000e+03 1.74800000e+03 2.25500000e+03
 3.05100000e+03 3.38900000e+03 5.05400000e+03 6.97200000e+03
 8.89100000e+03 1.33160000e+04 2.01300000e+04 2.72500000e+04
 4.59230000e+04 9.00050000e+04 2.09149000e+05 6.94764000e+05
 2.42472900e+06 6.58131400e+06 1.36917340e+07 2.19089920e+07
 2.95259700e+07 3.63873400e+07 4.41113850e+07 5.63328000e+07
 7.44698390e+07 9.46505650e+07 1.12576979e+08 1.26874258e+08
 1.38509600e+08 1.50779987e+08 1.66875316e+08 1.89302304e+08
 2.23658135e+08 2.67816027e+08 2.91883317e+08 2.81220981e+08
 2.57894977e+08 2.33256485e+08 2.09056733e+08 1.84264610e+08
 1.59940897e+08 1.37483644e+08 1.18046920e+08 1.02036127e+08
 8.88896000e+07 7.75125780e+07 6.78593530e+07 5.99184640e+07
 5.33238920e+07 4.77494530e+07 4.30752220e+07 3.91906240e+07
 3.58482410e+07 3.27699900e+07 3.00480130e+07 2.75073740e+07
 2.52637790e+07 2.32818520e+07 2.13968720e+07 1.95738430e+07
 1.76107330e+07 1.56673420e+07 1.37907350e+07 1.20771530e+07
 1.04940320e+07 8.99850400e+06 7.55658800e+06 6.23174200e+06
 5.12310600e+06 4.15378700e+06 3.31881700e+06 2.59410700e+06
 2.00491300e+06 1.52475500e+06 1.15091700e+06 8.74539000e+05
 6.47750000e+05 4.72411000e+05 3.41893000e+05 2.39738000e+05
 1.63017000e+05 1.04127000e+05 6.31810000e+04 3.71990000e+04
 2.07890000e+04 1.00040000e+04 3.40100000e+03 1.19700000e+03
 6.82000000e+02 4.12000000e+02 2.89000000e+02 1.25000000e+02]
