Standard Deviation: 13.831528801167325
Skewness: 0.06228564218664695
Kurtosis: 2.0127508285444984
Median: -0.11761945629010684
Mean: -0.037384160082438736
Deciles: [-7.2267805   7.04173492]
Minimum: -81.88688139734181
Maximum: 96.99996164842526
Bin Edges: [-81.8868814  -80.09801297 -78.30914454 -76.52027611 -74.73140768
 -72.94253925 -71.15367081 -69.36480238 -67.57593395 -65.78706552
 -63.99819709 -62.20932866 -60.42046023 -58.6315918  -56.84272337
 -55.05385494 -53.26498651 -51.47611808 -49.68724965 -47.89838122
 -46.10951279 -44.32064436 -42.53177593 -40.7429075  -38.95403907
 -37.16517064 -35.37630221 -33.58743377 -31.79856534 -30.00969691
 -28.22082848 -26.43196005 -24.64309162 -22.85422319 -21.06535476
 -19.27648633 -17.4876179  -15.69874947 -13.90988104 -12.12101261
 -10.33214418  -8.54327575  -6.75440732  -4.96553889  -3.17667046
  -1.38780203   0.4010664    2.18993483   3.97880326   5.7676717
   7.55654013   9.34540856  11.13427699  12.92314542  14.71201385
  16.50088228  18.28975071  20.07861914  21.86748757  23.656356
  25.44522443  27.23409286  29.02296129  30.81182972  32.60069815
  34.38956658  36.17843501  37.96730344  39.75617187  41.5450403
  43.33390873  45.12277717  46.9116456   48.70051403  50.48938246
  52.27825089  54.06711932  55.85598775  57.64485618  59.43372461
  61.22259304  63.01146147  64.8003299   66.58919833  68.37806676
  70.16693519  71.95580362  73.74467205  75.53354048  77.32240891
  79.11127734  80.90014577  82.6890142   84.47788264  86.26675107
  88.0556195   89.84448793  91.63335636  93.42222479  95.21109322
  96.99996165]
Frequencies: [1.01000000e+02 2.97000000e+02 8.36000000e+02 1.93500000e+03
 5.15000000e+03 1.14090000e+04 2.47530000e+04 4.89290000e+04
 9.40650000e+04 1.66451000e+05 2.75368000e+05 4.14688000e+05
 6.11865000e+05 8.75447000e+05 1.20789600e+06 1.63254500e+06
 2.12964700e+06 2.81252500e+06 2.99195000e+06 3.59849900e+06
 4.35503500e+06 5.25391600e+06 6.34864600e+06 7.62107000e+06
 9.15027800e+06 1.09498610e+07 1.30699920e+07 1.55629860e+07
 1.85057910e+07 2.19973220e+07 2.61277240e+07 3.10683720e+07
 3.70250570e+07 4.42518060e+07 5.30744940e+07 6.39475500e+07
 7.74361570e+07 9.42950820e+07 1.15289148e+08 1.41147675e+08
 1.72360464e+08 2.08153956e+08 2.46604560e+08 2.83970722e+08
 3.13583865e+08 3.27873401e+08 3.21340159e+08 2.96325983e+08
 2.60577702e+08 2.21509471e+08 1.84253454e+08 1.51665760e+08
 1.24521513e+08 1.02277060e+08 8.42785820e+07 6.98679490e+07
 5.81978510e+07 4.86676720e+07 4.07275690e+07 3.41982700e+07
 2.88082980e+07 2.42686660e+07 2.04737180e+07 1.72820830e+07
 1.46101240e+07 1.23406400e+07 1.03954780e+07 8.74686500e+06
 7.32345300e+06 6.11462500e+06 5.08412900e+06 4.22000100e+06
 3.48046100e+06 2.85363900e+06 2.33857900e+06 1.88946100e+06
 1.52052300e+06 1.20796200e+06 9.57284000e+05 7.46639000e+05
 5.75735000e+05 4.36613000e+05 3.31019000e+05 2.48061000e+05
 1.84841000e+05 1.31901000e+05 9.30680000e+04 6.38330000e+04
 4.26890000e+04 2.83290000e+04 1.88850000e+04 1.16790000e+04
 7.62000000e+03 4.32300000e+03 2.26800000e+03 1.18200000e+03
 5.94000000e+02 2.50000000e+02 1.51000000e+02 5.00000000e+01]
