Standard Deviation: 7.50709734109497
Skewness: 0.08179698544107847
Kurtosis: 2.2170181257982584
Median: -0.08019885154451675
Mean: -0.043030116125502726
Deciles: [-3.79428286  3.63108606]
Minimum: -58.14992821198225
Maximum: 65.07637385551709
Bin Edges: [-58.14992821 -56.91766519 -55.68540217 -54.45313915 -53.22087613
 -51.98861311 -50.75635009 -49.52408707 -48.29182405 -47.05956103
 -45.82729801 -44.59503498 -43.36277196 -42.13050894 -40.89824592
 -39.6659829  -38.43371988 -37.20145686 -35.96919384 -34.73693082
 -33.5046678  -32.27240478 -31.04014176 -29.80787874 -28.57561572
 -27.3433527  -26.11108967 -24.87882665 -23.64656363 -22.41430061
 -21.18203759 -19.94977457 -18.71751155 -17.48524853 -16.25298551
 -15.02072249 -13.78845947 -12.55619645 -11.32393343 -10.09167041
  -8.85940738  -7.62714436  -6.39488134  -5.16261832  -3.9303553
  -2.69809228  -1.46582926  -0.23356624   0.99869678   2.2309598
   3.46322282   4.69548584   5.92774886   7.16001188   8.3922749
   9.62453793  10.85680095  12.08906397  13.32132699  14.55359001
  15.78585303  17.01811605  18.25037907  19.48264209  20.71490511
  21.94716813  23.17943115  24.41169417  25.64395719  26.87622021
  28.10848324  29.34074626  30.57300928  31.8052723   33.03753532
  34.26979834  35.50206136  36.73432438  37.9665874   39.19885042
  40.43111344  41.66337646  42.89563948  44.1279025   45.36016552
  46.59242855  47.82469157  49.05695459  50.28921761  51.52148063
  52.75374365  53.98600667  55.21826969  56.45053271  57.68279573
  58.91505875  60.14732177  61.37958479  62.61184781  63.84411083
  65.07637386]
Frequencies: [1.20000000e+01 2.50000000e+01 7.00000000e+01 1.99000000e+02
 3.68000000e+02 7.30000000e+02 1.41100000e+03 2.25200000e+03
 3.88500000e+03 6.65900000e+03 1.07700000e+04 1.76820000e+04
 2.83140000e+04 4.44320000e+04 6.92440000e+04 1.03590000e+05
 1.54375000e+05 2.29561000e+05 3.36684000e+05 4.90029000e+05
 7.00871000e+05 9.80438000e+05 1.35648600e+06 1.84710600e+06
 2.49715500e+06 3.32572400e+06 4.38182800e+06 5.71086900e+06
 7.39279800e+06 9.51598000e+06 1.21321200e+07 1.53650470e+07
 1.93085190e+07 2.41547510e+07 3.00089750e+07 3.71558740e+07
 4.58987560e+07 5.66557210e+07 7.01244920e+07 8.74292220e+07
 1.10017862e+08 1.40290434e+08 1.81287491e+08 2.36163822e+08
 3.04740903e+08 3.76816107e+08 4.28876005e+08 4.35793320e+08
 3.93443707e+08 3.22824437e+08 2.50673988e+08 1.91732362e+08
 1.47440862e+08 1.14987626e+08 9.11842760e+07 7.30909380e+07
 5.90302070e+07 4.79043780e+07 3.89890380e+07 3.17835750e+07
 2.58433560e+07 2.09804510e+07 1.69559360e+07 1.36469470e+07
 1.09449350e+07 8.69944900e+06 6.89057500e+06 5.41043500e+06
 4.21434800e+06 3.26641700e+06 2.51158100e+06 1.92299200e+06
 1.46017000e+06 1.09294600e+06 8.05397000e+05 5.88933000e+05
 4.25711000e+05 3.04373000e+05 2.13496000e+05 1.49779000e+05
 1.04793000e+05 7.39280000e+04 5.11770000e+04 3.53700000e+04
 2.44790000e+04 1.73350000e+04 1.16130000e+04 7.69700000e+03
 5.13000000e+03 3.55600000e+03 2.28900000e+03 1.50200000e+03
 8.40000000e+02 5.75000000e+02 4.22000000e+02 2.50000000e+02
 2.10000000e+02 1.40000000e+02 8.00000000e+01 2.50000000e+01]
