Standard Deviation: 12.466462415894819
Skewness: -1.1333408776375729
Kurtosis: 1.2084633177475084
Median: 285.9198006188264
Mean: 282.22143022036204
Deciles: [274.85711436 291.89567418]
Minimum: 216.6903780419081
Maximum: 314.38537449065063
Bin Edges: [216.69037804 217.66732801 218.64427797 219.62122794 220.5981779
 221.57512786 222.55207783 223.52902779 224.50597776 225.48292772
 226.45987769 227.43682765 228.41377762 229.39072758 230.36767754
 231.34462751 232.32157747 233.29852744 234.2754774  235.25242737
 236.22937733 237.2063273  238.18327726 239.16022723 240.13717719
 241.11412715 242.09107712 243.06802708 244.04497705 245.02192701
 245.99887698 246.97582694 247.95277691 248.92972687 249.90667683
 250.8836268  251.86057676 252.83752673 253.81447669 254.79142666
 255.76837662 256.74532659 257.72227655 258.69922651 259.67617648
 260.65312644 261.63007641 262.60702637 263.58397634 264.5609263
 265.53787627 266.51482623 267.4917762  268.46872616 269.44567612
 270.42262609 271.39957605 272.37652602 273.35347598 274.33042595
 275.30737591 276.28432588 277.26127584 278.2382258  279.21517577
 280.19212573 281.1690757  282.14602566 283.12297563 284.09992559
 285.07687556 286.05382552 287.03077549 288.00772545 288.98467541
 289.96162538 290.93857534 291.91552531 292.89247527 293.86942524
 294.8463752  295.82332517 296.80027513 297.77722509 298.75417506
 299.73112502 300.70807499 301.68502495 302.66197492 303.63892488
 304.61587485 305.59282481 306.56977477 307.54672474 308.5236747
 309.50062467 310.47757463 311.4545246  312.43147456 313.40842453
 314.38537449]
Frequencies: [8.21000000e+02 5.01100000e+03 1.23720000e+04 2.38610000e+04
 4.48310000e+04 8.42460000e+04 1.44658000e+05 2.25938000e+05
 3.41708000e+05 4.81561000e+05 6.47991000e+05 8.59751000e+05
 1.07664700e+06 1.30877100e+06 1.53084200e+06 1.75277000e+06
 1.96276200e+06 2.14569400e+06 2.34553000e+06 2.56614600e+06
 2.76329500e+06 2.99443500e+06 3.25028300e+06 3.50892400e+06
 3.84448100e+06 4.26754000e+06 4.70764400e+06 5.26436700e+06
 5.88179800e+06 6.62615300e+06 7.51997200e+06 8.44499700e+06
 9.43992800e+06 1.04447150e+07 1.15231210e+07 1.25898540e+07
 1.37246820e+07 1.50132790e+07 1.61642730e+07 1.73305800e+07
 1.85667540e+07 1.98773250e+07 2.13343830e+07 2.31749690e+07
 2.54558370e+07 2.82313490e+07 3.18803790e+07 3.67637280e+07
 4.32844260e+07 5.04816300e+07 5.66998510e+07 6.14374590e+07
 6.46265890e+07 6.70567030e+07 6.89086320e+07 7.05093830e+07
 7.20487350e+07 7.36343500e+07 7.60509330e+07 7.95105350e+07
 8.33005250e+07 8.71274930e+07 9.06508580e+07 9.40117630e+07
 9.69336790e+07 1.00065057e+08 1.03188670e+08 1.06982595e+08
 1.11450496e+08 1.17424065e+08 1.24651654e+08 1.33957559e+08
 1.45428643e+08 1.60996786e+08 1.85345110e+08 2.22047614e+08
 2.76240536e+08 3.49244987e+08 3.34241438e+08 1.58331741e+08
 7.51443460e+07 5.14755120e+07 3.91577650e+07 3.06758060e+07
 2.42171580e+07 1.89315530e+07 1.46062310e+07 1.09252450e+07
 7.88410100e+06 5.47993200e+06 3.63000300e+06 2.25812900e+06
 1.36280100e+06 7.95542000e+05 4.03374000e+05 1.51324000e+05
 4.87830000e+04 1.21710000e+04 2.44100000e+03 3.32000000e+02]
