Standard Deviation: 0.0004997689679173806
Skewness: 1.8759010681029695
Kurtosis: 3.247382539359413
Median: 0.0001961420537393653
Mean: 0.00040870784298901525
Deciles: [7.60987228e-05 5.37424171e-04]
Minimum: 1e-12
Maximum: 0.005835735816279369
Bin Edges: [1.00000000e-12 5.83573592e-05 1.16714717e-04 1.75072075e-04
 2.33429434e-04 2.91786792e-04 3.50144150e-04 4.08501508e-04
 4.66858866e-04 5.25216224e-04 5.83573583e-04 6.41930941e-04
 7.00288299e-04 7.58645657e-04 8.17003015e-04 8.75360373e-04
 9.33717731e-04 9.92075090e-04 1.05043245e-03 1.10878981e-03
 1.16714716e-03 1.22550452e-03 1.28386188e-03 1.34221924e-03
 1.40057660e-03 1.45893395e-03 1.51729131e-03 1.57564867e-03
 1.63400603e-03 1.69236339e-03 1.75072075e-03 1.80907810e-03
 1.86743546e-03 1.92579282e-03 1.98415018e-03 2.04250754e-03
 2.10086489e-03 2.15922225e-03 2.21757961e-03 2.27593697e-03
 2.33429433e-03 2.39265169e-03 2.45100904e-03 2.50936640e-03
 2.56772376e-03 2.62608112e-03 2.68443848e-03 2.74279583e-03
 2.80115319e-03 2.85951055e-03 2.91786791e-03 2.97622527e-03
 3.03458262e-03 3.09293998e-03 3.15129734e-03 3.20965470e-03
 3.26801206e-03 3.32636942e-03 3.38472677e-03 3.44308413e-03
 3.50144149e-03 3.55979885e-03 3.61815621e-03 3.67651356e-03
 3.73487092e-03 3.79322828e-03 3.85158564e-03 3.90994300e-03
 3.96830036e-03 4.02665771e-03 4.08501507e-03 4.14337243e-03
 4.20172979e-03 4.26008715e-03 4.31844450e-03 4.37680186e-03
 4.43515922e-03 4.49351658e-03 4.55187394e-03 4.61023130e-03
 4.66858865e-03 4.72694601e-03 4.78530337e-03 4.84366073e-03
 4.90201809e-03 4.96037544e-03 5.01873280e-03 5.07709016e-03
 5.13544752e-03 5.19380488e-03 5.25216223e-03 5.31051959e-03
 5.36887695e-03 5.42723431e-03 5.48559167e-03 5.54394903e-03
 5.60230638e-03 5.66066374e-03 5.71902110e-03 5.77737846e-03
 5.83573582e-03]
Frequencies: [8.75374490e+08 7.53540254e+08 5.01946186e+08 3.50394150e+08
 2.62617411e+08 2.07077408e+08 1.69148521e+08 1.41744049e+08
 1.20896423e+08 1.04812598e+08 9.19062560e+07 8.14168720e+07
 7.27633880e+07 6.55226460e+07 5.94345360e+07 5.42625060e+07
 4.97995750e+07 4.59865600e+07 4.26733580e+07 3.97704110e+07
 3.72474570e+07 3.49931840e+07 3.30183670e+07 3.12691700e+07
 2.96831370e+07 2.82414430e+07 2.69237280e+07 2.56698380e+07
 2.44292890e+07 2.30685510e+07 2.15657400e+07 2.00760180e+07
 1.85193030e+07 1.68185740e+07 1.49696430e+07 1.29715050e+07
 1.09191100e+07 8.93877700e+06 7.11017600e+06 5.53501800e+06
 4.18873600e+06 3.12949400e+06 2.33800000e+06 1.77276500e+06
 1.37136400e+06 1.07775200e+06 8.57136000e+05 6.82729000e+05
 5.42715000e+05 4.37192000e+05 3.49759000e+05 2.79801000e+05
 2.24783000e+05 1.80586000e+05 1.44323000e+05 1.13515000e+05
 8.95330000e+04 7.06270000e+04 5.65160000e+04 4.48530000e+04
 3.50990000e+04 2.72320000e+04 2.05410000e+04 1.61070000e+04
 1.30340000e+04 1.04000000e+04 8.61800000e+03 7.05400000e+03
 6.22700000e+03 5.31400000e+03 4.11900000e+03 3.55800000e+03
 2.95600000e+03 2.67800000e+03 2.20400000e+03 1.86700000e+03
 1.68300000e+03 1.43200000e+03 1.09900000e+03 9.27000000e+02
 7.75000000e+02 6.55000000e+02 5.23000000e+02 4.33000000e+02
 3.99000000e+02 2.58000000e+02 2.12000000e+02 1.73000000e+02
 1.46000000e+02 1.11000000e+02 7.00000000e+01 3.80000000e+01
 4.90000000e+01 5.90000000e+01 5.50000000e+01 4.10000000e+01
 1.80000000e+01 1.40000000e+01 1.10000000e+01 6.00000000e+00]
