Standard Deviation: 0.005224102575249125
Skewness: 0.158091663960986
Kurtosis: -1.3278110653970914
Median: 0.007737846176528585
Mean: 0.00844966734300947
Deciles: [0.00379202 0.01345584]
Minimum: 1e-12
Maximum: 0.023630603148127458
Bin Edges: [1.00000000e-12 2.36306032e-04 4.72612064e-04 7.08918095e-04
 9.45224127e-04 1.18153016e-03 1.41783619e-03 1.65414222e-03
 1.89044825e-03 2.12675428e-03 2.36306032e-03 2.59936635e-03
 2.83567238e-03 3.07197841e-03 3.30828444e-03 3.54459047e-03
 3.78089650e-03 4.01720254e-03 4.25350857e-03 4.48981460e-03
 4.72612063e-03 4.96242666e-03 5.19873269e-03 5.43503872e-03
 5.67134476e-03 5.90765079e-03 6.14395682e-03 6.38026285e-03
 6.61656888e-03 6.85287491e-03 7.08918095e-03 7.32548698e-03
 7.56179301e-03 7.79809904e-03 8.03440507e-03 8.27071110e-03
 8.50701713e-03 8.74332317e-03 8.97962920e-03 9.21593523e-03
 9.45224126e-03 9.68854729e-03 9.92485332e-03 1.01611594e-02
 1.03974654e-02 1.06337714e-02 1.08700774e-02 1.11063835e-02
 1.13426895e-02 1.15789955e-02 1.18153016e-02 1.20516076e-02
 1.22879136e-02 1.25242197e-02 1.27605257e-02 1.29968317e-02
 1.32331378e-02 1.34694438e-02 1.37057498e-02 1.39420559e-02
 1.41783619e-02 1.44146679e-02 1.46509740e-02 1.48872800e-02
 1.51235860e-02 1.53598920e-02 1.55961981e-02 1.58325041e-02
 1.60688101e-02 1.63051162e-02 1.65414222e-02 1.67777282e-02
 1.70140343e-02 1.72503403e-02 1.74866463e-02 1.77229524e-02
 1.79592584e-02 1.81955644e-02 1.84318705e-02 1.86681765e-02
 1.89044825e-02 1.91407886e-02 1.93770946e-02 1.96134006e-02
 1.98497066e-02 2.00860127e-02 2.03223187e-02 2.05586247e-02
 2.07949308e-02 2.10312368e-02 2.12675428e-02 2.15038489e-02
 2.17401549e-02 2.19764609e-02 2.22127670e-02 2.24490730e-02
 2.26853790e-02 2.29216851e-02 2.31579911e-02 2.33942971e-02
 2.36306031e-02]
Frequencies: [4.9093404e+07 6.5903211e+07 6.2437198e+07 5.3787984e+07 5.1076968e+07
 5.2214885e+07 5.5928759e+07 6.1435901e+07 6.9048729e+07 7.7938352e+07
 8.4965320e+07 8.8723367e+07 9.0031551e+07 9.0230421e+07 8.9506107e+07
 8.8823807e+07 8.7573122e+07 8.5684832e+07 8.3401409e+07 8.0505112e+07
 7.7350538e+07 7.4408292e+07 7.1656280e+07 6.9085486e+07 6.6617695e+07
 6.4261695e+07 6.2008249e+07 5.9799082e+07 5.7630229e+07 5.5652703e+07
 5.3822067e+07 5.2133086e+07 5.0641241e+07 4.9235663e+07 4.8010808e+07
 4.7029701e+07 4.6206999e+07 4.5611575e+07 4.5107722e+07 4.4702902e+07
 4.4417491e+07 4.4194627e+07 4.4068330e+07 4.3965200e+07 4.3994571e+07
 4.4094742e+07 4.4277132e+07 4.4600780e+07 4.5146524e+07 4.5813347e+07
 4.6674510e+07 4.7734806e+07 4.9006689e+07 5.0457221e+07 5.2073806e+07
 5.3756075e+07 5.5578311e+07 5.7587854e+07 5.9691237e+07 6.1841806e+07
 6.4165383e+07 6.6676786e+07 6.9524288e+07 7.2748882e+07 7.6137118e+07
 7.9324751e+07 8.1422307e+07 8.1544286e+07 7.8570676e+07 7.1895126e+07
 6.1837508e+07 4.9348793e+07 3.6201579e+07 2.4330282e+07 1.5202159e+07
 9.0960970e+06 5.4247900e+06 3.3176550e+06 2.1118690e+06 1.3891960e+06
 9.2710500e+05 6.1723900e+05 4.0589200e+05 2.6425200e+05 1.6670000e+05
 1.0277500e+05 6.4437000e+04 4.0310000e+04 2.5074000e+04 1.6540000e+04
 1.0701000e+04 6.6250000e+03 4.2670000e+03 2.4050000e+03 1.3720000e+03
 7.0100000e+02 3.5500000e+02 1.2600000e+02 5.4000000e+01 2.8000000e+01]
