Standard Deviation: 6.2411641767691055
Skewness: 0.05127151803114445
Kurtosis: 2.0323839392541885
Median: -0.0566002057443365
Mean: -0.0372040839154229
Deciles: [-3.37860831  3.25107308]
Minimum: -62.96882973099477
Maximum: 71.28289310304481
Bin Edges: [-62.96882973 -61.6263125  -60.28379527 -58.94127805 -57.59876082
 -56.25624359 -54.91372636 -53.57120913 -52.2286919  -50.88617468
 -49.54365745 -48.20114022 -46.85862299 -45.51610576 -44.17358853
 -42.83107131 -41.48855408 -40.14603685 -38.80351962 -37.46100239
 -36.11848516 -34.77596794 -33.43345071 -32.09093348 -30.74841625
 -29.40589902 -28.06338179 -26.72086457 -25.37834734 -24.03583011
 -22.69331288 -21.35079565 -20.00827842 -18.6657612  -17.32324397
 -15.98072674 -14.63820951 -13.29569228 -11.95317505 -10.61065783
  -9.2681406   -7.92562337  -6.58310614  -5.24058891  -3.89807168
  -2.55555446  -1.21303723   0.12948      1.47199723   2.81451446
   4.15703169   5.49954891   6.84206614   8.18458337   9.5271006
  10.86961783  12.21213506  13.55465228  14.89716951  16.23968674
  17.58220397  18.9247212   20.26723843  21.60975565  22.95227288
  24.29479011  25.63730734  26.97982457  28.3223418   29.66485902
  31.00737625  32.34989348  33.69241071  35.03492794  36.37744517
  37.71996239  39.06247962  40.40499685  41.74751408  43.09003131
  44.43254854  45.77506576  47.11758299  48.46010022  49.80261745
  51.14513468  52.48765191  53.83016913  55.17268636  56.51520359
  57.85772082  59.20023805  60.54275528  61.8852725   63.22778973
  64.57030696  65.91282419  67.25534142  68.59785865  69.94037587
  71.2828931 ]
Frequencies: [6.00000000e+00 1.50000000e+01 1.90000000e+01 2.60000000e+01
 2.80000000e+01 4.70000000e+01 6.50000000e+01 9.80000000e+01
 1.86000000e+02 3.32000000e+02 6.07000000e+02 9.78000000e+02
 1.73100000e+03 2.80900000e+03 4.52000000e+03 7.16700000e+03
 1.13350000e+04 1.83990000e+04 2.86720000e+04 4.58070000e+04
 7.27850000e+04 1.13764000e+05 1.76081000e+05 2.71690000e+05
 4.13892000e+05 6.19438000e+05 9.20894000e+05 1.35259300e+06
 1.97727400e+06 2.86774800e+06 4.13182000e+06 5.89994800e+06
 8.32917200e+06 1.16921400e+07 1.62603090e+07 2.24546120e+07
 3.07933190e+07 4.20371570e+07 5.72152020e+07 7.78179020e+07
 1.05996539e+08 1.44921508e+08 1.98741871e+08 2.71395275e+08
 3.62455519e+08 4.56826783e+08 5.17673342e+08 5.08565995e+08
 4.34044535e+08 3.34672104e+08 2.45305886e+08 1.77921341e+08
 1.30100954e+08 9.61692710e+07 7.16303970e+07 5.35799470e+07
 4.00017660e+07 2.96439680e+07 2.17549020e+07 1.58033620e+07
 1.13604870e+07 8.08378100e+06 5.71208800e+06 4.01722400e+06
 2.79669700e+06 1.93987100e+06 1.35146500e+06 9.43653000e+05
 6.62389000e+05 4.65160000e+05 3.27631000e+05 2.28646000e+05
 1.61582000e+05 1.12577000e+05 8.03670000e+04 5.75080000e+04
 4.09550000e+04 2.91610000e+04 2.05330000e+04 1.40940000e+04
 9.83000000e+03 6.85300000e+03 4.67500000e+03 3.16000000e+03
 2.34100000e+03 1.53400000e+03 1.11700000e+03 9.01000000e+02
 6.15000000e+02 4.02000000e+02 3.08000000e+02 1.92000000e+02
 1.07000000e+02 9.00000000e+01 5.40000000e+01 4.90000000e+01
 2.20000000e+01 1.70000000e+01 7.00000000e+00 5.00000000e+00]
