Standard Deviation: 4.999632289333473e-05
Skewness: 6.552400978868367
Kurtosis: 59.60649553508238
Median: 0.0
Mean: 1.4369010796804207e-05
Deciles: [0.0000000e+00 2.2656859e-06]
Minimum: 0.0
Maximum: 0.00108915236690929
Bin Edges: [0.00000000e+00 1.08915237e-05 2.17830473e-05 3.26745710e-05
 4.35660947e-05 5.44576183e-05 6.53491420e-05 7.62406657e-05
 8.71321894e-05 9.80237130e-05 1.08915237e-04 1.19806760e-04
 1.30698284e-04 1.41589808e-04 1.52481331e-04 1.63372855e-04
 1.74264379e-04 1.85155902e-04 1.96047426e-04 2.06938950e-04
 2.17830473e-04 2.28721997e-04 2.39613521e-04 2.50505044e-04
 2.61396568e-04 2.72288092e-04 2.83179615e-04 2.94071139e-04
 3.04962663e-04 3.15854186e-04 3.26745710e-04 3.37637234e-04
 3.48528757e-04 3.59420281e-04 3.70311805e-04 3.81203328e-04
 3.92094852e-04 4.02986376e-04 4.13877899e-04 4.24769423e-04
 4.35660947e-04 4.46552470e-04 4.57443994e-04 4.68335518e-04
 4.79227041e-04 4.90118565e-04 5.01010089e-04 5.11901612e-04
 5.22793136e-04 5.33684660e-04 5.44576183e-04 5.55467707e-04
 5.66359231e-04 5.77250754e-04 5.88142278e-04 5.99033802e-04
 6.09925325e-04 6.20816849e-04 6.31708373e-04 6.42599896e-04
 6.53491420e-04 6.64382944e-04 6.75274467e-04 6.86165991e-04
 6.97057515e-04 7.07949038e-04 7.18840562e-04 7.29732086e-04
 7.40623609e-04 7.51515133e-04 7.62406657e-04 7.73298181e-04
 7.84189704e-04 7.95081228e-04 8.05972752e-04 8.16864275e-04
 8.27755799e-04 8.38647323e-04 8.49538846e-04 8.60430370e-04
 8.71321894e-04 8.82213417e-04 8.93104941e-04 9.03996465e-04
 9.14887988e-04 9.25779512e-04 9.36671036e-04 9.47562559e-04
 9.58454083e-04 9.69345607e-04 9.80237130e-04 9.91128654e-04
 1.00202018e-03 1.01291170e-03 1.02380322e-03 1.03469475e-03
 1.04558627e-03 1.05647780e-03 1.06736932e-03 1.07826084e-03
 1.08915237e-03]
Frequencies: [3.74934332e+09 1.91913596e+08 1.16517581e+08 8.25657180e+07
 6.26425250e+07 4.88358140e+07 3.88105330e+07 3.14523920e+07
 2.59859180e+07 2.18462730e+07 1.86033280e+07 1.60336560e+07
 1.39461270e+07 1.22045920e+07 1.07462310e+07 9.51432700e+06
 8.45025400e+06 7.53700700e+06 6.73993400e+06 6.04787700e+06
 5.44211500e+06 4.90473100e+06 4.42516400e+06 4.00481800e+06
 3.62468500e+06 3.28777600e+06 2.98666400e+06 2.71685400e+06
 2.47516500e+06 2.25800100e+06 2.05769500e+06 1.87900800e+06
 1.72065600e+06 1.57258800e+06 1.44049000e+06 1.31770100e+06
 1.20770100e+06 1.11099200e+06 1.02155600e+06 9.39358000e+05
 8.66227000e+05 7.98759000e+05 7.34205000e+05 6.76834000e+05
 6.23329000e+05 5.74114000e+05 5.30918000e+05 4.90178000e+05
 4.51513000e+05 4.17077000e+05 3.85720000e+05 3.57488000e+05
 3.31161000e+05 3.06848000e+05 2.83166000e+05 2.63394000e+05
 2.44982000e+05 2.26293000e+05 2.09388000e+05 1.93576000e+05
 1.79281000e+05 1.65349000e+05 1.51841000e+05 1.39404000e+05
 1.27872000e+05 1.17933000e+05 1.08132000e+05 9.88380000e+04
 9.14360000e+04 8.42250000e+04 7.72420000e+04 7.13850000e+04
 6.60720000e+04 6.07540000e+04 5.64080000e+04 5.20490000e+04
 4.82870000e+04 4.40060000e+04 4.07020000e+04 3.73380000e+04
 3.46720000e+04 3.14030000e+04 2.86940000e+04 2.60350000e+04
 2.38540000e+04 2.17190000e+04 1.96550000e+04 1.74130000e+04
 1.53230000e+04 1.36400000e+04 1.17300000e+04 9.38700000e+03
 7.20400000e+03 4.83900000e+03 2.40900000e+03 1.05100000e+03
 3.71000000e+02 1.09000000e+02 3.50000000e+01 7.00000000e+00]
