Standard Deviation: 3.1640145918311936e-07
Skewness: 1.7675406600845616
Kurtosis: 27.791165254258487
Median: 1.4082345285650256e-06
Mean: 1.449569149503915e-06
Deciles: [1.28899309e-06 1.60006820e-06]
Minimum: 1e-12
Maximum: 6.882080269520594e-05
Bin Edges: [1.00000000e-12 6.88209017e-07 1.37641703e-06 2.06462505e-06
 2.75283307e-06 3.44104108e-06 4.12924910e-06 4.81745712e-06
 5.50566514e-06 6.19387315e-06 6.88208117e-06 7.57028919e-06
 8.25849720e-06 8.94670522e-06 9.63491324e-06 1.03231213e-05
 1.10113293e-05 1.16995373e-05 1.23877453e-05 1.30759533e-05
 1.37641613e-05 1.44523694e-05 1.51405774e-05 1.58287854e-05
 1.65169934e-05 1.72052014e-05 1.78934094e-05 1.85816175e-05
 1.92698255e-05 1.99580335e-05 2.06462415e-05 2.13344495e-05
 2.20226575e-05 2.27108656e-05 2.33990736e-05 2.40872816e-05
 2.47754896e-05 2.54636976e-05 2.61519056e-05 2.68401137e-05
 2.75283217e-05 2.82165297e-05 2.89047377e-05 2.95929457e-05
 3.02811537e-05 3.09693618e-05 3.16575698e-05 3.23457778e-05
 3.30339858e-05 3.37221938e-05 3.44104018e-05 3.50986099e-05
 3.57868179e-05 3.64750259e-05 3.71632339e-05 3.78514419e-05
 3.85396499e-05 3.92278580e-05 3.99160660e-05 4.06042740e-05
 4.12924820e-05 4.19806900e-05 4.26688981e-05 4.33571061e-05
 4.40453141e-05 4.47335221e-05 4.54217301e-05 4.61099381e-05
 4.67981462e-05 4.74863542e-05 4.81745622e-05 4.88627702e-05
 4.95509782e-05 5.02391862e-05 5.09273943e-05 5.16156023e-05
 5.23038103e-05 5.29920183e-05 5.36802263e-05 5.43684343e-05
 5.50566424e-05 5.57448504e-05 5.64330584e-05 5.71212664e-05
 5.78094744e-05 5.84976824e-05 5.91858905e-05 5.98740985e-05
 6.05623065e-05 6.12505145e-05 6.19387225e-05 6.26269305e-05
 6.33151386e-05 6.40033466e-05 6.46915546e-05 6.53797626e-05
 6.60679706e-05 6.67561786e-05 6.74443867e-05 6.81325947e-05
 6.88208027e-05]
Frequencies: [4.11215370e+07 1.88785653e+09 2.46893709e+09 1.27991902e+08
 1.11264490e+07 2.48370300e+06 8.45195000e+05 3.81740000e+05
 1.86757000e+05 9.89970000e+04 5.66580000e+04 3.31720000e+04
 2.05510000e+04 1.33000000e+04 8.78400000e+03 5.97400000e+03
 4.21500000e+03 2.97700000e+03 2.15800000e+03 1.61300000e+03
 1.15100000e+03 8.56000000e+02 6.52000000e+02 4.55000000e+02
 3.41000000e+02 2.82000000e+02 1.89000000e+02 1.59000000e+02
 1.10000000e+02 7.70000000e+01 7.40000000e+01 5.50000000e+01
 4.70000000e+01 3.40000000e+01 3.90000000e+01 2.10000000e+01
 2.50000000e+01 1.10000000e+01 1.50000000e+01 1.20000000e+01
 9.00000000e+00 7.00000000e+00 1.40000000e+01 1.00000000e+01
 7.00000000e+00 4.00000000e+00 3.00000000e+00 1.00000000e+00
 7.00000000e+00 3.00000000e+00 0.00000000e+00 4.00000000e+00
 1.00000000e+00 1.00000000e+00 1.00000000e+00 3.00000000e+00
 3.00000000e+00 1.00000000e+00 2.00000000e+00 0.00000000e+00
 1.00000000e+00 1.00000000e+00 0.00000000e+00 1.00000000e+00
 0.00000000e+00 0.00000000e+00 0.00000000e+00 1.00000000e+00
 0.00000000e+00 0.00000000e+00 0.00000000e+00 0.00000000e+00
 0.00000000e+00 0.00000000e+00 1.00000000e+00 0.00000000e+00
 0.00000000e+00 0.00000000e+00 0.00000000e+00 0.00000000e+00
 0.00000000e+00 0.00000000e+00 0.00000000e+00 0.00000000e+00
 0.00000000e+00 0.00000000e+00 0.00000000e+00 0.00000000e+00
 0.00000000e+00 0.00000000e+00 0.00000000e+00 0.00000000e+00
 0.00000000e+00 0.00000000e+00 0.00000000e+00 0.00000000e+00
 0.00000000e+00 0.00000000e+00 0.00000000e+00 1.00000000e+00]
