Standard Deviation: 8.266179870384875
Skewness: -1.3351327903240584
Kurtosis: 2.684390575054257
Median: 239.33639595848285
Mean: 237.65875405787983
Deciles: [235.3475117 242.4836397]
Minimum: 188.87581633292368
Maximum: 307.8970951429117
Bin Edges: [188.87581633 190.06602912 191.25624191 192.4464547  193.63666749
 194.82688027 196.01709306 197.20730585 198.39751864 199.58773143
 200.77794421 201.968157   203.15836979 204.34858258 205.53879537
 206.72900815 207.91922094 209.10943373 210.29964652 211.48985931
 212.68007209 213.87028488 215.06049767 216.25071046 217.44092325
 218.63113604 219.82134882 221.01156161 222.2017744  223.39198719
 224.58219998 225.77241276 226.96262555 228.15283834 229.34305113
 230.53326392 231.7234767  232.91368949 234.10390228 235.29411507
 236.48432786 237.67454065 238.86475343 240.05496622 241.24517901
 242.4353918  243.62560459 244.81581737 246.00603016 247.19624295
 248.38645574 249.57666853 250.76688131 251.9570941  253.14730689
 254.33751968 255.52773247 256.71794525 257.90815804 259.09837083
 260.28858362 261.47879641 262.6690092  263.85922198 265.04943477
 266.23964756 267.42986035 268.62007314 269.81028592 271.00049871
 272.1907115  273.38092429 274.57113708 275.76134986 276.95156265
 278.14177544 279.33198823 280.52220102 281.7124138  282.90262659
 284.09283938 285.28305217 286.47326496 287.66347775 288.85369053
 290.04390332 291.23411611 292.4243289  293.61454169 294.80475447
 295.99496726 297.18518005 298.37539284 299.56560563 300.75581841
 301.9460312  303.13624399 304.32645678 305.51666957 306.70688235
 307.89709514]
Frequencies: [1.39500000e+03 6.28700000e+03 1.16810000e+04 1.94580000e+04
 3.09090000e+04 5.54940000e+04 1.08947000e+05 2.10308000e+05
 3.81280000e+05 6.78666000e+05 1.18369700e+06 1.90347900e+06
 2.85354700e+06 4.06908800e+06 5.61379300e+06 7.49986800e+06
 9.70428300e+06 1.23456590e+07 1.52527890e+07 1.83031830e+07
 2.14098800e+07 2.42860700e+07 2.69774450e+07 2.92353620e+07
 3.11210100e+07 3.28840290e+07 3.45871500e+07 3.62417260e+07
 3.79146500e+07 3.96447690e+07 4.17237980e+07 4.45030070e+07
 4.84540420e+07 5.38053290e+07 6.19640600e+07 7.47684290e+07
 9.54893770e+07 1.29313380e+08 1.81098493e+08 2.50457390e+08
 3.27511271e+08 3.96072756e+08 4.39776526e+08 4.45308844e+08
 4.06016990e+08 3.33788257e+08 2.51536754e+08 1.80957612e+08
 1.28179506e+08 8.97739270e+07 6.01207880e+07 3.78185280e+07
 2.33525490e+07 1.46042260e+07 8.89799600e+06 5.11642600e+06
 3.38838900e+06 2.56427000e+06 2.02130100e+06 1.63114600e+06
 1.30326500e+06 1.02660600e+06 8.10048000e+05 6.51559000e+05
 5.21582000e+05 4.14581000e+05 3.34826000e+05 2.71872000e+05
 2.20945000e+05 1.86089000e+05 1.51469000e+05 1.22002000e+05
 1.00906000e+05 8.66300000e+04 7.38030000e+04 6.23860000e+04
 5.26380000e+04 4.38360000e+04 3.56240000e+04 2.94130000e+04
 2.54890000e+04 2.21350000e+04 1.83680000e+04 1.52210000e+04
 1.26560000e+04 9.90100000e+03 7.76600000e+03 5.82900000e+03
 4.03400000e+03 3.40400000e+03 2.37800000e+03 1.91100000e+03
 1.31300000e+03 7.61000000e+02 4.09000000e+02 3.10000000e+02
 2.47000000e+02 2.29000000e+02 1.70000000e+02 1.20000000e+02]
