Standard Deviation: 11.84612098248612
Skewness: -1.2275400363836788
Kurtosis: 1.0502321653463689
Median: 275.16013165764593
Mean: 270.49042830897804
Deciles: [263.39784101 279.81909773]
Minimum: 211.46476914140896
Maximum: 291.2246623209491
Bin Edges: [211.46476914 212.26236807 213.059967   213.85756594 214.65516487
 215.4527638  216.25036273 217.04796166 217.8455606  218.64315953
 219.44075846 220.23835739 221.03595632 221.83355525 222.63115419
 223.42875312 224.22635205 225.02395098 225.82154991 226.61914885
 227.41674778 228.21434671 229.01194564 229.80954457 230.6071435
 231.40474244 232.20234137 232.9999403  233.79753923 234.59513816
 235.3927371  236.19033603 236.98793496 237.78553389 238.58313282
 239.38073175 240.17833069 240.97592962 241.77352855 242.57112748
 243.36872641 244.16632535 244.96392428 245.76152321 246.55912214
 247.35672107 248.15432    248.95191894 249.74951787 250.5471168
 251.34471573 252.14231466 252.93991359 253.73751253 254.53511146
 255.33271039 256.13030932 256.92790825 257.72550719 258.52310612
 259.32070505 260.11830398 260.91590291 261.71350184 262.51110078
 263.30869971 264.10629864 264.90389757 265.7014965  266.49909544
 267.29669437 268.0942933  268.89189223 269.68949116 270.48709009
 271.28468903 272.08228796 272.87988689 273.67748582 274.47508475
 275.27268369 276.07028262 276.86788155 277.66548048 278.46307941
 279.26067834 280.05827728 280.85587621 281.65347514 282.45107407
 283.248673   284.04627193 284.84387087 285.6414698  286.43906873
 287.23666766 288.03426659 288.83186553 289.62946446 290.42706339
 291.22466232]
Frequencies: [2.22800000e+03 1.04080000e+04 2.63120000e+04 5.05430000e+04
 9.27790000e+04 1.60100000e+05 2.55629000e+05 3.83935000e+05
 5.37678000e+05 6.98471000e+05 8.80509000e+05 1.07367900e+06
 1.28379400e+06 1.48407800e+06 1.66373500e+06 1.83477100e+06
 2.01169200e+06 2.16452000e+06 2.30344000e+06 2.42961100e+06
 2.55651800e+06 2.65976500e+06 2.77006900e+06 2.89667800e+06
 3.02656300e+06 3.15917300e+06 3.35405500e+06 3.57870700e+06
 3.80903900e+06 4.12641200e+06 4.49927700e+06 4.96601300e+06
 5.54277500e+06 6.30005400e+06 7.23400800e+06 8.34884500e+06
 9.63833500e+06 1.09892130e+07 1.25050050e+07 1.42027470e+07
 1.60412370e+07 1.79482780e+07 2.00165410e+07 2.22100150e+07
 2.43201840e+07 2.65279770e+07 2.85845700e+07 3.06830070e+07
 3.29612870e+07 3.52659700e+07 3.74475030e+07 3.96467730e+07
 4.21848580e+07 4.42090550e+07 4.56258540e+07 4.68409650e+07
 4.81205500e+07 4.93592890e+07 5.05880930e+07 5.18171010e+07
 5.33336140e+07 5.49019220e+07 5.65829010e+07 5.81238250e+07
 5.96788160e+07 6.11283440e+07 6.24260600e+07 6.36539130e+07
 6.48539260e+07 6.62982130e+07 6.81299020e+07 7.02229480e+07
 7.22910910e+07 7.49576330e+07 7.81158750e+07 8.22427310e+07
 8.70323990e+07 9.32949840e+07 1.01750846e+08 1.12185512e+08
 1.24372172e+08 1.39958461e+08 1.61695586e+08 1.94006365e+08
 2.56334192e+08 3.62529198e+08 4.13660212e+08 3.10529333e+08
 1.66983709e+08 7.60753630e+07 3.07062880e+07 1.10055760e+07
 3.80080800e+06 1.46381300e+06 6.04431000e+05 2.37804000e+05
 7.77590000e+04 2.17480000e+04 4.96100000e+03 4.96000000e+02]
