Standard Deviation: 1.395774449911836e-34
Skewness: 5.89768373233519
Kurtosis: 40.40100091858985
Median: 1.320316172460059e-38
Mean: 3.6872806875664197e-35
Deciles: [4.6656802e-41 3.1354901e-36]
Minimum: 4.2965672423676713e-44
Maximum: 2.1336672047059618e-33
Bin Edges: [4.29656724e-44 2.13366721e-35 4.26733441e-35 6.40100162e-35
 8.53466882e-35 1.06683360e-34 1.28020032e-34 1.49356704e-34
 1.70693376e-34 1.92030048e-34 2.13366721e-34 2.34703393e-34
 2.56040065e-34 2.77376737e-34 2.98713409e-34 3.20050081e-34
 3.41386753e-34 3.62723425e-34 3.84060097e-34 4.05396769e-34
 4.26733441e-34 4.48070113e-34 4.69406785e-34 4.90743457e-34
 5.12080129e-34 5.33416801e-34 5.54753473e-34 5.76090145e-34
 5.97426817e-34 6.18763489e-34 6.40100161e-34 6.61436833e-34
 6.82773506e-34 7.04110178e-34 7.25446850e-34 7.46783522e-34
 7.68120194e-34 7.89456866e-34 8.10793538e-34 8.32130210e-34
 8.53466882e-34 8.74803554e-34 8.96140226e-34 9.17476898e-34
 9.38813570e-34 9.60150242e-34 9.81486914e-34 1.00282359e-33
 1.02416026e-33 1.04549693e-33 1.06683360e-33 1.08817027e-33
 1.10950695e-33 1.13084362e-33 1.15218029e-33 1.17351696e-33
 1.19485363e-33 1.21619031e-33 1.23752698e-33 1.25886365e-33
 1.28020032e-33 1.30153699e-33 1.32287367e-33 1.34421034e-33
 1.36554701e-33 1.38688368e-33 1.40822036e-33 1.42955703e-33
 1.45089370e-33 1.47223037e-33 1.49356704e-33 1.51490372e-33
 1.53624039e-33 1.55757706e-33 1.57891373e-33 1.60025040e-33
 1.62158708e-33 1.64292375e-33 1.66426042e-33 1.68559709e-33
 1.70693376e-33 1.72827044e-33 1.74960711e-33 1.77094378e-33
 1.79228045e-33 1.81361712e-33 1.83495380e-33 1.85629047e-33
 1.87762714e-33 1.89896381e-33 1.92030048e-33 1.94163716e-33
 1.96297383e-33 1.98431050e-33 2.00564717e-33 2.02698384e-33
 2.04832052e-33 2.06965719e-33 2.09099386e-33 2.11233053e-33
 2.13366720e-33]
Frequencies: [3.79142138e+09 1.75382156e+08 1.22830885e+08 5.49859360e+07
 4.29689630e+07 3.31534450e+07 2.94227160e+07 2.35158670e+07
 1.73949760e+07 1.44753480e+07 1.45396830e+07 1.53117990e+07
 1.64373790e+07 1.70294800e+07 1.57448780e+07 1.29495930e+07
 1.08956030e+07 1.00821620e+07 8.40402600e+06 7.14553300e+06
 5.40482900e+06 4.73892300e+06 4.19568400e+06 3.98445400e+06
 3.82062700e+06 3.61840700e+06 3.65669000e+06 3.69171000e+06
 3.74496400e+06 3.99408600e+06 3.63476700e+06 3.08226500e+06
 2.35816500e+06 1.99003500e+06 1.87866500e+06 1.73124800e+06
 1.70585300e+06 1.82227900e+06 1.95023500e+06 1.95108900e+06
 1.85736200e+06 1.93445400e+06 2.08012800e+06 2.08507700e+06
 2.02262400e+06 1.98573600e+06 2.00741500e+06 2.03220800e+06
 2.08135900e+06 2.11951500e+06 2.26948500e+06 2.53752500e+06
 2.67754200e+06 2.60745600e+06 2.24313600e+06 2.11880100e+06
 1.31470900e+06 8.93156000e+05 7.50864000e+05 6.58494000e+05
 5.93862000e+05 5.32392000e+05 4.93119000e+05 4.93030000e+05
 4.75985000e+05 4.34391000e+05 4.19932000e+05 3.91224000e+05
 3.50806000e+05 3.39503000e+05 3.00386000e+05 2.26399000e+05
 1.81019000e+05 1.46737000e+05 1.14604000e+05 8.71390000e+04
 6.33550000e+04 4.34150000e+04 3.31040000e+04 2.65700000e+04
 1.91630000e+04 1.37720000e+04 1.12860000e+04 9.29800000e+03
 7.68200000e+03 6.88200000e+03 6.49100000e+03 5.83800000e+03
 5.35700000e+03 4.89700000e+03 4.39700000e+03 3.91700000e+03
 3.28800000e+03 2.97400000e+03 2.76000000e+03 2.06400000e+03
 1.64600000e+03 8.93000000e+02 4.92000000e+02 1.07000000e+02]
