Standard Deviation: 7.278005086751754
Skewness: -1.6334076630931984
Kurtosis: 4.211397026617377
Median: 227.41868037210463
Mean: 226.0130792087048
Deciles: [224.37524121 229.92036635]
Minimum: 183.08594674424464
Maximum: 291.14091352391597
Bin Edges: [183.08594674 184.16649641 185.24704608 186.32759575 187.40814542
 188.48869508 189.56924475 190.64979442 191.73034409 192.81089375
 193.89144342 194.97199309 196.05254276 197.13309243 198.21364209
 199.29419176 200.37474143 201.4552911  202.53584076 203.61639043
 204.6969401  205.77748977 206.85803944 207.9385891  209.01913877
 210.09968844 211.18023811 212.26078777 213.34133744 214.42188711
 215.50243678 216.58298645 217.66353611 218.74408578 219.82463545
 220.90518512 221.98573478 223.06628445 224.14683412 225.22738379
 226.30793346 227.38848312 228.46903279 229.54958246 230.63013213
 231.7106818  232.79123146 233.87178113 234.9523308  236.03288047
 237.11343013 238.1939798  239.27452947 240.35507914 241.43562881
 242.51617847 243.59672814 244.67727781 245.75782748 246.83837714
 247.91892681 248.99947648 250.08002615 251.16057582 252.24112548
 253.32167515 254.40222482 255.48277449 256.56332415 257.64387382
 258.72442349 259.80497316 260.88552283 261.96607249 263.04662216
 264.12717183 265.2077215  266.28827116 267.36882083 268.4493705
 269.52992017 270.61046984 271.6910195  272.77156917 273.85211884
 274.93266851 276.01321817 277.09376784 278.17431751 279.25486718
 280.33541685 281.41596651 282.49651618 283.57706585 284.65761552
 285.73816518 286.81871485 287.89926452 288.97981419 290.06036386
 291.14091352]
Frequencies: [5.77000000e+02 2.68400000e+03 6.26100000e+03 1.50530000e+04
 3.49030000e+04 9.10270000e+04 2.42780000e+05 5.78457000e+05
 1.22450200e+06 2.43967900e+06 4.06122200e+06 6.14444400e+06
 8.56370800e+06 1.07667230e+07 1.27562300e+07 1.45105210e+07
 1.60712660e+07 1.74092440e+07 1.85313360e+07 1.92689730e+07
 1.99462060e+07 2.05720080e+07 2.11994350e+07 2.18896780e+07
 2.28118200e+07 2.39694510e+07 2.54079000e+07 2.73185030e+07
 2.95472320e+07 3.21712100e+07 3.58007080e+07 4.10097780e+07
 4.79320160e+07 5.77406590e+07 7.31477820e+07 9.86580370e+07
 1.40623956e+08 2.07572683e+08 3.01780695e+08 4.01109162e+08
 4.73767776e+08 5.06280692e+08 4.90223566e+08 4.10749092e+08
 2.96233851e+08 1.94708912e+08 1.26001247e+08 8.41052920e+07
 5.47678020e+07 3.51131180e+07 2.30980520e+07 1.70877170e+07
 1.33193470e+07 9.32957800e+06 5.93836400e+06 4.03679100e+06
 2.97687100e+06 2.31365000e+06 1.81375000e+06 1.42559700e+06
 1.11147700e+06 8.52461000e+05 6.41224000e+05 4.87867000e+05
 3.72774000e+05 2.85115000e+05 2.24207000e+05 1.76322000e+05
 1.44699000e+05 1.18712000e+05 9.89990000e+04 8.40130000e+04
 6.90770000e+04 5.62050000e+04 4.43470000e+04 3.45720000e+04
 2.97550000e+04 2.38780000e+04 1.99650000e+04 1.59920000e+04
 1.26920000e+04 1.00860000e+04 8.32800000e+03 6.25500000e+03
 6.00800000e+03 4.84800000e+03 4.45500000e+03 3.68100000e+03
 3.10200000e+03 2.73900000e+03 2.47700000e+03 1.96800000e+03
 1.77700000e+03 1.41000000e+03 9.17000000e+02 6.28000000e+02
 4.98000000e+02 4.21000000e+02 3.21000000e+02 1.54000000e+02]
