Standard Deviation: 5.319650632389855e-05
Skewness: 5.855475013682442
Kurtosis: 47.947595948553854
Median: 0.0
Mean: 1.80297260930232e-05
Deciles: [0.00000000e+00 9.76547878e-06]
Minimum: 0.0
Maximum: 0.001097644890802634
Bin Edges: [0.00000000e+00 1.09764489e-05 2.19528978e-05 3.29293467e-05
 4.39057956e-05 5.48822445e-05 6.58586934e-05 7.68351424e-05
 8.78115913e-05 9.87880402e-05 1.09764489e-04 1.20740938e-04
 1.31717387e-04 1.42693836e-04 1.53670285e-04 1.64646734e-04
 1.75623183e-04 1.86599631e-04 1.97576080e-04 2.08552529e-04
 2.19528978e-04 2.30505427e-04 2.41481876e-04 2.52458325e-04
 2.63434774e-04 2.74411223e-04 2.85387672e-04 2.96364121e-04
 3.07340569e-04 3.18317018e-04 3.29293467e-04 3.40269916e-04
 3.51246365e-04 3.62222814e-04 3.73199263e-04 3.84175712e-04
 3.95152161e-04 4.06128610e-04 4.17105059e-04 4.28081507e-04
 4.39057956e-04 4.50034405e-04 4.61010854e-04 4.71987303e-04
 4.82963752e-04 4.93940201e-04 5.04916650e-04 5.15893099e-04
 5.26869548e-04 5.37845996e-04 5.48822445e-04 5.59798894e-04
 5.70775343e-04 5.81751792e-04 5.92728241e-04 6.03704690e-04
 6.14681139e-04 6.25657588e-04 6.36634037e-04 6.47610486e-04
 6.58586934e-04 6.69563383e-04 6.80539832e-04 6.91516281e-04
 7.02492730e-04 7.13469179e-04 7.24445628e-04 7.35422077e-04
 7.46398526e-04 7.57374975e-04 7.68351424e-04 7.79327872e-04
 7.90304321e-04 8.01280770e-04 8.12257219e-04 8.23233668e-04
 8.34210117e-04 8.45186566e-04 8.56163015e-04 8.67139464e-04
 8.78115913e-04 8.89092362e-04 9.00068810e-04 9.11045259e-04
 9.22021708e-04 9.32998157e-04 9.43974606e-04 9.54951055e-04
 9.65927504e-04 9.76903953e-04 9.87880402e-04 9.98856851e-04
 1.00983330e-03 1.02080975e-03 1.03178620e-03 1.04276265e-03
 1.05373910e-03 1.06471554e-03 1.07569199e-03 1.08666844e-03
 1.09764489e-03]
Frequencies: [3.45029300e+09 2.89238894e+08 1.76970745e+08 1.20682000e+08
 8.74907670e+07 6.57917820e+07 5.08705760e+07 4.02886360e+07
 3.26496270e+07 2.69822800e+07 2.26918440e+07 1.93240540e+07
 1.66392490e+07 1.44466690e+07 1.26420450e+07 1.11197610e+07
 9.83607900e+06 8.73423100e+06 7.79168000e+06 6.97166000e+06
 6.25559500e+06 5.62532500e+06 5.06534000e+06 4.57950800e+06
 4.14690900e+06 3.75520700e+06 3.41063700e+06 3.09893200e+06
 2.82193500e+06 2.57659000e+06 2.35237800e+06 2.14822500e+06
 1.96537300e+06 1.79868700e+06 1.64603700e+06 1.50925800e+06
 1.38389700e+06 1.27222900e+06 1.16442500e+06 1.07174500e+06
 9.85780000e+05 9.06894000e+05 8.34210000e+05 7.65985000e+05
 7.05675000e+05 6.50061000e+05 5.99841000e+05 5.51647000e+05
 5.07517000e+05 4.67755000e+05 4.29942000e+05 3.98183000e+05
 3.66792000e+05 3.38340000e+05 3.11779000e+05 2.88510000e+05
 2.65406000e+05 2.44365000e+05 2.25499000e+05 2.06636000e+05
 1.90641000e+05 1.73541000e+05 1.60014000e+05 1.46808000e+05
 1.34003000e+05 1.22366000e+05 1.10408000e+05 1.00611000e+05
 9.17430000e+04 8.34070000e+04 7.63980000e+04 6.93700000e+04
 6.35900000e+04 5.79860000e+04 5.25120000e+04 4.78760000e+04
 4.35310000e+04 3.95460000e+04 3.57600000e+04 3.23050000e+04
 2.89350000e+04 2.58540000e+04 2.29520000e+04 2.04360000e+04
 1.85500000e+04 1.63830000e+04 1.42720000e+04 1.23570000e+04
 1.02810000e+04 8.55700000e+03 6.86900000e+03 5.30700000e+03
 3.37000000e+03 1.73400000e+03 7.47000000e+02 2.31000000e+02
 7.30000000e+01 2.70000000e+01 1.20000000e+01 6.00000000e+00]
