Standard Deviation: 11.897257591632659
Skewness: -1.2293430954777902
Kurtosis: 1.0787078008067699
Median: 276.9778025866718
Mean: 272.2971665933723
Deciles: [265.14371154 281.65941393]
Minimum: 212.31660418951077
Maximum: 294.1114330132994
Bin Edges: [212.31660419 213.13455248 213.95250077 214.77044905 215.58839734
 216.40634563 217.22429392 218.04224221 218.8601905  219.67813878
 220.49608707 221.31403536 222.13198365 222.94993194 223.76788022
 224.58582851 225.4037768  226.22172509 227.03967338 227.85762167
 228.67556995 229.49351824 230.31146653 231.12941482 231.94736311
 232.7653114  233.58325968 234.40120797 235.21915626 236.03710455
 236.85505284 237.67300112 238.49094941 239.3088977  240.12684599
 240.94479428 241.76274257 242.58069085 243.39863914 244.21658743
 245.03453572 245.85248401 246.6704323  247.48838058 248.30632887
 249.12427716 249.94222545 250.76017374 251.57812202 252.39607031
 253.2140186  254.03196689 254.84991518 255.66786347 256.48581175
 257.30376004 258.12170833 258.93965662 259.75760491 260.5755532
 261.39350148 262.21144977 263.02939806 263.84734635 264.66529464
 265.48324292 266.30119121 267.1191395  267.93708779 268.75503608
 269.57298437 270.39093265 271.20888094 272.02682923 272.84477752
 273.66272581 274.4806741  275.29862238 276.11657067 276.93451896
 277.75246725 278.57041554 279.38836383 280.20631211 281.0242604
 281.84220869 282.66015698 283.47810527 284.29605355 285.11400184
 285.93195013 286.74989842 287.56784671 288.385795   289.20374328
 290.02169157 290.83963986 291.65758815 292.47553644 293.29348473
 294.11143301]
Frequencies: [1.78100000e+03 8.96000000e+03 2.34070000e+04 4.44910000e+04
 8.35030000e+04 1.42743000e+05 2.31779000e+05 3.52211000e+05
 4.93159000e+05 6.60521000e+05 8.34928000e+05 1.02527500e+06
 1.23368100e+06 1.44071300e+06 1.61782400e+06 1.80252500e+06
 1.97804300e+06 2.12853300e+06 2.27266000e+06 2.41476600e+06
 2.53189500e+06 2.65654600e+06 2.76054000e+06 2.89504700e+06
 3.02430600e+06 3.17392300e+06 3.35139000e+06 3.58573100e+06
 3.83939000e+06 4.14288100e+06 4.51384700e+06 4.98395000e+06
 5.55686900e+06 6.28983700e+06 7.22421900e+06 8.31063200e+06
 9.59650500e+06 1.09310050e+07 1.24210840e+07 1.40845510e+07
 1.58797230e+07 1.78112760e+07 1.99273600e+07 2.22363990e+07
 2.45019850e+07 2.68576560e+07 2.92153560e+07 3.15344240e+07
 3.39654300e+07 3.65381880e+07 3.93315740e+07 4.15929930e+07
 4.36757470e+07 4.54267610e+07 4.69803360e+07 4.84090420e+07
 4.98333350e+07 5.13161200e+07 5.26306810e+07 5.39349910e+07
 5.56068620e+07 5.73550500e+07 5.90391760e+07 6.07429540e+07
 6.23607910e+07 6.36784080e+07 6.48800160e+07 6.60763250e+07
 6.72862130e+07 6.87677160e+07 7.03251370e+07 7.22435630e+07
 7.46564590e+07 7.78679990e+07 8.20579950e+07 8.71635610e+07
 9.35199750e+07 1.01983513e+08 1.12442603e+08 1.24561658e+08
 1.39563156e+08 1.60506012e+08 1.91952313e+08 2.52602377e+08
 3.63906902e+08 4.23513877e+08 3.18778047e+08 1.71408427e+08
 7.80708050e+07 3.16864180e+07 1.17964420e+07 4.50234100e+06
 2.01289900e+06 1.05044300e+06 5.53368000e+05 2.63404000e+05
 9.95300000e+04 2.94650000e+04 6.26900000e+03 5.03000000e+02]
