Standard Deviation: 10.121771466972401
Skewness: -0.6824049214282225
Kurtosis: -0.6032103398535735
Median: 234.9087169306341
Mean: 231.816310264075
Deciles: [223.82123502 240.59912794]
Minimum: 192.62657625297493
Maximum: 258.63550894349373
Bin Edges: [192.62657625 193.28666558 193.94675491 194.60684423 195.26693356
 195.92702289 196.58711221 197.24720154 197.90729087 198.5673802
 199.22746952 199.88755885 200.54764818 201.2077375  201.86782683
 202.52791616 203.18800548 203.84809481 204.50818414 205.16827346
 205.82836279 206.48845212 207.14854144 207.80863077 208.4687201
 209.12880943 209.78889875 210.44898808 211.10907741 211.76916673
 212.42925606 213.08934539 213.74943471 214.40952404 215.06961337
 215.72970269 216.38979202 217.04988135 217.70997068 218.37006
 219.03014933 219.69023866 220.35032798 221.01041731 221.67050664
 222.33059596 222.99068529 223.65077462 224.31086394 224.97095327
 225.6310426  226.29113193 226.95122125 227.61131058 228.27139991
 228.93148923 229.59157856 230.25166789 230.91175721 231.57184654
 232.23193587 232.89202519 233.55211452 234.21220385 234.87229317
 235.5323825  236.19247183 236.85256116 237.51265048 238.17273981
 238.83282914 239.49291846 240.15300779 240.81309712 241.47318644
 242.13327577 242.7933651  243.45345442 244.11354375 244.77363308
 245.43372241 246.09381173 246.75390106 247.41399039 248.07407971
 248.73416904 249.39425837 250.05434769 250.71443702 251.37452635
 252.03461567 252.694705   253.35479433 254.01488366 254.67497298
 255.33506231 255.99515164 256.65524096 257.31533029 257.97541962
 258.63550894]
Frequencies: [6.10000000e+01 8.10000000e+02 3.65400000e+03 8.71200000e+03
 2.03250000e+04 4.34690000e+04 9.12460000e+04 1.99360000e+05
 4.03557000e+05 7.46695000e+05 1.18308300e+06 1.68374800e+06
 2.21399500e+06 2.68929100e+06 3.06027300e+06 3.37262300e+06
 3.65956400e+06 4.03316100e+06 4.43905800e+06 4.97268800e+06
 5.77118900e+06 6.80844200e+06 8.26099700e+06 1.01699660e+07
 1.25881350e+07 1.51666940e+07 1.80306770e+07 2.11728710e+07
 2.43580470e+07 2.76804830e+07 3.12554610e+07 3.49931490e+07
 3.90122370e+07 4.28381520e+07 4.64490880e+07 5.00501880e+07
 5.34843440e+07 5.65978670e+07 5.93557100e+07 6.16279590e+07
 6.32808140e+07 6.46087370e+07 6.55838090e+07 6.61649750e+07
 6.65403090e+07 6.67080520e+07 6.67203640e+07 6.64853470e+07
 6.62203390e+07 6.59256800e+07 6.55034550e+07 6.51908760e+07
 6.49630410e+07 6.47482050e+07 6.47337090e+07 6.50486070e+07
 6.56330720e+07 6.63246330e+07 6.71245630e+07 6.80867120e+07
 6.95258930e+07 7.13528620e+07 7.39205570e+07 7.73122840e+07
 8.20712760e+07 8.83662600e+07 9.63661200e+07 1.06604661e+08
 1.20461469e+08 1.38724644e+08 1.62992426e+08 1.93722265e+08
 2.27918749e+08 2.53842570e+08 2.54241170e+08 2.17870740e+08
 1.51767905e+08 8.64211960e+07 4.28126140e+07 2.15676180e+07
 1.22469250e+07 7.41947600e+06 4.42710600e+06 2.53783600e+06
 1.34269000e+06 6.65755000e+05 3.08035000e+05 1.38332000e+05
 6.54080000e+04 3.40760000e+04 1.95690000e+04 1.11660000e+04
 6.05900000e+03 3.06400000e+03 1.41200000e+03 7.30000000e+02
 3.59000000e+02 2.24000000e+02 1.22000000e+02 4.90000000e+01]
