Standard Deviation: 6.499533036488657
Skewness: -0.07134051623052806
Kurtosis: 2.139376334088934
Median: 0.181765742942325
Mean: 0.13152355085585574
Deciles: [-3.48205956  3.82867938]
Minimum: -61.32331846513858
Maximum: 64.32083383948266
Bin Edges: [-61.32331847 -60.06687694 -58.81043542 -57.5539939  -56.29755237
 -55.04111085 -53.78466933 -52.5282278  -51.27178628 -50.01534476
 -48.75890323 -47.50246171 -46.24602019 -44.98957867 -43.73313714
 -42.47669562 -41.2202541  -39.96381257 -38.70737105 -37.45092953
 -36.194488   -34.93804648 -33.68160496 -32.42516344 -31.16872191
 -29.91228039 -28.65583887 -27.39939734 -26.14295582 -24.8865143
 -23.63007277 -22.37363125 -21.11718973 -19.8607482  -18.60430668
 -17.34786516 -16.09142364 -14.83498211 -13.57854059 -12.32209907
 -11.06565754  -9.80921602  -8.5527745   -7.29633297  -6.03989145
  -4.78344993  -3.52700841  -2.27056688  -1.01412536   0.24231616
   1.49875769   2.75519921   4.01164073   5.26808226   6.52452378
   7.7809653    9.03740683  10.29384835  11.55028987  12.80673139
  14.06317292  15.31961444  16.57605596  17.83249749  19.08893901
  20.34538053  21.60182206  22.85826358  24.1147051   25.37114663
  26.62758815  27.88402967  29.14047119  30.39691272  31.65335424
  32.90979576  34.16623729  35.42267881  36.67912033  37.93556186
  39.19200338  40.4484449   41.70488642  42.96132795  44.21776947
  45.47421099  46.73065252  47.98709404  49.24353556  50.49997709
  51.75641861  53.01286013  54.26930166  55.52574318  56.7821847
  58.03862622  59.29506775  60.55150927  61.80795079  63.06439232
  64.32083384]
Frequencies: [5.00000000e+00 1.00000000e+01 3.30000000e+01 9.60000000e+01
 2.25000000e+02 4.28000000e+02 7.94000000e+02 1.37400000e+03
 2.64600000e+03 4.26400000e+03 6.75900000e+03 1.08150000e+04
 1.63380000e+04 2.34050000e+04 3.37910000e+04 4.67110000e+04
 6.53790000e+04 8.98190000e+04 1.21274000e+05 1.62041000e+05
 2.14372000e+05 2.83414000e+05 3.76381000e+05 4.98045000e+05
 6.54973000e+05 8.66954000e+05 1.14467500e+06 1.51387800e+06
 2.01238200e+06 2.67836300e+06 3.57752400e+06 4.78295700e+06
 6.40428100e+06 8.58056600e+06 1.15183500e+07 1.54650540e+07
 2.07613660e+07 2.78168180e+07 3.72763040e+07 4.99404350e+07
 6.69938790e+07 8.98167700e+07 1.20277182e+08 1.60861287e+08
 2.13265510e+08 2.76014485e+08 3.41815214e+08 3.97401378e+08
 4.28055031e+08 4.26472402e+08 3.94005070e+08 3.39487700e+08
 2.75244150e+08 2.12696157e+08 1.59225616e+08 1.17510429e+08
 8.63107950e+07 6.34326350e+07 4.67424340e+07 3.43974900e+07
 2.52735440e+07 1.84848480e+07 1.34535930e+07 9.80115900e+06
 7.11479800e+06 5.18386800e+06 3.78016400e+06 2.76452500e+06
 2.03640100e+06 1.51206200e+06 1.13159700e+06 8.55622000e+05
 6.51906000e+05 4.99434000e+05 3.84271000e+05 2.98291000e+05
 2.30775000e+05 1.80797000e+05 1.39752000e+05 1.08076000e+05
 8.25610000e+04 6.22940000e+04 4.77280000e+04 3.66460000e+04
 2.74480000e+04 2.01820000e+04 1.43100000e+04 1.00420000e+04
 6.65900000e+03 4.52200000e+03 2.87900000e+03 1.85400000e+03
 1.16400000e+03 6.10000000e+02 3.62000000e+02 1.89000000e+02
 9.60000000e+01 4.00000000e+01 1.60000000e+01 2.00000000e+00]
