Standard Deviation: 5.903346049532591e-06
Skewness: 10.623041778552238
Kurtosis: 138.12361709120123
Median: 0.0
Mean: 8.877627610998973e-07
Deciles: [0. 0.]
Minimum: 0.0
Maximum: 0.00023992183766248835
Bin Edges: [0.00000000e+00 2.39921838e-06 4.79843675e-06 7.19765513e-06
 9.59687351e-06 1.19960919e-05 1.43953103e-05 1.67945286e-05
 1.91937470e-05 2.15929654e-05 2.39921838e-05 2.63914021e-05
 2.87906205e-05 3.11898389e-05 3.35890573e-05 3.59882756e-05
 3.83874940e-05 4.07867124e-05 4.31859308e-05 4.55851492e-05
 4.79843675e-05 5.03835859e-05 5.27828043e-05 5.51820227e-05
 5.75812410e-05 5.99804594e-05 6.23796778e-05 6.47788962e-05
 6.71781145e-05 6.95773329e-05 7.19765513e-05 7.43757697e-05
 7.67749881e-05 7.91742064e-05 8.15734248e-05 8.39726432e-05
 8.63718616e-05 8.87710799e-05 9.11702983e-05 9.35695167e-05
 9.59687351e-05 9.83679534e-05 1.00767172e-04 1.03166390e-04
 1.05565609e-04 1.07964827e-04 1.10364045e-04 1.12763264e-04
 1.15162482e-04 1.17561700e-04 1.19960919e-04 1.22360137e-04
 1.24759356e-04 1.27158574e-04 1.29557792e-04 1.31957011e-04
 1.34356229e-04 1.36755447e-04 1.39154666e-04 1.41553884e-04
 1.43953103e-04 1.46352321e-04 1.48751539e-04 1.51150758e-04
 1.53549976e-04 1.55949194e-04 1.58348413e-04 1.60747631e-04
 1.63146850e-04 1.65546068e-04 1.67945286e-04 1.70344505e-04
 1.72743723e-04 1.75142941e-04 1.77542160e-04 1.79941378e-04
 1.82340597e-04 1.84739815e-04 1.87139033e-04 1.89538252e-04
 1.91937470e-04 1.94336689e-04 1.96735907e-04 1.99135125e-04
 2.01534344e-04 2.03933562e-04 2.06332780e-04 2.08731999e-04
 2.11131217e-04 2.13530436e-04 2.15929654e-04 2.18328872e-04
 2.20728091e-04 2.23127309e-04 2.25526527e-04 2.27925746e-04
 2.30324964e-04 2.32724183e-04 2.35123401e-04 2.37522619e-04
 2.39921838e-04]
Frequencies: [4.32405361e+09 5.26679720e+07 3.11697380e+07 2.18246180e+07
 1.67253620e+07 1.32957660e+07 1.07110560e+07 8.71479500e+06
 7.15343900e+06 5.92717900e+06 4.96294200e+06 4.19904600e+06
 3.60825500e+06 3.15201800e+06 2.78744800e+06 2.48332900e+06
 2.22787900e+06 2.02466700e+06 1.84291600e+06 1.69158200e+06
 1.55679900e+06 1.43857000e+06 1.33462800e+06 1.24405800e+06
 1.15759800e+06 1.08238600e+06 1.01712500e+06 9.55099000e+05
 9.01626000e+05 8.49912000e+05 8.04421000e+05 7.60159000e+05
 7.19547000e+05 6.79811000e+05 6.41829000e+05 6.06543000e+05
 5.66985000e+05 5.25022000e+05 4.83296000e+05 4.37960000e+05
 3.83449000e+05 3.37434000e+05 2.87503000e+05 2.34597000e+05
 1.90262000e+05 1.52186000e+05 1.21945000e+05 9.80260000e+04
 7.94450000e+04 6.32510000e+04 4.98810000e+04 3.98360000e+04
 3.20290000e+04 2.53670000e+04 2.03530000e+04 1.62810000e+04
 1.31700000e+04 1.03290000e+04 8.06900000e+03 6.45700000e+03
 5.37100000e+03 4.16800000e+03 3.28100000e+03 2.47400000e+03
 2.05900000e+03 1.79600000e+03 1.41500000e+03 1.11400000e+03
 9.72000000e+02 7.56000000e+02 6.46000000e+02 5.59000000e+02
 4.32000000e+02 3.45000000e+02 2.98000000e+02 2.36000000e+02
 2.30000000e+02 1.96000000e+02 1.34000000e+02 1.12000000e+02
 9.90000000e+01 8.00000000e+01 6.10000000e+01 6.90000000e+01
 5.30000000e+01 4.40000000e+01 3.70000000e+01 2.40000000e+01
 1.50000000e+01 5.00000000e+00 1.10000000e+01 9.00000000e+00
 5.00000000e+00 4.00000000e+00 6.00000000e+00 3.00000000e+00
 4.00000000e+00 6.00000000e+00 4.00000000e+00 4.00000000e+00]
