Standard Deviation: 9.59163642348141
Skewness: 0.06458839247188532
Kurtosis: 2.6279636413150884
Median: -0.07440721359718289
Mean: -0.02639680209017759
Deciles: [-4.63431407  4.53055789]
Minimum: -70.43562316988016
Maximum: 86.75096856209692
Bin Edges: [-70.43562317 -68.86375725 -67.29189134 -65.72002542 -64.1481595
 -62.57629358 -61.00442767 -59.43256175 -57.86069583 -56.28882991
 -54.716964   -53.14509808 -51.57323216 -50.00136624 -48.42950033
 -46.85763441 -45.28576849 -43.71390258 -42.14203666 -40.57017074
 -38.99830482 -37.42643891 -35.85457299 -34.28270707 -32.71084115
 -31.13897524 -29.56710932 -27.9952434  -26.42337748 -24.85151157
 -23.27964565 -21.70777973 -20.13591382 -18.5640479  -16.99218198
 -15.42031606 -13.84845015 -12.27658423 -10.70471831  -9.13285239
  -7.56098648  -5.98912056  -4.41725464  -2.84538873  -1.27352281
   0.29834311   1.87020903   3.44207494   5.01394086   6.58580678
   8.1576727    9.72953861  11.30140453  12.87327045  14.44513637
  16.01700228  17.5888682   19.16073412  20.73260003  22.30446595
  23.87633187  25.44819779  27.0200637   28.59192962  30.16379554
  31.73566146  33.30752737  34.87939329  36.45125921  38.02312513
  39.59499104  41.16685696  42.73872288  44.31058879  45.88245471
  47.45432063  49.02618655  50.59805246  52.16991838  53.7417843
  55.31365022  56.88551613  58.45738205  60.02924797  61.60111388
  63.1729798   64.74484572  66.31671164  67.88857755  69.46044347
  71.03230939  72.60417531  74.17604122  75.74790714  77.31977306
  78.89163898  80.46350489  82.03537081  83.60723673  85.17910264
  86.75096856]
Frequencies: [6.00000000e+00 6.10000000e+01 1.71000000e+02 5.35000000e+02
 1.34100000e+03 3.02400000e+03 7.27600000e+03 1.34610000e+04
 2.39980000e+04 3.93920000e+04 6.41390000e+04 9.84510000e+04
 1.47739000e+05 2.13020000e+05 3.02669000e+05 4.27952000e+05
 5.97097000e+05 8.18191000e+05 1.09533100e+06 1.45559500e+06
 1.91842200e+06 2.50267200e+06 3.24173500e+06 4.16021200e+06
 5.31001800e+06 6.72099300e+06 8.46398600e+06 1.06194310e+07
 1.32468120e+07 1.64578180e+07 2.03633490e+07 2.51416400e+07
 3.10091010e+07 3.82245940e+07 4.71212980e+07 5.82204480e+07
 7.22818800e+07 9.04097240e+07 1.14675940e+08 1.47832750e+08
 1.94276562e+08 2.57800089e+08 3.36486165e+08 4.12938357e+08
 4.54375371e+08 4.38184095e+08 3.75240710e+08 2.96238431e+08
 2.25344999e+08 1.70867326e+08 1.31516218e+08 1.02882477e+08
 8.15936690e+07 6.53055090e+07 5.26071080e+07 4.26153040e+07
 3.46240140e+07 2.81211260e+07 2.28616370e+07 1.85896860e+07
 1.51271750e+07 1.22803530e+07 9.96956900e+06 8.06891300e+06
 6.50167400e+06 5.20600800e+06 4.15694200e+06 3.29242900e+06
 2.59431100e+06 2.03730500e+06 1.59269500e+06 1.22267000e+06
 9.31162000e+05 7.00868000e+05 5.21843000e+05 3.82891000e+05
 2.74592000e+05 1.96374000e+05 1.38073000e+05 9.40340000e+04
 6.49600000e+04 4.35050000e+04 2.83310000e+04 1.85910000e+04
 1.24970000e+04 8.07700000e+03 5.83500000e+03 3.96500000e+03
 2.59100000e+03 1.53700000e+03 1.04400000e+03 7.11000000e+02
 4.77000000e+02 2.70000000e+02 1.94000000e+02 1.44000000e+02
 9.50000000e+01 7.60000000e+01 4.60000000e+01 4.80000000e+01]
