Standard Deviation: 12.873670159463003
Skewness: -1.1991444695376883
Kurtosis: 1.4617906435397652
Median: 288.13849182010813
Mean: 284.2799432815539
Deciles: [277.07308458 294.00461451]
Minimum: 212.17960348338488
Maximum: 318.67783565619027
Bin Edges: [212.17960348 213.24458581 214.30956813 215.37455045 216.43953277
 217.50451509 218.56949741 219.63447974 220.69946206 221.76444438
 222.8294267  223.89440902 224.95939134 226.02437367 227.08935599
 228.15433831 229.21932063 230.28430295 231.34928527 232.4142676
 233.47924992 234.54423224 235.60921456 236.67419688 237.7391792
 238.80416153 239.86914385 240.93412617 241.99910849 243.06409081
 244.12907314 245.19405546 246.25903778 247.3240201  248.38900242
 249.45398474 250.51896707 251.58394939 252.64893171 253.71391403
 254.77889635 255.84387867 256.908861   257.97384332 259.03882564
 260.10380796 261.16879028 262.2337726  263.29875493 264.36373725
 265.42871957 266.49370189 267.55868421 268.62366653 269.68864886
 270.75363118 271.8186135  272.88359582 273.94857814 275.01356047
 276.07854279 277.14352511 278.20850743 279.27348975 280.33847207
 281.4034544  282.46843672 283.53341904 284.59840136 285.66338368
 286.728366   287.79334833 288.85833065 289.92331297 290.98829529
 292.05327761 293.11825993 294.18324226 295.24822458 296.3132069
 297.37818922 298.44317154 299.50815387 300.57313619 301.63811851
 302.70310083 303.76808315 304.83306547 305.8980478  306.96303012
 308.02801244 309.09299476 310.15797708 311.2229594  312.28794173
 313.35292405 314.41790637 315.48288869 316.54787101 317.61285333
 318.67783566]
Frequencies: [2.04000000e+02 6.41000000e+02 1.54800000e+03 3.05600000e+03
 6.27200000e+03 1.28740000e+04 2.53200000e+04 4.43120000e+04
 7.38360000e+04 1.28859000e+05 2.07669000e+05 3.15283000e+05
 4.64173000e+05 6.45330000e+05 8.50576000e+05 1.09084600e+06
 1.35927800e+06 1.61772700e+06 1.86886400e+06 2.10778600e+06
 2.32553600e+06 2.55432100e+06 2.81564100e+06 3.09234300e+06
 3.39381000e+06 3.74648600e+06 4.14135700e+06 4.63998400e+06
 5.23700000e+06 5.95938900e+06 6.79543900e+06 7.69786600e+06
 8.68718100e+06 9.72687100e+06 1.07414220e+07 1.17753600e+07
 1.27781960e+07 1.37305840e+07 1.48027280e+07 1.57384790e+07
 1.66083550e+07 1.75572490e+07 1.84966410e+07 1.95132370e+07
 2.06708830e+07 2.23055240e+07 2.43993610e+07 2.71655130e+07
 3.08865710e+07 3.66693890e+07 4.45008710e+07 5.38484690e+07
 6.18326440e+07 6.66200390e+07 6.83087880e+07 6.94248410e+07
 7.07898240e+07 7.27265500e+07 7.55771500e+07 7.90685390e+07
 8.27090320e+07 8.67133390e+07 9.09682330e+07 9.50570940e+07
 9.93230900e+07 1.03784943e+08 1.08417261e+08 1.14317808e+08
 1.20949571e+08 1.27951758e+08 1.36097329e+08 1.45928881e+08
 1.58619230e+08 1.75790386e+08 2.02303806e+08 2.46078458e+08
 3.10237010e+08 3.83058862e+08 3.18410272e+08 1.14662401e+08
 5.94541300e+07 4.47377460e+07 3.57880530e+07 2.90811800e+07
 2.36756610e+07 1.91130480e+07 1.51398960e+07 1.15927970e+07
 8.43917300e+06 5.78940400e+06 3.78891600e+06 2.35089200e+06
 1.38741600e+06 7.68188000e+05 3.54701000e+05 1.22553000e+05
 3.56860000e+04 8.73500000e+03 1.94100000e+03 2.35000000e+02]
