Standard Deviation: 13.51390788484444
Skewness: 0.05724818108463184
Kurtosis: 2.228355000090094
Median: -0.0691962130171247
Mean: -0.0013244607513057081
Deciles: [-6.80680386  6.72289032]
Minimum: -81.95765489058871
Maximum: 96.77931642068245
Bin Edges: [-81.95765489 -80.17028518 -78.38291546 -76.59554575 -74.80817604
 -73.02080633 -71.23343661 -69.4460669  -67.65869719 -65.87132747
 -64.08395776 -62.29658805 -60.50921833 -58.72184862 -56.93447891
 -55.14710919 -53.35973948 -51.57236977 -49.78500005 -47.99763034
 -46.21026063 -44.42289092 -42.6355212  -40.84815149 -39.06078178
 -37.27341206 -35.48604235 -33.69867264 -31.91130292 -30.12393321
 -28.3365635  -26.54919378 -24.76182407 -22.97445436 -21.18708464
 -19.39971493 -17.61234522 -15.82497551 -14.03760579 -12.25023608
 -10.46286637  -8.67549665  -6.88812694  -5.10075723  -3.31338751
  -1.5260178    0.26135191   2.04872163   3.83609134   5.62346105
   7.41083077   9.19820048  10.98557019  12.7729399   14.56030962
  16.34767933  18.13504904  19.92241876  21.70978847  23.49715818
  25.2845279   27.07189761  28.85926732  30.64663704  32.43400675
  34.22137646  36.00874617  37.79611589  39.5834856   41.37085531
  43.15822503  44.94559474  46.73296445  48.52033417  50.30770388
  52.09507359  53.88244331  55.66981302  57.45718273  59.24455245
  61.03192216  62.81929187  64.60666158  66.3940313   68.18140101
  69.96877072  71.75614044  73.54351015  75.33087986  77.11824958
  78.90561929  80.692989    82.48035872  84.26772843  86.05509814
  87.84246786  89.62983757  91.41720728  93.20457699  94.99194671
  96.77931642]
Frequencies: [8.90000000e+01 2.47000000e+02 7.26000000e+02 1.86900000e+03
 5.01500000e+03 1.11170000e+04 2.42850000e+04 4.89930000e+04
 9.19320000e+04 1.63028000e+05 2.64996000e+05 3.97910000e+05
 5.81535000e+05 8.24749000e+05 1.12967400e+06 1.51727500e+06
 1.97312400e+06 2.61037900e+06 2.80573700e+06 3.37698100e+06
 4.08274000e+06 4.93484000e+06 5.94872600e+06 7.16119700e+06
 8.58112600e+06 1.02789990e+07 1.22758700e+07 1.46415350e+07
 1.74226580e+07 2.06835390e+07 2.45741600e+07 2.91899640e+07
 3.47335620e+07 4.13983650e+07 4.94442880e+07 5.93398640e+07
 7.17341250e+07 8.73862830e+07 1.07210171e+08 1.32337051e+08
 1.63905552e+08 2.02010286e+08 2.45456655e+08 2.89789065e+08
 3.27512079e+08 3.47299752e+08 3.41701970e+08 3.12989445e+08
 2.71343905e+08 2.26769024e+08 1.85321247e+08 1.50575489e+08
 1.22364825e+08 9.97652310e+07 8.18375360e+07 6.75825290e+07
 5.60939970e+07 4.67756340e+07 3.92091810e+07 3.29489980e+07
 2.77568650e+07 2.33848580e+07 1.97383490e+07 1.66795100e+07
 1.41062010e+07 1.19104930e+07 1.00334650e+07 8.44776200e+06
 7.07184900e+06 5.91291700e+06 4.92020900e+06 4.08023100e+06
 3.37034500e+06 2.77681400e+06 2.26657700e+06 1.83395000e+06
 1.47878400e+06 1.17926400e+06 9.32978000e+05 7.29536000e+05
 5.63642000e+05 4.29875000e+05 3.24929000e+05 2.40752000e+05
 1.76094000e+05 1.27231000e+05 9.13390000e+04 6.24110000e+04
 4.20680000e+04 2.70380000e+04 1.81840000e+04 1.12480000e+04
 7.36200000e+03 4.71000000e+03 2.74300000e+03 1.29100000e+03
 6.49000000e+02 2.31000000e+02 8.80000000e+01 3.40000000e+01]
