Standard Deviation: 20.257030789705997
Skewness: 0.15183269945396977
Kurtosis: 0.1268739970281736
Median: 16.12800523930695
Mean: 16.810794580804505
Deciles: [ 3.25497959 29.9933535 ]
Minimum: -59.396810364684136
Maximum: 120.29022431532363
Bin Edges: [-5.93968104e+01 -5.75999400e+01 -5.58030697e+01 -5.40061993e+01
 -5.22093290e+01 -5.04124586e+01 -4.86155883e+01 -4.68187179e+01
 -4.50218476e+01 -4.32249772e+01 -4.14281069e+01 -3.96312365e+01
 -3.78343662e+01 -3.60374959e+01 -3.42406255e+01 -3.24437552e+01
 -3.06468848e+01 -2.88500145e+01 -2.70531441e+01 -2.52562738e+01
 -2.34594034e+01 -2.16625331e+01 -1.98656627e+01 -1.80687924e+01
 -1.62719220e+01 -1.44750517e+01 -1.26781813e+01 -1.08813110e+01
 -9.08444065e+00 -7.28757031e+00 -5.49069996e+00 -3.69382961e+00
 -1.89695927e+00 -1.00088920e-01  1.69678143e+00  3.49365177e+00
  5.29052212e+00  7.08739247e+00  8.88426281e+00  1.06811332e+01
  1.24780035e+01  1.42748739e+01  1.60717442e+01  1.78686145e+01
  1.96654849e+01  2.14623552e+01  2.32592256e+01  2.50560959e+01
  2.68529663e+01  2.86498366e+01  3.04467070e+01  3.22435773e+01
  3.40404477e+01  3.58373180e+01  3.76341884e+01  3.94310587e+01
  4.12279291e+01  4.30247994e+01  4.48216697e+01  4.66185401e+01
  4.84154104e+01  5.02122808e+01  5.20091511e+01  5.38060215e+01
  5.56028918e+01  5.73997622e+01  5.91966325e+01  6.09935029e+01
  6.27903732e+01  6.45872436e+01  6.63841139e+01  6.81809843e+01
  6.99778546e+01  7.17747250e+01  7.35715953e+01  7.53684656e+01
  7.71653360e+01  7.89622063e+01  8.07590767e+01  8.25559470e+01
  8.43528174e+01  8.61496877e+01  8.79465581e+01  8.97434284e+01
  9.15402988e+01  9.33371691e+01  9.51340395e+01  9.69309098e+01
  9.87277802e+01  1.00524651e+02  1.02321521e+02  1.04118391e+02
  1.05915262e+02  1.07712132e+02  1.09509002e+02  1.11305873e+02
  1.13102743e+02  1.14899613e+02  1.16696484e+02  1.18493354e+02
  1.20290224e+02]
Frequencies: [2.79000000e+02 1.55800000e+03 6.09300000e+03 2.93120000e+04
 1.46200000e+05 4.19621000e+05 5.84772000e+05 8.86550000e+05
 1.29630100e+06 1.84992600e+06 2.51500900e+06 3.33085900e+06
 4.30693100e+06 5.53773700e+06 7.05020700e+06 8.86835500e+06
 1.10321100e+07 1.36103340e+07 1.65817280e+07 1.99378560e+07
 2.37195530e+07 2.78798910e+07 3.24750770e+07 3.74923560e+07
 4.29017100e+07 4.87076260e+07 5.51340230e+07 6.22824590e+07
 7.04617600e+07 7.99166830e+07 9.07830340e+07 1.02911491e+08
 1.15511095e+08 1.27714427e+08 1.38325380e+08 1.47145779e+08
 1.53828188e+08 1.58479965e+08 1.61609458e+08 1.63345243e+08
 1.63810472e+08 1.63075531e+08 1.61622602e+08 1.59133730e+08
 1.55631571e+08 1.51271012e+08 1.45818047e+08 1.39673367e+08
 1.32805266e+08 1.25316271e+08 1.17549594e+08 1.09537936e+08
 1.01422189e+08 9.31494970e+07 8.47884050e+07 7.66532170e+07
 6.89007830e+07 6.15034240e+07 5.45771890e+07 4.81980370e+07
 4.22630490e+07 3.69139280e+07 3.20438710e+07 2.77587530e+07
 2.39761120e+07 2.06104860e+07 1.76164890e+07 1.50197420e+07
 1.27455910e+07 1.07512230e+07 9.02248600e+06 7.54166700e+06
 6.22632200e+06 5.14351500e+06 4.24166800e+06 3.48372800e+06
 2.83157700e+06 2.28109900e+06 1.82957100e+06 1.45047100e+06
 1.12838900e+06 8.64144000e+05 6.61083000e+05 4.95106000e+05
 3.71979000e+05 2.77884000e+05 2.01243000e+05 1.38340000e+05
 8.97200000e+04 6.06040000e+04 3.71530000e+04 2.33410000e+04
 1.36170000e+04 7.83800000e+03 3.79500000e+03 1.79100000e+03
 9.06000000e+02 3.77000000e+02 1.70000000e+02 9.60000000e+01]
