Standard Deviation: 7.794450800451403e-06
Skewness: 8.922383619202492
Kurtosis: 103.7788629080638
Median: 0.0
Mean: 1.3033918185083333e-06
Deciles: [0. 0.]
Minimum: 0.0
Maximum: 0.00037991348708917434
Bin Edges: [0.00000000e+00 3.79913487e-06 7.59826974e-06 1.13974046e-05
 1.51965395e-05 1.89956744e-05 2.27948092e-05 2.65939441e-05
 3.03930790e-05 3.41922138e-05 3.79913487e-05 4.17904836e-05
 4.55896185e-05 4.93887533e-05 5.31878882e-05 5.69870231e-05
 6.07861579e-05 6.45852928e-05 6.83844277e-05 7.21835625e-05
 7.59826974e-05 7.97818323e-05 8.35809672e-05 8.73801020e-05
 9.11792369e-05 9.49783718e-05 9.87775066e-05 1.02576642e-04
 1.06375776e-04 1.10174911e-04 1.13974046e-04 1.17773181e-04
 1.21572316e-04 1.25371451e-04 1.29170586e-04 1.32969720e-04
 1.36768855e-04 1.40567990e-04 1.44367125e-04 1.48166260e-04
 1.51965395e-04 1.55764530e-04 1.59563665e-04 1.63362799e-04
 1.67161934e-04 1.70961069e-04 1.74760204e-04 1.78559339e-04
 1.82358474e-04 1.86157609e-04 1.89956744e-04 1.93755878e-04
 1.97555013e-04 2.01354148e-04 2.05153283e-04 2.08952418e-04
 2.12751553e-04 2.16550688e-04 2.20349823e-04 2.24148957e-04
 2.27948092e-04 2.31747227e-04 2.35546362e-04 2.39345497e-04
 2.43144632e-04 2.46943767e-04 2.50742901e-04 2.54542036e-04
 2.58341171e-04 2.62140306e-04 2.65939441e-04 2.69738576e-04
 2.73537711e-04 2.77336846e-04 2.81135980e-04 2.84935115e-04
 2.88734250e-04 2.92533385e-04 2.96332520e-04 3.00131655e-04
 3.03930790e-04 3.07729925e-04 3.11529059e-04 3.15328194e-04
 3.19127329e-04 3.22926464e-04 3.26725599e-04 3.30524734e-04
 3.34323869e-04 3.38123004e-04 3.41922138e-04 3.45721273e-04
 3.49520408e-04 3.53319543e-04 3.57118678e-04 3.60917813e-04
 3.64716948e-04 3.68516082e-04 3.72315217e-04 3.76114352e-04
 3.79913487e-04]
Frequencies: [4.33016152e+09 3.72049030e+07 2.68237210e+07 2.13821320e+07
 1.77580090e+07 1.50062330e+07 1.27919320e+07 1.09570920e+07
 9.43333300e+06 8.16241300e+06 7.07148900e+06 6.14907500e+06
 5.34913500e+06 4.65499800e+06 4.05401000e+06 3.52619000e+06
 3.05595300e+06 2.64450700e+06 2.28160200e+06 1.95796500e+06
 1.67402400e+06 1.42964600e+06 1.21329000e+06 1.02593500e+06
 8.62629000e+05 7.21854000e+05 6.05454000e+05 5.07132000e+05
 4.23731000e+05 3.54023000e+05 2.96226000e+05 2.48221000e+05
 2.08541000e+05 1.75827000e+05 1.48451000e+05 1.25147000e+05
 1.06152000e+05 9.04180000e+04 7.73050000e+04 6.63310000e+04
 5.74110000e+04 4.94540000e+04 4.19900000e+04 3.65230000e+04
 3.14810000e+04 2.70710000e+04 2.33930000e+04 2.01260000e+04
 1.73070000e+04 1.46880000e+04 1.26180000e+04 1.11180000e+04
 9.04800000e+03 7.57900000e+03 6.48700000e+03 5.54500000e+03
 4.66400000e+03 3.88600000e+03 3.20500000e+03 2.57300000e+03
 2.16500000e+03 1.75900000e+03 1.36700000e+03 1.14900000e+03
 9.99000000e+02 7.49000000e+02 5.52000000e+02 4.71000000e+02
 3.69000000e+02 3.33000000e+02 2.84000000e+02 1.91000000e+02
 1.76000000e+02 1.31000000e+02 1.03000000e+02 9.40000000e+01
 7.00000000e+01 6.50000000e+01 4.20000000e+01 3.70000000e+01
 3.80000000e+01 2.10000000e+01 2.70000000e+01 1.20000000e+01
 1.50000000e+01 6.00000000e+00 1.40000000e+01 9.00000000e+00
 5.00000000e+00 5.00000000e+00 6.00000000e+00 6.00000000e+00
 3.00000000e+00 3.00000000e+00 1.00000000e+00 1.00000000e+00
 1.00000000e+00 1.00000000e+00 0.00000000e+00 1.00000000e+00]
