Standard Deviation: 1.7016703117140236e-05
Skewness: 6.556818210558456
Kurtosis: 53.20601233795926
Median: 0.0
Mean: 3.6618272896223e-06
Deciles: [0. 0.]
Minimum: 0.0
Maximum: 0.0007911584407233592
Bin Edges: [0.00000000e+00 7.91158441e-06 1.58231688e-05 2.37347532e-05
 3.16463376e-05 3.95579220e-05 4.74695064e-05 5.53810909e-05
 6.32926753e-05 7.12042597e-05 7.91158441e-05 8.70274285e-05
 9.49390129e-05 1.02850597e-04 1.10762182e-04 1.18673766e-04
 1.26585351e-04 1.34496935e-04 1.42408519e-04 1.50320104e-04
 1.58231688e-04 1.66143273e-04 1.74054857e-04 1.81966441e-04
 1.89878026e-04 1.97789610e-04 2.05701195e-04 2.13612779e-04
 2.21524363e-04 2.29435948e-04 2.37347532e-04 2.45259117e-04
 2.53170701e-04 2.61082285e-04 2.68993870e-04 2.76905454e-04
 2.84817039e-04 2.92728623e-04 3.00640207e-04 3.08551792e-04
 3.16463376e-04 3.24374961e-04 3.32286545e-04 3.40198130e-04
 3.48109714e-04 3.56021298e-04 3.63932883e-04 3.71844467e-04
 3.79756052e-04 3.87667636e-04 3.95579220e-04 4.03490805e-04
 4.11402389e-04 4.19313974e-04 4.27225558e-04 4.35137142e-04
 4.43048727e-04 4.50960311e-04 4.58871896e-04 4.66783480e-04
 4.74695064e-04 4.82606649e-04 4.90518233e-04 4.98429818e-04
 5.06341402e-04 5.14252986e-04 5.22164571e-04 5.30076155e-04
 5.37987740e-04 5.45899324e-04 5.53810909e-04 5.61722493e-04
 5.69634077e-04 5.77545662e-04 5.85457246e-04 5.93368831e-04
 6.01280415e-04 6.09191999e-04 6.17103584e-04 6.25015168e-04
 6.32926753e-04 6.40838337e-04 6.48749921e-04 6.56661506e-04
 6.64573090e-04 6.72484675e-04 6.80396259e-04 6.88307843e-04
 6.96219428e-04 7.04131012e-04 7.12042597e-04 7.19954181e-04
 7.27865765e-04 7.35777350e-04 7.43688934e-04 7.51600519e-04
 7.59512103e-04 7.67423688e-04 7.75335272e-04 7.83246856e-04
 7.91158441e-04]
Frequencies: [4.22184514e+09 5.82866170e+07 4.35332990e+07 3.48986970e+07
 2.87930240e+07 2.40960340e+07 2.03144840e+07 1.71916580e+07
 1.46169400e+07 1.24787190e+07 1.06884360e+07 9.15030600e+06
 7.83830200e+06 6.67936500e+06 5.66917100e+06 4.78126000e+06
 3.99410100e+06 3.30151900e+06 2.70275000e+06 2.19674700e+06
 1.76158000e+06 1.40297800e+06 1.10906800e+06 8.69459000e+05
 6.80595000e+05 5.27622000e+05 4.06149000e+05 3.11468000e+05
 2.39626000e+05 1.84227000e+05 1.41153000e+05 1.08638000e+05
 8.37040000e+04 6.52060000e+04 5.00860000e+04 3.92930000e+04
 3.06860000e+04 2.37150000e+04 1.89560000e+04 1.48710000e+04
 1.16740000e+04 9.37500000e+03 7.49500000e+03 5.87500000e+03
 4.63900000e+03 3.74700000e+03 3.01900000e+03 2.40800000e+03
 1.93100000e+03 1.61200000e+03 1.25900000e+03 9.82000000e+02
 8.28000000e+02 6.65000000e+02 5.32000000e+02 4.26000000e+02
 3.11000000e+02 2.78000000e+02 2.55000000e+02 2.07000000e+02
 1.68000000e+02 1.24000000e+02 1.03000000e+02 6.90000000e+01
 9.10000000e+01 5.40000000e+01 5.20000000e+01 4.40000000e+01
 2.60000000e+01 1.90000000e+01 1.70000000e+01 1.50000000e+01
 1.20000000e+01 1.00000000e+01 8.00000000e+00 4.00000000e+00
 4.00000000e+00 1.00000000e+00 1.00000000e+00 3.00000000e+00
 0.00000000e+00 2.00000000e+00 1.00000000e+00 3.00000000e+00
 0.00000000e+00 0.00000000e+00 1.00000000e+00 1.00000000e+00
 1.00000000e+00 1.00000000e+00 0.00000000e+00 1.00000000e+00
 1.00000000e+00 0.00000000e+00 0.00000000e+00 0.00000000e+00
 0.00000000e+00 0.00000000e+00 0.00000000e+00 1.00000000e+00]
