Standard Deviation: 2.8590906763138653e-39
Skewness: 67309.34442566798
Kurtosis: 4533997458.242665
Median: 0.0
Mean: 4.47579296831136e-44
Deciles: [0. 0.]
Minimum: 0.0
Maximum: 1.925929944387236e-34
Bin Edges: [0.00000000e+00 1.92592994e-36 3.85185989e-36 5.77778983e-36
 7.70371978e-36 9.62964972e-36 1.15555797e-35 1.34815096e-35
 1.54074396e-35 1.73333695e-35 1.92592994e-35 2.11852294e-35
 2.31111593e-35 2.50370893e-35 2.69630192e-35 2.88889492e-35
 3.08148791e-35 3.27408091e-35 3.46667390e-35 3.65926689e-35
 3.85185989e-35 4.04445288e-35 4.23704588e-35 4.42963887e-35
 4.62223187e-35 4.81482486e-35 5.00741786e-35 5.20001085e-35
 5.39260384e-35 5.58519684e-35 5.77778983e-35 5.97038283e-35
 6.16297582e-35 6.35556882e-35 6.54816181e-35 6.74075481e-35
 6.93334780e-35 7.12594079e-35 7.31853379e-35 7.51112678e-35
 7.70371978e-35 7.89631277e-35 8.08890577e-35 8.28149876e-35
 8.47409176e-35 8.66668475e-35 8.85927774e-35 9.05187074e-35
 9.24446373e-35 9.43705673e-35 9.62964972e-35 9.82224272e-35
 1.00148357e-34 1.02074287e-34 1.04000217e-34 1.05926147e-34
 1.07852077e-34 1.09778007e-34 1.11703937e-34 1.13629867e-34
 1.15555797e-34 1.17481727e-34 1.19407657e-34 1.21333586e-34
 1.23259516e-34 1.25185446e-34 1.27111376e-34 1.29037306e-34
 1.30963236e-34 1.32889166e-34 1.34815096e-34 1.36741026e-34
 1.38666956e-34 1.40592886e-34 1.42518816e-34 1.44444746e-34
 1.46370676e-34 1.48296606e-34 1.50222536e-34 1.52148466e-34
 1.54074396e-34 1.56000325e-34 1.57926255e-34 1.59852185e-34
 1.61778115e-34 1.63704045e-34 1.65629975e-34 1.67555905e-34
 1.69481835e-34 1.71407765e-34 1.73333695e-34 1.75259625e-34
 1.77185555e-34 1.79111485e-34 1.81037415e-34 1.82963345e-34
 1.84889275e-34 1.86815205e-34 1.88741135e-34 1.90667064e-34
 1.92592994e-34]
Frequencies: [4.541184e+09 1.000000e+00 1.000000e+00 0.000000e+00 0.000000e+00
 0.000000e+00 0.000000e+00 0.000000e+00 0.000000e+00 0.000000e+00
 0.000000e+00 0.000000e+00 0.000000e+00 0.000000e+00 0.000000e+00
 0.000000e+00 0.000000e+00 0.000000e+00 0.000000e+00 0.000000e+00
 0.000000e+00 0.000000e+00 0.000000e+00 0.000000e+00 0.000000e+00
 0.000000e+00 0.000000e+00 0.000000e+00 0.000000e+00 0.000000e+00
 0.000000e+00 0.000000e+00 0.000000e+00 0.000000e+00 0.000000e+00
 0.000000e+00 0.000000e+00 0.000000e+00 0.000000e+00 0.000000e+00
 0.000000e+00 0.000000e+00 0.000000e+00 0.000000e+00 0.000000e+00
 0.000000e+00 0.000000e+00 0.000000e+00 0.000000e+00 0.000000e+00
 0.000000e+00 0.000000e+00 0.000000e+00 0.000000e+00 0.000000e+00
 0.000000e+00 0.000000e+00 0.000000e+00 0.000000e+00 0.000000e+00
 0.000000e+00 0.000000e+00 0.000000e+00 0.000000e+00 0.000000e+00
 0.000000e+00 0.000000e+00 0.000000e+00 0.000000e+00 0.000000e+00
 0.000000e+00 0.000000e+00 0.000000e+00 0.000000e+00 0.000000e+00
 0.000000e+00 0.000000e+00 0.000000e+00 0.000000e+00 0.000000e+00
 0.000000e+00 0.000000e+00 0.000000e+00 0.000000e+00 0.000000e+00
 0.000000e+00 0.000000e+00 0.000000e+00 0.000000e+00 0.000000e+00
 0.000000e+00 0.000000e+00 0.000000e+00 0.000000e+00 0.000000e+00
 0.000000e+00 0.000000e+00 0.000000e+00 0.000000e+00 1.000000e+00]
