Standard Deviation: 1.0880400655390192e-07
Skewness: 1879.6299992856875
Kurtosis: 6255986.699492021
Median: 0.0
Mean: 1.6500768709404723e-10
Deciles: [0. 0.]
Minimum: 0.0
Maximum: 0.0009188138193052032
Bin Edges: [0.00000000e+00 9.18813819e-06 1.83762764e-05 2.75644146e-05
 3.67525528e-05 4.59406910e-05 5.51288292e-05 6.43169674e-05
 7.35051055e-05 8.26932437e-05 9.18813819e-05 1.01069520e-04
 1.10257658e-04 1.19445797e-04 1.28633935e-04 1.37822073e-04
 1.47010211e-04 1.56198349e-04 1.65386487e-04 1.74574626e-04
 1.83762764e-04 1.92950902e-04 2.02139040e-04 2.11327178e-04
 2.20515317e-04 2.29703455e-04 2.38891593e-04 2.48079731e-04
 2.57267869e-04 2.66456008e-04 2.75644146e-04 2.84832284e-04
 2.94020422e-04 3.03208560e-04 3.12396699e-04 3.21584837e-04
 3.30772975e-04 3.39961113e-04 3.49149251e-04 3.58337390e-04
 3.67525528e-04 3.76713666e-04 3.85901804e-04 3.95089942e-04
 4.04278080e-04 4.13466219e-04 4.22654357e-04 4.31842495e-04
 4.41030633e-04 4.50218771e-04 4.59406910e-04 4.68595048e-04
 4.77783186e-04 4.86971324e-04 4.96159462e-04 5.05347601e-04
 5.14535739e-04 5.23723877e-04 5.32912015e-04 5.42100153e-04
 5.51288292e-04 5.60476430e-04 5.69664568e-04 5.78852706e-04
 5.88040844e-04 5.97228983e-04 6.06417121e-04 6.15605259e-04
 6.24793397e-04 6.33981535e-04 6.43169674e-04 6.52357812e-04
 6.61545950e-04 6.70734088e-04 6.79922226e-04 6.89110364e-04
 6.98298503e-04 7.07486641e-04 7.16674779e-04 7.25862917e-04
 7.35051055e-04 7.44239194e-04 7.53427332e-04 7.62615470e-04
 7.71803608e-04 7.80991746e-04 7.90179885e-04 7.99368023e-04
 8.08556161e-04 8.17744299e-04 8.26932437e-04 8.36120576e-04
 8.45308714e-04 8.54496852e-04 8.63684990e-04 8.72873128e-04
 8.82061267e-04 8.91249405e-04 9.00437543e-04 9.09625681e-04
 9.18813819e-04]
Frequencies: [4.54116789e+09 6.89700000e+03 3.06700000e+03 1.75000000e+03
 1.12600000e+03 6.74000000e+02 5.23000000e+02 3.96000000e+02
 3.00000000e+02 2.20000000e+02 1.63000000e+02 1.30000000e+02
 1.20000000e+02 9.20000000e+01 7.90000000e+01 6.60000000e+01
 6.10000000e+01 4.80000000e+01 5.10000000e+01 3.40000000e+01
 3.20000000e+01 3.00000000e+01 2.90000000e+01 2.60000000e+01
 2.10000000e+01 2.20000000e+01 1.90000000e+01 1.00000000e+01
 1.60000000e+01 1.50000000e+01 6.00000000e+00 9.00000000e+00
 7.00000000e+00 8.00000000e+00 1.00000000e+01 7.00000000e+00
 5.00000000e+00 4.00000000e+00 4.00000000e+00 2.00000000e+00
 6.00000000e+00 1.00000000e+00 3.00000000e+00 3.00000000e+00
 2.00000000e+00 2.00000000e+00 1.00000000e+00 0.00000000e+00
 0.00000000e+00 1.00000000e+00 1.00000000e+00 0.00000000e+00
 1.00000000e+00 3.00000000e+00 1.00000000e+00 0.00000000e+00
 0.00000000e+00 0.00000000e+00 0.00000000e+00 0.00000000e+00
 0.00000000e+00 0.00000000e+00 0.00000000e+00 1.00000000e+00
 0.00000000e+00 0.00000000e+00 0.00000000e+00 0.00000000e+00
 0.00000000e+00 1.00000000e+00 0.00000000e+00 0.00000000e+00
 0.00000000e+00 0.00000000e+00 0.00000000e+00 0.00000000e+00
 0.00000000e+00 0.00000000e+00 0.00000000e+00 0.00000000e+00
 0.00000000e+00 0.00000000e+00 0.00000000e+00 0.00000000e+00
 0.00000000e+00 0.00000000e+00 0.00000000e+00 0.00000000e+00
 0.00000000e+00 0.00000000e+00 0.00000000e+00 0.00000000e+00
 0.00000000e+00 0.00000000e+00 0.00000000e+00 0.00000000e+00
 0.00000000e+00 0.00000000e+00 1.00000000e+00 1.00000000e+00]
