Standard Deviation: 1.4323412836821081e-05
Skewness: 5.858028619899517
Kurtosis: 43.686435217227846
Median: 0.0
Mean: 3.564167934761106e-06
Deciles: [0. 0.]
Minimum: 0.0
Maximum: 0.0006375080487407778
Bin Edges: [0.00000000e+00 6.37508049e-06 1.27501610e-05 1.91252415e-05
 2.55003219e-05 3.18754024e-05 3.82504829e-05 4.46255634e-05
 5.10006439e-05 5.73757244e-05 6.37508049e-05 7.01258854e-05
 7.65009658e-05 8.28760463e-05 8.92511268e-05 9.56262073e-05
 1.02001288e-04 1.08376368e-04 1.14751449e-04 1.21126529e-04
 1.27501610e-04 1.33876690e-04 1.40251771e-04 1.46626851e-04
 1.53001932e-04 1.59377012e-04 1.65752093e-04 1.72127173e-04
 1.78502254e-04 1.84877334e-04 1.91252415e-04 1.97627495e-04
 2.04002576e-04 2.10377656e-04 2.16752737e-04 2.23127817e-04
 2.29502898e-04 2.35877978e-04 2.42253059e-04 2.48628139e-04
 2.55003219e-04 2.61378300e-04 2.67753380e-04 2.74128461e-04
 2.80503541e-04 2.86878622e-04 2.93253702e-04 2.99628783e-04
 3.06003863e-04 3.12378944e-04 3.18754024e-04 3.25129105e-04
 3.31504185e-04 3.37879266e-04 3.44254346e-04 3.50629427e-04
 3.57004507e-04 3.63379588e-04 3.69754668e-04 3.76129749e-04
 3.82504829e-04 3.88879910e-04 3.95254990e-04 4.01630071e-04
 4.08005151e-04 4.14380232e-04 4.20755312e-04 4.27130393e-04
 4.33505473e-04 4.39880554e-04 4.46255634e-04 4.52630715e-04
 4.59005795e-04 4.65380876e-04 4.71755956e-04 4.78131037e-04
 4.84506117e-04 4.90881198e-04 4.97256278e-04 5.03631359e-04
 5.10006439e-04 5.16381519e-04 5.22756600e-04 5.29131680e-04
 5.35506761e-04 5.41881841e-04 5.48256922e-04 5.54632002e-04
 5.61007083e-04 5.67382163e-04 5.73757244e-04 5.80132324e-04
 5.86507405e-04 5.92882485e-04 5.99257566e-04 6.05632646e-04
 6.12007727e-04 6.18382807e-04 6.24757888e-04 6.31132968e-04
 6.37508049e-04]
Frequencies: [4.11342694e+09 9.00049190e+07 6.68338830e+07 5.19053590e+07
 4.06575000e+07 3.19622180e+07 2.53116530e+07 2.02530750e+07
 1.64386240e+07 1.35473640e+07 1.13375920e+07 9.61337200e+06
 8.27187400e+06 7.20470400e+06 6.34111700e+06 5.70032100e+06
 5.16649100e+06 4.39116700e+06 3.43831200e+06 2.54221900e+06
 1.83091900e+06 1.31112100e+06 9.40913000e+05 6.77853000e+05
 4.91175000e+05 3.62914000e+05 2.69245000e+05 2.03141000e+05
 1.52510000e+05 1.17866000e+05 8.98960000e+04 7.00200000e+04
 5.51640000e+04 4.38860000e+04 3.51790000e+04 2.82030000e+04
 2.29090000e+04 1.88320000e+04 1.55110000e+04 1.30230000e+04
 1.08550000e+04 9.11300000e+03 7.90800000e+03 6.76000000e+03
 5.81500000e+03 5.10500000e+03 4.44200000e+03 4.03200000e+03
 3.49600000e+03 3.08100000e+03 2.74800000e+03 2.41200000e+03
 2.14300000e+03 1.90700000e+03 1.76800000e+03 1.57400000e+03
 1.40900000e+03 1.21400000e+03 1.14400000e+03 9.44000000e+02
 9.03000000e+02 7.38000000e+02 7.12000000e+02 5.95000000e+02
 5.55000000e+02 4.78000000e+02 4.85000000e+02 4.09000000e+02
 3.22000000e+02 2.89000000e+02 2.75000000e+02 2.34000000e+02
 2.41000000e+02 1.76000000e+02 1.24000000e+02 1.49000000e+02
 1.11000000e+02 9.00000000e+01 5.70000000e+01 4.40000000e+01
 2.40000000e+01 2.70000000e+01 2.20000000e+01 1.40000000e+01
 1.20000000e+01 1.00000000e+01 1.10000000e+01 1.20000000e+01
 4.00000000e+00 6.00000000e+00 4.00000000e+00 3.00000000e+00
 2.00000000e+00 5.00000000e+00 4.00000000e+00 0.00000000e+00
 0.00000000e+00 1.00000000e+00 0.00000000e+00 1.00000000e+00]
