Standard Deviation: 6.711726527359192
Skewness: -0.9148418653666762
Kurtosis: 0.3929137756523442
Median: 221.97756320143537
Mean: 220.02370303049184
Deciles: [215.68596274 225.23515983]
Minimum: 187.3315135306734
Maximum: 245.8487483367379
Bin Edges: [187.33151353 187.91668588 188.50185823 189.08703057 189.67220292
 190.25737527 190.84254762 191.42771997 192.01289232 192.59806466
 193.18323701 193.76840936 194.35358171 194.93875406 195.5239264
 196.10909875 196.6942711  197.27944345 197.8646158  198.44978814
 199.03496049 199.62013284 200.20530519 200.79047754 201.37564988
 201.96082223 202.54599458 203.13116693 203.71633928 204.30151162
 204.88668397 205.47185632 206.05702867 206.64220102 207.22737336
 207.81254571 208.39771806 208.98289041 209.56806276 210.15323511
 210.73840745 211.3235798  211.90875215 212.4939245  213.07909685
 213.66426919 214.24944154 214.83461389 215.41978624 216.00495859
 216.59013093 217.17530328 217.76047563 218.34564798 218.93082033
 219.51599267 220.10116502 220.68633737 221.27150972 221.85668207
 222.44185441 223.02702676 223.61219911 224.19737146 224.78254381
 225.36771615 225.9528885  226.53806085 227.1232332  227.70840555
 228.29357789 228.87875024 229.46392259 230.04909494 230.63426729
 231.21943964 231.80461198 232.38978433 232.97495668 233.56012903
 234.14530138 234.73047372 235.31564607 235.90081842 236.48599077
 237.07116312 237.65633546 238.24150781 238.82668016 239.41185251
 239.99702486 240.5821972  241.16736955 241.7525419  242.33771425
 242.9228866  243.50805894 244.09323129 244.67840364 245.26357599
 245.84874834]
Frequencies: [2.04000000e+02 3.67000000e+02 1.16000000e+03 4.02100000e+03
 1.18750000e+04 2.35510000e+04 4.35540000e+04 7.94020000e+04
 1.46919000e+05 2.64581000e+05 4.44049000e+05 6.90030000e+05
 1.02214500e+06 1.47215500e+06 1.99829400e+06 2.60680800e+06
 3.28554400e+06 4.02687400e+06 4.81234800e+06 5.62054200e+06
 6.44858200e+06 7.29520300e+06 8.15518500e+06 9.10568500e+06
 1.01610890e+07 1.13742680e+07 1.26952960e+07 1.41938110e+07
 1.58351590e+07 1.76013680e+07 1.95441670e+07 2.17963420e+07
 2.42763740e+07 2.71375580e+07 3.05136920e+07 3.43977720e+07
 3.87176940e+07 4.32781770e+07 4.81885410e+07 5.32637930e+07
 5.85386090e+07 6.39527180e+07 6.93514090e+07 7.46695170e+07
 7.97078340e+07 8.43966100e+07 8.86815210e+07 9.23434230e+07
 9.55983810e+07 9.82531700e+07 1.00345694e+08 1.01727896e+08
 1.02916667e+08 1.04076506e+08 1.04961070e+08 1.06295948e+08
 1.08559425e+08 1.12061724e+08 1.18094248e+08 1.28883815e+08
 1.47767625e+08 1.78491799e+08 2.20701859e+08 2.62748224e+08
 2.88457382e+08 2.84146389e+08 2.45231266e+08 1.85111899e+08
 1.24311643e+08 7.69025460e+07 4.74845000e+07 3.12584820e+07
 2.20932450e+07 1.62203740e+07 1.19221170e+07 8.62477300e+06
 6.00360600e+06 3.98592500e+06 2.48119800e+06 1.45108000e+06
 8.15367000e+05 4.36424000e+05 2.36990000e+05 1.32925000e+05
 8.12430000e+04 5.23310000e+04 3.31920000e+04 1.99120000e+04
 1.17870000e+04 7.35200000e+03 4.21100000e+03 2.76300000e+03
 1.53500000e+03 7.10000000e+02 3.95000000e+02 1.91000000e+02
 1.43000000e+02 1.34000000e+02 6.20000000e+01 3.70000000e+01]
