Standard Deviation: 11.795556982085207
Skewness: -1.2025500023531963
Kurtosis: 0.9208939738892852
Median: 270.91930810090844
Mean: 266.2953510079049
Deciles: [259.22080353 275.62977596]
Minimum: 209.33795591226578
Maximum: 286.5825375249211
Bin Edges: [209.33795591 210.11040173 210.88284754 211.65529336 212.42773918
 213.20018499 213.97263081 214.74507663 215.51752244 216.28996826
 217.06241407 217.83485989 218.60730571 219.37975152 220.15219734
 220.92464315 221.69708897 222.46953479 223.2419806  224.01442642
 224.78687223 225.55931805 226.33176387 227.10420968 227.8766555
 228.64910132 229.42154713 230.19399295 230.96643876 231.73888458
 232.5113304  233.28377621 234.05622203 234.82866784 235.60111366
 236.37355948 237.14600529 237.91845111 238.69089693 239.46334274
 240.23578856 241.00823437 241.78068019 242.55312601 243.32557182
 244.09801764 244.87046345 245.64290927 246.41535509 247.1878009
 247.96024672 248.73269253 249.50513835 250.27758417 251.05002998
 251.8224758  252.59492162 253.36736743 254.13981325 254.91225906
 255.68470488 256.4571507  257.22959651 258.00204233 258.77448814
 259.54693396 260.31937978 261.09182559 261.86427141 262.63671722
 263.40916304 264.18160886 264.95405467 265.72650049 266.49894631
 267.27139212 268.04383794 268.81628375 269.58872957 270.36117539
 271.1336212  271.90606702 272.67851283 273.45095865 274.22340447
 274.99585028 275.7682961  276.54074192 277.31318773 278.08563355
 278.85807936 279.63052518 280.402971   281.17541681 281.94786263
 282.72030844 283.49275426 284.26520008 285.03764589 285.81009171
 286.58253752]
Frequencies: [1.96700000e+03 1.21440000e+04 2.91150000e+04 6.41990000e+04
 1.14214000e+05 1.99539000e+05 3.15769000e+05 4.70798000e+05
 6.49270000e+05 8.29311000e+05 1.02969600e+06 1.23727100e+06
 1.45510900e+06 1.65793900e+06 1.84003300e+06 2.00933600e+06
 2.20072000e+06 2.33830100e+06 2.46509500e+06 2.59735900e+06
 2.70813400e+06 2.80600700e+06 2.93505400e+06 3.06725900e+06
 3.18384700e+06 3.37651700e+06 3.60023900e+06 3.83937100e+06
 4.13704900e+06 4.53701200e+06 5.02342700e+06 5.66813100e+06
 6.49688400e+06 7.50534200e+06 8.71267400e+06 1.00728920e+07
 1.15555080e+07 1.32354620e+07 1.50889490e+07 1.69168850e+07
 1.88077530e+07 2.08327000e+07 2.27637860e+07 2.46662020e+07
 2.65698650e+07 2.84991080e+07 3.03680060e+07 3.23609310e+07
 3.43188750e+07 3.62057720e+07 3.80432760e+07 3.99277230e+07
 4.17189580e+07 4.33138510e+07 4.46600680e+07 4.60019570e+07
 4.74217380e+07 4.89666100e+07 5.02540060e+07 5.14463520e+07
 5.26039750e+07 5.40260840e+07 5.53793740e+07 5.67251710e+07
 5.81577820e+07 5.96298950e+07 6.10249380e+07 6.25336120e+07
 6.41502310e+07 6.58180090e+07 6.75527420e+07 6.94984370e+07
 7.17559390e+07 7.44272850e+07 7.75401760e+07 8.12283430e+07
 8.58432630e+07 9.16235870e+07 9.96872510e+07 1.09845079e+08
 1.21924800e+08 1.37750092e+08 1.58713873e+08 1.87427011e+08
 2.38502450e+08 3.25000531e+08 3.95107618e+08 3.32234076e+08
 1.92301962e+08 9.10800100e+07 3.83964140e+07 1.40615210e+07
 4.57156500e+06 1.40653500e+06 3.85432000e+05 1.01861000e+05
 2.80810000e+04 5.85300000e+03 1.49900000e+03 2.78000000e+02]
