Standard Deviation: 6.371351088207386
Skewness: -0.0398986656933327
Kurtosis: 2.21293572251564
Median: 0.13311778715420347
Mean: 0.10185245747875932
Deciles: [-3.38384807  3.64130182]
Minimum: -61.21511394547293
Maximum: 65.8628680687558
Bin Edges: [-61.21511395 -59.94433413 -58.67355431 -57.40277449 -56.13199466
 -54.86121484 -53.59043502 -52.3196552  -51.04887538 -49.77809556
 -48.50731574 -47.23653592 -45.9657561  -44.69497628 -43.42419646
 -42.15341664 -40.88263682 -39.611857   -38.34107718 -37.07029736
 -35.79951754 -34.52873772 -33.2579579  -31.98717808 -30.71639826
 -29.44561844 -28.17483862 -26.9040588  -25.63327898 -24.36249916
 -23.09171934 -21.82093952 -20.5501597  -19.27937988 -18.00860006
 -16.73782024 -15.46704042 -14.1962606  -12.92548078 -11.65470096
 -10.38392114  -9.11314132  -7.8423615   -6.57158168  -5.30080186
  -4.03002204  -2.75924222  -1.4884624   -0.21768258   1.05309724
   2.32387706   3.59465688   4.8654367    6.13621652   7.40699634
   8.67777616   9.94855598  11.2193358   12.49011562  13.76089544
  15.03167526  16.30245508  17.5732349   18.84401472  20.11479454
  21.38557436  22.65635418  23.927134    25.19791382  26.46869364
  27.73947346  29.01025328  30.2810331   31.55181292  32.82259275
  34.09337257  35.36415239  36.63493221  37.90571203  39.17649185
  40.44727167  41.71805149  42.98883131  44.25961113  45.53039095
  46.80117077  48.07195059  49.34273041  50.61351023  51.88429005
  53.15506987  54.42584969  55.69662951  56.96740933  58.23818915
  59.50896897  60.77974879  62.05052861  63.32130843  64.59208825
  65.86286807]
Frequencies: [6.00000000e+00 2.90000000e+01 9.20000000e+01 1.88000000e+02
 3.54000000e+02 5.29000000e+02 9.17000000e+02 1.53000000e+03
 2.60800000e+03 4.12100000e+03 6.45000000e+03 9.67900000e+03
 1.43590000e+04 2.04050000e+04 2.88040000e+04 3.85730000e+04
 5.40100000e+04 7.42520000e+04 1.02046000e+05 1.39517000e+05
 1.85157000e+05 2.49909000e+05 3.39181000e+05 4.57998000e+05
 6.18797000e+05 8.37834000e+05 1.13909100e+06 1.54101600e+06
 2.08325000e+06 2.82607900e+06 3.83911900e+06 5.21534900e+06
 7.07086100e+06 9.55969300e+06 1.28854430e+07 1.73873000e+07
 2.34502750e+07 3.15545390e+07 4.24814310e+07 5.72581810e+07
 7.71820390e+07 1.03961973e+08 1.39963926e+08 1.88008455e+08
 2.49920637e+08 3.23119765e+08 3.95252231e+08 4.45002393e+08
 4.56597258e+08 4.26804150e+08 3.66516282e+08 2.93545322e+08
 2.24154534e+08 1.66620656e+08 1.22775501e+08 9.03413030e+07
 6.65320000e+07 4.90678940e+07 3.61248400e+07 2.65512570e+07
 1.94156550e+07 1.41058110e+07 1.02313930e+07 7.42673700e+06
 5.40382900e+06 3.93312800e+06 2.86235600e+06 2.09381000e+06
 1.53855600e+06 1.13893700e+06 8.48840000e+05 6.37526000e+05
 4.80979000e+05 3.65449000e+05 2.79148000e+05 2.15002000e+05
 1.65084000e+05 1.26393000e+05 9.77410000e+04 7.45950000e+04
 5.68910000e+04 4.39180000e+04 3.31880000e+04 2.50840000e+04
 1.85890000e+04 1.35560000e+04 9.70600000e+03 6.84800000e+03
 4.66600000e+03 3.21800000e+03 2.20800000e+03 1.41500000e+03
 9.12000000e+02 5.47000000e+02 3.89000000e+02 2.51000000e+02
 1.27000000e+02 8.30000000e+01 3.70000000e+01 1.00000000e+01]
