Standard Deviation: 6.493794051215591e-07
Skewness: 3.2407241586287228
Kurtosis: 31.928519266361945
Median: 1.526724554340514e-06
Mean: 1.6617466507792639e-06
Deciles: [1.32078885e-06 1.83109784e-06]
Minimum: 1e-12
Maximum: 8.792869911255881e-05
Bin Edges: [1.00000000e-12 8.79287981e-07 1.75857496e-06 2.63786194e-06
 3.51714892e-06 4.39643591e-06 5.27572289e-06 6.15500987e-06
 7.03429685e-06 7.91358383e-06 8.79287081e-06 9.67215779e-06
 1.05514448e-05 1.14307318e-05 1.23100187e-05 1.31893057e-05
 1.40685927e-05 1.49478797e-05 1.58271667e-05 1.67064536e-05
 1.75857406e-05 1.84650276e-05 1.93443146e-05 2.02236016e-05
 2.11028885e-05 2.19821755e-05 2.28614625e-05 2.37407495e-05
 2.46200365e-05 2.54993235e-05 2.63786104e-05 2.72578974e-05
 2.81371844e-05 2.90164714e-05 2.98957584e-05 3.07750453e-05
 3.16543323e-05 3.25336193e-05 3.34129063e-05 3.42921933e-05
 3.51714802e-05 3.60507672e-05 3.69300542e-05 3.78093412e-05
 3.86886282e-05 3.95679152e-05 4.04472021e-05 4.13264891e-05
 4.22057761e-05 4.30850631e-05 4.39643501e-05 4.48436370e-05
 4.57229240e-05 4.66022110e-05 4.74814980e-05 4.83607850e-05
 4.92400719e-05 5.01193589e-05 5.09986459e-05 5.18779329e-05
 5.27572199e-05 5.36365068e-05 5.45157938e-05 5.53950808e-05
 5.62743678e-05 5.71536548e-05 5.80329418e-05 5.89122287e-05
 5.97915157e-05 6.06708027e-05 6.15500897e-05 6.24293767e-05
 6.33086636e-05 6.41879506e-05 6.50672376e-05 6.59465246e-05
 6.68258116e-05 6.77050985e-05 6.85843855e-05 6.94636725e-05
 7.03429595e-05 7.12222465e-05 7.21015335e-05 7.29808204e-05
 7.38601074e-05 7.47393944e-05 7.56186814e-05 7.64979684e-05
 7.73772553e-05 7.82565423e-05 7.91358293e-05 8.00151163e-05
 8.08944033e-05 8.17736902e-05 8.26529772e-05 8.35322642e-05
 8.44115512e-05 8.52908382e-05 8.61701252e-05 8.70494121e-05
 8.79286991e-05]
Frequencies: [1.65569997e+08 3.00399448e+09 1.08264924e+09 1.96002531e+08
 5.85418680e+07 2.02516460e+07 7.82235600e+06 3.23116700e+06
 1.47858200e+06 7.19903000e+05 3.70475000e+05 2.02384000e+05
 1.16488000e+05 7.05190000e+04 4.47620000e+04 2.96900000e+04
 2.06460000e+04 1.50360000e+04 1.10710000e+04 8.69800000e+03
 6.42900000e+03 5.02300000e+03 3.96900000e+03 3.00300000e+03
 2.48000000e+03 1.90100000e+03 1.53000000e+03 1.26500000e+03
 1.06000000e+03 8.36000000e+02 7.01000000e+02 6.47000000e+02
 5.28000000e+02 4.53000000e+02 3.27000000e+02 2.91000000e+02
 2.39000000e+02 2.53000000e+02 2.47000000e+02 1.69000000e+02
 1.56000000e+02 1.31000000e+02 1.19000000e+02 8.10000000e+01
 7.40000000e+01 7.20000000e+01 6.00000000e+01 4.10000000e+01
 6.60000000e+01 4.10000000e+01 3.20000000e+01 2.70000000e+01
 2.90000000e+01 2.80000000e+01 2.20000000e+01 1.90000000e+01
 9.00000000e+00 2.10000000e+01 1.20000000e+01 1.00000000e+01
 3.00000000e+00 7.00000000e+00 2.00000000e+00 5.00000000e+00
 4.00000000e+00 6.00000000e+00 2.00000000e+00 4.00000000e+00
 2.00000000e+00 4.00000000e+00 3.00000000e+00 0.00000000e+00
 0.00000000e+00 1.00000000e+00 2.00000000e+00 0.00000000e+00
 1.00000000e+00 1.00000000e+00 0.00000000e+00 0.00000000e+00
 1.00000000e+00 1.00000000e+00 1.00000000e+00 2.00000000e+00
 2.00000000e+00 0.00000000e+00 0.00000000e+00 0.00000000e+00
 1.00000000e+00 0.00000000e+00 0.00000000e+00 0.00000000e+00
 0.00000000e+00 0.00000000e+00 0.00000000e+00 0.00000000e+00
 0.00000000e+00 0.00000000e+00 0.00000000e+00 1.00000000e+00]
