Standard Deviation: 3.549016962991918e-05
Skewness: 5.135697862757437
Kurtosis: 34.591024501557925
Median: 0.0
Mean: 1.046924744517839e-05
Deciles: [0.0000000e+00 6.6174449e-24]
Minimum: 0.0
Maximum: 0.0016723061940513396
Bin Edges: [0.00000000e+00 1.67230619e-05 3.34461239e-05 5.01691858e-05
 6.68922478e-05 8.36153097e-05 1.00338372e-04 1.17061434e-04
 1.33784496e-04 1.50507557e-04 1.67230619e-04 1.83953681e-04
 2.00676743e-04 2.17399805e-04 2.34122867e-04 2.50845929e-04
 2.67568991e-04 2.84292053e-04 3.01015115e-04 3.17738177e-04
 3.34461239e-04 3.51184301e-04 3.67907363e-04 3.84630425e-04
 4.01353487e-04 4.18076549e-04 4.34799610e-04 4.51522672e-04
 4.68245734e-04 4.84968796e-04 5.01691858e-04 5.18414920e-04
 5.35137982e-04 5.51861044e-04 5.68584106e-04 5.85307168e-04
 6.02030230e-04 6.18753292e-04 6.35476354e-04 6.52199416e-04
 6.68922478e-04 6.85645540e-04 7.02368602e-04 7.19091663e-04
 7.35814725e-04 7.52537787e-04 7.69260849e-04 7.85983911e-04
 8.02706973e-04 8.19430035e-04 8.36153097e-04 8.52876159e-04
 8.69599221e-04 8.86322283e-04 9.03045345e-04 9.19768407e-04
 9.36491469e-04 9.53214531e-04 9.69937593e-04 9.86660654e-04
 1.00338372e-03 1.02010678e-03 1.03682984e-03 1.05355290e-03
 1.07027596e-03 1.08699903e-03 1.10372209e-03 1.12044515e-03
 1.13716821e-03 1.15389127e-03 1.17061434e-03 1.18733740e-03
 1.20406046e-03 1.22078352e-03 1.23750658e-03 1.25422965e-03
 1.27095271e-03 1.28767577e-03 1.30439883e-03 1.32112189e-03
 1.33784496e-03 1.35456802e-03 1.37129108e-03 1.38801414e-03
 1.40473720e-03 1.42146026e-03 1.43818333e-03 1.45490639e-03
 1.47162945e-03 1.48835251e-03 1.50507557e-03 1.52179864e-03
 1.53852170e-03 1.55524476e-03 1.57196782e-03 1.58869088e-03
 1.60541395e-03 1.62213701e-03 1.63886007e-03 1.65558313e-03
 1.67230619e-03]
Frequencies: [3.99979723e+09 1.32603964e+08 8.86671000e+07 6.68208450e+07
 5.22873690e+07 4.17234010e+07 3.36311090e+07 2.71413500e+07
 2.17444440e+07 1.73106880e+07 1.36929310e+07 1.07385480e+07
 8.33137500e+06 6.37693800e+06 4.82973800e+06 3.64384100e+06
 2.74516700e+06 2.08172700e+06 1.58871500e+06 1.21952300e+06
 9.39303000e+05 7.28583000e+05 5.66663000e+05 4.40413000e+05
 3.42962000e+05 2.67699000e+05 2.06852000e+05 1.60983000e+05
 1.25695000e+05 9.80020000e+04 7.65180000e+04 5.85350000e+04
 4.54930000e+04 3.52340000e+04 2.68450000e+04 2.10200000e+04
 1.60250000e+04 1.22670000e+04 9.47400000e+03 7.15100000e+03
 5.73300000e+03 4.30600000e+03 3.24200000e+03 2.38500000e+03
 1.74200000e+03 1.25600000e+03 9.50000000e+02 7.12000000e+02
 5.15000000e+02 3.54000000e+02 2.90000000e+02 1.95000000e+02
 1.55000000e+02 1.29000000e+02 7.50000000e+01 5.40000000e+01
 4.10000000e+01 3.50000000e+01 3.10000000e+01 1.70000000e+01
 1.30000000e+01 1.20000000e+01 7.00000000e+00 3.00000000e+00
 3.00000000e+00 1.00000000e+00 2.00000000e+00 3.00000000e+00
 2.00000000e+00 3.00000000e+00 2.00000000e+00 2.00000000e+00
 1.00000000e+00 0.00000000e+00 0.00000000e+00 1.00000000e+00
 1.00000000e+00 0.00000000e+00 0.00000000e+00 0.00000000e+00
 1.00000000e+00 0.00000000e+00 0.00000000e+00 1.00000000e+00
 0.00000000e+00 0.00000000e+00 0.00000000e+00 0.00000000e+00
 0.00000000e+00 0.00000000e+00 0.00000000e+00 0.00000000e+00
 0.00000000e+00 0.00000000e+00 0.00000000e+00 0.00000000e+00
 0.00000000e+00 0.00000000e+00 0.00000000e+00 1.00000000e+00]
