Standard Deviation: 19.16519736015382
Skewness: -0.03674806595099486
Kurtosis: 0.2296705984137537
Median: 15.645412662557462
Mean: 15.77163434505011
Deciles: [ 3.42447199 28.42102855]
Minimum: -61.1838912367763
Maximum: 111.90509547739572
Bin Edges: [-61.18389124 -59.45300137 -57.7221115  -55.99122164 -54.26033177
 -52.5294419  -50.79855203 -49.06766217 -47.3367723  -45.60588243
 -43.87499257 -42.1441027  -40.41321283 -38.68232296 -36.9514331
 -35.22054323 -33.48965336 -31.7587635  -30.02787363 -28.29698376
 -26.56609389 -24.83520403 -23.10431416 -21.37342429 -19.64253443
 -17.91164456 -16.18075469 -14.44986482 -12.71897496 -10.98808509
  -9.25719522  -7.52630536  -5.79541549  -4.06452562  -2.33363575
  -0.60274589   1.12814398   2.85903385   4.58992371   6.32081358
   8.05170345   9.78259332  11.51348318  13.24437305  14.97526292
  16.70615278  18.43704265  20.16793252  21.89882239  23.62971225
  25.36060212  27.09149199  28.82238185  30.55327172  32.28416159
  34.01505146  35.74594132  37.47683119  39.20772106  40.93861092
  42.66950079  44.40039066  46.13128053  47.86217039  49.59306026
  51.32395013  53.05483999  54.78572986  56.51661973  58.2475096
  59.97839946  61.70928933  63.4401792   65.17106906  66.90195893
  68.6328488   70.36373867  72.09462853  73.8255184   75.55640827
  77.28729813  79.018188    80.74907787  82.47996774  84.2108576
  85.94174747  87.67263734  89.4035272   91.13441707  92.86530694
  94.59619681  96.32708667  98.05797654  99.78886641 101.51975627
 103.25064614 104.98153601 106.71242588 108.44331574 110.17420561
 111.90509548]
Frequencies: [6.10000000e+01 9.19000000e+02 5.38800000e+03 3.11470000e+04
 1.19187000e+05 4.09576000e+05 1.14943900e+06 1.26644700e+06
 1.65277000e+06 2.12955400e+06 2.69171700e+06 3.34078900e+06
 4.08967300e+06 5.01035700e+06 6.12807800e+06 7.42244000e+06
 8.89035100e+06 1.06015580e+07 1.25081820e+07 1.46336510e+07
 1.69794800e+07 1.95832770e+07 2.23777560e+07 2.54930860e+07
 2.89069060e+07 3.28023900e+07 3.70776260e+07 4.19878810e+07
 4.76894200e+07 5.44821460e+07 6.25747370e+07 7.21264540e+07
 8.32589800e+07 9.57421050e+07 1.09137062e+08 1.22449076e+08
 1.34413616e+08 1.44244614e+08 1.52161316e+08 1.58182805e+08
 1.62427541e+08 1.65357407e+08 1.66918257e+08 1.67410325e+08
 1.66891553e+08 1.65369980e+08 1.62840135e+08 1.59045022e+08
 1.54047621e+08 1.47904225e+08 1.40903900e+08 1.33179916e+08
 1.24971971e+08 1.16435695e+08 1.07471831e+08 9.82518610e+07
 8.89155960e+07 7.98490040e+07 7.11940340e+07 6.28204980e+07
 5.49740800e+07 4.78135590e+07 4.12997800e+07 3.53660940e+07
 3.01672980e+07 2.55708130e+07 2.16037510e+07 1.81280540e+07
 1.51584660e+07 1.25698680e+07 1.03963980e+07 8.56434700e+06
 7.00208900e+06 5.69386200e+06 4.59725000e+06 3.70256200e+06
 2.95418600e+06 2.34440500e+06 1.82607200e+06 1.41693400e+06
 1.08255100e+06 8.32112000e+05 6.26369000e+05 4.64436000e+05
 3.38596000e+05 2.44900000e+05 1.71569000e+05 1.18388000e+05
 7.87330000e+04 5.02300000e+04 3.04500000e+04 1.76690000e+04
 1.04650000e+04 4.44600000e+03 2.76500000e+03 1.29400000e+03
 4.88000000e+02 2.26000000e+02 4.00000000e+01 1.60000000e+01]
