Standard Deviation: 14.010910696561336
Skewness: -1.4367426031954524
Kurtosis: 2.5052477726669595
Median: 291.73652088577984
Mean: 287.417621591577
Deciles: [280.20555973 297.71862019]
Minimum: 198.87072289798775
Maximum: 324.1832030686895
Bin Edges: [198.8707229  200.1238477  201.3769725  202.6300973  203.8832221
 205.13634691 206.38947171 207.64259651 208.89572131 210.14884611
 211.40197092 212.65509572 213.90822052 215.16134532 216.41447012
 217.66759492 218.92071973 220.17384453 221.42696933 222.68009413
 223.93321893 225.18634373 226.43946854 227.69259334 228.94571814
 230.19884294 231.45196774 232.70509254 233.95821735 235.21134215
 236.46446695 237.71759175 238.97071655 240.22384135 241.47696616
 242.73009096 243.98321576 245.23634056 246.48946536 247.74259016
 248.99571497 250.24883977 251.50196457 252.75508937 254.00821417
 255.26133897 256.51446378 257.76758858 259.02071338 260.27383818
 261.52696298 262.78008779 264.03321259 265.28633739 266.53946219
 267.79258699 269.04571179 270.2988366  271.5519614  272.8050862
 274.058211   275.3113358  276.5644606  277.81758541 279.07071021
 280.32383501 281.57695981 282.83008461 284.08320941 285.33633422
 286.58945902 287.84258382 289.09570862 290.34883342 291.60195822
 292.85508303 294.10820783 295.36133263 296.61445743 297.86758223
 299.12070703 300.37383184 301.62695664 302.88008144 304.13320624
 305.38633104 306.63945584 307.89258065 309.14570545 310.39883025
 311.65195505 312.90507985 314.15820466 315.41132946 316.66445426
 317.91757906 319.17070386 320.42382866 321.67695347 322.93007827
 324.18320307]
Frequencies: [4.30000000e+01 7.90000000e+01 9.70000000e+01 2.15000000e+02
 8.39000000e+02 2.70800000e+03 6.77100000e+03 1.53250000e+04
 3.27570000e+04 6.19320000e+04 1.10973000e+05 1.75452000e+05
 2.60325000e+05 3.76758000e+05 5.26296000e+05 7.08650000e+05
 9.14268000e+05 1.11677800e+06 1.33377500e+06 1.53456400e+06
 1.72504400e+06 1.90459600e+06 2.03963700e+06 2.15542200e+06
 2.28155700e+06 2.42836200e+06 2.56159000e+06 2.71290600e+06
 2.90027400e+06 3.17474100e+06 3.60650500e+06 4.19627800e+06
 4.92664700e+06 5.79123000e+06 6.78335800e+06 7.84702300e+06
 8.99805000e+06 1.00853950e+07 1.11155510e+07 1.20714390e+07
 1.28316500e+07 1.34864460e+07 1.41301790e+07 1.48495090e+07
 1.54305010e+07 1.58950280e+07 1.64953630e+07 1.72330630e+07
 1.81442410e+07 1.92038240e+07 2.04629160e+07 2.22643720e+07
 2.46477640e+07 2.78289180e+07 3.25124380e+07 4.02200660e+07
 5.27240230e+07 6.93306440e+07 8.10124770e+07 7.97211590e+07
 7.92053680e+07 8.15957150e+07 8.54162300e+07 8.94619840e+07
 9.37337530e+07 9.80668280e+07 1.02470161e+08 1.07114421e+08
 1.12727162e+08 1.19490435e+08 1.27837750e+08 1.36998010e+08
 1.46606574e+08 1.57364018e+08 1.70418498e+08 1.88732695e+08
 2.15938931e+08 2.65337459e+08 3.61617243e+08 4.34596655e+08
 3.44609356e+08 9.92546940e+07 4.89167390e+07 3.76073310e+07
 3.01536390e+07 2.43426740e+07 1.94671410e+07 1.52260500e+07
 1.14529470e+07 8.16660000e+06 5.41719700e+06 3.35635800e+06
 1.90926900e+06 9.76940000e+05 4.51735000e+05 1.72741000e+05
 4.94160000e+04 1.19950000e+04 2.21900000e+03 2.78000000e+02]
