Standard Deviation: 11.150314383942447
Skewness: -0.8749288407015724
Kurtosis: 1.5150690066897896
Median: 224.4857962038447
Mean: 223.08284190074298
Deciles: [218.29113371 229.8150984 ]
Minimum: 140.48583491991965
Maximum: 290.6118292135965
Bin Edges: [140.48583492 141.98709486 143.48835481 144.98961475 146.49087469
 147.99213463 149.49339458 150.99465452 152.49591446 153.99717441
 155.49843435 156.99969429 158.50095424 160.00221418 161.50347412
 163.00473406 164.50599401 166.00725395 167.50851389 169.00977384
 170.51103378 172.01229372 173.51355366 175.01481361 176.51607355
 178.01733349 179.51859344 181.01985338 182.52111332 184.02237327
 185.52363321 187.02489315 188.52615309 190.02741304 191.52867298
 193.02993292 194.53119287 196.03245281 197.53371275 199.03497269
 200.53623264 202.03749258 203.53875252 205.04001247 206.54127241
 208.04253235 209.5437923  211.04505224 212.54631218 214.04757212
 215.54883207 217.05009201 218.55135195 220.0526119  221.55387184
 223.05513178 224.55639172 226.05765167 227.55891161 229.06017155
 230.5614315  232.06269144 233.56395138 235.06521132 236.56647127
 238.06773121 239.56899115 241.0702511  242.57151104 244.07277098
 245.57403093 247.07529087 248.57655081 250.07781075 251.5790707
 253.08033064 254.58159058 256.08285053 257.58411047 259.08537041
 260.58663035 262.0878903  263.58915024 265.09041018 266.59167013
 268.09293007 269.59419001 271.09544996 272.5967099  274.09796984
 275.59922978 277.10048973 278.60174967 280.10300961 281.60426956
 283.1055295  284.60678944 286.10804938 287.60930933 289.11056927
 290.61182921]
Frequencies: [3.00000000e+01 5.50000000e+01 1.09000000e+02 9.90000000e+01
 1.23000000e+02 1.47000000e+02 3.25000000e+02 3.94000000e+02
 6.71000000e+02 9.19000000e+02 1.54800000e+03 2.62200000e+03
 4.00700000e+03 5.79300000e+03 9.54000000e+03 1.55580000e+04
 2.53310000e+04 4.18820000e+04 6.80250000e+04 1.10060000e+05
 1.77397000e+05 2.82774000e+05 4.44301000e+05 7.01740000e+05
 1.07922300e+06 1.63474100e+06 2.42608000e+06 3.54733500e+06
 5.03037100e+06 6.89410900e+06 9.14612400e+06 1.16969730e+07
 1.44780440e+07 1.73791940e+07 2.01724650e+07 2.27549890e+07
 2.50886470e+07 2.73804180e+07 2.96059830e+07 3.17673280e+07
 3.41105920e+07 3.66541710e+07 3.97650570e+07 4.36170690e+07
 4.86778730e+07 5.53363990e+07 6.46292920e+07 7.76906960e+07
 9.46345410e+07 1.16983766e+08 1.45245389e+08 1.79799035e+08
 2.19284078e+08 2.61583204e+08 3.02219179e+08 3.34600092e+08
 3.47346808e+08 3.34601158e+08 3.01478144e+08 2.58702699e+08
 2.14891253e+08 1.75542122e+08 1.42233658e+08 1.14803861e+08
 9.21171660e+07 7.31554510e+07 5.71650460e+07 4.33651050e+07
 3.20234780e+07 2.28416490e+07 1.58309810e+07 1.05562920e+07
 6.79311700e+06 4.27899900e+06 2.62778000e+06 1.59357200e+06
 9.58586000e+05 5.75754000e+05 3.47185000e+05 2.07197000e+05
 1.25126000e+05 7.83660000e+04 4.97400000e+04 3.20360000e+04
 2.05340000e+04 1.28760000e+04 8.19000000e+03 5.15800000e+03
 3.27800000e+03 2.13800000e+03 1.29100000e+03 8.63000000e+02
 6.27000000e+02 4.16000000e+02 2.18000000e+02 1.05000000e+02
 4.50000000e+01 1.90000000e+01 1.00000000e+00 5.00000000e+00]
