Standard Deviation: 8.205810504881542
Skewness: 0.08329308203921164
Kurtosis: 2.4102308437692432
Median: -0.09841266089835299
Mean: -0.045418599386575026
Deciles: [-4.06417892  3.89557603]
Minimum: -65.7069019304487
Maximum: 75.80675809649867
Bin Edges: [-65.70690193 -64.29176533 -62.87662873 -61.46149213 -60.04635553
 -58.63121893 -57.21608233 -55.80094573 -54.38580913 -52.97067253
 -51.55553593 -50.14039933 -48.72526273 -47.31012613 -45.89498953
 -44.47985293 -43.06471633 -41.64957973 -40.23444313 -38.81930653
 -37.40416993 -35.98903332 -34.57389672 -33.15876012 -31.74362352
 -30.32848692 -28.91335032 -27.49821372 -26.08307712 -24.66794052
 -23.25280392 -21.83766732 -20.42253072 -19.00739412 -17.59225752
 -16.17712092 -14.76198432 -13.34684772 -11.93171112 -10.51657452
  -9.10143792  -7.68630132  -6.27116472  -4.85602812  -3.44089152
  -2.02575492  -0.61061832   0.80451828   2.21965488   3.63479148
   5.04992808   6.46506468   7.88020128   9.29533788  10.71047448
  12.12561108  13.54074768  14.95588428  16.37102089  17.78615749
  19.20129409  20.61643069  22.03156729  23.44670389  24.86184049
  26.27697709  27.69211369  29.10725029  30.52238689  31.93752349
  33.35266009  34.76779669  36.18293329  37.59806989  39.01320649
  40.42834309  41.84347969  43.25861629  44.67375289  46.08888949
  47.50402609  48.91916269  50.33429929  51.74943589  53.16457249
  54.57970909  55.99484569  57.40998229  58.82511889  60.24025549
  61.65539209  63.07052869  64.48566529  65.90080189  67.31593849
  68.7310751   70.1462117   71.5613483   72.9764849   74.3916215
  75.8067581 ]
Frequencies: [1.00000000e+01 4.00000000e+00 1.40000000e+01 3.70000000e+01
 8.70000000e+01 2.46000000e+02 6.88000000e+02 1.39700000e+03
 2.73400000e+03 5.20400000e+03 9.14400000e+03 1.56010000e+04
 2.56540000e+04 4.12770000e+04 6.49540000e+04 1.00106000e+05
 1.51716000e+05 2.26144000e+05 3.30829000e+05 4.85775000e+05
 6.96304000e+05 9.82352000e+05 1.37297500e+06 1.87980600e+06
 2.54577600e+06 3.40460600e+06 4.50609600e+06 5.92714600e+06
 7.71640900e+06 9.93273500e+06 1.27189710e+07 1.61409920e+07
 2.03775730e+07 2.55716400e+07 3.19866450e+07 3.98167760e+07
 4.95045140e+07 6.16423610e+07 7.71158020e+07 9.75553340e+07
 1.25418918e+08 1.64486273e+08 2.19181861e+08 2.92123242e+08
 3.76820002e+08 4.48445995e+08 4.70759731e+08 4.29958045e+08
 3.50617256e+08 2.67722071e+08 2.00597030e+08 1.51497826e+08
 1.16756457e+08 9.15149170e+07 7.26517350e+07 5.81702470e+07
 4.67643160e+07 3.76899400e+07 3.04192560e+07 2.44978470e+07
 1.97058220e+07 1.57802160e+07 1.25910600e+07 1.00139710e+07
 7.93099500e+06 6.23309400e+06 4.87110400e+06 3.77784600e+06
 2.90447600e+06 2.23294000e+06 1.69301300e+06 1.27251300e+06
 9.40555000e+05 6.83622000e+05 4.89993000e+05 3.47907000e+05
 2.44351000e+05 1.70496000e+05 1.13898000e+05 7.72680000e+04
 5.22580000e+04 3.53790000e+04 2.40280000e+04 1.55020000e+04
 1.07370000e+04 7.41900000e+03 4.96600000e+03 3.20900000e+03
 2.03500000e+03 1.34500000e+03 9.17000000e+02 5.40000000e+02
 3.55000000e+02 2.13000000e+02 1.87000000e+02 1.19000000e+02
 9.80000000e+01 7.30000000e+01 5.00000000e+01 3.10000000e+01]
