Standard Deviation: 3.06098447792433e-18
Skewness: 13.580375994708598
Kurtosis: 389.3595394710574
Median: 1.4970299376589606e-19
Mean: 9.108972332772222e-19
Deciles: [8.01124013e-20 3.04530946e-19]
Minimum: 2.0343111217631198e-26
Maximum: 2.111187874517697e-16
Bin Edges: [2.03431112e-26 2.11118789e-18 4.22237577e-18 6.33356364e-18
 8.44475152e-18 1.05559394e-17 1.26671273e-17 1.47783151e-17
 1.68895030e-17 1.90006909e-17 2.11118788e-17 2.32230666e-17
 2.53342545e-17 2.74454424e-17 2.95566303e-17 3.16678181e-17
 3.37790060e-17 3.58901939e-17 3.80013818e-17 4.01125696e-17
 4.22237575e-17 4.43349454e-17 4.64461333e-17 4.85573211e-17
 5.06685090e-17 5.27796969e-17 5.48908848e-17 5.70020726e-17
 5.91132605e-17 6.12244484e-17 6.33356362e-17 6.54468241e-17
 6.75580120e-17 6.96691999e-17 7.17803877e-17 7.38915756e-17
 7.60027635e-17 7.81139514e-17 8.02251392e-17 8.23363271e-17
 8.44475150e-17 8.65587029e-17 8.86698907e-17 9.07810786e-17
 9.28922665e-17 9.50034544e-17 9.71146422e-17 9.92258301e-17
 1.01337018e-16 1.03448206e-16 1.05559394e-16 1.07670582e-16
 1.09781769e-16 1.11892957e-16 1.14004145e-16 1.16115333e-16
 1.18226521e-16 1.20337709e-16 1.22448897e-16 1.24560085e-16
 1.26671272e-16 1.28782460e-16 1.30893648e-16 1.33004836e-16
 1.35116024e-16 1.37227212e-16 1.39338400e-16 1.41449588e-16
 1.43560775e-16 1.45671963e-16 1.47783151e-16 1.49894339e-16
 1.52005527e-16 1.54116715e-16 1.56227903e-16 1.58339091e-16
 1.60450278e-16 1.62561466e-16 1.64672654e-16 1.66783842e-16
 1.68895030e-16 1.71006218e-16 1.73117406e-16 1.75228594e-16
 1.77339781e-16 1.79450969e-16 1.81562157e-16 1.83673345e-16
 1.85784533e-16 1.87895721e-16 1.90006909e-16 1.92118097e-16
 1.94229284e-16 1.96340472e-16 1.98451660e-16 2.00562848e-16
 2.02674036e-16 2.04785224e-16 2.06896412e-16 2.09007600e-16
 2.11118787e-16]
Frequencies: [4.09507005e+09 1.34965319e+08 1.13188063e+08 9.99724600e+07
 3.97150010e+07 1.79851980e+07 1.11966500e+07 7.19166500e+06
 5.36287400e+06 4.18143100e+06 2.78918900e+06 1.88454100e+06
 1.34570900e+06 9.62080000e+05 7.20861000e+05 5.73117000e+05
 4.59462000e+05 3.85863000e+05 3.26880000e+05 2.69844000e+05
 2.27724000e+05 2.01205000e+05 1.80196000e+05 1.58499000e+05
 1.42148000e+05 1.31674000e+05 1.19048000e+05 1.03793000e+05
 9.21640000e+04 8.13160000e+04 7.19520000e+04 6.53580000e+04
 6.16650000e+04 5.78510000e+04 5.37900000e+04 5.04860000e+04
 4.68360000e+04 4.52910000e+04 4.35720000e+04 4.13810000e+04
 3.95890000e+04 3.83560000e+04 3.69750000e+04 3.58560000e+04
 3.48530000e+04 3.35360000e+04 3.11350000e+04 2.95250000e+04
 2.76010000e+04 2.61010000e+04 2.51880000e+04 2.39400000e+04
 2.26240000e+04 2.09800000e+04 1.99560000e+04 1.86770000e+04
 1.70760000e+04 1.56480000e+04 1.43160000e+04 1.30980000e+04
 1.18340000e+04 1.06730000e+04 1.02130000e+04 9.27400000e+03
 8.83100000e+03 8.13500000e+03 7.75700000e+03 6.96500000e+03
 6.45300000e+03 5.86100000e+03 5.49000000e+03 4.94100000e+03
 4.51900000e+03 4.08000000e+03 3.60400000e+03 3.46900000e+03
 3.14700000e+03 2.77300000e+03 2.72000000e+03 2.43800000e+03
 2.17700000e+03 2.05800000e+03 1.84100000e+03 1.51200000e+03
 1.32100000e+03 1.07900000e+03 8.42000000e+02 7.16000000e+02
 5.39000000e+02 4.03000000e+02 3.39000000e+02 1.99000000e+02
 1.42000000e+02 1.23000000e+02 1.16000000e+02 7.70000000e+01
 4.40000000e+01 3.50000000e+01 1.50000000e+01 7.00000000e+00]
