Standard Deviation: 12.190076933255542
Skewness: -1.1455775932704466
Kurtosis: 1.086492696831625
Median: 283.4169305867754
Mean: 279.40614444391787
Deciles: [271.87645342 289.05701279]
Minimum: 215.79819069142056
Maximum: 307.56935573173797
Bin Edges: [215.79819069 216.71590234 217.63361399 218.55132564 219.46903729
 220.38674894 221.30446059 222.22217224 223.13988389 224.05759555
 224.9753072  225.89301885 226.8107305  227.72844215 228.6461538
 229.56386545 230.4815771  231.39928875 232.3170004  233.23471205
 234.1524237  235.07013535 235.987847   236.90555865 237.8232703
 238.74098195 239.6586936  240.57640525 241.4941169  242.41182855
 243.3295402  244.24725185 245.1649635  246.08267515 247.00038681
 247.91809846 248.83581011 249.75352176 250.67123341 251.58894506
 252.50665671 253.42436836 254.34208001 255.25979166 256.17750331
 257.09521496 258.01292661 258.93063826 259.84834991 260.76606156
 261.68377321 262.60148486 263.51919651 264.43690816 265.35461981
 266.27233146 267.19004311 268.10775476 269.02546641 269.94317807
 270.86088972 271.77860137 272.69631302 273.61402467 274.53173632
 275.44944797 276.36715962 277.28487127 278.20258292 279.12029457
 280.03800622 280.95571787 281.87342952 282.79114117 283.70885282
 284.62656447 285.54427612 286.46198777 287.37969942 288.29741107
 289.21512272 290.13283437 291.05054602 291.96825767 292.88596933
 293.80368098 294.72139263 295.63910428 296.55681593 297.47452758
 298.39223923 299.30995088 300.22766253 301.14537418 302.06308583
 302.98079748 303.89850913 304.81622078 305.73393243 306.65164408
 307.56935573]
Frequencies: [8.38000000e+02 4.59600000e+03 1.23380000e+04 2.67250000e+04
 4.92960000e+04 9.32060000e+04 1.55673000e+05 2.41148000e+05
 3.58905000e+05 4.96940000e+05 6.73717000e+05 8.61479000e+05
 1.07226900e+06 1.27897300e+06 1.49550200e+06 1.70249800e+06
 1.87309600e+06 2.05715100e+06 2.24341500e+06 2.39107000e+06
 2.56456900e+06 2.71808200e+06 2.90432000e+06 3.06973300e+06
 3.28327600e+06 3.52497100e+06 3.80603200e+06 4.16435000e+06
 4.56516800e+06 5.01355900e+06 5.57076200e+06 6.28822900e+06
 7.12120500e+06 8.10018700e+06 9.13931000e+06 1.02919260e+07
 1.14900970e+07 1.28175380e+07 1.42364000e+07 1.57452390e+07
 1.74381970e+07 1.93249130e+07 2.11792280e+07 2.30949890e+07
 2.54265000e+07 2.81189620e+07 3.12454330e+07 3.49598390e+07
 3.91674830e+07 4.35460210e+07 4.77083960e+07 5.14921750e+07
 5.46792930e+07 5.75336420e+07 6.01346570e+07 6.28773250e+07
 6.56510470e+07 6.87752980e+07 7.14547370e+07 7.39176160e+07
 7.58930370e+07 7.71867770e+07 7.81181440e+07 7.92049920e+07
 8.05853430e+07 8.21231560e+07 8.39775140e+07 8.60873580e+07
 8.87439980e+07 9.23045960e+07 9.72004310e+07 1.03853108e+08
 1.12171493e+08 1.21746886e+08 1.32628201e+08 1.44580400e+08
 1.59377308e+08 1.82086823e+08 2.23983880e+08 3.15878305e+08
 3.94513308e+08 2.83983313e+08 1.49853208e+08 8.70173660e+07
 5.43074810e+07 3.48674910e+07 2.28923540e+07 1.52696150e+07
 1.04341800e+07 7.11125400e+06 4.72511400e+06 3.03942500e+06
 1.89579400e+06 1.16343600e+06 6.58571000e+05 3.13310000e+05
 1.25582000e+05 4.06120000e+04 1.01840000e+04 1.11300000e+03]
