Standard Deviation: 2.356404237812864e-05
Skewness: 15.803387726791629
Kurtosis: 378.8664832938303
Median: 0.0
Mean: 3.60845148551548e-06
Deciles: [0.00000000e+00 8.42594351e-35]
Minimum: 0.0
Maximum: 0.002358992156293956
Bin Edges: [0.00000000e+00 2.35899216e-05 4.71798431e-05 7.07697647e-05
 9.43596863e-05 1.17949608e-04 1.41539529e-04 1.65129451e-04
 1.88719373e-04 2.12309294e-04 2.35899216e-04 2.59489137e-04
 2.83079059e-04 3.06668980e-04 3.30258902e-04 3.53848823e-04
 3.77438745e-04 4.01028667e-04 4.24618588e-04 4.48208510e-04
 4.71798431e-04 4.95388353e-04 5.18978274e-04 5.42568196e-04
 5.66158118e-04 5.89748039e-04 6.13337961e-04 6.36927882e-04
 6.60517804e-04 6.84107725e-04 7.07697647e-04 7.31287568e-04
 7.54877490e-04 7.78467412e-04 8.02057333e-04 8.25647255e-04
 8.49237176e-04 8.72827098e-04 8.96417019e-04 9.20006941e-04
 9.43596863e-04 9.67186784e-04 9.90776706e-04 1.01436663e-03
 1.03795655e-03 1.06154647e-03 1.08513639e-03 1.10872631e-03
 1.13231624e-03 1.15590616e-03 1.17949608e-03 1.20308600e-03
 1.22667592e-03 1.25026584e-03 1.27385576e-03 1.29744569e-03
 1.32103561e-03 1.34462553e-03 1.36821545e-03 1.39180537e-03
 1.41539529e-03 1.43898522e-03 1.46257514e-03 1.48616506e-03
 1.50975498e-03 1.53334490e-03 1.55693482e-03 1.58052474e-03
 1.60411467e-03 1.62770459e-03 1.65129451e-03 1.67488443e-03
 1.69847435e-03 1.72206427e-03 1.74565420e-03 1.76924412e-03
 1.79283404e-03 1.81642396e-03 1.84001388e-03 1.86360380e-03
 1.88719373e-03 1.91078365e-03 1.93437357e-03 1.95796349e-03
 1.98155341e-03 2.00514333e-03 2.02873325e-03 2.05232318e-03
 2.07591310e-03 2.09950302e-03 2.12309294e-03 2.14668286e-03
 2.17027278e-03 2.19386271e-03 2.21745263e-03 2.24104255e-03
 2.26463247e-03 2.28822239e-03 2.31181231e-03 2.33540223e-03
 2.35899216e-03]
Frequencies: [4.37906524e+09 6.75050770e+07 3.40963120e+07 2.01741340e+07
 1.24100150e+07 7.55211400e+06 4.68270400e+06 3.07532600e+06
 2.17235600e+06 1.63282400e+06 1.28472900e+06 1.04426500e+06
 8.68992000e+05 7.37577000e+05 6.37200000e+05 5.54292000e+05
 4.84473000e+05 4.23972000e+05 3.72798000e+05 3.27207000e+05
 2.86024000e+05 2.49762000e+05 2.17344000e+05 1.90330000e+05
 1.64860000e+05 1.42532000e+05 1.22757000e+05 1.06081000e+05
 9.11770000e+04 7.82950000e+04 6.65870000e+04 5.73180000e+04
 4.84650000e+04 4.15900000e+04 3.50880000e+04 2.94870000e+04
 2.52730000e+04 2.10620000e+04 1.77510000e+04 1.49460000e+04
 1.27580000e+04 1.03860000e+04 8.80500000e+03 7.28300000e+03
 6.28400000e+03 5.15900000e+03 4.29900000e+03 3.67700000e+03
 2.93300000e+03 2.37900000e+03 2.00200000e+03 1.70400000e+03
 1.40100000e+03 1.17400000e+03 8.82000000e+02 8.19000000e+02
 6.83000000e+02 5.70000000e+02 4.14000000e+02 3.60000000e+02
 3.11000000e+02 2.41000000e+02 2.07000000e+02 1.62000000e+02
 1.27000000e+02 1.29000000e+02 9.30000000e+01 7.40000000e+01
 7.30000000e+01 4.40000000e+01 4.70000000e+01 3.50000000e+01
 4.10000000e+01 2.20000000e+01 1.10000000e+01 1.90000000e+01
 1.10000000e+01 7.00000000e+00 1.10000000e+01 8.00000000e+00
 3.00000000e+00 4.00000000e+00 1.00000000e+00 1.00000000e+00
 4.00000000e+00 1.00000000e+00 0.00000000e+00 2.00000000e+00
 0.00000000e+00 0.00000000e+00 0.00000000e+00 1.00000000e+00
 1.00000000e+00 0.00000000e+00 0.00000000e+00 0.00000000e+00
 0.00000000e+00 0.00000000e+00 0.00000000e+00 1.00000000e+00]
