Standard Deviation: 10.737281308632632
Skewness: 0.5356120868547721
Kurtosis: 0.009341242265963334
Median: 3.112457314347343
Mean: 4.5222103873497685
Deciles: [-3.44061553 11.40485826]
Minimum: -55.57280033294366
Maximum: 70.49986112002175
Bin Edges: [-55.57280033 -54.31207372 -53.0513471  -51.79062049 -50.52989387
 -49.26916726 -48.00844065 -46.74771403 -45.48698742 -44.2262608
 -42.96553419 -41.70480757 -40.44408096 -39.18335434 -37.92262773
 -36.66190111 -35.4011745  -34.14044789 -32.87972127 -31.61899466
 -30.35826804 -29.09754143 -27.83681481 -26.5760882  -25.31536158
 -24.05463497 -22.79390836 -21.53318174 -20.27245513 -19.01172851
 -17.7510019  -16.49027528 -15.22954867 -13.96882205 -12.70809544
 -11.44736882 -10.18664221  -8.9259156   -7.66518898  -6.40446237
  -5.14373575  -3.88300914  -2.62228252  -1.36155591  -0.10082929
   1.15989732   2.42062394   3.68135055   4.94207716   6.20280378
   7.46353039   8.72425701   9.98498362  11.24571024  12.50643685
  13.76716347  15.02789008  16.2886167   17.54934331  18.81006992
  20.07079654  21.33152315  22.59224977  23.85297638  25.113703
  26.37442961  27.63515623  28.89588284  30.15660946  31.41733607
  32.67806268  33.9387893   35.19951591  36.46024253  37.72096914
  38.98169576  40.24242237  41.50314899  42.7638756   44.02460221
  45.28532883  46.54605544  47.80678206  49.06750867  50.32823529
  51.5889619   52.84968852  54.11041513  55.37114175  56.63186836
  57.89259497  59.15332159  60.4140482   61.67477482  62.93550143
  64.19622805  65.45695466  66.71768128  67.97840789  69.23913451
  70.49986112]
Frequencies: [6.00000000e+00 7.00000000e+00 1.10000000e+01 2.50000000e+01
 3.60000000e+01 1.29000000e+02 1.78000000e+02 2.74000000e+02
 4.78000000e+02 6.86000000e+02 8.57000000e+02 1.27000000e+03
 1.99600000e+03 2.88100000e+03 4.77000000e+03 7.51100000e+03
 1.10600000e+04 1.75130000e+04 2.81160000e+04 4.33110000e+04
 6.66200000e+04 1.04634000e+05 1.63313000e+05 2.55730000e+05
 4.15022000e+05 6.96199000e+05 1.19917100e+06 2.10377300e+06
 3.73832200e+06 6.53554400e+06 1.11281650e+07 1.81609080e+07
 2.86025160e+07 4.30948790e+07 6.21313240e+07 8.52783240e+07
 1.11071480e+08 1.37652825e+08 1.62712044e+08 1.84497220e+08
 2.01682541e+08 2.13740653e+08 2.20740289e+08 2.23103116e+08
 2.20927126e+08 2.15574923e+08 2.07732907e+08 1.98125879e+08
 1.87379613e+08 1.76468161e+08 1.65356826e+08 1.54407936e+08
 1.43549155e+08 1.33153011e+08 1.22960079e+08 1.13048117e+08
 1.03455332e+08 9.43424850e+07 8.54541630e+07 7.68168790e+07
 6.84902560e+07 6.04796570e+07 5.28864820e+07 4.56447030e+07
 3.88915520e+07 3.26857220e+07 2.70844040e+07 2.21178090e+07
 1.78069600e+07 1.41102670e+07 1.10364020e+07 8.55150500e+06
 6.51125000e+06 4.86544200e+06 3.58453100e+06 2.60910600e+06
 1.87797600e+06 1.32199500e+06 9.20746000e+05 6.35653000e+05
 4.34512000e+05 2.90357000e+05 1.93884000e+05 1.29604000e+05
 8.53720000e+04 5.91910000e+04 4.15050000e+04 2.76470000e+04
 1.87770000e+04 1.32070000e+04 9.58100000e+03 6.64300000e+03
 4.49300000e+03 3.04600000e+03 2.05800000e+03 1.45300000e+03
 8.08000000e+02 5.55000000e+02 3.66000000e+02 2.04000000e+02]
