Standard Deviation: 7.318409120913952e-08
Skewness: 2.799150125830534
Kurtosis: 11.719099651799123
Median: 1.7295881169873715e-06
Mean: 1.750342908857215e-06
Deciles: [1.70711626e-06 1.77911044e-06]
Minimum: 1.6028715434396263e-06
Maximum: 2.346570179790659e-06
Bin Edges: [1.60287154e-06 1.61030853e-06 1.61774552e-06 1.62518250e-06
 1.63261949e-06 1.64005648e-06 1.64749346e-06 1.65493045e-06
 1.66236743e-06 1.66980442e-06 1.67724141e-06 1.68467839e-06
 1.69211538e-06 1.69955237e-06 1.70698935e-06 1.71442634e-06
 1.72186333e-06 1.72930031e-06 1.73673730e-06 1.74417428e-06
 1.75161127e-06 1.75904826e-06 1.76648524e-06 1.77392223e-06
 1.78135922e-06 1.78879620e-06 1.79623319e-06 1.80367018e-06
 1.81110716e-06 1.81854415e-06 1.82598113e-06 1.83341812e-06
 1.84085511e-06 1.84829209e-06 1.85572908e-06 1.86316607e-06
 1.87060305e-06 1.87804004e-06 1.88547703e-06 1.89291401e-06
 1.90035100e-06 1.90778798e-06 1.91522497e-06 1.92266196e-06
 1.93009894e-06 1.93753593e-06 1.94497292e-06 1.95240990e-06
 1.95984689e-06 1.96728388e-06 1.97472086e-06 1.98215785e-06
 1.98959483e-06 1.99703182e-06 2.00446881e-06 2.01190579e-06
 2.01934278e-06 2.02677977e-06 2.03421675e-06 2.04165374e-06
 2.04909073e-06 2.05652771e-06 2.06396470e-06 2.07140168e-06
 2.07883867e-06 2.08627566e-06 2.09371264e-06 2.10114963e-06
 2.10858662e-06 2.11602360e-06 2.12346059e-06 2.13089758e-06
 2.13833456e-06 2.14577155e-06 2.15320853e-06 2.16064552e-06
 2.16808251e-06 2.17551949e-06 2.18295648e-06 2.19039347e-06
 2.19783045e-06 2.20526744e-06 2.21270443e-06 2.22014141e-06
 2.22757840e-06 2.23501538e-06 2.24245237e-06 2.24988936e-06
 2.25732634e-06 2.26476333e-06 2.27220032e-06 2.27963730e-06
 2.28707429e-06 2.29451128e-06 2.30194826e-06 2.30938525e-06
 2.31682223e-06 2.32425922e-06 2.33169621e-06 2.33913319e-06
 2.34657018e-06]
Frequencies: [1.11800000e+03 6.19270000e+04 1.08384000e+06 4.31401200e+06
 8.11881500e+06 1.40586490e+07 2.26120190e+07 3.30889970e+07
 4.77774910e+07 6.64651120e+07 8.81293610e+07 1.28153980e+08
 3.48714317e+08 3.65682661e+08 3.90161883e+08 4.32457196e+08
 3.08555624e+08 2.91334648e+08 1.89664060e+08 1.14385579e+08
 1.10224622e+08 1.20816874e+08 1.56296944e+08 2.33448703e+08
 1.61344702e+08 2.20144740e+08 2.33745079e+08 5.63092290e+07
 1.95786970e+07 1.70399650e+07 1.66477990e+07 1.71521260e+07
 1.69575180e+07 1.63694640e+07 1.78228590e+07 2.18300770e+07
 2.60433070e+07 3.03696630e+07 1.06184940e+07 9.80112200e+06
 9.21945500e+06 7.99656800e+06 7.30050700e+06 7.08519300e+06
 6.95544900e+06 6.81686500e+06 6.62969400e+06 6.12298600e+06
 5.67882900e+06 5.45523200e+06 5.85798000e+06 6.03922200e+06
 5.90337900e+06 5.72059600e+06 5.32886700e+06 4.80065000e+06
 4.35092900e+06 3.82604400e+06 3.26390100e+06 2.92748600e+06
 2.72041600e+06 2.61498600e+06 2.45938300e+06 2.27648500e+06
 2.20001600e+06 2.18786300e+06 2.18630800e+06 2.21487900e+06
 2.10727200e+06 2.05179500e+06 2.03085900e+06 2.25349800e+06
 3.13481900e+06 3.27627400e+06 2.43541200e+06 1.52751000e+06
 1.37839700e+06 1.48045100e+06 1.53618200e+06 1.51206300e+06
 1.85013700e+06 2.77005600e+06 4.51543900e+06 1.19838600e+06
 2.44543000e+05 2.01977000e+05 1.42602000e+05 1.17672000e+05
 1.14699000e+05 1.45718000e+05 1.87913000e+05 1.46977000e+05
 1.45532000e+05 1.60713000e+05 1.72014000e+05 1.83710000e+05
 1.58292000e+05 1.60097000e+05 2.88402000e+05 3.11480000e+04]
