Standard Deviation: 2.2777561005725284e-07
Skewness: 305.3040307785317
Kurtosis: 122657.96345885475
Median: 0.0
Mean: 1.314667906781537e-09
Deciles: [0. 0.]
Minimum: 0.0
Maximum: 0.00022969178283832424
Bin Edges: [0.00000000e+00 2.29691783e-06 4.59383566e-06 6.89075349e-06
 9.18767131e-06 1.14845891e-05 1.37815070e-05 1.60784248e-05
 1.83753426e-05 2.06722605e-05 2.29691783e-05 2.52660961e-05
 2.75630139e-05 2.98599318e-05 3.21568496e-05 3.44537674e-05
 3.67506853e-05 3.90476031e-05 4.13445209e-05 4.36414387e-05
 4.59383566e-05 4.82352744e-05 5.05321922e-05 5.28291101e-05
 5.51260279e-05 5.74229457e-05 5.97198635e-05 6.20167814e-05
 6.43136992e-05 6.66106170e-05 6.89075349e-05 7.12044527e-05
 7.35013705e-05 7.57982883e-05 7.80952062e-05 8.03921240e-05
 8.26890418e-05 8.49859597e-05 8.72828775e-05 8.95797953e-05
 9.18767131e-05 9.41736310e-05 9.64705488e-05 9.87674666e-05
 1.01064384e-04 1.03361302e-04 1.05658220e-04 1.07955138e-04
 1.10252056e-04 1.12548974e-04 1.14845891e-04 1.17142809e-04
 1.19439727e-04 1.21736645e-04 1.24033563e-04 1.26330481e-04
 1.28627398e-04 1.30924316e-04 1.33221234e-04 1.35518152e-04
 1.37815070e-04 1.40111988e-04 1.42408905e-04 1.44705823e-04
 1.47002741e-04 1.49299659e-04 1.51596577e-04 1.53893495e-04
 1.56190412e-04 1.58487330e-04 1.60784248e-04 1.63081166e-04
 1.65378084e-04 1.67675001e-04 1.69971919e-04 1.72268837e-04
 1.74565755e-04 1.76862673e-04 1.79159591e-04 1.81456508e-04
 1.83753426e-04 1.86050344e-04 1.88347262e-04 1.90644180e-04
 1.92941098e-04 1.95238015e-04 1.97534933e-04 1.99831851e-04
 2.02128769e-04 2.04425687e-04 2.06722605e-04 2.09019522e-04
 2.11316440e-04 2.13613358e-04 2.15910276e-04 2.18207194e-04
 2.20504112e-04 2.22801029e-04 2.25097947e-04 2.27394865e-04
 2.29691783e-04]
Frequencies: [4.54083144e+09 9.97130000e+04 5.50070000e+04 3.58480000e+04
 2.52890000e+04 1.89070000e+04 1.45660000e+04 1.19230000e+04
 9.80100000e+03 8.19300000e+03 7.19900000e+03 6.08400000e+03
 5.56100000e+03 4.91700000e+03 4.41800000e+03 4.06200000e+03
 3.55800000e+03 3.27300000e+03 2.97400000e+03 2.69900000e+03
 2.38600000e+03 2.21700000e+03 2.00600000e+03 1.81000000e+03
 1.70400000e+03 1.56400000e+03 1.43700000e+03 1.27300000e+03
 1.12600000e+03 1.10400000e+03 1.03500000e+03 8.92000000e+02
 7.78000000e+02 7.71000000e+02 7.34000000e+02 6.77000000e+02
 6.05000000e+02 6.09000000e+02 4.96000000e+02 4.81000000e+02
 4.29000000e+02 4.29000000e+02 3.75000000e+02 3.31000000e+02
 3.27000000e+02 2.84000000e+02 2.66000000e+02 2.44000000e+02
 2.29000000e+02 1.97000000e+02 1.50000000e+02 1.65000000e+02
 1.64000000e+02 1.19000000e+02 1.26000000e+02 1.20000000e+02
 9.90000000e+01 9.70000000e+01 8.00000000e+01 7.80000000e+01
 7.50000000e+01 5.80000000e+01 4.20000000e+01 5.20000000e+01
 4.40000000e+01 3.40000000e+01 2.70000000e+01 3.50000000e+01
 2.30000000e+01 2.30000000e+01 1.90000000e+01 1.20000000e+01
 1.50000000e+01 9.00000000e+00 1.00000000e+01 1.30000000e+01
 1.20000000e+01 2.00000000e+00 7.00000000e+00 9.00000000e+00
 1.00000000e+00 7.00000000e+00 1.00000000e+00 4.00000000e+00
 1.00000000e+00 3.00000000e+00 2.00000000e+00 2.00000000e+00
 2.00000000e+00 1.00000000e+00 2.00000000e+00 2.00000000e+00
 1.00000000e+00 1.00000000e+00 0.00000000e+00 0.00000000e+00
 0.00000000e+00 0.00000000e+00 0.00000000e+00 1.00000000e+00]
