Standard Deviation: 8.520546810922103e-05
Skewness: 1.7071720068765628
Kurtosis: 3.051986159863337
Median: 3.993894260052674e-05
Mean: 7.57810314928993e-05
Deciles: [1.51664176e-05 1.06964318e-04]
Minimum: 1e-12
Maximum: 0.0016085031428184765
Bin Edges: [1.00000000e-12 1.60850324e-05 3.21700638e-05 4.82550953e-05
 6.43401267e-05 8.04251581e-05 9.65101895e-05 1.12595221e-04
 1.28680252e-04 1.44765284e-04 1.60850315e-04 1.76935347e-04
 1.93020378e-04 2.09105409e-04 2.25190441e-04 2.41275472e-04
 2.57360504e-04 2.73445535e-04 2.89530567e-04 3.05615598e-04
 3.21700629e-04 3.37785661e-04 3.53870692e-04 3.69955724e-04
 3.86040755e-04 4.02125786e-04 4.18210818e-04 4.34295849e-04
 4.50380881e-04 4.66465912e-04 4.82550944e-04 4.98635975e-04
 5.14721006e-04 5.30806038e-04 5.46891069e-04 5.62976101e-04
 5.79061132e-04 5.95146163e-04 6.11231195e-04 6.27316226e-04
 6.43401258e-04 6.59486289e-04 6.75571321e-04 6.91656352e-04
 7.07741383e-04 7.23826415e-04 7.39911446e-04 7.55996478e-04
 7.72081509e-04 7.88166540e-04 8.04251572e-04 8.20336603e-04
 8.36421635e-04 8.52506666e-04 8.68591698e-04 8.84676729e-04
 9.00761760e-04 9.16846792e-04 9.32931823e-04 9.49016855e-04
 9.65101886e-04 9.81186918e-04 9.97271949e-04 1.01335698e-03
 1.02944201e-03 1.04552704e-03 1.06161207e-03 1.07769711e-03
 1.09378214e-03 1.10986717e-03 1.12595220e-03 1.14203723e-03
 1.15812226e-03 1.17420729e-03 1.19029233e-03 1.20637736e-03
 1.22246239e-03 1.23854742e-03 1.25463245e-03 1.27071748e-03
 1.28680251e-03 1.30288755e-03 1.31897258e-03 1.33505761e-03
 1.35114264e-03 1.36722767e-03 1.38331270e-03 1.39939773e-03
 1.41548277e-03 1.43156780e-03 1.44765283e-03 1.46373786e-03
 1.47982289e-03 1.49590792e-03 1.51199295e-03 1.52807799e-03
 1.54416302e-03 1.56024805e-03 1.57633308e-03 1.59241811e-03
 1.60850314e-03]
Frequencies: [1.19998459e+09 8.12180410e+08 4.83787881e+08 3.39050380e+08
 2.56226898e+08 2.02967118e+08 1.66574450e+08 1.40239873e+08
 1.20841093e+08 1.06344753e+08 9.55431450e+07 8.72877850e+07
 8.05833910e+07 7.44827450e+07 6.82766470e+07 6.14755410e+07
 5.40288620e+07 4.59263160e+07 3.75203000e+07 2.92958890e+07
 2.18544670e+07 1.57006120e+07 1.09548550e+07 7.56055400e+06
 5.27698500e+06 3.78795800e+06 2.81199500e+06 2.15708200e+06
 1.68526300e+06 1.33675900e+06 1.07092200e+06 8.66448000e+05
 6.98259000e+05 5.62914000e+05 4.52947000e+05 3.66084000e+05
 2.91137000e+05 2.33156000e+05 1.84797000e+05 1.46419000e+05
 1.16148000e+05 9.05640000e+04 7.25480000e+04 5.62510000e+04
 4.46670000e+04 3.36210000e+04 2.62940000e+04 2.03370000e+04
 1.62700000e+04 1.26920000e+04 1.04410000e+04 8.79100000e+03
 7.30900000e+03 6.22800000e+03 5.51500000e+03 4.91200000e+03
 4.12300000e+03 3.65700000e+03 3.30700000e+03 2.88100000e+03
 2.56500000e+03 2.26300000e+03 2.07300000e+03 1.99500000e+03
 1.69500000e+03 1.28000000e+03 1.08500000e+03 9.62000000e+02
 8.39000000e+02 7.51000000e+02 6.83000000e+02 5.72000000e+02
 4.82000000e+02 4.06000000e+02 3.48000000e+02 2.98000000e+02
 1.96000000e+02 1.79000000e+02 1.22000000e+02 1.17000000e+02
 1.09000000e+02 9.70000000e+01 7.50000000e+01 6.60000000e+01
 4.10000000e+01 5.40000000e+01 4.40000000e+01 4.20000000e+01
 4.70000000e+01 3.90000000e+01 4.40000000e+01 5.50000000e+01
 4.10000000e+01 2.90000000e+01 2.50000000e+01 2.40000000e+01
 4.00000000e+00 8.00000000e+00 1.00000000e+00 5.00000000e+00]
