Standard Deviation: 30.71599747048935
Skewness: 0.4020474252401053
Kurtosis: 0.4435613909434126
Median: 10.00040630626253
Mean: 12.76428662257009
Deciles: [-7.89210759 31.19820877]
Minimum: -165.28046028213527
Maximum: 205.50460404208152
Bin Edges: [-165.28046028 -161.57260964 -157.864759   -154.15690835 -150.44905771
 -146.74120707 -143.03335642 -139.32550578 -135.61765514 -131.90980449
 -128.20195385 -124.49410321 -120.78625256 -117.07840192 -113.37055128
 -109.66270063 -105.95484999 -102.24699935  -98.5391487   -94.83129806
  -91.12344742  -87.41559677  -83.70774613  -79.99989549  -76.29204484
  -72.5841942   -68.87634356  -65.16849291  -61.46064227  -57.75279163
  -54.04494098  -50.33709034  -46.6292397   -42.92138906  -39.21353841
  -35.50568777  -31.79783713  -28.08998648  -24.38213584  -20.6742852
  -16.96643455  -13.25858391   -9.55073327   -5.84288262   -2.13503198
    1.57281866    5.28066931    8.98851995   12.69637059   16.40422124
   20.11207188   23.81992252   27.52777317   31.23562381   34.94347445
   38.6513251    42.35917574   46.06702638   49.77487703   53.48272767
   57.19057831   60.89842896   64.6062796    68.31413024   72.02198089
   75.72983153   79.43768217   83.14553282   86.85338346   90.5612341
   94.26908474   97.97693539  101.68478603  105.39263667  109.10048732
  112.80833796  116.5161886   120.22403925  123.93188989  127.63974053
  131.34759118  135.05544182  138.76329246  142.47114311  146.17899375
  149.88684439  153.59469504  157.30254568  161.01039632  164.71824697
  168.42609761  172.13394825  175.8417989   179.54964954  183.25750018
  186.96535083  190.67320147  194.38105211  198.08890276  201.7967534
  205.50460404]
Frequencies: [4.90000000e+01 1.12000000e+02 2.10000000e+02 2.88000000e+02
 6.29000000e+02 1.01800000e+03 1.70100000e+03 2.48900000e+03
 4.09000000e+03 6.26800000e+03 9.63500000e+03 1.50330000e+04
 2.23980000e+04 3.39830000e+04 5.32440000e+04 8.31020000e+04
 1.24425000e+05 1.84579000e+05 2.73257000e+05 4.03337000e+05
 5.86946000e+05 8.48798000e+05 1.21389900e+06 1.72913900e+06
 2.42696200e+06 3.37575400e+06 4.63374400e+06 6.31816400e+06
 8.57209900e+06 1.15717690e+07 1.55583250e+07 2.07637000e+07
 2.75556290e+07 3.62371280e+07 4.72366310e+07 6.08467720e+07
 7.73526520e+07 9.67377940e+07 1.18667628e+08 1.42457484e+08
 1.66908373e+08 1.90358048e+08 2.11132234e+08 2.27517785e+08
 2.38461576e+08 2.43302736e+08 2.41966725e+08 2.35069324e+08
 2.23880577e+08 2.09750043e+08 1.93970490e+08 1.77646959e+08
 1.61565474e+08 1.46029017e+08 1.31376917e+08 1.17647235e+08
 1.04856842e+08 9.29652440e+07 8.19673510e+07 7.18808350e+07
 6.26562480e+07 5.42950160e+07 4.68067250e+07 4.00799600e+07
 3.40594880e+07 2.87536500e+07 2.40743100e+07 1.99666990e+07
 1.64529000e+07 1.34035750e+07 1.07999870e+07 8.62845100e+06
 6.80893700e+06 5.29270100e+06 4.06133800e+06 3.07080900e+06
 2.27750700e+06 1.66795300e+06 1.19881800e+06 8.54989000e+05
 5.97008000e+05 4.11119000e+05 2.78229000e+05 1.84558000e+05
 1.22142000e+05 8.07160000e+04 5.20790000e+04 3.23090000e+04
 2.01750000e+04 1.24420000e+04 7.67800000e+03 4.76000000e+03
 2.84000000e+03 1.77800000e+03 8.76000000e+02 3.96000000e+02
 1.19000000e+02 5.10000000e+01 7.00000000e+00 8.00000000e+00]
