Standard Deviation: 1.772170054077783e-34
Skewness: 4.50488202328814
Kurtosis: 23.107576994544086
Median: 2.087874858892361e-38
Mean: 5.490056867343682e-35
Deciles: [9.00564097e-41 5.29911339e-36]
Minimum: 1.2893531044862902e-43
Maximum: 2.1297305870466185e-33
Bin Edges: [1.28935310e-43 2.12973060e-35 4.25946119e-35 6.38919177e-35
 8.51892236e-35 1.06486529e-34 1.27783835e-34 1.49081141e-34
 1.70378447e-34 1.91675753e-34 2.12973059e-34 2.34270365e-34
 2.55567671e-34 2.76864976e-34 2.98162282e-34 3.19459588e-34
 3.40756894e-34 3.62054200e-34 3.83351506e-34 4.04648812e-34
 4.25946118e-34 4.47243423e-34 4.68540729e-34 4.89838035e-34
 5.11135341e-34 5.32432647e-34 5.53729953e-34 5.75027259e-34
 5.96324564e-34 6.17621870e-34 6.38919176e-34 6.60216482e-34
 6.81513788e-34 7.02811094e-34 7.24108400e-34 7.45405706e-34
 7.66703011e-34 7.88000317e-34 8.09297623e-34 8.30594929e-34
 8.51892235e-34 8.73189541e-34 8.94486847e-34 9.15784153e-34
 9.37081458e-34 9.58378764e-34 9.79676070e-34 1.00097338e-33
 1.02227068e-33 1.04356799e-33 1.06486529e-33 1.08616260e-33
 1.10745991e-33 1.12875721e-33 1.15005452e-33 1.17135182e-33
 1.19264913e-33 1.21394643e-33 1.23524374e-33 1.25654105e-33
 1.27783835e-33 1.29913566e-33 1.32043296e-33 1.34173027e-33
 1.36302758e-33 1.38432488e-33 1.40562219e-33 1.42691949e-33
 1.44821680e-33 1.46951411e-33 1.49081141e-33 1.51210872e-33
 1.53340602e-33 1.55470333e-33 1.57600063e-33 1.59729794e-33
 1.61859525e-33 1.63989255e-33 1.66118986e-33 1.68248716e-33
 1.70378447e-33 1.72508178e-33 1.74637908e-33 1.76767639e-33
 1.78897369e-33 1.81027100e-33 1.83156830e-33 1.85286561e-33
 1.87416292e-33 1.89546022e-33 1.91675753e-33 1.93805483e-33
 1.95935214e-33 1.98064945e-33 2.00194675e-33 2.02324406e-33
 2.04454136e-33 2.06583867e-33 2.08713598e-33 2.10843328e-33
 2.12973059e-33]
Frequencies: [3.69839352e+09 8.91391170e+07 1.43820676e+08 6.22914750e+07
 4.44379030e+07 4.76994090e+07 5.64921810e+07 2.91160400e+07
 2.08599260e+07 1.58496350e+07 1.17107410e+07 1.12515930e+07
 1.05438810e+07 1.01955660e+07 9.86328000e+06 9.03133200e+06
 8.47714100e+06 9.05875400e+06 1.01756720e+07 9.86941100e+06
 9.49332500e+06 1.01461430e+07 1.17280760e+07 1.39441880e+07
 1.66048860e+07 1.66372250e+07 1.42083030e+07 1.11346340e+07
 8.75031600e+06 7.75664000e+06 7.46831700e+06 7.37692000e+06
 7.78986400e+06 7.70903500e+06 6.02196700e+06 4.27438400e+06
 3.80726300e+06 3.57258200e+06 3.08000400e+06 2.80937700e+06
 2.70577400e+06 2.65814300e+06 2.58408800e+06 2.26555200e+06
 2.12576800e+06 2.05294600e+06 1.96269200e+06 2.23922300e+06
 2.41751200e+06 2.49744600e+06 2.00704800e+06 2.03038500e+06
 2.24053700e+06 2.47047800e+06 2.76288700e+06 3.32253100e+06
 2.60040500e+06 1.84074300e+06 1.63368600e+06 1.61000800e+06
 1.40755800e+06 1.12781600e+06 1.03827900e+06 1.09380400e+06
 1.04587000e+06 8.91260000e+05 7.36355000e+05 6.04483000e+05
 5.38110000e+05 5.06465000e+05 4.57254000e+05 4.76855000e+05
 5.06160000e+05 4.01900000e+05 3.32338000e+05 2.81364000e+05
 2.46041000e+05 2.06005000e+05 1.59402000e+05 1.23035000e+05
 9.84800000e+04 7.50580000e+04 5.57330000e+04 4.21980000e+04
 3.12430000e+04 2.17800000e+04 1.72510000e+04 1.20720000e+04
 7.94400000e+03 5.28700000e+03 3.31100000e+03 2.19500000e+03
 2.47800000e+03 2.70000000e+03 2.07000000e+03 1.70800000e+03
 1.82300000e+03 1.23000000e+03 4.61000000e+02 6.50000000e+01]
