Standard Deviation: 9.75130291711981
Skewness: -1.2029877239926439
Kurtosis: 1.5056263958697622
Median: 258.42855224432543
Mean: 255.93921462071881
Deciles: [252.27687066 262.23752899]
Minimum: 199.10961788882477
Maximum: 318.68587028022074
Bin Edges: [199.10961789 200.30538041 201.50114294 202.69690546 203.89266798
 205.08843051 206.28419303 207.47995556 208.67571808 209.8714806
 211.06724313 212.26300565 213.45876818 214.6545307  215.85029322
 217.04605575 218.24181827 219.4375808  220.63334332 221.82910584
 223.02486837 224.22063089 225.41639341 226.61215594 227.80791846
 229.00368099 230.19944351 231.39520603 232.59096856 233.78673108
 234.98249361 236.17825613 237.37401865 238.56978118 239.7655437
 240.96130623 242.15706875 243.35283127 244.5485938  245.74435632
 246.94011885 248.13588137 249.33164389 250.52740642 251.72316894
 252.91893146 254.11469399 255.31045651 256.50621904 257.70198156
 258.89774408 260.09350661 261.28926913 262.48503166 263.68079418
 264.8765567  266.07231923 267.26808175 268.46384428 269.6596068
 270.85536932 272.05113185 273.24689437 274.4426569  275.63841942
 276.83418194 278.02994447 279.22570699 280.42146951 281.61723204
 282.81299456 284.00875709 285.20451961 286.40028213 287.59604466
 288.79180718 289.98756971 291.18333223 292.37909475 293.57485728
 294.7706198  295.96638233 297.16214485 298.35790737 299.5536699
 300.74943242 301.94519495 303.14095747 304.33671999 305.53248252
 306.72824504 307.92400756 309.11977009 310.31553261 311.51129514
 312.70705766 313.90282018 315.09858271 316.29434523 317.49010776
 318.68587028]
Frequencies: [5.72000000e+02 3.50500000e+03 7.02000000e+03 1.26080000e+04
 2.13030000e+04 3.10980000e+04 4.42740000e+04 6.98470000e+04
 1.11684000e+05 1.76741000e+05 2.75481000e+05 4.31978000e+05
 6.67698000e+05 9.85136000e+05 1.40967100e+06 1.99708000e+06
 2.74835700e+06 3.71565900e+06 4.88797900e+06 6.28170700e+06
 7.98975000e+06 9.96856300e+06 1.21651950e+07 1.46933910e+07
 1.74772490e+07 2.04903300e+07 2.37163360e+07 2.71283490e+07
 3.05879870e+07 3.39692670e+07 3.74303830e+07 4.07843820e+07
 4.40557780e+07 4.73805050e+07 5.06682680e+07 5.37925060e+07
 5.69971140e+07 6.03605480e+07 6.38401860e+07 6.77748970e+07
 7.24081560e+07 7.84476520e+07 8.69723440e+07 9.98762120e+07
 1.19638366e+08 1.48734661e+08 1.88941027e+08 2.38644039e+08
 2.91561376e+08 3.36836381e+08 3.63360704e+08 3.64122205e+08
 3.37788852e+08 2.90563340e+08 2.32890829e+08 1.75799307e+08
 1.26571299e+08 8.73049580e+07 5.80574860e+07 3.71213660e+07
 2.28466800e+07 1.35632430e+07 7.99400900e+06 4.90102100e+06
 3.14495300e+06 2.09051700e+06 1.46986200e+06 1.08192000e+06
 8.04529000e+05 6.01077000e+05 4.48563000e+05 3.30663000e+05
 2.48880000e+05 1.89406000e+05 1.46157000e+05 1.16302000e+05
 9.22980000e+04 7.31220000e+04 5.87230000e+04 4.73340000e+04
 3.65580000e+04 2.74780000e+04 2.04080000e+04 1.57580000e+04
 1.17770000e+04 8.30100000e+03 6.17100000e+03 4.60200000e+03
 3.12400000e+03 2.12600000e+03 1.76400000e+03 1.44700000e+03
 1.01400000e+03 9.16000000e+02 7.80000000e+02 5.87000000e+02
 4.69000000e+02 2.83000000e+02 1.72000000e+02 6.40000000e+01]
