Standard Deviation: 0.0028398763168336148
Skewness: 0.8298561325235931
Kurtosis: -0.41347948665136247
Median: 0.0024435299527610426
Mean: 0.0033422767719256314
Deciles: [0.00095475 0.00524976]
Minimum: 1e-12
Maximum: 0.017146199701905472
Bin Edges: [1.00000000e-12 1.71461998e-04 3.42923995e-04 5.14385992e-04
 6.85847989e-04 8.57309986e-04 1.02877198e-03 1.20023398e-03
 1.37169598e-03 1.54315797e-03 1.71461997e-03 1.88608197e-03
 2.05754397e-03 2.22900596e-03 2.40046796e-03 2.57192996e-03
 2.74339195e-03 2.91485395e-03 3.08631595e-03 3.25777794e-03
 3.42923994e-03 3.60070194e-03 3.77216394e-03 3.94362593e-03
 4.11508793e-03 4.28654993e-03 4.45801192e-03 4.62947392e-03
 4.80093592e-03 4.97239791e-03 5.14385991e-03 5.31532191e-03
 5.48678391e-03 5.65824590e-03 5.82970790e-03 6.00116990e-03
 6.17263189e-03 6.34409389e-03 6.51555589e-03 6.68701788e-03
 6.85847988e-03 7.02994188e-03 7.20140388e-03 7.37286587e-03
 7.54432787e-03 7.71578987e-03 7.88725186e-03 8.05871386e-03
 8.23017586e-03 8.40163785e-03 8.57309985e-03 8.74456185e-03
 8.91602385e-03 9.08748584e-03 9.25894784e-03 9.43040984e-03
 9.60187183e-03 9.77333383e-03 9.94479583e-03 1.01162578e-02
 1.02877198e-02 1.04591818e-02 1.06306438e-02 1.08021058e-02
 1.09735678e-02 1.11450298e-02 1.13164918e-02 1.14879538e-02
 1.16594158e-02 1.18308778e-02 1.20023398e-02 1.21738018e-02
 1.23452638e-02 1.25167258e-02 1.26881878e-02 1.28596498e-02
 1.30311118e-02 1.32025738e-02 1.33740358e-02 1.35454978e-02
 1.37169598e-02 1.38884218e-02 1.40598838e-02 1.42313458e-02
 1.44028077e-02 1.45742697e-02 1.47457317e-02 1.49171937e-02
 1.50886557e-02 1.52601177e-02 1.54315797e-02 1.56030417e-02
 1.57745037e-02 1.59459657e-02 1.61174277e-02 1.62888897e-02
 1.64603517e-02 1.66318137e-02 1.68032757e-02 1.69747377e-02
 1.71461997e-02]
Frequencies: [1.59852671e+08 2.24847027e+08 2.29493001e+08 2.16016032e+08
 1.99400355e+08 1.82000349e+08 1.65604087e+08 1.51523646e+08
 1.39681519e+08 1.29937211e+08 1.21591173e+08 1.14547137e+08
 1.08380490e+08 1.02721989e+08 9.77205130e+07 9.29637930e+07
 8.84750370e+07 8.41416500e+07 8.01353720e+07 7.63138480e+07
 7.27942190e+07 6.95536010e+07 6.65804460e+07 6.38123140e+07
 6.12480770e+07 5.89703360e+07 5.68127850e+07 5.49553730e+07
 5.31806530e+07 5.15545630e+07 5.00407020e+07 4.86543370e+07
 4.73823120e+07 4.62709250e+07 4.52488220e+07 4.43577900e+07
 4.35555770e+07 4.28457390e+07 4.22570410e+07 4.17897630e+07
 4.14634260e+07 4.11827350e+07 4.09549220e+07 4.07735960e+07
 4.05177550e+07 4.02333420e+07 3.98288830e+07 3.93350330e+07
 3.87074890e+07 3.78785530e+07 3.68771290e+07 3.56369200e+07
 3.40945690e+07 3.22473410e+07 3.00312270e+07 2.73778450e+07
 2.43326390e+07 2.09885670e+07 1.74878500e+07 1.40026460e+07
 1.08083100e+07 8.05794600e+06 5.82976700e+06 4.14285700e+06
 2.92436900e+06 2.08160900e+06 1.50889600e+06 1.12018700e+06
 8.47227000e+05 6.48536000e+05 4.98642000e+05 3.87054000e+05
 2.96666000e+05 2.26350000e+05 1.70719000e+05 1.26903000e+05
 9.30300000e+04 6.86250000e+04 4.98210000e+04 3.62390000e+04
 2.58970000e+04 1.85630000e+04 1.39340000e+04 9.91200000e+03
 7.12300000e+03 5.42400000e+03 3.90600000e+03 2.85300000e+03
 2.12500000e+03 1.68600000e+03 1.27700000e+03 9.71000000e+02
 7.84000000e+02 5.20000000e+02 3.28000000e+02 1.18000000e+02
 4.80000000e+01 1.80000000e+01 1.00000000e+01 8.00000000e+00]
