Standard Deviation: 1.0511044184444769e-07
Skewness: 2.678201256903605
Kurtosis: 7.415590942225945
Median: 1.737525640714096e-06
Mean: 1.7761939663031132e-06
Deciles: [1.71507815e-06 1.79617856e-06]
Minimum: 1.6813454479442307e-06
Maximum: 2.31046754569539e-06
Bin Edges: [1.68134545e-06 1.68763667e-06 1.69392789e-06 1.70021911e-06
 1.70651033e-06 1.71280155e-06 1.71909277e-06 1.72538399e-06
 1.73167522e-06 1.73796644e-06 1.74425766e-06 1.75054888e-06
 1.75684010e-06 1.76313132e-06 1.76942254e-06 1.77571376e-06
 1.78200498e-06 1.78829620e-06 1.79458743e-06 1.80087865e-06
 1.80716987e-06 1.81346109e-06 1.81975231e-06 1.82604353e-06
 1.83233475e-06 1.83862597e-06 1.84491719e-06 1.85120841e-06
 1.85749964e-06 1.86379086e-06 1.87008208e-06 1.87637330e-06
 1.88266452e-06 1.88895574e-06 1.89524696e-06 1.90153818e-06
 1.90782940e-06 1.91412062e-06 1.92041185e-06 1.92670307e-06
 1.93299429e-06 1.93928551e-06 1.94557673e-06 1.95186795e-06
 1.95815917e-06 1.96445039e-06 1.97074161e-06 1.97703283e-06
 1.98332405e-06 1.98961528e-06 1.99590650e-06 2.00219772e-06
 2.00848894e-06 2.01478016e-06 2.02107138e-06 2.02736260e-06
 2.03365382e-06 2.03994504e-06 2.04623626e-06 2.05252749e-06
 2.05881871e-06 2.06510993e-06 2.07140115e-06 2.07769237e-06
 2.08398359e-06 2.09027481e-06 2.09656603e-06 2.10285725e-06
 2.10914847e-06 2.11543970e-06 2.12173092e-06 2.12802214e-06
 2.13431336e-06 2.14060458e-06 2.14689580e-06 2.15318702e-06
 2.15947824e-06 2.16576946e-06 2.17206068e-06 2.17835191e-06
 2.18464313e-06 2.19093435e-06 2.19722557e-06 2.20351679e-06
 2.20980801e-06 2.21609923e-06 2.22239045e-06 2.22868167e-06
 2.23497289e-06 2.24126411e-06 2.24755534e-06 2.25384656e-06
 2.26013778e-06 2.26642900e-06 2.27272022e-06 2.27901144e-06
 2.28530266e-06 2.29159388e-06 2.29788510e-06 2.30417632e-06
 2.31046755e-06]
Frequencies: [1.55420000e+04 8.30000000e+06 2.95478751e+08 2.23314832e+08
 4.16849078e+08 5.19826013e+08 4.45904815e+08 2.76367167e+08
 8.97421640e+07 6.95641880e+07 1.75406504e+08 1.21984748e+08
 5.46808200e+07 5.07891280e+07 1.20583357e+08 2.06410704e+08
 1.99272783e+08 1.01241374e+08 2.69516467e+08 9.96689270e+07
 2.56458160e+07 1.98768080e+07 2.77870740e+07 4.23492890e+07
 6.45455290e+07 6.86317410e+07 4.79582520e+07 3.49499500e+07
 3.36533960e+07 2.84038150e+07 2.69644490e+07 1.54541570e+07
 1.24209910e+07 1.14635360e+07 1.02302770e+07 7.15893400e+06
 6.19291100e+06 5.88400000e+06 5.39695200e+06 5.13628500e+06
 4.55217400e+06 4.28328900e+06 3.59764900e+06 3.47695000e+06
 3.49604400e+06 3.59009800e+06 4.10609300e+06 4.66245000e+06
 4.73211500e+06 3.84430100e+06 3.36570100e+06 3.13863600e+06
 3.17934800e+06 3.41290800e+06 3.32415000e+06 3.21553300e+06
 3.15608700e+06 3.15040400e+06 3.25333300e+06 3.33376400e+06
 3.09269900e+06 3.04899300e+06 3.02524400e+06 2.98719600e+06
 3.13511200e+06 3.44923200e+06 4.02586800e+06 4.57684100e+06
 5.39957800e+06 6.51210500e+06 7.83127700e+06 9.93159900e+06
 1.25330330e+07 1.50157020e+07 1.50992940e+07 1.31364000e+07
 1.19422810e+07 1.12520810e+07 1.03879750e+07 8.99171600e+06
 8.43836200e+06 7.07706900e+06 5.08624900e+06 5.69686800e+06
 5.67530500e+06 5.53793000e+06 5.54861000e+06 4.96832300e+06
 4.16227000e+06 3.67994700e+06 3.04826400e+06 2.31895700e+06
 1.84365500e+06 1.66435800e+06 1.36742600e+06 9.98065000e+05
 3.98624000e+05 2.85940000e+05 1.12073000e+05 8.92800000e+03]
