Standard Deviation: 2.1842953025478604e-05
Skewness: 5.3954226789769635
Kurtosis: 34.76220259633639
Median: 0.0
Mean: 5.529985085198534e-06
Deciles: [0. 0.]
Minimum: 0.0
Maximum: 0.0007925366269910277
Bin Edges: [0.00000000e+00 7.92536627e-06 1.58507325e-05 2.37760988e-05
 3.17014651e-05 3.96268313e-05 4.75521976e-05 5.54775639e-05
 6.34029302e-05 7.13282964e-05 7.92536627e-05 8.71790290e-05
 9.51043952e-05 1.03029762e-04 1.10955128e-04 1.18880494e-04
 1.26805860e-04 1.34731227e-04 1.42656593e-04 1.50581959e-04
 1.58507325e-04 1.66432692e-04 1.74358058e-04 1.82283424e-04
 1.90208790e-04 1.98134157e-04 2.06059523e-04 2.13984889e-04
 2.21910256e-04 2.29835622e-04 2.37760988e-04 2.45686354e-04
 2.53611721e-04 2.61537087e-04 2.69462453e-04 2.77387819e-04
 2.85313186e-04 2.93238552e-04 3.01163918e-04 3.09089285e-04
 3.17014651e-04 3.24940017e-04 3.32865383e-04 3.40790750e-04
 3.48716116e-04 3.56641482e-04 3.64566848e-04 3.72492215e-04
 3.80417581e-04 3.88342947e-04 3.96268313e-04 4.04193680e-04
 4.12119046e-04 4.20044412e-04 4.27969779e-04 4.35895145e-04
 4.43820511e-04 4.51745877e-04 4.59671244e-04 4.67596610e-04
 4.75521976e-04 4.83447342e-04 4.91372709e-04 4.99298075e-04
 5.07223441e-04 5.15148808e-04 5.23074174e-04 5.30999540e-04
 5.38924906e-04 5.46850273e-04 5.54775639e-04 5.62701005e-04
 5.70626371e-04 5.78551738e-04 5.86477104e-04 5.94402470e-04
 6.02327837e-04 6.10253203e-04 6.18178569e-04 6.26103935e-04
 6.34029302e-04 6.41954668e-04 6.49880034e-04 6.57805400e-04
 6.65730767e-04 6.73656133e-04 6.81581499e-04 6.89506865e-04
 6.97432232e-04 7.05357598e-04 7.13282964e-04 7.21208331e-04
 7.29133697e-04 7.37059063e-04 7.44984429e-04 7.52909796e-04
 7.60835162e-04 7.68760528e-04 7.76685894e-04 7.84611261e-04
 7.92536627e-04]
Frequencies: [4.10377462e+09 8.32141470e+07 5.52844640e+07 4.19817760e+07
 3.39729360e+07 2.85310550e+07 2.45378600e+07 2.14484010e+07
 1.89748740e+07 1.69165610e+07 1.51911340e+07 1.37187290e+07
 1.24923380e+07 1.14121350e+07 1.03520190e+07 9.20097200e+06
 7.96612700e+06 6.69200700e+06 5.48144100e+06 4.40142300e+06
 3.48178400e+06 2.72928200e+06 2.12245800e+06 1.64454300e+06
 1.26749700e+06 9.76062000e+05 7.53019000e+05 5.81490000e+05
 4.49058000e+05 3.47472000e+05 2.70281000e+05 2.10842000e+05
 1.64744000e+05 1.29333000e+05 1.01707000e+05 8.09090000e+04
 6.44350000e+04 5.06220000e+04 4.04750000e+04 3.24290000e+04
 2.62910000e+04 2.10220000e+04 1.72520000e+04 1.39190000e+04
 1.13330000e+04 9.24600000e+03 7.50800000e+03 6.03200000e+03
 4.80200000e+03 4.07600000e+03 3.22700000e+03 2.66900000e+03
 2.24900000e+03 1.79200000e+03 1.42200000e+03 1.25400000e+03
 1.03500000e+03 8.71000000e+02 7.28000000e+02 5.97000000e+02
 4.83000000e+02 4.32000000e+02 3.74000000e+02 3.11000000e+02
 2.21000000e+02 2.15000000e+02 1.95000000e+02 1.58000000e+02
 1.30000000e+02 9.80000000e+01 8.90000000e+01 8.80000000e+01
 7.20000000e+01 5.20000000e+01 3.90000000e+01 4.60000000e+01
 3.40000000e+01 2.40000000e+01 3.00000000e+01 1.80000000e+01
 9.00000000e+00 1.60000000e+01 8.00000000e+00 9.00000000e+00
 8.00000000e+00 1.30000000e+01 9.00000000e+00 4.00000000e+00
 2.00000000e+00 3.00000000e+00 6.00000000e+00 3.00000000e+00
 2.00000000e+00 4.00000000e+00 0.00000000e+00 0.00000000e+00
 0.00000000e+00 1.00000000e+00 1.00000000e+00 2.00000000e+00]
