Standard Deviation: 9.374662420764462
Skewness: 0.5317621885535181
Kurtosis: 0.11388671612561652
Median: 0.8929529452411594
Mean: 2.0914978960030193
Deciles: [-4.76296977  7.98122019]
Minimum: -62.1389129395223
Maximum: 67.94513833423841
Bin Edges: [-62.13891294 -60.83807243 -59.53723191 -58.2363914  -56.93555089
 -55.63471038 -54.33386986 -53.03302935 -51.73218884 -50.43134832
 -49.13050781 -47.8296673  -46.52882679 -45.22798627 -43.92714576
 -42.62630525 -41.32546474 -40.02462422 -38.72378371 -37.4229432
 -36.12210268 -34.82126217 -33.52042166 -32.21958115 -30.91874063
 -29.61790012 -28.31705961 -27.0162191  -25.71537858 -24.41453807
 -23.11369756 -21.81285704 -20.51201653 -19.21117602 -17.91033551
 -16.60949499 -15.30865448 -14.00781397 -12.70697346 -11.40613294
 -10.10529243  -8.80445192  -7.5036114   -6.20277089  -4.90193038
  -3.60108987  -2.30024935  -0.99940884   0.30143167   1.60227218
   2.9031127    4.20395321   5.50479372   6.80563424   8.10647475
   9.40731526  10.70815577  12.00899629  13.3098368   14.61067731
  15.91151782  17.21235834  18.51319885  19.81403936  21.11487988
  22.41572039  23.7165609   25.01740141  26.31824193  27.61908244
  28.91992295  30.22076346  31.52160398  32.82244449  34.123285
  35.42412552  36.72496603  38.02580654  39.32664705  40.62748757
  41.92832808  43.22916859  44.5300091   45.83084962  47.13169013
  48.43253064  49.73337116  51.03421167  52.33505218  53.63589269
  54.93673321  56.23757372  57.53841423  58.83925475  60.14009526
  61.44093577  62.74177628  64.0426168   65.34345731  66.64429782
  67.94513833]
Frequencies: [2.00000000e+01 1.70000000e+01 2.20000000e+01 3.40000000e+01
 6.80000000e+01 5.50000000e+01 1.19000000e+02 1.93000000e+02
 3.07000000e+02 5.41000000e+02 7.92000000e+02 1.16400000e+03
 1.78200000e+03 2.58900000e+03 3.81800000e+03 5.51500000e+03
 8.01800000e+03 1.17800000e+04 1.68250000e+04 2.38300000e+04
 3.38610000e+04 4.80830000e+04 6.76190000e+04 9.58370000e+04
 1.34121000e+05 1.90610000e+05 2.73426000e+05 3.95666000e+05
 5.74849000e+05 8.67650000e+05 1.36356100e+06 2.24849300e+06
 3.82806400e+06 6.72327000e+06 1.17431940e+07 1.98774240e+07
 3.25994130e+07 5.14110290e+07 7.75119480e+07 1.10787602e+08
 1.48036997e+08 1.84244021e+08 2.15483844e+08 2.39932329e+08
 2.56252760e+08 2.64244185e+08 2.65606728e+08 2.60602955e+08
 2.50230034e+08 2.36167253e+08 2.20168509e+08 2.03363013e+08
 1.86422989e+08 1.69939567e+08 1.54203095e+08 1.39226646e+08
 1.24932666e+08 1.11469053e+08 9.87505110e+07 8.67641330e+07
 7.56414410e+07 6.51338310e+07 5.52485980e+07 4.61773170e+07
 3.79720040e+07 3.06296830e+07 2.42576690e+07 1.88500190e+07
 1.43672410e+07 1.07165570e+07 7.83392500e+06 5.61736700e+06
 3.94354700e+06 2.72422200e+06 1.84968800e+06 1.23482700e+06
 8.01971000e+05 5.09916000e+05 3.16201000e+05 1.91916000e+05
 1.12501000e+05 6.58770000e+04 3.93370000e+04 2.28700000e+04
 1.34910000e+04 8.14600000e+03 4.61200000e+03 2.40900000e+03
 1.27800000e+03 5.27000000e+02 2.58000000e+02 1.14000000e+02
 5.90000000e+01 3.10000000e+01 2.70000000e+01 6.00000000e+00
 8.00000000e+00 4.00000000e+00 5.00000000e+00 3.00000000e+00]
