Standard Deviation: 6.7477685682747
Skewness: -0.24755108960261243
Kurtosis: 1.4740930705218398
Median: 0.22807596165770389
Mean: 0.06089156218909642
Deciles: [-3.91252226  4.33123001]
Minimum: -51.98323545384562
Maximum: 54.81944972563524
Bin Edges: [-51.98323545 -50.9152086  -49.84718175 -48.7791549  -47.71112805
 -46.64310119 -45.57507434 -44.50704749 -43.43902064 -42.37099379
 -41.30296694 -40.23494008 -39.16691323 -38.09888638 -37.03085953
 -35.96283268 -34.89480583 -33.82677897 -32.75875212 -31.69072527
 -30.62269842 -29.55467157 -28.48664471 -27.41861786 -26.35059101
 -25.28256416 -24.21453731 -23.14651046 -22.0784836  -21.01045675
 -19.9424299  -18.87440305 -17.8063762  -16.73834934 -15.67032249
 -14.60229564 -13.53426879 -12.46624194 -11.39821509 -10.33018823
  -9.26216138  -8.19413453  -7.12610768  -6.05808083  -4.99005397
  -3.92202712  -2.85400027  -1.78597342  -0.71794657   0.35008028
   1.41810714   2.48613399   3.55416084   4.62218769   5.69021454
   6.75824139   7.82626825   8.8942951    9.96232195  11.0303488
  12.09837565  13.16640251  14.23442936  15.30245621  16.37048306
  17.43850991  18.50653676  19.57456362  20.64259047  21.71061732
  22.77864417  23.84667102  24.91469788  25.98272473  27.05075158
  28.11877843  29.18680528  30.25483213  31.32285899  32.39088584
  33.45891269  34.52693954  35.59496639  36.66299325  37.7310201
  38.79904695  39.8670738   40.93510065  42.0031275   43.07115436
  44.13918121  45.20720806  46.27523491  47.34326176  48.41128861
  49.47931547  50.54734232  51.61536917  52.68339602  53.75142287
  54.81944973]
Frequencies: [8.00000000e+00 8.00000000e+00 3.10000000e+01 7.20000000e+01
 1.12000000e+02 2.06000000e+02 3.66000000e+02 6.21000000e+02
 1.15500000e+03 2.33600000e+03 4.30500000e+03 8.07400000e+03
 1.54180000e+04 2.73550000e+04 4.66730000e+04 7.91250000e+04
 1.31540000e+05 2.15349000e+05 3.37161000e+05 5.17661000e+05
 7.63055000e+05 1.10294600e+06 1.55293300e+06 2.11088000e+06
 2.77717200e+06 3.54010600e+06 4.41478400e+06 5.40604600e+06
 6.53839500e+06 7.84742300e+06 9.37173400e+06 1.11882540e+07
 1.34440350e+07 1.63483840e+07 2.02161060e+07 2.53810890e+07
 3.23851680e+07 4.18040050e+07 5.44461260e+07 7.13455690e+07
 9.38182800e+07 1.22684198e+08 1.57196417e+08 1.94596756e+08
 2.31412581e+08 2.64118708e+08 2.89580691e+08 3.06397617e+08
 3.13275105e+08 3.12471852e+08 3.03975592e+08 2.87699156e+08
 2.64766451e+08 2.35317831e+08 1.99548317e+08 1.60666231e+08
 1.23321957e+08 9.16728690e+07 6.69875470e+07 4.89390870e+07
 3.57505450e+07 2.60621570e+07 1.90071540e+07 1.39134820e+07
 1.03170970e+07 7.79204400e+06 5.99695400e+06 4.66477300e+06
 3.64279800e+06 2.85398800e+06 2.24112800e+06 1.76200500e+06
 1.37707900e+06 1.06396800e+06 8.16556000e+05 6.15794000e+05
 4.55912000e+05 3.28052000e+05 2.31795000e+05 1.61392000e+05
 1.08989000e+05 7.26750000e+04 4.82990000e+04 3.06840000e+04
 1.91380000e+04 1.18220000e+04 7.28700000e+03 4.46400000e+03
 2.59700000e+03 1.63400000e+03 1.05300000e+03 6.90000000e+02
 3.90000000e+02 2.90000000e+02 1.61000000e+02 7.10000000e+01
 1.70000000e+01 2.70000000e+01 3.00000000e+00 7.00000000e+00]
