Standard Deviation: 2.6669642378901142e-05
Skewness: 5.319056662950265
Kurtosis: 35.45870873281205
Median: 0.0
Mean: 7.556746637385837e-06
Deciles: [0.00000000e+00 8.47409176e-33]
Minimum: 0.0
Maximum: 0.0008732050970209698
Bin Edges: [0.00000000e+00 8.73205097e-06 1.74641019e-05 2.61961529e-05
 3.49282039e-05 4.36602549e-05 5.23923058e-05 6.11243568e-05
 6.98564078e-05 7.85884587e-05 8.73205097e-05 9.60525607e-05
 1.04784612e-04 1.13516663e-04 1.22248714e-04 1.30980765e-04
 1.39712816e-04 1.48444866e-04 1.57176917e-04 1.65908968e-04
 1.74641019e-04 1.83373070e-04 1.92105121e-04 2.00837172e-04
 2.09569223e-04 2.18301274e-04 2.27033325e-04 2.35765376e-04
 2.44497427e-04 2.53229478e-04 2.61961529e-04 2.70693580e-04
 2.79425631e-04 2.88157682e-04 2.96889733e-04 3.05621784e-04
 3.14353835e-04 3.23085886e-04 3.31817937e-04 3.40549988e-04
 3.49282039e-04 3.58014090e-04 3.66746141e-04 3.75478192e-04
 3.84210243e-04 3.92942294e-04 4.01674345e-04 4.10406396e-04
 4.19138447e-04 4.27870498e-04 4.36602549e-04 4.45334599e-04
 4.54066650e-04 4.62798701e-04 4.71530752e-04 4.80262803e-04
 4.88994854e-04 4.97726905e-04 5.06458956e-04 5.15191007e-04
 5.23923058e-04 5.32655109e-04 5.41387160e-04 5.50119211e-04
 5.58851262e-04 5.67583313e-04 5.76315364e-04 5.85047415e-04
 5.93779466e-04 6.02511517e-04 6.11243568e-04 6.19975619e-04
 6.28707670e-04 6.37439721e-04 6.46171772e-04 6.54903823e-04
 6.63635874e-04 6.72367925e-04 6.81099976e-04 6.89832027e-04
 6.98564078e-04 7.07296129e-04 7.16028180e-04 7.24760231e-04
 7.33492281e-04 7.42224332e-04 7.50956383e-04 7.59688434e-04
 7.68420485e-04 7.77152536e-04 7.85884587e-04 7.94616638e-04
 8.03348689e-04 8.12080740e-04 8.20812791e-04 8.29544842e-04
 8.38276893e-04 8.47008944e-04 8.55740995e-04 8.64473046e-04
 8.73205097e-04]
Frequencies: [3.94348682e+09 1.43135773e+08 9.08058300e+07 6.30088570e+07
 4.63498520e+07 3.59284010e+07 2.91006270e+07 2.44329360e+07
 2.10449290e+07 1.84432020e+07 1.63775710e+07 1.46709160e+07
 1.31883590e+07 1.18393980e+07 1.05273940e+07 9.24453700e+06
 8.00083700e+06 6.84534000e+06 5.81115900e+06 4.90503200e+06
 4.12023200e+06 3.45543800e+06 2.88051700e+06 2.40187500e+06
 1.99776900e+06 1.65371700e+06 1.37110300e+06 1.13098300e+06
 9.29320000e+05 7.64887000e+05 6.24218000e+05 5.07358000e+05
 4.13020000e+05 3.34694000e+05 2.70806000e+05 2.19848000e+05
 1.78085000e+05 1.44115000e+05 1.16551000e+05 9.48110000e+04
 7.68950000e+04 6.25630000e+04 5.12780000e+04 4.18520000e+04
 3.41110000e+04 2.82720000e+04 2.28010000e+04 1.92040000e+04
 1.57180000e+04 1.28990000e+04 1.06780000e+04 8.80700000e+03
 7.15400000e+03 6.12900000e+03 4.91300000e+03 4.10600000e+03
 3.53400000e+03 2.83400000e+03 2.39100000e+03 1.94800000e+03
 1.56900000e+03 1.31100000e+03 1.10900000e+03 8.62000000e+02
 7.10000000e+02 6.53000000e+02 4.44000000e+02 3.96000000e+02
 3.28000000e+02 2.89000000e+02 2.45000000e+02 1.82000000e+02
 1.29000000e+02 1.19000000e+02 8.40000000e+01 1.00000000e+02
 6.10000000e+01 6.10000000e+01 3.90000000e+01 2.80000000e+01
 2.00000000e+01 1.60000000e+01 1.10000000e+01 1.10000000e+01
 1.30000000e+01 2.00000000e+00 3.00000000e+00 0.00000000e+00
 0.00000000e+00 2.00000000e+00 0.00000000e+00 0.00000000e+00
 0.00000000e+00 0.00000000e+00 1.00000000e+00 0.00000000e+00
 1.00000000e+00 0.00000000e+00 1.00000000e+00 1.00000000e+00]
