Standard Deviation: 6.190419248129479
Skewness: 0.011455961743844823
Kurtosis: 2.2634579209486754
Median: 0.03554905930433043
Mean: 0.03435604700381078
Deciles: [-3.29602447  3.35842515]
Minimum: -60.88823633671968
Maximum: 69.76857371421696
Bin Edges: [-60.88823634 -59.58166824 -58.27510014 -56.96853204 -55.66196393
 -54.35539583 -53.04882773 -51.74225963 -50.43569153 -49.12912343
 -47.82255533 -46.51598723 -45.20941913 -43.90285103 -42.59628293
 -41.28971483 -39.98314673 -38.67657863 -37.37001053 -36.06344243
 -34.75687433 -33.45030623 -32.14373813 -30.83717003 -29.53060192
 -28.22403382 -26.91746572 -25.61089762 -24.30432952 -22.99776142
 -21.69119332 -20.38462522 -19.07805712 -17.77148902 -16.46492092
 -15.15835282 -13.85178472 -12.54521662 -11.23864852  -9.93208042
  -8.62551232  -7.31894422  -6.01237612  -4.70580801  -3.39923991
  -2.09267181  -0.78610371   0.52046439   1.82703249   3.13360059
   4.44016869   5.74673679   7.05330489   8.35987299   9.66644109
  10.97300919  12.27957729  13.58614539  14.89271349  16.19928159
  17.50584969  18.81241779  20.11898589  21.425554    22.7321221
  24.0386902   25.3452583   26.6518264   27.9583945   29.2649626
  30.5715307   31.8780988   33.1846669   34.491235    35.7978031
  37.1043712   38.4109393   39.7175074   41.0240755   42.3306436
  43.6372117   44.9437798   46.25034791  47.55691601  48.86348411
  50.17005221  51.47662031  52.78318841  54.08975651  55.39632461
  56.70289271  58.00946081  59.31602891  60.62259701  61.92916511
  63.23573321  64.54230131  65.84886941  67.15543751  68.46200561
  69.76857371]
Frequencies: [2.20000000e+01 7.10000000e+01 1.01000000e+02 1.67000000e+02
 3.13000000e+02 4.70000000e+02 8.50000000e+02 1.24700000e+03
 1.90200000e+03 3.07600000e+03 4.49300000e+03 6.69000000e+03
 9.99300000e+03 1.40700000e+04 1.95050000e+04 2.79710000e+04
 4.02450000e+04 5.73450000e+04 8.14320000e+04 1.15746000e+05
 1.64074000e+05 2.33952000e+05 3.33014000e+05 4.75164000e+05
 6.69851000e+05 9.48826000e+05 1.33480600e+06 1.87232400e+06
 2.62122200e+06 3.65656800e+06 5.07245900e+06 7.00725700e+06
 9.64017700e+06 1.32266060e+07 1.81398770e+07 2.47583810e+07
 3.37185690e+07 4.59490050e+07 6.26005160e+07 8.52879900e+07
 1.16477064e+08 1.59726976e+08 2.18681956e+08 2.95281083e+08
 3.83966451e+08 4.63610488e+08 5.01603077e+08 4.79467530e+08
 4.07893006e+08 3.17492533e+08 2.35560227e+08 1.71882461e+08
 1.25742718e+08 9.24882510e+07 6.82622120e+07 5.03312810e+07
 3.70021580e+07 2.70904600e+07 1.97237820e+07 1.42413330e+07
 1.02224440e+07 7.32150700e+06 5.24143800e+06 3.76015500e+06
 2.70747000e+06 1.96302600e+06 1.42041300e+06 1.04018300e+06
 7.57579000e+05 5.53415000e+05 4.03251000e+05 2.96609000e+05
 2.21658000e+05 1.65122000e+05 1.24477000e+05 9.29720000e+04
 6.92150000e+04 5.25760000e+04 3.96080000e+04 2.92280000e+04
 2.14870000e+04 1.61210000e+04 1.20070000e+04 8.74400000e+03
 6.39900000e+03 4.62800000e+03 3.21200000e+03 2.38100000e+03
 1.60800000e+03 1.13900000e+03 7.80000000e+02 5.62000000e+02
 4.02000000e+02 3.04000000e+02 2.04000000e+02 1.25000000e+02
 8.10000000e+01 5.90000000e+01 1.20000000e+01 5.00000000e+00]
