Standard Deviation: 5.691567884940031
Skewness: 0.0405327361018117
Kurtosis: 12.696219824120648
Median: -0.007798423516413022
Mean: -0.0031158927093444234
Deciles: [-2.10573776  2.08817888]
Minimum: -69.90726683748395
Maximum: 72.59098383634758
Bin Edges: [-69.90726684 -68.48228433 -67.05730182 -65.63231932 -64.20733681
 -62.7823543  -61.3573718  -59.93238929 -58.50740678 -57.08242428
 -55.65744177 -54.23245926 -52.80747676 -51.38249425 -49.95751174
 -48.53252924 -47.10754673 -45.68256422 -44.25758172 -42.83259921
 -41.4076167  -39.9826342  -38.55765169 -37.13266918 -35.70768668
 -34.28270417 -32.85772166 -31.43273916 -30.00775665 -28.58277414
 -27.15779164 -25.73280913 -24.30782662 -22.88284412 -21.45786161
 -20.0328791  -18.60789659 -17.18291409 -15.75793158 -14.33294907
 -12.90796657 -11.48298406 -10.05800155  -8.63301905  -7.20803654
  -5.78305403  -4.35807153  -2.93308902  -1.50810651  -0.08312401
   1.3418585    2.76684101   4.19182351   5.61680602   7.04178853
   8.46677103   9.89175354  11.31673605  12.74171855  14.16670106
  15.59168357  17.01666607  18.44164858  19.86663109  21.29161359
  22.7165961   24.14157861  25.56656111  26.99154362  28.41652613
  29.84150863  31.26649114  32.69147365  34.11645615  35.54143866
  36.96642117  38.39140367  39.81638618  41.24136869  42.66635119
  44.0913337   45.51631621  46.94129872  48.36628122  49.79126373
  51.21624624  52.64122874  54.06621125  55.49119376  56.91617626
  58.34115877  59.76614128  61.19112378  62.61610629  64.0410888
  65.4660713   66.89105381  68.31603632  69.74101882  71.16600133
  72.59098384]
Frequencies: [5.90000000e+01 1.75000000e+02 4.70000000e+02 6.31000000e+02
 1.09800000e+03 2.38200000e+03 4.97900000e+03 9.19800000e+03
 1.49990000e+04 2.49750000e+04 3.64290000e+04 4.96340000e+04
 6.71500000e+04 9.27310000e+04 1.14111000e+05 1.53525000e+05
 2.04591000e+05 2.62664000e+05 3.30661000e+05 4.13994000e+05
 5.23213000e+05 6.34379000e+05 7.60721000e+05 9.09068000e+05
 1.08667200e+06 1.29470900e+06 1.54828400e+06 1.84156000e+06
 2.18490900e+06 2.59583200e+06 3.08092600e+06 3.66918900e+06
 4.38640500e+06 5.25527600e+06 6.28923100e+06 7.52367700e+06
 9.05558000e+06 1.09686910e+07 1.33313030e+07 1.64336110e+07
 2.06442640e+07 2.66843330e+07 3.61130660e+07 5.30983550e+07
 8.91992650e+07 1.70467667e+08 3.35928512e+08 5.87335125e+08
 8.10371107e+08 8.24441068e+08 6.16011262e+08 3.58682049e+08
 1.83067280e+08 9.47746180e+07 5.55370300e+07 3.71249020e+07
 2.71662960e+07 2.10046500e+07 1.67828230e+07 1.36440580e+07
 1.12392150e+07 9.32036700e+06 7.78073000e+06 6.49669500e+06
 5.45486200e+06 4.57603800e+06 3.84679300e+06 3.24969600e+06
 2.75172400e+06 2.31595000e+06 1.94220100e+06 1.62558300e+06
 1.35719400e+06 1.13344500e+06 9.40815000e+05 7.81346000e+05
 6.50747000e+05 5.37232000e+05 4.33719000e+05 3.46896000e+05
 2.76483000e+05 2.15457000e+05 1.67944000e+05 1.31486000e+05
 1.02454000e+05 7.79360000e+04 5.76740000e+04 3.97990000e+04
 2.78260000e+04 2.15350000e+04 1.59140000e+04 1.19060000e+04
 8.79000000e+03 5.36600000e+03 2.77100000e+03 1.95800000e+03
 1.31900000e+03 4.31000000e+02 1.86000000e+02 9.50000000e+01]
