Standard Deviation: 12.580392298476937
Skewness: -1.1475659378424223
Kurtosis: 1.270114885899571
Median: 286.61576364246844
Mean: 282.8975280094791
Deciles: [275.5899784 292.5774175]
Minimum: 215.54491319484697
Maximum: 315.8606250256208
Bin Edges: [215.54491319 216.54807031 217.55122743 218.55438455 219.55754167
 220.56069879 221.5638559  222.56701302 223.57017014 224.57332726
 225.57648438 226.5796415  227.58279861 228.58595573 229.58911285
 230.59226997 231.59542709 232.59858421 233.60174132 234.60489844
 235.60805556 236.61121268 237.6143698  238.61752692 239.62068403
 240.62384115 241.62699827 242.63015539 243.63331251 244.63646963
 245.63962674 246.64278386 247.64594098 248.6490981  249.65225522
 250.65541234 251.65856945 252.66172657 253.66488369 254.66804081
 255.67119793 256.67435505 257.67751216 258.68066928 259.6838264
 260.68698352 261.69014064 262.69329776 263.69645487 264.69961199
 265.70276911 266.70592623 267.70908335 268.71224047 269.71539758
 270.7185547  271.72171182 272.72486894 273.72802606 274.73118318
 275.73434029 276.73749741 277.74065453 278.74381165 279.74696877
 280.75012588 281.753283   282.75644012 283.75959724 284.76275436
 285.76591148 286.76906859 287.77222571 288.77538283 289.77853995
 290.78169707 291.78485419 292.7880113  293.79116842 294.79432554
 295.79748266 296.80063978 297.8037969  298.80695401 299.81011113
 300.81326825 301.81642537 302.81958249 303.82273961 304.82589672
 305.82905384 306.83221096 307.83536808 308.8385252  309.84168232
 310.84483943 311.84799655 312.85115367 313.85431079 314.85746791
 315.86062503]
Frequencies: [1.26000000e+02 9.12000000e+02 4.60400000e+03 1.27890000e+04
 2.31070000e+04 4.38890000e+04 8.08800000e+04 1.42066000e+05
 2.23045000e+05 3.38879000e+05 4.86395000e+05 6.57192000e+05
 8.70376000e+05 1.09704200e+06 1.34731800e+06 1.56791100e+06
 1.81158200e+06 2.02289900e+06 2.21543800e+06 2.43092200e+06
 2.66151100e+06 2.89658100e+06 3.14881400e+06 3.43448600e+06
 3.74905600e+06 4.14306400e+06 4.61506100e+06 5.15596200e+06
 5.80377100e+06 6.53100000e+06 7.38423100e+06 8.35615000e+06
 9.34764100e+06 1.03355300e+07 1.14059940e+07 1.24274660e+07
 1.34850150e+07 1.46806080e+07 1.57923590e+07 1.68179910e+07
 1.79653940e+07 1.91386780e+07 2.03878610e+07 2.19359820e+07
 2.39177410e+07 2.63731010e+07 2.95678040e+07 3.39089690e+07
 3.99708750e+07 4.77713220e+07 5.53010750e+07 6.11445410e+07
 6.49811720e+07 6.70258520e+07 6.87225440e+07 7.02157090e+07
 7.17417390e+07 7.34369340e+07 7.62001880e+07 7.97584310e+07
 8.37498810e+07 8.78342330e+07 9.16326700e+07 9.54383810e+07
 9.88858780e+07 1.02344217e+08 1.06110659e+08 1.10513860e+08
 1.15825421e+08 1.22017650e+08 1.29592706e+08 1.39137379e+08
 1.51289078e+08 1.67866642e+08 1.94437074e+08 2.35911423e+08
 2.93924551e+08 3.61712333e+08 3.10054572e+08 1.28210370e+08
 6.50430140e+07 4.69045700e+07 3.66943660e+07 2.93684740e+07
 2.35395650e+07 1.86513810e+07 1.45444720e+07 1.09743160e+07
 7.93107000e+06 5.49329200e+06 3.61577700e+06 2.23834000e+06
 1.34234400e+06 7.70630000e+05 3.77618000e+05 1.36100000e+05
 4.16710000e+04 1.00410000e+04 2.11600000e+03 2.90000000e+02]
