Standard Deviation: 2.3291938607891743e-48
Skewness: 67369.08490782838
Kurtosis: 4539447874.409339
Median: 0.0
Mean: 3.5502213567950855e-53
Deciles: [0. 0.]
Minimum: 0.0
Maximum: 1.5694542800437951e-43
Bin Edges: [0.00000000e+00 1.56945428e-45 3.13890856e-45 4.70836284e-45
 6.27781712e-45 7.84727140e-45 9.41672568e-45 1.09861800e-44
 1.25556342e-44 1.41250885e-44 1.56945428e-44 1.72639971e-44
 1.88334514e-44 2.04029056e-44 2.19723599e-44 2.35418142e-44
 2.51112685e-44 2.66807228e-44 2.82501770e-44 2.98196313e-44
 3.13890856e-44 3.29585399e-44 3.45279942e-44 3.60974484e-44
 3.76669027e-44 3.92363570e-44 4.08058113e-44 4.23752656e-44
 4.39447198e-44 4.55141741e-44 4.70836284e-44 4.86530827e-44
 5.02225370e-44 5.17919912e-44 5.33614455e-44 5.49308998e-44
 5.65003541e-44 5.80698084e-44 5.96392626e-44 6.12087169e-44
 6.27781712e-44 6.43476255e-44 6.59170798e-44 6.74865340e-44
 6.90559883e-44 7.06254426e-44 7.21948969e-44 7.37643512e-44
 7.53338054e-44 7.69032597e-44 7.84727140e-44 8.00421683e-44
 8.16116226e-44 8.31810768e-44 8.47505311e-44 8.63199854e-44
 8.78894397e-44 8.94588940e-44 9.10283482e-44 9.25978025e-44
 9.41672568e-44 9.57367111e-44 9.73061654e-44 9.88756196e-44
 1.00445074e-43 1.02014528e-43 1.03583982e-43 1.05153437e-43
 1.06722891e-43 1.08292345e-43 1.09861800e-43 1.11431254e-43
 1.13000708e-43 1.14570162e-43 1.16139617e-43 1.17709071e-43
 1.19278525e-43 1.20847980e-43 1.22417434e-43 1.23986888e-43
 1.25556342e-43 1.27125797e-43 1.28695251e-43 1.30264705e-43
 1.31834160e-43 1.33403614e-43 1.34973068e-43 1.36542522e-43
 1.38111977e-43 1.39681431e-43 1.41250885e-43 1.42820339e-43
 1.44389794e-43 1.45959248e-43 1.47528702e-43 1.49098157e-43
 1.50667611e-43 1.52237065e-43 1.53806519e-43 1.55375974e-43
 1.56945428e-43]
Frequencies: [4.541184e+09 0.000000e+00 0.000000e+00 0.000000e+00 0.000000e+00
 0.000000e+00 0.000000e+00 0.000000e+00 0.000000e+00 0.000000e+00
 0.000000e+00 0.000000e+00 0.000000e+00 0.000000e+00 0.000000e+00
 0.000000e+00 0.000000e+00 0.000000e+00 0.000000e+00 0.000000e+00
 0.000000e+00 0.000000e+00 0.000000e+00 0.000000e+00 0.000000e+00
 0.000000e+00 0.000000e+00 0.000000e+00 0.000000e+00 0.000000e+00
 0.000000e+00 0.000000e+00 0.000000e+00 0.000000e+00 0.000000e+00
 0.000000e+00 0.000000e+00 0.000000e+00 0.000000e+00 0.000000e+00
 0.000000e+00 0.000000e+00 0.000000e+00 0.000000e+00 0.000000e+00
 0.000000e+00 0.000000e+00 0.000000e+00 0.000000e+00 0.000000e+00
 0.000000e+00 0.000000e+00 0.000000e+00 0.000000e+00 0.000000e+00
 0.000000e+00 0.000000e+00 0.000000e+00 0.000000e+00 0.000000e+00
 0.000000e+00 0.000000e+00 0.000000e+00 0.000000e+00 0.000000e+00
 0.000000e+00 0.000000e+00 0.000000e+00 0.000000e+00 0.000000e+00
 0.000000e+00 0.000000e+00 0.000000e+00 0.000000e+00 0.000000e+00
 0.000000e+00 0.000000e+00 0.000000e+00 0.000000e+00 0.000000e+00
 0.000000e+00 0.000000e+00 0.000000e+00 0.000000e+00 0.000000e+00
 0.000000e+00 0.000000e+00 0.000000e+00 0.000000e+00 0.000000e+00
 0.000000e+00 0.000000e+00 0.000000e+00 0.000000e+00 0.000000e+00
 0.000000e+00 0.000000e+00 0.000000e+00 0.000000e+00 1.000000e+00]
