Standard Deviation: 3.997636998834493e-05
Skewness: 5.713880487704059
Kurtosis: 42.274316783111274
Median: 0.0
Mean: 1.1038068383993446e-05
Deciles: [0.00000000e+00 1.13015963e-07]
Minimum: 0.0
Maximum: 0.0017358588470882282
Bin Edges: [0.00000000e+00 1.73585885e-05 3.47171769e-05 5.20757654e-05
 6.94343539e-05 8.67929424e-05 1.04151531e-04 1.21510119e-04
 1.38868708e-04 1.56227296e-04 1.73585885e-04 1.90944473e-04
 2.08303062e-04 2.25661650e-04 2.43020239e-04 2.60378827e-04
 2.77737416e-04 2.95096004e-04 3.12454592e-04 3.29813181e-04
 3.47171769e-04 3.64530358e-04 3.81888946e-04 3.99247535e-04
 4.16606123e-04 4.33964712e-04 4.51323300e-04 4.68681889e-04
 4.86040477e-04 5.03399066e-04 5.20757654e-04 5.38116243e-04
 5.55474831e-04 5.72833420e-04 5.90192008e-04 6.07550596e-04
 6.24909185e-04 6.42267773e-04 6.59626362e-04 6.76984950e-04
 6.94343539e-04 7.11702127e-04 7.29060716e-04 7.46419304e-04
 7.63777893e-04 7.81136481e-04 7.98495070e-04 8.15853658e-04
 8.33212247e-04 8.50570835e-04 8.67929424e-04 8.85288012e-04
 9.02646600e-04 9.20005189e-04 9.37363777e-04 9.54722366e-04
 9.72080954e-04 9.89439543e-04 1.00679813e-03 1.02415672e-03
 1.04151531e-03 1.05887390e-03 1.07623249e-03 1.09359107e-03
 1.11094966e-03 1.12830825e-03 1.14566684e-03 1.16302543e-03
 1.18038402e-03 1.19774260e-03 1.21510119e-03 1.23245978e-03
 1.24981837e-03 1.26717696e-03 1.28453555e-03 1.30189414e-03
 1.31925272e-03 1.33661131e-03 1.35396990e-03 1.37132849e-03
 1.38868708e-03 1.40604567e-03 1.42340425e-03 1.44076284e-03
 1.45812143e-03 1.47548002e-03 1.49283861e-03 1.51019720e-03
 1.52755579e-03 1.54491437e-03 1.56227296e-03 1.57963155e-03
 1.59699014e-03 1.61434873e-03 1.63170732e-03 1.64906590e-03
 1.66642449e-03 1.68378308e-03 1.70114167e-03 1.71850026e-03
 1.73585885e-03]
Frequencies: [4.02458593e+09 1.34919924e+08 8.43784240e+07 6.01195180e+07
 4.53944270e+07 3.54578570e+07 2.82530240e+07 2.27865820e+07
 1.85485950e+07 1.52197980e+07 1.25858780e+07 1.04749790e+07
 8.74041600e+06 7.28560000e+06 6.07496200e+06 5.04171300e+06
 4.16182700e+06 3.42125300e+06 2.79547400e+06 2.26574000e+06
 1.83057300e+06 1.46774100e+06 1.16557200e+06 9.20230000e+05
 7.22148000e+05 5.63562000e+05 4.37867000e+05 3.39725000e+05
 2.64070000e+05 2.04816000e+05 1.59610000e+05 1.25255000e+05
 9.82410000e+04 7.75600000e+04 6.09180000e+04 4.85300000e+04
 3.84540000e+04 3.03230000e+04 2.40340000e+04 1.89690000e+04
 1.49450000e+04 1.20740000e+04 9.62100000e+03 7.72500000e+03
 5.98600000e+03 4.79000000e+03 3.88500000e+03 2.99900000e+03
 2.41400000e+03 1.93000000e+03 1.51900000e+03 1.25800000e+03
 1.01100000e+03 7.54000000e+02 6.23000000e+02 5.09000000e+02
 4.47000000e+02 3.01000000e+02 2.63000000e+02 1.84000000e+02
 1.43000000e+02 1.04000000e+02 1.00000000e+02 6.30000000e+01
 5.00000000e+01 3.50000000e+01 2.80000000e+01 2.60000000e+01
 2.10000000e+01 1.00000000e+01 1.50000000e+01 1.00000000e+00
 8.00000000e+00 6.00000000e+00 7.00000000e+00 9.00000000e+00
 4.00000000e+00 5.00000000e+00 1.00000000e+00 1.00000000e+00
 0.00000000e+00 0.00000000e+00 2.00000000e+00 3.00000000e+00
 0.00000000e+00 0.00000000e+00 0.00000000e+00 0.00000000e+00
 0.00000000e+00 1.00000000e+00 0.00000000e+00 0.00000000e+00
 0.00000000e+00 0.00000000e+00 0.00000000e+00 0.00000000e+00
 0.00000000e+00 0.00000000e+00 0.00000000e+00 1.00000000e+00]
