Standard Deviation: 11.487967530997912
Skewness: 0.5836476774694447
Kurtosis: 0.06018568245473466
Median: 3.818812949376656
Mean: 5.456123282766948
Deciles: [-3.12893806 12.78869103]
Minimum: -55.3324940854505
Maximum: 76.11663642547695
Bin Edges: [-55.33249409 -54.01800278 -52.70351148 -51.38902017 -50.07452887
 -48.76003756 -47.44554625 -46.13105495 -44.81656364 -43.50207234
 -42.18758103 -40.87308973 -39.55859842 -38.24410712 -36.92961581
 -35.61512451 -34.3006332  -32.9861419  -31.67165059 -30.35715929
 -29.04266798 -27.72817668 -26.41368537 -25.09919407 -23.78470276
 -22.47021146 -21.15572015 -19.84122885 -18.52673754 -17.21224624
 -15.89775493 -14.58326363 -13.26877232 -11.95428102 -10.63978971
  -9.32529841  -8.0108071   -6.6963158   -5.38182449  -4.06733319
  -2.75284188  -1.43835058  -0.12385927   1.19063203   2.50512334
   3.81961464   5.13410595   6.44859725   7.76308856   9.07757986
  10.39207117  11.70656248  13.02105378  14.33554509  15.65003639
  16.9645277   18.279019    19.59351031  20.90800161  22.22249292
  23.53698422  24.85147553  26.16596683  27.48045814  28.79494944
  30.10944075  31.42393205  32.73842336  34.05291466  35.36740597
  36.68189727  37.99638858  39.31087988  40.62537119  41.93986249
  43.2543538   44.5688451   45.88333641  47.19782771  48.51231902
  49.82681032  51.14130163  52.45579293  53.77028424  55.08477554
  56.39926685  57.71375815  59.02824946  60.34274076  61.65723207
  62.97172337  64.28621468  65.60070598  66.91519729  68.22968859
  69.5441799   70.85867121  72.17316251  73.48765382  74.80214512
  76.11663643]
Frequencies: [6.00000000e+00 6.00000000e+00 2.20000000e+01 5.60000000e+01
 7.30000000e+01 9.10000000e+01 2.12000000e+02 3.35000000e+02
 5.31000000e+02 7.34000000e+02 1.01000000e+03 1.53200000e+03
 2.64100000e+03 4.91500000e+03 7.90300000e+03 1.29130000e+04
 2.05980000e+04 3.35660000e+04 5.29310000e+04 8.39560000e+04
 1.32856000e+05 2.09509000e+05 3.34368000e+05 5.38435000e+05
 8.92740000e+05 1.51209800e+06 2.60818100e+06 4.53718100e+06
 7.91800200e+06 1.35608420e+07 2.25340020e+07 3.58626760e+07
 5.39737690e+07 7.64703200e+07 1.02465753e+08 1.29787713e+08
 1.55993946e+08 1.79254722e+08 1.97435055e+08 2.10167272e+08
 2.17520996e+08 2.20057043e+08 2.18274247e+08 2.13093881e+08
 2.05355087e+08 1.96218062e+08 1.86147512e+08 1.75717242e+08
 1.65370148e+08 1.55044669e+08 1.44841911e+08 1.34987144e+08
 1.25489084e+08 1.16232019e+08 1.07234662e+08 9.84350930e+07
 8.99669780e+07 8.16892630e+07 7.36378050e+07 6.58375030e+07
 5.82401460e+07 5.10598430e+07 4.42602200e+07 3.78931790e+07
 3.20394350e+07 2.67536880e+07 2.20934680e+07 1.80290820e+07
 1.45620240e+07 1.15956560e+07 9.10543800e+06 7.08499800e+06
 5.44436800e+06 4.12755400e+06 3.10097600e+06 2.31117000e+06
 1.70318500e+06 1.23187400e+06 8.83953000e+05 6.32693000e+05
 4.53360000e+05 3.15916000e+05 2.18807000e+05 1.47679000e+05
 1.00794000e+05 7.01460000e+04 5.01230000e+04 3.47420000e+04
 2.37910000e+04 1.63060000e+04 1.16720000e+04 7.89900000e+03
 5.89700000e+03 3.88800000e+03 2.56100000e+03 1.32700000e+03
 8.76000000e+02 9.28000000e+02 3.96000000e+02 1.22000000e+02]
