Standard Deviation: 0.0013460157073514843
Skewness: 1.4696122662358828
Kurtosis: 1.39089167223793
Median: 0.000660658826619541
Mean: 0.001227877785655874
Deciles: [0.00024884 0.00175865]
Minimum: 1e-12
Maximum: 0.010488501383525571
Bin Edges: [1.00000000e-12 1.04885015e-04 2.09770029e-04 3.14655042e-04
 4.19540056e-04 5.24425070e-04 6.29310084e-04 7.34195098e-04
 8.39080112e-04 9.43965125e-04 1.04885014e-03 1.15373515e-03
 1.25862017e-03 1.36350518e-03 1.46839019e-03 1.57327521e-03
 1.67816022e-03 1.78304524e-03 1.88793025e-03 1.99281526e-03
 2.09770028e-03 2.20258529e-03 2.30747031e-03 2.41235532e-03
 2.51724033e-03 2.62212535e-03 2.72701036e-03 2.83189537e-03
 2.93678039e-03 3.04166540e-03 3.14655042e-03 3.25143543e-03
 3.35632044e-03 3.46120546e-03 3.56609047e-03 3.67097548e-03
 3.77586050e-03 3.88074551e-03 3.98563053e-03 4.09051554e-03
 4.19540055e-03 4.30028557e-03 4.40517058e-03 4.51005560e-03
 4.61494061e-03 4.71982562e-03 4.82471064e-03 4.92959565e-03
 5.03448066e-03 5.13936568e-03 5.24425069e-03 5.34913571e-03
 5.45402072e-03 5.55890573e-03 5.66379075e-03 5.76867576e-03
 5.87356078e-03 5.97844579e-03 6.08333080e-03 6.18821582e-03
 6.29310083e-03 6.39798584e-03 6.50287086e-03 6.60775587e-03
 6.71264089e-03 6.81752590e-03 6.92241091e-03 7.02729593e-03
 7.13218094e-03 7.23706595e-03 7.34195097e-03 7.44683598e-03
 7.55172100e-03 7.65660601e-03 7.76149102e-03 7.86637604e-03
 7.97126105e-03 8.07614607e-03 8.18103108e-03 8.28591609e-03
 8.39080111e-03 8.49568612e-03 8.60057113e-03 8.70545615e-03
 8.81034116e-03 8.91522618e-03 9.02011119e-03 9.12499620e-03
 9.22988122e-03 9.33476623e-03 9.43965125e-03 9.54453626e-03
 9.64942127e-03 9.75430629e-03 9.85919130e-03 9.96407631e-03
 1.00689613e-02 1.01738463e-02 1.02787314e-02 1.03836164e-02
 1.04885014e-02]
Frequencies: [4.38751435e+08 5.27933641e+08 4.19968671e+08 3.32125732e+08
 2.68900613e+08 2.23220539e+08 1.89140451e+08 1.62650102e+08
 1.41710216e+08 1.24747315e+08 1.11049749e+08 9.96095050e+07
 8.95897670e+07 8.16968110e+07 7.51950980e+07 6.95635550e+07
 6.46763120e+07 6.04739390e+07 5.68445990e+07 5.35909210e+07
 5.06711380e+07 4.80579780e+07 4.57025340e+07 4.35929860e+07
 4.16333340e+07 3.98562890e+07 3.82689550e+07 3.68464950e+07
 3.55365730e+07 3.43031370e+07 3.31652700e+07 3.21148280e+07
 3.11455340e+07 3.01998490e+07 2.93168870e+07 2.84288040e+07
 2.75334890e+07 2.66207360e+07 2.56808110e+07 2.47124400e+07
 2.37267320e+07 2.27086950e+07 2.16715970e+07 2.06259110e+07
 1.95298740e+07 1.84466110e+07 1.73035950e+07 1.60946150e+07
 1.48226810e+07 1.34745500e+07 1.19536270e+07 1.03098170e+07
 8.58924900e+06 6.88970400e+06 5.30235000e+06 3.91308900e+06
 2.81432000e+06 2.01573700e+06 1.46388000e+06 1.09281900e+06
 8.26621000e+05 6.36878000e+05 4.93312000e+05 3.80731000e+05
 2.93946000e+05 2.29254000e+05 1.76827000e+05 1.35737000e+05
 1.04235000e+05 7.86520000e+04 5.91830000e+04 4.42640000e+04
 3.35260000e+04 2.51740000e+04 1.91600000e+04 1.44300000e+04
 1.13800000e+04 9.45600000e+03 7.36100000e+03 5.84300000e+03
 5.05200000e+03 3.93400000e+03 2.98100000e+03 2.42400000e+03
 1.82100000e+03 1.33500000e+03 1.06800000e+03 8.44000000e+02
 5.83000000e+02 4.22000000e+02 3.19000000e+02 2.22000000e+02
 1.65000000e+02 1.16000000e+02 9.50000000e+01 7.20000000e+01
 5.30000000e+01 1.50000000e+01 1.30000000e+01 5.00000000e+00]
