Standard Deviation: 0.00428935224253768
Skewness: 0.27373399871784126
Kurtosis: -1.1989686248988196
Median: 0.00583975449692536
Mean: 0.006537066839185023
Deciles: [0.00274151 0.0103553 ]
Minimum: 1e-12
Maximum: 0.02175196328800568
Bin Edges: [1.00000000e-12 2.17519634e-04 4.35039267e-04 6.52558900e-04
 8.70078532e-04 1.08759817e-03 1.30511780e-03 1.52263743e-03
 1.74015706e-03 1.95767670e-03 2.17519633e-03 2.39271596e-03
 2.61023560e-03 2.82775523e-03 3.04527486e-03 3.26279449e-03
 3.48031413e-03 3.69783376e-03 3.91535339e-03 4.13287303e-03
 4.35039266e-03 4.56791229e-03 4.78543192e-03 5.00295156e-03
 5.22047119e-03 5.43799082e-03 5.65551046e-03 5.87303009e-03
 6.09054972e-03 6.30806935e-03 6.52558899e-03 6.74310862e-03
 6.96062825e-03 7.17814789e-03 7.39566752e-03 7.61318715e-03
 7.83070678e-03 8.04822642e-03 8.26574605e-03 8.48326568e-03
 8.70078532e-03 8.91830495e-03 9.13582458e-03 9.35334421e-03
 9.57086385e-03 9.78838348e-03 1.00059031e-02 1.02234227e-02
 1.04409424e-02 1.06584620e-02 1.08759816e-02 1.10935013e-02
 1.13110209e-02 1.15285405e-02 1.17460602e-02 1.19635798e-02
 1.21810994e-02 1.23986191e-02 1.26161387e-02 1.28336583e-02
 1.30511780e-02 1.32686976e-02 1.34862172e-02 1.37037369e-02
 1.39212565e-02 1.41387761e-02 1.43562958e-02 1.45738154e-02
 1.47913350e-02 1.50088547e-02 1.52263743e-02 1.54438939e-02
 1.56614136e-02 1.58789332e-02 1.60964528e-02 1.63139725e-02
 1.65314921e-02 1.67490117e-02 1.69665314e-02 1.71840510e-02
 1.74015706e-02 1.76190903e-02 1.78366099e-02 1.80541295e-02
 1.82716492e-02 1.84891688e-02 1.87066884e-02 1.89242081e-02
 1.91417277e-02 1.93592473e-02 1.95767670e-02 1.97942866e-02
 2.00118062e-02 2.02293259e-02 2.04468455e-02 2.06643651e-02
 2.08818848e-02 2.10994044e-02 2.13169240e-02 2.15344437e-02
 2.17519633e-02]
Frequencies: [6.0988514e+07 8.6296351e+07 9.1502003e+07 8.7682778e+07 8.5659252e+07
 8.8019430e+07 9.1633308e+07 9.4765720e+07 9.6861475e+07 9.8154177e+07
 9.8437749e+07 9.7342714e+07 9.5692881e+07 9.3683454e+07 9.1588970e+07
 8.9649359e+07 8.7859388e+07 8.6126118e+07 8.4358605e+07 8.2287681e+07
 7.9707736e+07 7.6558148e+07 7.3131489e+07 6.9768215e+07 6.6629528e+07
 6.3916244e+07 6.1562899e+07 5.9526403e+07 5.7831298e+07 5.6325944e+07
 5.5048907e+07 5.4036564e+07 5.3199538e+07 5.2608289e+07 5.2202824e+07
 5.2047924e+07 5.2129806e+07 5.2286337e+07 5.2503465e+07 5.2845230e+07
 5.3221635e+07 5.3719807e+07 5.4377075e+07 5.5160219e+07 5.6084012e+07
 5.7075334e+07 5.8089383e+07 5.9077444e+07 5.9950635e+07 6.0606702e+07
 6.1192548e+07 6.1533248e+07 6.1773684e+07 6.1784034e+07 6.1693041e+07
 6.1506271e+07 6.1304999e+07 6.1117233e+07 6.0950684e+07 6.0567819e+07
 5.9703932e+07 5.7919219e+07 5.4687290e+07 4.9563798e+07 4.2643462e+07
 3.4416343e+07 2.5872353e+07 1.8106106e+07 1.1911594e+07 7.5326090e+06
 4.7619780e+06 3.1263680e+06 2.1598180e+06 1.5552110e+06 1.1400620e+06
 8.3991400e+05 6.1370500e+05 4.4326400e+05 3.1058100e+05 2.1517400e+05
 1.4755800e+05 9.8075000e+04 6.4130000e+04 4.0747000e+04 2.4548000e+04
 1.5695000e+04 9.7130000e+03 6.0780000e+03 3.9630000e+03 2.7810000e+03
 1.9660000e+03 1.2580000e+03 1.0220000e+03 6.3200000e+02 3.5000000e+02
 1.0900000e+02 3.1000000e+01 2.7000000e+01 4.0000000e+00 1.0000000e+01]
