Standard Deviation: 7.045783709632903e-05
Skewness: 4.091055010134902
Kurtosis: 23.766578322957777
Median: 0.0
Mean: 3.2692760766152106e-05
Deciles: [0.00000000e+00 3.78142621e-05]
Minimum: 0.0
Maximum: 0.0011046088765235393
Bin Edges: [0.00000000e+00 1.10460888e-05 2.20921775e-05 3.31382663e-05
 4.41843551e-05 5.52304438e-05 6.62765326e-05 7.73226214e-05
 8.83687101e-05 9.94147989e-05 1.10460888e-04 1.21506976e-04
 1.32553065e-04 1.43599154e-04 1.54645243e-04 1.65691331e-04
 1.76737420e-04 1.87783509e-04 1.98829598e-04 2.09875687e-04
 2.20921775e-04 2.31967864e-04 2.43013953e-04 2.54060042e-04
 2.65106130e-04 2.76152219e-04 2.87198308e-04 2.98244397e-04
 3.09290485e-04 3.20336574e-04 3.31382663e-04 3.42428752e-04
 3.53474840e-04 3.64520929e-04 3.75567018e-04 3.86613107e-04
 3.97659196e-04 4.08705284e-04 4.19751373e-04 4.30797462e-04
 4.41843551e-04 4.52889639e-04 4.63935728e-04 4.74981817e-04
 4.86027906e-04 4.97073994e-04 5.08120083e-04 5.19166172e-04
 5.30212261e-04 5.41258349e-04 5.52304438e-04 5.63350527e-04
 5.74396616e-04 5.85442705e-04 5.96488793e-04 6.07534882e-04
 6.18580971e-04 6.29627060e-04 6.40673148e-04 6.51719237e-04
 6.62765326e-04 6.73811415e-04 6.84857503e-04 6.95903592e-04
 7.06949681e-04 7.17995770e-04 7.29041859e-04 7.40087947e-04
 7.51134036e-04 7.62180125e-04 7.73226214e-04 7.84272302e-04
 7.95318391e-04 8.06364480e-04 8.17410569e-04 8.28456657e-04
 8.39502746e-04 8.50548835e-04 8.61594924e-04 8.72641012e-04
 8.83687101e-04 8.94733190e-04 9.05779279e-04 9.16825368e-04
 9.27871456e-04 9.38917545e-04 9.49963634e-04 9.61009723e-04
 9.72055811e-04 9.83101900e-04 9.94147989e-04 1.00519408e-03
 1.01624017e-03 1.02728626e-03 1.03833234e-03 1.04937843e-03
 1.06042452e-03 1.07147061e-03 1.08251670e-03 1.09356279e-03
 1.10460888e-03]
Frequencies: [2.87916094e+09 2.32692900e+08 2.13552811e+08 1.82381400e+08
 1.56244760e+08 1.31958433e+08 1.10772302e+08 9.25487640e+07
 7.70668720e+07 6.39981060e+07 5.31215270e+07 4.41561700e+07
 3.68589480e+07 3.09722990e+07 2.62104750e+07 2.23411440e+07
 1.91970320e+07 1.66168420e+07 1.44850830e+07 1.27130780e+07
 1.12217570e+07 9.96244600e+06 8.89079500e+06 7.97059400e+06
 7.17061200e+06 6.48077600e+06 5.87558000e+06 5.34826000e+06
 4.87584900e+06 4.45495900e+06 4.07827500e+06 3.73856600e+06
 3.43419400e+06 3.16089600e+06 2.90973900e+06 2.68363200e+06
 2.47900100e+06 2.28876300e+06 2.11698600e+06 1.95911700e+06
 1.81504300e+06 1.68320300e+06 1.55901000e+06 1.44644200e+06
 1.34159000e+06 1.24496800e+06 1.15556800e+06 1.07216400e+06
 9.93119000e+05 9.22294000e+05 8.53949000e+05 7.91321000e+05
 7.30966000e+05 6.77060000e+05 6.25219000e+05 5.79119000e+05
 5.33523000e+05 4.91163000e+05 4.53446000e+05 4.16174000e+05
 3.81929000e+05 3.51314000e+05 3.21122000e+05 2.93765000e+05
 2.67668000e+05 2.42499000e+05 2.20427000e+05 1.99258000e+05
 1.79283000e+05 1.61683000e+05 1.44850000e+05 1.29361000e+05
 1.14438000e+05 1.01614000e+05 8.90300000e+04 7.82080000e+04
 6.69850000e+04 5.84850000e+04 4.98200000e+04 4.18960000e+04
 3.47670000e+04 2.86630000e+04 2.32600000e+04 1.85530000e+04
 1.44710000e+04 1.09840000e+04 8.18200000e+03 5.98200000e+03
 4.16800000e+03 2.59800000e+03 1.41900000e+03 6.60000000e+02
 2.90000000e+02 1.57000000e+02 8.10000000e+01 5.10000000e+01
 2.90000000e+01 1.30000000e+01 7.00000000e+00 6.00000000e+00]
