Standard Deviation: 2.7005326231272532e-05
Skewness: 12.909739987250454
Kurtosis: 213.93794433406208
Median: 0.0
Mean: 3.529831249986405e-06
Deciles: [0. 0.]
Minimum: 0.0
Maximum: 0.0010821602830932988
Bin Edges: [0.00000000e+00 1.08216028e-05 2.16432057e-05 3.24648085e-05
 4.32864113e-05 5.41080142e-05 6.49296170e-05 7.57512198e-05
 8.65728226e-05 9.73944255e-05 1.08216028e-04 1.19037631e-04
 1.29859234e-04 1.40680837e-04 1.51502440e-04 1.62324042e-04
 1.73145645e-04 1.83967248e-04 1.94788851e-04 2.05610454e-04
 2.16432057e-04 2.27253659e-04 2.38075262e-04 2.48896865e-04
 2.59718468e-04 2.70540071e-04 2.81361674e-04 2.92183276e-04
 3.03004879e-04 3.13826482e-04 3.24648085e-04 3.35469688e-04
 3.46291291e-04 3.57112893e-04 3.67934496e-04 3.78756099e-04
 3.89577702e-04 4.00399305e-04 4.11220908e-04 4.22042510e-04
 4.32864113e-04 4.43685716e-04 4.54507319e-04 4.65328922e-04
 4.76150525e-04 4.86972127e-04 4.97793730e-04 5.08615333e-04
 5.19436936e-04 5.30258539e-04 5.41080142e-04 5.51901744e-04
 5.62723347e-04 5.73544950e-04 5.84366553e-04 5.95188156e-04
 6.06009759e-04 6.16831361e-04 6.27652964e-04 6.38474567e-04
 6.49296170e-04 6.60117773e-04 6.70939376e-04 6.81760978e-04
 6.92582581e-04 7.03404184e-04 7.14225787e-04 7.25047390e-04
 7.35868993e-04 7.46690595e-04 7.57512198e-04 7.68333801e-04
 7.79155404e-04 7.89977007e-04 8.00798609e-04 8.11620212e-04
 8.22441815e-04 8.33263418e-04 8.44085021e-04 8.54906624e-04
 8.65728226e-04 8.76549829e-04 8.87371432e-04 8.98193035e-04
 9.09014638e-04 9.19836241e-04 9.30657843e-04 9.41479446e-04
 9.52301049e-04 9.63122652e-04 9.73944255e-04 9.84765858e-04
 9.95587460e-04 1.00640906e-03 1.01723067e-03 1.02805227e-03
 1.03887387e-03 1.04969547e-03 1.06051708e-03 1.07133868e-03
 1.08216028e-03]
Frequencies: [4.36572075e+09 4.21386450e+07 2.49089500e+07 1.72428830e+07
 1.28381990e+07 1.00035350e+07 8.04381900e+06 6.61463000e+06
 5.54147000e+06 4.71702100e+06 4.06253800e+06 3.53630500e+06
 3.11153100e+06 2.75415700e+06 2.45772200e+06 2.20413400e+06
 1.98777400e+06 1.80365600e+06 1.64411400e+06 1.50335800e+06
 1.37442100e+06 1.26721600e+06 1.16842200e+06 1.07977500e+06
 9.97389000e+05 9.22776000e+05 8.58139000e+05 7.95340000e+05
 7.38232000e+05 6.87613000e+05 6.39969000e+05 5.98488000e+05
 5.56533000e+05 5.21276000e+05 4.86356000e+05 4.51410000e+05
 4.23616000e+05 3.95081000e+05 3.66583000e+05 3.40297000e+05
 3.16145000e+05 2.93610000e+05 2.71107000e+05 2.51580000e+05
 2.31763000e+05 2.13659000e+05 1.96639000e+05 1.80386000e+05
 1.66684000e+05 1.52383000e+05 1.39399000e+05 1.26875000e+05
 1.16010000e+05 1.06429000e+05 9.73280000e+04 8.84070000e+04
 8.02730000e+04 7.39350000e+04 6.70330000e+04 6.10450000e+04
 5.54510000e+04 5.05370000e+04 4.53700000e+04 4.10020000e+04
 3.62600000e+04 3.13570000e+04 2.70390000e+04 2.28660000e+04
 1.86640000e+04 1.49410000e+04 1.28370000e+04 1.07440000e+04
 9.41400000e+03 8.34600000e+03 7.15200000e+03 6.17800000e+03
 5.41200000e+03 4.75100000e+03 4.13400000e+03 3.81900000e+03
 3.33300000e+03 3.05600000e+03 2.80500000e+03 2.70900000e+03
 2.50800000e+03 2.32800000e+03 2.20200000e+03 1.83200000e+03
 1.78600000e+03 1.72300000e+03 1.60900000e+03 1.67200000e+03
 1.86900000e+03 1.45400000e+03 9.59000000e+02 5.98000000e+02
 2.88000000e+02 1.24000000e+02 5.00000000e+01 1.10000000e+01]
