Standard Deviation: 0.00020383378618411696
Skewness: 1.8253443185003602
Kurtosis: 3.169081479871811
Median: 8.508805599399599e-05
Mean: 0.0001703083016904378
Deciles: [3.14416652e-05 2.26501272e-04]
Minimum: 1e-12
Maximum: 0.003129108647165266
Bin Edges: [1.00000000e-12 3.12910875e-05 6.25821739e-05 9.38732604e-05
 1.25164347e-04 1.56455433e-04 1.87746520e-04 2.19037606e-04
 2.50328693e-04 2.81619779e-04 3.12910866e-04 3.44201952e-04
 3.75493039e-04 4.06784125e-04 4.38075211e-04 4.69366298e-04
 5.00657384e-04 5.31948471e-04 5.63239557e-04 5.94530644e-04
 6.25821730e-04 6.57112817e-04 6.88403903e-04 7.19694990e-04
 7.50986076e-04 7.82277163e-04 8.13568249e-04 8.44859335e-04
 8.76150422e-04 9.07441508e-04 9.38732595e-04 9.70023681e-04
 1.00131477e-03 1.03260585e-03 1.06389694e-03 1.09518803e-03
 1.12647911e-03 1.15777020e-03 1.18906129e-03 1.22035237e-03
 1.25164346e-03 1.28293455e-03 1.31422563e-03 1.34551672e-03
 1.37680781e-03 1.40809889e-03 1.43938998e-03 1.47068106e-03
 1.50197215e-03 1.53326324e-03 1.56455432e-03 1.59584541e-03
 1.62713650e-03 1.65842758e-03 1.68971867e-03 1.72100976e-03
 1.75230084e-03 1.78359193e-03 1.81488302e-03 1.84617410e-03
 1.87746519e-03 1.90875628e-03 1.94004736e-03 1.97133845e-03
 2.00262953e-03 2.03392062e-03 2.06521171e-03 2.09650279e-03
 2.12779388e-03 2.15908497e-03 2.19037605e-03 2.22166714e-03
 2.25295823e-03 2.28424931e-03 2.31554040e-03 2.34683149e-03
 2.37812257e-03 2.40941366e-03 2.44070475e-03 2.47199583e-03
 2.50328692e-03 2.53457800e-03 2.56586909e-03 2.59716018e-03
 2.62845126e-03 2.65974235e-03 2.69103344e-03 2.72232452e-03
 2.75361561e-03 2.78490670e-03 2.81619778e-03 2.84748887e-03
 2.87877996e-03 2.91007104e-03 2.94136213e-03 2.97265321e-03
 3.00394430e-03 3.03523539e-03 3.06652647e-03 3.09781756e-03
 3.12910865e-03]
Frequencies: [1.13050251e+09 7.63676534e+08 4.98278758e+08 3.52670209e+08
 2.61686160e+08 2.02536216e+08 1.62368762e+08 1.33854218e+08
 1.13117831e+08 9.71905070e+07 8.48663830e+07 7.51718130e+07
 6.74391210e+07 6.12216090e+07 5.62363040e+07 5.21990420e+07
 4.88892480e+07 4.61274740e+07 4.36852160e+07 4.14415350e+07
 3.91657570e+07 3.65252010e+07 3.33901340e+07 2.95982630e+07
 2.52822210e+07 2.07317540e+07 1.62616200e+07 1.22602870e+07
 8.93169300e+06 6.37375500e+06 4.55558300e+06 3.31530300e+06
 2.47779000e+06 1.90064500e+06 1.48621400e+06 1.17121400e+06
 9.31734000e+05 7.45338000e+05 5.95947000e+05 4.78552000e+05
 3.82182000e+05 3.06782000e+05 2.42471000e+05 1.91773000e+05
 1.51511000e+05 1.18396000e+05 9.33140000e+04 7.35540000e+04
 5.85170000e+04 4.55460000e+04 3.50880000e+04 2.66110000e+04
 2.09810000e+04 1.61410000e+04 1.27220000e+04 1.00940000e+04
 8.65700000e+03 7.07500000e+03 6.01100000e+03 5.20300000e+03
 4.36900000e+03 3.87200000e+03 3.33000000e+03 2.82000000e+03
 2.52900000e+03 2.27700000e+03 2.12900000e+03 1.86300000e+03
 1.63400000e+03 1.30100000e+03 1.11000000e+03 8.48000000e+02
 7.19000000e+02 6.85000000e+02 5.81000000e+02 4.52000000e+02
 4.45000000e+02 3.26000000e+02 3.21000000e+02 1.92000000e+02
 1.71000000e+02 1.50000000e+02 1.24000000e+02 9.90000000e+01
 1.06000000e+02 6.40000000e+01 5.50000000e+01 3.60000000e+01
 5.30000000e+01 3.70000000e+01 4.50000000e+01 5.90000000e+01
 2.60000000e+01 3.00000000e+01 1.70000000e+01 1.60000000e+01
 1.30000000e+01 4.00000000e+00 6.00000000e+00 5.00000000e+00]
