Standard Deviation: 10.708918776215192
Skewness: 0.045445805544435676
Kurtosis: 2.6724309394673567
Median: 9.159533638231125e-05
Mean: 0.01933594721155671
Deciles: [-5.10442948  5.11656201]
Minimum: -73.96006143957699
Maximum: 92.09366426104471
Bin Edges: [-73.96006144 -72.29952418 -70.63898693 -68.97844967 -67.31791241
 -65.65737515 -63.9968379  -62.33630064 -60.67576338 -59.01522613
 -57.35468887 -55.69415161 -54.03361436 -52.3730771  -50.71253984
 -49.05200258 -47.39146533 -45.73092807 -44.07039081 -42.40985356
 -40.7493163  -39.08877904 -37.42824179 -35.76770453 -34.10716727
 -32.44663001 -30.78609276 -29.1255555  -27.46501824 -25.80448099
 -24.14394373 -22.48340647 -20.82286922 -19.16233196 -17.5017947
 -15.84125744 -14.18072019 -12.52018293 -10.85964567  -9.19910842
  -7.53857116  -5.8780339   -4.21749665  -2.55695939  -0.89642213
   0.76411513   2.42465238   4.08518964   5.7457269    7.40626415
   9.06680141  10.72733867  12.38787592  14.04841318  15.70895044
  17.3694877   19.03002495  20.69056221  22.35109947  24.01163672
  25.67217398  27.33271124  28.99324849  30.65378575  32.31432301
  33.97486027  35.63539752  37.29593478  38.95647204  40.61700929
  42.27754655  43.93808381  45.59862106  47.25915832  48.91969558
  50.58023284  52.24077009  53.90130735  55.56184461  57.22238186
  58.88291912  60.54345638  62.20399363  63.86453089  65.52506815
  67.18560541  68.84614266  70.50667992  72.16721718  73.82775443
  75.48829169  77.14882895  78.8093662   80.46990346  82.13044072
  83.79097798  85.45151523  87.11205249  88.77258975  90.433127
  92.09366426]
Frequencies: [4.90000000e+01 3.37000000e+02 7.67000000e+02 2.04900000e+03
 4.75200000e+03 1.03670000e+04 2.07210000e+04 3.66240000e+04
 6.06730000e+04 9.56590000e+04 1.45195000e+05 2.19634000e+05
 3.18632000e+05 4.47244000e+05 6.12035000e+05 7.96436000e+05
 1.04597700e+06 1.36162500e+06 1.75377400e+06 2.24281400e+06
 2.85774400e+06 3.59449700e+06 4.49424300e+06 5.60547000e+06
 6.95859000e+06 8.57556900e+06 1.05525000e+07 1.29440380e+07
 1.58427190e+07 1.93362020e+07 2.35529380e+07 2.87123800e+07
 3.50129160e+07 4.27482940e+07 5.23300630e+07 6.42671760e+07
 7.94679810e+07 9.91615770e+07 1.25164817e+08 1.60037079e+08
 2.07591473e+08 2.70472500e+08 3.43087150e+08 4.05913367e+08
 4.31812137e+08 4.08051706e+08 3.48134570e+08 2.77354456e+08
 2.13916643e+08 1.64268459e+08 1.27423517e+08 1.00331754e+08
 8.01666370e+07 6.46084400e+07 5.24912300e+07 4.28052850e+07
 3.50443810e+07 2.87452250e+07 2.36111430e+07 1.94416570e+07
 1.60212460e+07 1.32098830e+07 1.08768070e+07 8.93493700e+06
 7.33333800e+06 5.98085600e+06 4.86608500e+06 3.94180200e+06
 3.16971600e+06 2.53766000e+06 2.02151200e+06 1.59860900e+06
 1.25469200e+06 9.72233000e+05 7.49612000e+05 5.69602000e+05
 4.27607000e+05 3.16795000e+05 2.26816000e+05 1.60786000e+05
 1.12849000e+05 7.83150000e+04 5.36680000e+04 3.56980000e+04
 2.36350000e+04 1.58030000e+04 1.07250000e+04 6.86700000e+03
 4.27400000e+03 2.71100000e+03 1.78100000e+03 1.12700000e+03
 7.72000000e+02 4.56000000e+02 3.17000000e+02 1.73000000e+02
 1.62000000e+02 9.10000000e+01 5.40000000e+01 4.10000000e+01]
