Standard Deviation: 13.784347059970223
Skewness: 0.7472606199864341
Kurtosis: 1.2914694501254838
Median: 5.152188403224148
Mean: 6.667137583798986
Deciles: [-2.29902987 13.95533885]
Minimum: -49.93983136923213
Maximum: 88.24837024633223
Bin Edges: [-49.93983137 -48.55794935 -47.17606734 -45.79418532 -44.4123033
 -43.03042129 -41.64853927 -40.26665726 -38.88477524 -37.50289322
 -36.12101121 -34.73912919 -33.35724718 -31.97536516 -30.59348314
 -29.21160113 -27.82971911 -26.44783709 -25.06595508 -23.68407306
 -22.30219105 -20.92030903 -19.53842701 -18.156545   -16.77466298
 -15.39278097 -14.01089895 -12.62901693 -11.24713492  -9.8652529
  -8.48337088  -7.10148887  -5.71960685  -4.33772484  -2.95584282
  -1.5739608   -0.19207879   1.18980323   2.57168524   3.95356726
   5.33544928   6.71733129   8.09921331   9.48109533  10.86297734
  12.24485936  13.62674137  15.00862339  16.39050541  17.77238742
  19.15426944  20.53615145  21.91803347  23.29991549  24.6817975
  26.06367952  27.44556154  28.82744355  30.20932557  31.59120758
  32.9730896   34.35497162  35.73685363  37.11873565  38.50061766
  39.88249968  41.2643817   42.64626371  44.02814573  45.41002775
  46.79190976  48.17379178  49.55567379  50.93755581  52.31943783
  53.70131984  55.08320186  56.46508387  57.84696589  59.22884791
  60.61072992  61.99261194  63.37449396  64.75637597  66.13825799
  67.52014     68.90202202  70.28390404  71.66578605  73.04766807
  74.42955008  75.8114321   77.19331412  78.57519613  79.95707815
  81.33896017  82.72084218  84.1027242   85.48460621  86.86648823
  88.24837025]
Frequencies: [3.50000000e+01 3.00000000e+01 2.20000000e+02 8.34000000e+02
 1.92000000e+03 4.49700000e+03 1.11190000e+04 2.54690000e+04
 5.42440000e+04 1.23477000e+05 2.67044000e+05 5.20456000e+05
 9.23771000e+05 1.48852500e+06 2.26118000e+06 3.24188800e+06
 4.42709700e+06 5.85180600e+06 7.52056000e+06 9.53815700e+06
 1.21106570e+07 1.56441150e+07 2.05774920e+07 2.73174580e+07
 3.58553310e+07 4.58505580e+07 5.68756270e+07 6.87656500e+07
 8.17521250e+07 9.58789060e+07 1.11624131e+08 1.28811660e+08
 1.46942992e+08 1.65754110e+08 1.84074232e+08 2.00172157e+08
 2.11934860e+08 2.18380173e+08 2.19112457e+08 2.15042149e+08
 2.07255017e+08 1.97059357e+08 1.85716892e+08 1.73659687e+08
 1.61299415e+08 1.48699503e+08 1.35650760e+08 1.22110451e+08
 1.08778494e+08 9.60880330e+07 8.41080170e+07 7.32496320e+07
 6.37774430e+07 5.57250930e+07 4.87955800e+07 4.27463370e+07
 3.74174520e+07 3.29064070e+07 2.91460120e+07 2.59271590e+07
 2.31321100e+07 2.07770940e+07 1.87445880e+07 1.70136320e+07
 1.54663670e+07 1.41364820e+07 1.28976470e+07 1.16710230e+07
 1.05479460e+07 9.51703000e+06 8.53349800e+06 7.67294600e+06
 6.80040700e+06 6.00400600e+06 5.27280900e+06 4.59100900e+06
 3.93738800e+06 3.31290800e+06 2.76834400e+06 2.28629900e+06
 1.85601300e+06 1.47923700e+06 1.13863800e+06 8.40735000e+05
 6.17815000e+05 4.41169000e+05 3.12350000e+05 2.17980000e+05
 1.44407000e+05 9.07220000e+04 5.05440000e+04 2.81070000e+04
 1.42350000e+04 6.71800000e+03 2.74800000e+03 1.34500000e+03
 8.52000000e+02 5.33000000e+02 3.07000000e+02 1.02000000e+02]
