Standard Deviation: 6.593862598755044
Skewness: 0.23993911253455963
Kurtosis: 2.033689452284123
Median: 211.00944795031307
Mean: 212.38287623174864
Deciles: [208.66619324 215.74857502]
Minimum: 179.22423315277575
Maximum: 254.81517559199398
Bin Edges: [179.22423315 179.98014258 180.736052   181.49196143 182.24787085
 183.00378027 183.7596897  184.51559912 185.27150855 186.02741797
 186.7833274  187.53923682 188.29514625 189.05105567 189.80696509
 190.56287452 191.31878394 192.07469337 192.83060279 193.58651222
 194.34242164 195.09833107 195.85424049 196.61014991 197.36605934
 198.12196876 198.87787819 199.63378761 200.38969704 201.14560646
 201.90151588 202.65742531 203.41333473 204.16924416 204.92515358
 205.68106301 206.43697243 207.19288186 207.94879128 208.7047007
 209.46061013 210.21651955 210.97242898 211.7283384  212.48424783
 213.24015725 213.99606667 214.7519761  215.50788552 216.26379495
 217.01970437 217.7756138  218.53152322 219.28743265 220.04334207
 220.79925149 221.55516092 222.31107034 223.06697977 223.82288919
 224.57879862 225.33470804 226.09061747 226.84652689 227.60243631
 228.35834574 229.11425516 229.87016459 230.62607401 231.38198344
 232.13789286 232.89380228 233.64971171 234.40562113 235.16153056
 235.91743998 236.67334941 237.42925883 238.18516826 238.94107768
 239.6969871  240.45289653 241.20880595 241.96471538 242.7206248
 243.47653423 244.23244365 244.98835307 245.7442625  246.50017192
 247.25608135 248.01199077 248.7679002  249.52380962 250.27971905
 251.03562847 251.79153789 252.54744732 253.30335674 254.05926617
 254.81517559]
Frequencies: [2.12900000e+03 1.76040000e+04 3.94370000e+04 1.26630000e+05
 3.81833000e+05 8.09351000e+05 1.39330700e+06 1.97837500e+06
 2.57831400e+06 3.04331400e+06 3.37396500e+06 3.56781200e+06
 3.79344800e+06 4.06572500e+06 4.41839300e+06 4.88920100e+06
 5.33610200e+06 5.65945200e+06 5.97188600e+06 6.30065200e+06
 6.66635200e+06 6.96910000e+06 7.25145000e+06 7.62050900e+06
 7.92283600e+06 8.22895000e+06 8.59187200e+06 9.04753300e+06
 9.75019500e+06 1.08846280e+07 1.31287270e+07 1.76089800e+07
 2.62042830e+07 4.17229110e+07 6.77710920e+07 1.08502081e+08
 1.67846689e+08 2.44806790e+08 3.25264831e+08 3.79703393e+08
 3.83280026e+08 3.39103704e+08 2.74307083e+08 2.17933641e+08
 1.80903911e+08 1.59162361e+08 1.44725048e+08 1.33074607e+08
 1.22711384e+08 1.12914115e+08 1.03361592e+08 9.44512260e+07
 8.61464480e+07 7.83829540e+07 7.14736240e+07 6.50689140e+07
 5.89502050e+07 5.32948490e+07 4.78814390e+07 4.30322310e+07
 3.82596310e+07 3.38526330e+07 2.98683260e+07 2.60477000e+07
 2.14812290e+07 1.75604350e+07 1.44658980e+07 1.23005250e+07
 1.06004160e+07 9.06327600e+06 7.42145400e+06 5.37974500e+06
 3.63340000e+06 2.31582800e+06 1.46654400e+06 1.03992800e+06
 7.52820000e+05 5.41562000e+05 3.99478000e+05 3.12946000e+05
 2.48234000e+05 1.94750000e+05 1.44491000e+05 1.09771000e+05
 8.66290000e+04 6.54960000e+04 4.96970000e+04 3.95080000e+04
 2.81320000e+04 1.89340000e+04 1.30840000e+04 7.50900000e+03
 4.98900000e+03 3.02100000e+03 1.83200000e+03 1.48900000e+03
 1.21900000e+03 1.01000000e+03 7.41000000e+02 1.96000000e+02]
