Standard Deviation: 8.90188423684061
Skewness: -0.03920799545770272
Kurtosis: 0.9017114706085909
Median: 0.02182647926551906
Mean: -0.026120286350735482
Deciles: [-5.35730955  5.34713904]
Minimum: -61.07325423660405
Maximum: 60.32126272241399
Bin Edges: [-61.07325424 -59.85930907 -58.6453639  -57.43141873 -56.21747356
 -55.00352839 -53.78958322 -52.57563805 -51.36169288 -50.14774771
 -48.93380254 -47.71985737 -46.5059122  -45.29196703 -44.07802186
 -42.86407669 -41.65013152 -40.43618635 -39.22224118 -38.00829601
 -36.79435084 -35.58040568 -34.36646051 -33.15251534 -31.93857017
 -30.724625   -29.51067983 -28.29673466 -27.08278949 -25.86884432
 -24.65489915 -23.44095398 -22.22700881 -21.01306364 -19.79911847
 -18.5851733  -17.37122813 -16.15728296 -14.94333779 -13.72939262
 -12.51544745 -11.30150228 -10.08755711  -8.87361194  -7.65966677
  -6.44572161  -5.23177644  -4.01783127  -2.8038861   -1.58994093
  -0.37599576   0.83794941   2.05189458   3.26583975   4.47978492
   5.69373009   6.90767526   8.12162043   9.3355656   10.54951077
  11.76345594  12.97740111  14.19134628  15.40529145  16.61923662
  17.83318179  19.04712696  20.26107213  21.4750173   22.68896247
  23.90290763  25.1168528   26.33079797  27.54474314  28.75868831
  29.97263348  31.18657865  32.40052382  33.61446899  34.82841416
  36.04235933  37.2563045   38.47024967  39.68419484  40.89814001
  42.11208518  43.32603035  44.53997552  45.75392069  46.96786586
  48.18181103  49.3957562   50.60970137  51.82364654  53.0375917
  54.25153687  55.46548204  56.67942721  57.89337238  59.10731755
  60.32126272]
Frequencies: [1.02000000e+02 2.61000000e+02 6.46000000e+02 1.04600000e+03
 1.46400000e+03 2.21300000e+03 3.83200000e+03 6.14300000e+03
 9.43600000e+03 1.24990000e+04 1.69770000e+04 2.44010000e+04
 3.62450000e+04 5.47090000e+04 8.25730000e+04 1.18231000e+05
 1.64542000e+05 2.28925000e+05 3.18942000e+05 4.43223000e+05
 6.05702000e+05 8.21329000e+05 1.10734100e+06 1.47452400e+06
 1.93529400e+06 2.53265800e+06 3.30315200e+06 4.28576600e+06
 5.53722600e+06 7.13168600e+06 9.13259200e+06 1.16207900e+07
 1.47381330e+07 1.86329780e+07 2.34157990e+07 2.93084700e+07
 3.65386940e+07 4.53548760e+07 5.59091850e+07 6.85384700e+07
 8.33261490e+07 1.00790315e+08 1.20928994e+08 1.43775864e+08
 1.68953230e+08 1.95530787e+08 2.22240116e+08 2.47408438e+08
 2.68294268e+08 2.82081284e+08 2.86061980e+08 2.79689400e+08
 2.64237647e+08 2.42027958e+08 2.15949287e+08 1.88219761e+08
 1.60868413e+08 1.35483379e+08 1.13153251e+08 9.37615570e+07
 7.71977150e+07 6.31522460e+07 5.13285990e+07 4.14984790e+07
 3.33247180e+07 2.65646350e+07 2.10236490e+07 1.65256170e+07
 1.29042030e+07 1.00358860e+07 7.74551000e+06 5.94009900e+06
 4.52542100e+06 3.44034400e+06 2.59984900e+06 1.95192000e+06
 1.44857400e+06 1.06660100e+06 7.80917000e+05 5.63151000e+05
 4.02136000e+05 2.85166000e+05 2.03646000e+05 1.45352000e+05
 1.01483000e+05 6.88510000e+04 4.66000000e+04 3.00640000e+04
 1.95820000e+04 1.17350000e+04 7.55400000e+03 4.71300000e+03
 2.76600000e+03 1.59100000e+03 8.23000000e+02 3.80000000e+02
 1.66000000e+02 5.20000000e+01 3.50000000e+01 1.90000000e+01]
