Standard Deviation: 6.596576402449613
Skewness: 0.06253325704568806
Kurtosis: 1.9625349839875268
Median: -0.06009643456441195
Mean: -0.04635181999879687
Deciles: [-3.50762605  3.35362299]
Minimum: -61.765843281430406
Maximum: 65.11549575439437
Bin Edges: [-61.76584328 -60.49702989 -59.2282165  -57.95940311 -56.69058972
 -55.42177633 -54.15296294 -52.88414955 -51.61533616 -50.34652277
 -49.07770938 -47.80889599 -46.5400826  -45.27126921 -44.00245582
 -42.73364243 -41.46482904 -40.19601565 -38.92720225 -37.65838886
 -36.38957547 -35.12076208 -33.85194869 -32.5831353  -31.31432191
 -30.04550852 -28.77669513 -27.50788174 -26.23906835 -24.97025496
 -23.70144157 -22.43262818 -21.16381479 -19.8950014  -18.62618801
 -17.35737462 -16.08856123 -14.81974784 -13.55093445 -12.28212106
 -11.01330767  -9.74449428  -8.47568089  -7.2068675   -5.93805411
  -4.66924072  -3.40042732  -2.13161393  -0.86280054   0.40601285
   1.67482624   2.94363963   4.21245302   5.48126641   6.7500798
   8.01889319   9.28770658  10.55651997  11.82533336  13.09414675
  14.36296014  15.63177353  16.90058692  18.16940031  19.4382137
  20.70702709  21.97584048  23.24465387  24.51346726  25.78228065
  27.05109404  28.31990743  29.58872082  30.85753421  32.12634761
  33.395161    34.66397439  35.93278778  37.20160117  38.47041456
  39.73922795  41.00804134  42.27685473  43.54566812  44.81448151
  46.0832949   47.35210829  48.62092168  49.88973507  51.15854846
  52.42736185  53.69617524  54.96498863  56.23380202  57.50261541
  58.7714288   60.04024219  61.30905558  62.57786897  63.84668236
  65.11549575]
Frequencies: [2.00000000e+00 1.00000000e+00 1.10000000e+01 1.40000000e+01
 9.00000000e+00 2.10000000e+01 2.60000000e+01 4.70000000e+01
 6.10000000e+01 1.12000000e+02 2.79000000e+02 6.76000000e+02
 1.15600000e+03 2.16900000e+03 3.56200000e+03 6.41700000e+03
 1.11610000e+04 1.79720000e+04 2.96790000e+04 4.70370000e+04
 7.66750000e+04 1.20112000e+05 1.86311000e+05 2.85318000e+05
 4.28999000e+05 6.35584000e+05 9.37912000e+05 1.36178100e+06
 1.96631800e+06 2.80052900e+06 3.92960000e+06 5.46766400e+06
 7.51120100e+06 1.02210370e+07 1.38135930e+07 1.84482260e+07
 2.44576590e+07 3.22349130e+07 4.22911410e+07 5.51561560e+07
 7.17881000e+07 9.33997490e+07 1.21973688e+08 1.60310680e+08
 2.12017266e+08 2.80051201e+08 3.62518385e+08 4.41581820e+08
 4.82890799e+08 4.61008201e+08 3.88924029e+08 3.02318174e+08
 2.26384429e+08 1.68584071e+08 1.26972999e+08 9.67320920e+07
 7.44399600e+07 5.78003570e+07 4.50782780e+07 3.50924250e+07
 2.72085030e+07 2.09520110e+07 1.59859760e+07 1.20461560e+07
 8.99974700e+06 6.65293000e+06 4.87765400e+06 3.53469100e+06
 2.53728400e+06 1.80392900e+06 1.28343400e+06 9.08422000e+05
 6.36675000e+05 4.44538000e+05 3.07014000e+05 2.11878000e+05
 1.46542000e+05 1.01394000e+05 7.06990000e+04 4.89280000e+04
 3.41320000e+04 2.42840000e+04 1.67110000e+04 1.14440000e+04
 7.58900000e+03 4.92100000e+03 3.16800000e+03 2.09000000e+03
 1.32000000e+03 7.95000000e+02 4.66000000e+02 2.90000000e+02
 1.92000000e+02 1.28000000e+02 8.50000000e+01 5.40000000e+01
 4.90000000e+01 1.80000000e+01 1.00000000e+01 5.00000000e+00]
