Standard Deviation: 1.9522420402951068e-29
Skewness: 40588.81503201852
Kurtosis: 1909121321.5910268
Median: 0.0
Mean: 7.1639226045521055e-34
Deciles: [0. 0.]
Minimum: 0.0
Maximum: 1.0339757656912846e-24
Bin Edges: [0.00000000e+00 1.03397577e-26 2.06795153e-26 3.10192730e-26
 4.13590306e-26 5.16987883e-26 6.20385459e-26 7.23783036e-26
 8.27180613e-26 9.30578189e-26 1.03397577e-25 1.13737334e-25
 1.24077092e-25 1.34416850e-25 1.44756607e-25 1.55096365e-25
 1.65436123e-25 1.75775880e-25 1.86115638e-25 1.96455395e-25
 2.06795153e-25 2.17134911e-25 2.27474668e-25 2.37814426e-25
 2.48154184e-25 2.58493941e-25 2.68833699e-25 2.79173457e-25
 2.89513214e-25 2.99852972e-25 3.10192730e-25 3.20532487e-25
 3.30872245e-25 3.41212003e-25 3.51551760e-25 3.61891518e-25
 3.72231276e-25 3.82571033e-25 3.92910791e-25 4.03250549e-25
 4.13590306e-25 4.23930064e-25 4.34269822e-25 4.44609579e-25
 4.54949337e-25 4.65289095e-25 4.75628852e-25 4.85968610e-25
 4.96308368e-25 5.06648125e-25 5.16987883e-25 5.27327641e-25
 5.37667398e-25 5.48007156e-25 5.58346913e-25 5.68686671e-25
 5.79026429e-25 5.89366186e-25 5.99705944e-25 6.10045702e-25
 6.20385459e-25 6.30725217e-25 6.41064975e-25 6.51404732e-25
 6.61744490e-25 6.72084248e-25 6.82424005e-25 6.92763763e-25
 7.03103521e-25 7.13443278e-25 7.23783036e-25 7.34122794e-25
 7.44462551e-25 7.54802309e-25 7.65142067e-25 7.75481824e-25
 7.85821582e-25 7.96161340e-25 8.06501097e-25 8.16840855e-25
 8.27180613e-25 8.37520370e-25 8.47860128e-25 8.58199886e-25
 8.68539643e-25 8.78879401e-25 8.89219158e-25 8.99558916e-25
 9.09898674e-25 9.20238431e-25 9.30578189e-25 9.40917947e-25
 9.51257704e-25 9.61597462e-25 9.71937220e-25 9.82276977e-25
 9.92616735e-25 1.00295649e-24 1.01329625e-24 1.02363601e-24
 1.03397577e-24]
Frequencies: [4.54118398e+09 5.00000000e+00 6.00000000e+00 0.00000000e+00
 0.00000000e+00 0.00000000e+00 1.00000000e+00 0.00000000e+00
 1.00000000e+00 0.00000000e+00 0.00000000e+00 0.00000000e+00
 0.00000000e+00 0.00000000e+00 0.00000000e+00 0.00000000e+00
 0.00000000e+00 0.00000000e+00 0.00000000e+00 0.00000000e+00
 1.00000000e+00 0.00000000e+00 0.00000000e+00 0.00000000e+00
 0.00000000e+00 1.00000000e+00 0.00000000e+00 0.00000000e+00
 0.00000000e+00 0.00000000e+00 1.00000000e+00 0.00000000e+00
 0.00000000e+00 0.00000000e+00 0.00000000e+00 0.00000000e+00
 0.00000000e+00 0.00000000e+00 0.00000000e+00 0.00000000e+00
 1.00000000e+00 0.00000000e+00 0.00000000e+00 0.00000000e+00
 0.00000000e+00 0.00000000e+00 0.00000000e+00 0.00000000e+00
 0.00000000e+00 0.00000000e+00 1.00000000e+00 0.00000000e+00
 0.00000000e+00 0.00000000e+00 0.00000000e+00 0.00000000e+00
 0.00000000e+00 0.00000000e+00 0.00000000e+00 0.00000000e+00
 0.00000000e+00 0.00000000e+00 0.00000000e+00 0.00000000e+00
 0.00000000e+00 0.00000000e+00 0.00000000e+00 0.00000000e+00
 0.00000000e+00 0.00000000e+00 0.00000000e+00 0.00000000e+00
 0.00000000e+00 0.00000000e+00 0.00000000e+00 0.00000000e+00
 0.00000000e+00 0.00000000e+00 0.00000000e+00 0.00000000e+00
 0.00000000e+00 0.00000000e+00 0.00000000e+00 0.00000000e+00
 0.00000000e+00 0.00000000e+00 0.00000000e+00 0.00000000e+00
 0.00000000e+00 0.00000000e+00 0.00000000e+00 0.00000000e+00
 0.00000000e+00 0.00000000e+00 0.00000000e+00 0.00000000e+00
 0.00000000e+00 0.00000000e+00 0.00000000e+00 1.00000000e+00]
