Standard Deviation: 12.692193639290075
Skewness: 0.0283987215302294
Kurtosis: 1.3137931130325784
Median: -0.12795345595345087
Mean: -0.09398790158222861
Deciles: [-7.39954683  7.14534818]
Minimum: -74.9607470902695
Maximum: 86.78369385018121
Bin Edges: [-74.96074709 -73.34330268 -71.72585827 -70.10841386 -68.49096945
 -66.87352504 -65.25608063 -63.63863622 -62.02119182 -60.40374741
 -58.786303   -57.16885859 -55.55141418 -53.93396977 -52.31652536
 -50.69908095 -49.08163654 -47.46419213 -45.84674772 -44.22930331
 -42.6118589  -40.99441449 -39.37697008 -37.75952567 -36.14208126
 -34.52463686 -32.90719245 -31.28974804 -29.67230363 -28.05485922
 -26.43741481 -24.8199704  -23.20252599 -21.58508158 -19.96763717
 -18.35019276 -16.73274835 -15.11530394 -13.49785953 -11.88041512
 -10.26297071  -8.6455263   -7.0280819   -5.41063749  -3.79319308
  -2.17574867  -0.55830426   1.05914015   2.67658456   4.29402897
   5.91147338   7.52891779   9.1463622   10.76380661  12.38125102
  13.99869543  15.61613984  17.23358425  18.85102866  20.46847306
  22.08591747  23.70336188  25.32080629  26.9382507   28.55569511
  30.17313952  31.79058393  33.40802834  35.02547275  36.64291716
  38.26036157  39.87780598  41.49525039  43.1126948   44.73013921
  46.34758362  47.96502802  49.58247243  51.19991684  52.81736125
  54.43480566  56.05225007  57.66969448  59.28713889  60.9045833
  62.52202771  64.13947212  65.75691653  67.37436094  68.99180535
  70.60924976  72.22669417  73.84413857  75.46158298  77.07902739
  78.6964718   80.31391621  81.93136062  83.54880503  85.16624944
  86.78369385]
Frequencies: [1.31000000e+02 5.97000000e+02 1.51300000e+03 3.27400000e+03
 6.77500000e+03 1.39720000e+04 2.60830000e+04 4.52220000e+04
 7.51080000e+04 1.20196000e+05 1.92731000e+05 3.01774000e+05
 4.60670000e+05 6.46354000e+05 8.72869000e+05 1.15743700e+06
 1.29706100e+06 1.63185400e+06 2.05555500e+06 2.58718800e+06
 3.22789400e+06 4.02747700e+06 4.99516800e+06 6.17700800e+06
 7.61777700e+06 9.41208300e+06 1.15820800e+07 1.41899660e+07
 1.73597040e+07 2.12252930e+07 2.58970840e+07 3.15612260e+07
 3.83853590e+07 4.66668870e+07 5.66239790e+07 6.84731960e+07
 8.25880510e+07 9.93903200e+07 1.19077287e+08 1.41737343e+08
 1.66835358e+08 1.93602776e+08 2.20423117e+08 2.45756464e+08
 2.66658088e+08 2.80112438e+08 2.83179995e+08 2.75050819e+08
 2.57713994e+08 2.34165432e+08 2.07362166e+08 1.79853827e+08
 1.53272302e+08 1.29338729e+08 1.08283129e+08 9.02347270e+07
 7.50973760e+07 6.24916470e+07 5.18948120e+07 4.30081270e+07
 3.56225220e+07 2.93978110e+07 2.42294150e+07 1.99759220e+07
 1.64323860e+07 1.34914570e+07 1.10504660e+07 9.01721200e+06
 7.31685600e+06 5.90993700e+06 4.77640400e+06 3.84805000e+06
 3.08090800e+06 2.45629500e+06 1.95366500e+06 1.54528000e+06
 1.21286500e+06 9.44982000e+05 7.33083000e+05 5.61488000e+05
 4.26598000e+05 3.21257000e+05 2.39966000e+05 1.75740000e+05
 1.25423000e+05 8.92200000e+04 6.30610000e+04 4.41330000e+04
 3.10020000e+04 2.12260000e+04 1.45970000e+04 9.78500000e+03
 6.62100000e+03 4.67200000e+03 3.20300000e+03 1.78000000e+03
 1.03100000e+03 5.32000000e+02 2.28000000e+02 5.20000000e+01]
