Standard Deviation: 1.899654114380383e-05
Skewness: 5.522859802813271
Kurtosis: 36.40132799331375
Median: 0.0
Mean: 4.659339585234183e-06
Deciles: [0. 0.]
Minimum: 0.0
Maximum: 0.0007400088377255249
Bin Edges: [0.00000000e+00 7.40008838e-06 1.48001768e-05 2.22002651e-05
 2.96003535e-05 3.70004419e-05 4.44005303e-05 5.18006186e-05
 5.92007070e-05 6.66007954e-05 7.40008838e-05 8.14009721e-05
 8.88010605e-05 9.62011489e-05 1.03601237e-04 1.11001326e-04
 1.18401414e-04 1.25801502e-04 1.33201591e-04 1.40601679e-04
 1.48001768e-04 1.55401856e-04 1.62801944e-04 1.70202033e-04
 1.77602121e-04 1.85002209e-04 1.92402298e-04 1.99802386e-04
 2.07202475e-04 2.14602563e-04 2.22002651e-04 2.29402740e-04
 2.36802828e-04 2.44202916e-04 2.51603005e-04 2.59003093e-04
 2.66403182e-04 2.73803270e-04 2.81203358e-04 2.88603447e-04
 2.96003535e-04 3.03403623e-04 3.10803712e-04 3.18203800e-04
 3.25603889e-04 3.33003977e-04 3.40404065e-04 3.47804154e-04
 3.55204242e-04 3.62604330e-04 3.70004419e-04 3.77404507e-04
 3.84804596e-04 3.92204684e-04 3.99604772e-04 4.07004861e-04
 4.14404949e-04 4.21805038e-04 4.29205126e-04 4.36605214e-04
 4.44005303e-04 4.51405391e-04 4.58805479e-04 4.66205568e-04
 4.73605656e-04 4.81005745e-04 4.88405833e-04 4.95805921e-04
 5.03206010e-04 5.10606098e-04 5.18006186e-04 5.25406275e-04
 5.32806363e-04 5.40206452e-04 5.47606540e-04 5.55006628e-04
 5.62406717e-04 5.69806805e-04 5.77206893e-04 5.84606982e-04
 5.92007070e-04 5.99407159e-04 6.06807247e-04 6.14207335e-04
 6.21607424e-04 6.29007512e-04 6.36407600e-04 6.43807689e-04
 6.51207777e-04 6.58607866e-04 6.66007954e-04 6.73408042e-04
 6.80808131e-04 6.88208219e-04 6.95608307e-04 7.03008396e-04
 7.10408484e-04 7.17808573e-04 7.25208661e-04 7.32608749e-04
 7.40008838e-04]
Frequencies: [4.13473377e+09 7.43674720e+07 5.23510160e+07 4.08607260e+07
 3.33826710e+07 2.79872790e+07 2.38791750e+07 2.06282380e+07
 1.79778480e+07 1.58203680e+07 1.40251680e+07 1.25234620e+07
 1.12619300e+07 1.02294050e+07 9.33922300e+06 8.41041200e+06
 7.31417300e+06 6.07350000e+06 4.85177600e+06 3.75834200e+06
 2.84931100e+06 2.13320300e+06 1.58731000e+06 1.18062200e+06
 8.77244000e+05 6.57149000e+05 4.91447000e+05 3.69868000e+05
 2.79902000e+05 2.14028000e+05 1.63320000e+05 1.26780000e+05
 9.95700000e+04 7.75870000e+04 5.95910000e+04 4.73060000e+04
 3.72360000e+04 2.99590000e+04 2.35700000e+04 1.86700000e+04
 1.47490000e+04 1.20730000e+04 9.54000000e+03 7.74000000e+03
 6.26900000e+03 5.00000000e+03 4.21200000e+03 3.47400000e+03
 2.91600000e+03 2.42300000e+03 2.09400000e+03 1.76500000e+03
 1.50600000e+03 1.31100000e+03 1.13300000e+03 1.01100000e+03
 8.61000000e+02 7.42000000e+02 6.65000000e+02 5.98000000e+02
 5.08000000e+02 4.50000000e+02 3.83000000e+02 3.66000000e+02
 2.88000000e+02 2.37000000e+02 2.50000000e+02 2.26000000e+02
 1.73000000e+02 1.56000000e+02 1.55000000e+02 1.56000000e+02
 1.18000000e+02 1.10000000e+02 9.70000000e+01 9.00000000e+01
 6.80000000e+01 5.90000000e+01 6.30000000e+01 5.20000000e+01
 4.80000000e+01 2.90000000e+01 3.90000000e+01 3.00000000e+01
 2.20000000e+01 1.90000000e+01 1.50000000e+01 1.90000000e+01
 1.60000000e+01 1.20000000e+01 6.00000000e+00 1.30000000e+01
 1.00000000e+01 1.00000000e+00 1.00000000e+00 3.00000000e+00
 3.00000000e+00 0.00000000e+00 1.00000000e+00 2.00000000e+00]
