Standard Deviation: 0.002196678112640406
Skewness: 1.0388846011414175
Kurtosis: 0.06456339414459622
Median: 0.0015316815782000725
Mean: 0.002347352359829436
Deciles: [0.00057467 0.00364306]
Minimum: 0.0
Maximum: 0.014446151079482812
Bin Edges: [0.         0.00014446 0.00028892 0.00043338 0.00057785 0.00072231
 0.00086677 0.00101123 0.00115569 0.00130015 0.00144462 0.00158908
 0.00173354 0.001878   0.00202246 0.00216692 0.00231138 0.00245585
 0.00260031 0.00274477 0.00288923 0.00303369 0.00317815 0.00332261
 0.00346708 0.00361154 0.003756   0.00390046 0.00404492 0.00418938
 0.00433385 0.00447831 0.00462277 0.00476723 0.00491169 0.00505615
 0.00520061 0.00534508 0.00548954 0.005634   0.00577846 0.00592292
 0.00606738 0.00621184 0.00635631 0.00650077 0.00664523 0.00678969
 0.00693415 0.00707861 0.00722308 0.00736754 0.007512   0.00765646
 0.00780092 0.00794538 0.00808984 0.00823431 0.00837877 0.00852323
 0.00866769 0.00881215 0.00895661 0.00910108 0.00924554 0.00939
 0.00953446 0.00967892 0.00982338 0.00996784 0.01011231 0.01025677
 0.01040123 0.01054569 0.01069015 0.01083461 0.01097907 0.01112354
 0.011268   0.01141246 0.01155692 0.01170138 0.01184584 0.01199031
 0.01213477 0.01227923 0.01242369 0.01256815 0.01271261 0.01285707
 0.01300154 0.013146   0.01329046 0.01343492 0.01357938 0.01372384
 0.01386831 0.01401277 0.01415723 0.01430169 0.01444615]
Frequencies: [2.37164182e+08 3.26704936e+08 3.06761752e+08 2.70217549e+08
 2.35949305e+08 2.06292896e+08 1.81440057e+08 1.59988248e+08
 1.43203374e+08 1.29900030e+08 1.19139326e+08 1.10116821e+08
 1.02418944e+08 9.57751220e+07 8.98850230e+07 8.45842790e+07
 7.98902550e+07 7.56145690e+07 7.17797110e+07 6.82797970e+07
 6.50589500e+07 6.22053330e+07 5.95878470e+07 5.72046260e+07
 5.49967860e+07 5.29526210e+07 5.10194750e+07 4.92655470e+07
 4.76862100e+07 4.61833060e+07 4.48149460e+07 4.35595630e+07
 4.23957460e+07 4.13511340e+07 4.04485530e+07 3.96366490e+07
 3.89100000e+07 3.82319080e+07 3.76197540e+07 3.70069520e+07
 3.64278670e+07 3.58090410e+07 3.51199030e+07 3.43713440e+07
 3.34907380e+07 3.24999070e+07 3.12825670e+07 2.98997860e+07
 2.84266340e+07 2.68394900e+07 2.51491490e+07 2.33686570e+07
 2.14620830e+07 1.93898330e+07 1.71403740e+07 1.47641470e+07
 1.22792350e+07 9.84273600e+06 7.57327600e+06 5.62503400e+06
 4.07992800e+06 2.91045100e+06 2.08213200e+06 1.50971400e+06
 1.11139700e+06 8.32889000e+05 6.34813000e+05 4.85388000e+05
 3.72623000e+05 2.85703000e+05 2.18262000e+05 1.62450000e+05
 1.24416000e+05 9.47050000e+04 7.01370000e+04 5.09850000e+04
 3.79480000e+04 2.81200000e+04 2.10120000e+04 1.56710000e+04
 1.22260000e+04 9.50100000e+03 7.27000000e+03 5.49400000e+03
 4.31900000e+03 3.25700000e+03 2.26700000e+03 1.81600000e+03
 1.44700000e+03 1.19300000e+03 8.46000000e+02 6.04000000e+02
 4.24000000e+02 3.31000000e+02 1.95000000e+02 9.30000000e+01
 5.50000000e+01 2.00000000e+01 9.00000000e+00 6.00000000e+00]
