Standard Deviation: 3.859635341995168e-07
Skewness: 8.51444862025751
Kurtosis: 242.35919636439002
Median: 1.4423710983327272e-06
Mean: 1.5205864465522804e-06
Deciles: [1.34207090e-06 1.64644802e-06]
Minimum: 1e-12
Maximum: 6.2262132820878e-05
Bin Edges: [1.00000000e-12 6.22622318e-07 1.24524364e-06 1.86786495e-06
 2.49048627e-06 3.11310759e-06 3.73572891e-06 4.35835023e-06
 4.98097155e-06 5.60359286e-06 6.22621418e-06 6.84883550e-06
 7.47145682e-06 8.09407814e-06 8.71669945e-06 9.33932077e-06
 9.96194209e-06 1.05845634e-05 1.12071847e-05 1.18298060e-05
 1.24524274e-05 1.30750487e-05 1.36976700e-05 1.43202913e-05
 1.49429126e-05 1.55655340e-05 1.61881553e-05 1.68107766e-05
 1.74333979e-05 1.80560192e-05 1.86786405e-05 1.93012619e-05
 1.99238832e-05 2.05465045e-05 2.11691258e-05 2.17917471e-05
 2.24143685e-05 2.30369898e-05 2.36596111e-05 2.42822324e-05
 2.49048537e-05 2.55274750e-05 2.61500964e-05 2.67727177e-05
 2.73953390e-05 2.80179603e-05 2.86405816e-05 2.92632030e-05
 2.98858243e-05 3.05084456e-05 3.11310669e-05 3.17536882e-05
 3.23763095e-05 3.29989309e-05 3.36215522e-05 3.42441735e-05
 3.48667948e-05 3.54894161e-05 3.61120375e-05 3.67346588e-05
 3.73572801e-05 3.79799014e-05 3.86025227e-05 3.92251440e-05
 3.98477654e-05 4.04703867e-05 4.10930080e-05 4.17156293e-05
 4.23382506e-05 4.29608720e-05 4.35834933e-05 4.42061146e-05
 4.48287359e-05 4.54513572e-05 4.60739785e-05 4.66965999e-05
 4.73192212e-05 4.79418425e-05 4.85644638e-05 4.91870851e-05
 4.98097065e-05 5.04323278e-05 5.10549491e-05 5.16775704e-05
 5.23001917e-05 5.29228130e-05 5.35454344e-05 5.41680557e-05
 5.47906770e-05 5.54132983e-05 5.60359196e-05 5.66585410e-05
 5.72811623e-05 5.79037836e-05 5.85264049e-05 5.91490262e-05
 5.97716475e-05 6.03942689e-05 6.10168902e-05 6.16395115e-05
 6.22621328e-05]
Frequencies: [7.89063000e+05 5.37248265e+08 3.56723830e+09 3.68359648e+08
 4.02573630e+07 1.23405950e+07 5.81495800e+06 3.20440200e+06
 1.89952600e+06 1.21491400e+06 7.99002000e+05 5.38696000e+05
 3.73696000e+05 2.62579000e+05 1.90464000e+05 1.39962000e+05
 1.04275000e+05 7.91870000e+04 6.20900000e+04 4.85560000e+04
 3.82310000e+04 3.08150000e+04 2.48940000e+04 2.06880000e+04
 1.68320000e+04 1.34400000e+04 1.12010000e+04 9.53300000e+03
 7.80100000e+03 6.54200000e+03 5.51300000e+03 4.70800000e+03
 4.08100000e+03 3.50200000e+03 2.87900000e+03 2.38600000e+03
 2.05700000e+03 1.77000000e+03 1.45000000e+03 1.25100000e+03
 1.08400000e+03 9.94000000e+02 8.64000000e+02 7.44000000e+02
 6.53000000e+02 5.64000000e+02 4.55000000e+02 4.39000000e+02
 3.35000000e+02 3.12000000e+02 3.07000000e+02 2.68000000e+02
 1.99000000e+02 1.81000000e+02 1.90000000e+02 1.58000000e+02
 1.29000000e+02 1.23000000e+02 1.11000000e+02 8.70000000e+01
 7.00000000e+01 7.00000000e+01 6.00000000e+01 4.40000000e+01
 4.10000000e+01 3.40000000e+01 3.30000000e+01 3.00000000e+01
 3.70000000e+01 3.60000000e+01 2.20000000e+01 2.60000000e+01
 2.40000000e+01 1.50000000e+01 1.60000000e+01 1.20000000e+01
 1.40000000e+01 9.00000000e+00 1.20000000e+01 1.40000000e+01
 9.00000000e+00 9.00000000e+00 9.00000000e+00 7.00000000e+00
 4.00000000e+00 2.00000000e+00 6.00000000e+00 6.00000000e+00
 2.00000000e+00 2.00000000e+00 0.00000000e+00 2.00000000e+00
 2.00000000e+00 0.00000000e+00 0.00000000e+00 1.00000000e+00
 1.00000000e+00 1.00000000e+00 0.00000000e+00 2.00000000e+00]
