Standard Deviation: 11.915967401300598
Skewness: -1.048604097806271
Kurtosis: 0.33098794785022667
Median: 260.2693550198006
Mean: 255.87893275511104
Deciles: [248.27032904 265.68875196]
Minimum: 203.28910159369326
Maximum: 279.550418987086
Bin Edges: [203.28910159 204.05171477 204.81432794 205.57694112 206.33955429
 207.10216746 207.86478064 208.62739381 209.39000699 210.15262016
 210.91523333 211.67784651 212.44045968 213.20307285 213.96568603
 214.7282992  215.49091238 216.25352555 217.01613872 217.7787519
 218.54136507 219.30397825 220.06659142 220.82920459 221.59181777
 222.35443094 223.11704412 223.87965729 224.64227046 225.40488364
 226.16749681 226.93010999 227.69272316 228.45533633 229.21794951
 229.98056268 230.74317586 231.50578903 232.2684022  233.03101538
 233.79362855 234.55624172 235.3188549  236.08146807 236.84408125
 237.60669442 238.36930759 239.13192077 239.89453394 240.65714712
 241.41976029 242.18237346 242.94498664 243.70759981 244.47021299
 245.23282616 245.99543933 246.75805251 247.52066568 248.28327886
 249.04589203 249.8085052  250.57111838 251.33373155 252.09634473
 252.8589579  253.62157107 254.38418425 255.14679742 255.9094106
 256.67202377 257.43463694 258.19725012 258.95986329 259.72247646
 260.48508964 261.24770281 262.01031599 262.77292916 263.53554233
 264.29815551 265.06076868 265.82338186 266.58599503 267.3486082
 268.11122138 268.87383455 269.63644773 270.3990609  271.16167407
 271.92428725 272.68690042 273.4495136  274.21212677 274.97473994
 275.73735312 276.49996629 277.26257947 278.02519264 278.78780581
 279.55041899]
Frequencies: [3.73000000e+02 1.89800000e+03 8.33800000e+03 3.01690000e+04
 7.94800000e+04 1.68177000e+05 3.16486000e+05 5.13779000e+05
 7.63664000e+05 1.05657700e+06 1.35791100e+06 1.61855900e+06
 1.88693500e+06 2.13228100e+06 2.36572600e+06 2.58695500e+06
 2.76763300e+06 2.94739200e+06 3.10962500e+06 3.28517800e+06
 3.42980300e+06 3.61717700e+06 3.81489000e+06 4.07077700e+06
 4.44812500e+06 4.96250800e+06 5.63761300e+06 6.50297700e+06
 7.69506600e+06 9.07438400e+06 1.07535960e+07 1.26428920e+07
 1.46903630e+07 1.67192480e+07 1.89847660e+07 2.12153870e+07
 2.34577830e+07 2.56126210e+07 2.77184840e+07 2.97342060e+07
 3.16317320e+07 3.34713870e+07 3.53584850e+07 3.71472120e+07
 3.87445730e+07 4.03646840e+07 4.18907440e+07 4.32957130e+07
 4.45450930e+07 4.57291300e+07 4.68632310e+07 4.80141410e+07
 4.91433100e+07 5.02678650e+07 5.13134220e+07 5.24821190e+07
 5.35588470e+07 5.46920080e+07 5.59646170e+07 5.74633440e+07
 5.90598060e+07 6.06298210e+07 6.23866610e+07 6.41864750e+07
 6.61325910e+07 6.83261220e+07 7.06986570e+07 7.27636040e+07
 7.46775370e+07 7.66968320e+07 7.86650020e+07 8.12832750e+07
 8.46896590e+07 8.90841960e+07 9.52603890e+07 1.03930770e+08
 1.15102773e+08 1.28541396e+08 1.46305628e+08 1.72600877e+08
 2.13500308e+08 2.84541714e+08 3.66990042e+08 3.50247306e+08
 2.14056876e+08 9.34387130e+07 3.47303740e+07 1.21912480e+07
 4.28075600e+06 1.55804000e+06 5.78975000e+05 2.11545000e+05
 7.62650000e+04 2.57830000e+04 8.07800000e+03 2.96600000e+03
 1.11000000e+03 2.93000000e+02 5.60000000e+01 2.20000000e+01]
