Standard Deviation: 12.016957241336643
Skewness: -1.2163748505304033
Kurtosis: 1.0935934648214634
Median: 279.9510030979203
Mean: 275.33811069848036
Deciles: [268.01635535 284.79644845]
Minimum: 213.65542191615796
Maximum: 299.077326032924
Bin Edges: [213.65542192 214.50964096 215.36386    216.21807904 217.07229808
 217.92651712 218.78073616 219.6349552  220.48917425 221.34339329
 222.19761233 223.05183137 223.90605041 224.76026945 225.61448849
 226.46870753 227.32292657 228.17714562 229.03136466 229.8855837
 230.73980274 231.59402178 232.44824082 233.30245986 234.1566789
 235.01089795 235.86511699 236.71933603 237.57355507 238.42777411
 239.28199315 240.13621219 240.99043123 241.84465027 242.69886932
 243.55308836 244.4073074  245.26152644 246.11574548 246.96996452
 247.82418356 248.6784026  249.53262165 250.38684069 251.24105973
 252.09527877 252.94949781 253.80371685 254.65793589 255.51215493
 256.36637397 257.22059302 258.07481206 258.9290311  259.78325014
 260.63746918 261.49168822 262.34590726 263.2001263  264.05434535
 264.90856439 265.76278343 266.61700247 267.47122151 268.32544055
 269.17965959 270.03387863 270.88809767 271.74231672 272.59653576
 273.4507548  274.30497384 275.15919288 276.01341192 276.86763096
 277.72185    278.57606904 279.43028809 280.28450713 281.13872617
 281.99294521 282.84716425 283.70138329 284.55560233 285.40982137
 286.26404042 287.11825946 287.9724785  288.82669754 289.68091658
 290.53513562 291.38935466 292.2435737  293.09779274 293.95201179
 294.80623083 295.66044987 296.51466891 297.36888795 298.22310699
 299.07732603]
Frequencies: [1.10400000e+03 5.39500000e+03 1.61790000e+04 3.27910000e+04
 6.20930000e+04 1.10556000e+05 1.84958000e+05 2.83085000e+05
 4.10845000e+05 5.63329000e+05 7.36246000e+05 9.27832000e+05
 1.12240800e+06 1.33547100e+06 1.52981300e+06 1.71029000e+06
 1.90420700e+06 2.05939300e+06 2.22043000e+06 2.36021600e+06
 2.49069200e+06 2.63265000e+06 2.74952300e+06 2.87955400e+06
 3.05063200e+06 3.20056200e+06 3.39387300e+06 3.61874900e+06
 3.91856000e+06 4.21823000e+06 4.61172600e+06 5.08662800e+06
 5.70537500e+06 6.41606000e+06 7.35137100e+06 8.45052800e+06
 9.66843000e+06 1.09984290e+07 1.24316930e+07 1.40462550e+07
 1.57647460e+07 1.76385200e+07 1.97197950e+07 2.20416770e+07
 2.45130950e+07 2.71330230e+07 3.02179780e+07 3.30942350e+07
 3.57956250e+07 3.84917840e+07 4.11129230e+07 4.37140320e+07
 4.61908040e+07 4.83760270e+07 5.01838310e+07 5.19800200e+07
 5.36842380e+07 5.53188450e+07 5.68965760e+07 5.85789420e+07
 6.05798280e+07 6.26980640e+07 6.47322360e+07 6.67007070e+07
 6.82072130e+07 6.87695190e+07 6.92882730e+07 6.96323560e+07
 7.03909570e+07 7.16358640e+07 7.37955830e+07 7.68624880e+07
 8.08264390e+07 8.60642170e+07 9.24388260e+07 1.00343359e+08
 1.10139635e+08 1.21339614e+08 1.34246832e+08 1.51326086e+08
 1.75246685e+08 2.14645012e+08 3.02018121e+08 4.16654862e+08
 3.79049067e+08 2.30271380e+08 1.16153701e+08 5.36667400e+07
 2.40226180e+07 1.10915050e+07 5.67399800e+06 3.26317300e+06
 1.96449400e+06 1.20387500e+06 6.97941000e+05 3.66033000e+05
 1.62411000e+05 5.62430000e+04 1.37690000e+04 1.39900000e+03]
