Standard Deviation: 7.849813053925739
Skewness: -1.5157864142442992
Kurtosis: 3.35927578027954
Median: 232.742426519814
Mean: 231.09981341680623
Deciles: [229.20459466 235.55402607]
Minimum: 185.75901576622124
Maximum: 297.9925323661239
Bin Edges: [185.75901577 186.88135093 188.0036861  189.12602126 190.24835643
 191.3706916  192.49302676 193.61536193 194.73769709 195.86003226
 196.98236743 198.10470259 199.22703776 200.34937292 201.47170809
 202.59404326 203.71637842 204.83871359 205.96104875 207.08338392
 208.20571909 209.32805425 210.45038942 211.57272458 212.69505975
 213.81739492 214.93973008 216.06206525 217.18440041 218.30673558
 219.42907075 220.55140591 221.67374108 222.79607624 223.91841141
 225.04074658 226.16308174 227.28541691 228.40775207 229.53008724
 230.65242241 231.77475757 232.89709274 234.0194279  235.14176307
 236.26409824 237.3864334  238.50876857 239.63110373 240.7534389
 241.87577407 242.99810923 244.1204444  245.24277956 246.36511473
 247.4874499  248.60978506 249.73212023 250.85445539 251.97679056
 253.09912573 254.22146089 255.34379606 256.46613122 257.58846639
 258.71080156 259.83313672 260.95547189 262.07780705 263.20014222
 264.32247739 265.44481255 266.56714772 267.68948288 268.81181805
 269.93415322 271.05648838 272.17882355 273.30115871 274.42349388
 275.54582905 276.66816421 277.79049938 278.91283454 280.03516971
 281.15750488 282.27984004 283.40217521 284.52451037 285.64684554
 286.76918071 287.89151587 289.01385104 290.1361862  291.25852137
 292.38085654 293.5031917  294.62552687 295.74786203 296.8701972
 297.99253237]
Frequencies: [1.92400000e+03 7.05800000e+03 1.53940000e+04 2.99750000e+04
 5.52440000e+04 1.21147000e+05 2.45311000e+05 4.74054000e+05
 9.08141000e+05 1.58956200e+06 2.55687600e+06 3.85149700e+06
 5.46918200e+06 7.37336700e+06 9.61455100e+06 1.21336550e+07
 1.48013890e+07 1.73853700e+07 1.98679210e+07 2.21907150e+07
 2.40346280e+07 2.49849260e+07 2.55229570e+07 2.61635640e+07
 2.69373430e+07 2.78617740e+07 2.89782140e+07 3.05239190e+07
 3.24468180e+07 3.49070150e+07 3.81916960e+07 4.21253120e+07
 4.69021310e+07 5.33083810e+07 6.33263620e+07 7.96693570e+07
 1.07529367e+08 1.53844799e+08 2.21863701e+08 3.05275691e+08
 3.82615072e+08 4.37492658e+08 4.64850508e+08 4.53959480e+08
 3.92539546e+08 2.96155368e+08 2.02418571e+08 1.35050216e+08
 9.09289480e+07 5.91312430e+07 3.65082360e+07 2.32082490e+07
 1.61906410e+07 1.10125870e+07 6.98464900e+06 4.22751500e+06
 3.07461500e+06 2.41714800e+06 1.92591700e+06 1.54268500e+06
 1.22325100e+06 9.50240000e+05 7.28559000e+05 5.68536000e+05
 4.41722000e+05 3.38458000e+05 2.66503000e+05 2.19959000e+05
 1.83433000e+05 1.51555000e+05 1.29516000e+05 1.08352000e+05
 9.03040000e+04 7.71900000e+04 6.38190000e+04 5.42030000e+04
 4.50560000e+04 3.94580000e+04 3.19450000e+04 2.65270000e+04
 2.28430000e+04 2.07670000e+04 1.74500000e+04 1.26240000e+04
 8.97200000e+03 7.23000000e+03 6.16300000e+03 4.74700000e+03
 4.22200000e+03 3.47200000e+03 3.05400000e+03 2.49800000e+03
 2.16900000e+03 1.59700000e+03 1.21300000e+03 1.02600000e+03
 6.64000000e+02 3.56000000e+02 1.69000000e+02 3.80000000e+01]
