Standard Deviation: 1.6666472222770025e-05
Skewness: 5.696246827540888
Kurtosis: 39.50967341950261
Median: 0.0
Mean: 4.040345462943855e-06
Deciles: [0. 0.]
Minimum: 0.0
Maximum: 0.0006970725925953913
Bin Edges: [0.00000000e+00 6.97072593e-06 1.39414519e-05 2.09121778e-05
 2.78829037e-05 3.48536296e-05 4.18243556e-05 4.87950815e-05
 5.57658074e-05 6.27365333e-05 6.97072593e-05 7.66779852e-05
 8.36487111e-05 9.06194370e-05 9.75901630e-05 1.04560889e-04
 1.11531615e-04 1.18502341e-04 1.25473067e-04 1.32443793e-04
 1.39414519e-04 1.46385244e-04 1.53355970e-04 1.60326696e-04
 1.67297422e-04 1.74268148e-04 1.81238874e-04 1.88209600e-04
 1.95180326e-04 2.02151052e-04 2.09121778e-04 2.16092504e-04
 2.23063230e-04 2.30033956e-04 2.37004681e-04 2.43975407e-04
 2.50946133e-04 2.57916859e-04 2.64887585e-04 2.71858311e-04
 2.78829037e-04 2.85799763e-04 2.92770489e-04 2.99741215e-04
 3.06711941e-04 3.13682667e-04 3.20653393e-04 3.27624119e-04
 3.34594844e-04 3.41565570e-04 3.48536296e-04 3.55507022e-04
 3.62477748e-04 3.69448474e-04 3.76419200e-04 3.83389926e-04
 3.90360652e-04 3.97331378e-04 4.04302104e-04 4.11272830e-04
 4.18243556e-04 4.25214281e-04 4.32185007e-04 4.39155733e-04
 4.46126459e-04 4.53097185e-04 4.60067911e-04 4.67038637e-04
 4.74009363e-04 4.80980089e-04 4.87950815e-04 4.94921541e-04
 5.01892267e-04 5.08862993e-04 5.15833719e-04 5.22804444e-04
 5.29775170e-04 5.36745896e-04 5.43716622e-04 5.50687348e-04
 5.57658074e-04 5.64628800e-04 5.71599526e-04 5.78570252e-04
 5.85540978e-04 5.92511704e-04 5.99482430e-04 6.06453156e-04
 6.13423881e-04 6.20394607e-04 6.27365333e-04 6.34336059e-04
 6.41306785e-04 6.48277511e-04 6.55248237e-04 6.62218963e-04
 6.69189689e-04 6.76160415e-04 6.83131141e-04 6.90101867e-04
 6.97072593e-04]
Frequencies: [4.14175196e+09 7.63573200e+07 5.54122810e+07 4.33290030e+07
 3.49137350e+07 2.86506160e+07 2.38261270e+07 2.00531050e+07
 1.70640350e+07 1.46887620e+07 1.27547590e+07 1.11807410e+07
 9.89597200e+06 8.83954300e+06 8.02160600e+06 7.26625100e+06
 6.36693600e+06 5.25076600e+06 4.09659900e+06 3.06122400e+06
 2.23738400e+06 1.62067200e+06 1.17089000e+06 8.50154000e+05
 6.18917000e+05 4.54239000e+05 3.36341000e+05 2.53111000e+05
 1.90311000e+05 1.44296000e+05 1.09375000e+05 8.34910000e+04
 6.51110000e+04 5.06050000e+04 3.95500000e+04 3.12220000e+04
 2.51020000e+04 1.99850000e+04 1.61190000e+04 1.29350000e+04
 1.05290000e+04 8.62800000e+03 7.23900000e+03 6.05100000e+03
 5.05100000e+03 4.28000000e+03 3.59400000e+03 3.16100000e+03
 2.66300000e+03 2.43900000e+03 2.07100000e+03 1.90700000e+03
 1.68500000e+03 1.39500000e+03 1.27800000e+03 1.13300000e+03
 9.56000000e+02 8.82000000e+02 8.22000000e+02 7.14000000e+02
 6.52000000e+02 6.00000000e+02 5.49000000e+02 5.08000000e+02
 5.10000000e+02 4.18000000e+02 3.82000000e+02 3.37000000e+02
 2.94000000e+02 2.74000000e+02 2.48000000e+02 2.16000000e+02
 1.91000000e+02 1.91000000e+02 1.41000000e+02 1.29000000e+02
 1.19000000e+02 1.00000000e+02 8.10000000e+01 6.60000000e+01
 5.90000000e+01 5.50000000e+01 3.70000000e+01 3.60000000e+01
 2.30000000e+01 3.10000000e+01 2.60000000e+01 1.50000000e+01
 1.70000000e+01 1.30000000e+01 1.40000000e+01 1.30000000e+01
 7.00000000e+00 4.00000000e+00 8.00000000e+00 4.00000000e+00
 1.00000000e+00 2.00000000e+00 3.00000000e+00 1.00000000e+00]
