Standard Deviation: 8.62415940304627
Skewness: 0.07984291381765186
Kurtosis: 2.497117946688247
Median: -0.10205331364332176
Mean: -0.04464660607370113
Deciles: [-4.23524851  4.07386442]
Minimum: -68.2912963652389
Maximum: 79.78214238943116
Bin Edges: [-68.29129637 -66.81056198 -65.32982759 -63.8490932  -62.36835882
 -60.88762443 -59.40689004 -57.92615565 -56.44542126 -54.96468688
 -53.48395249 -52.0032181  -50.52248371 -49.04174933 -47.56101494
 -46.08028055 -44.59954616 -43.11881178 -41.63807739 -40.157343
 -38.67660861 -37.19587423 -35.71513984 -34.23440545 -32.75367106
 -31.27293668 -29.79220229 -28.3114679  -26.83073351 -25.34999913
 -23.86926474 -22.38853035 -20.90779596 -19.42706158 -17.94632719
 -16.4655928  -14.98485841 -13.50412403 -12.02338964 -10.54265525
  -9.06192086  -7.58118648  -6.10045209  -4.6197177   -3.13898331
  -1.65824893  -0.17751454   1.30321985   2.78395424   4.26468862
   5.74542301   7.2261574    8.70689179  10.18762617  11.66836056
  13.14909495  14.62982934  16.11056372  17.59129811  19.0720325
  20.55276689  22.03350128  23.51423566  24.99497005  26.47570444
  27.95643883  29.43717321  30.9179076   32.39864199  33.87937638
  35.36011076  36.84084515  38.32157954  39.80231393  41.28304831
  42.7637827   44.24451709  45.72525148  47.20598586  48.68672025
  50.16745464  51.64818903  53.12892341  54.6096578   56.09039219
  57.57112658  59.05186096  60.53259535  62.01332974  63.49406413
  64.97479851  66.4555329   67.93626729  69.41700168  70.89773606
  72.37847045  73.85920484  75.33993923  76.82067361  78.301408
  79.78214239]
Frequencies: [1.10000000e+01 4.00000000e+00 1.10000000e+01 2.60000000e+01
 1.17000000e+02 3.17000000e+02 9.80000000e+02 2.01400000e+03
 4.10700000e+03 7.60000000e+03 1.30880000e+04 2.21190000e+04
 3.72520000e+04 5.87830000e+04 9.07700000e+04 1.35372000e+05
 2.03595000e+05 2.97345000e+05 4.30804000e+05 6.14069000e+05
 8.67168000e+05 1.20153700e+06 1.63469700e+06 2.20747700e+06
 2.94271700e+06 3.89114800e+06 5.10376100e+06 6.62691100e+06
 8.53372300e+06 1.09060740e+07 1.38424220e+07 1.74467110e+07
 2.18985190e+07 2.73741010e+07 3.41167440e+07 4.24225670e+07
 5.26997440e+07 6.56126820e+07 8.22587860e+07 1.04537384e+08
 1.35219862e+08 1.78516924e+08 2.39124266e+08 3.18102223e+08
 4.03520444e+08 4.63816243e+08 4.65267235e+08 4.07698376e+08
 3.23509325e+08 2.44440019e+08 1.83114813e+08 1.39235174e+08
 1.07874135e+08 8.48834430e+07 6.75865410e+07 5.41697060e+07
 4.35877030e+07 3.51513900e+07 2.83754140e+07 2.28516640e+07
 1.84007820e+07 1.47510670e+07 1.18042000e+07 9.41413400e+06
 7.48668500e+06 5.91726400e+06 4.64017700e+06 3.61337800e+06
 2.79564000e+06 2.15676800e+06 1.64699300e+06 1.24265000e+06
 9.27270000e+05 6.81000000e+05 4.91596000e+05 3.51463000e+05
 2.47398000e+05 1.71671000e+05 1.17227000e+05 7.87300000e+04
 5.27220000e+04 3.55620000e+04 2.36430000e+04 1.55630000e+04
 1.06990000e+04 7.32600000e+03 4.84700000e+03 3.27200000e+03
 2.14000000e+03 1.37500000e+03 9.58000000e+02 5.09000000e+02
 3.34000000e+02 2.42000000e+02 1.66000000e+02 1.11000000e+02
 1.13000000e+02 6.00000000e+01 5.90000000e+01 4.90000000e+01]
