Standard Deviation: 11.303840619305719
Skewness: 0.039347054741493505
Kurtosis: 2.6560536797889904
Median: 0.03189716646817059
Mean: 0.04122904662140473
Deciles: [-5.37370475  5.43525594]
Minimum: -77.53956657274229
Maximum: 93.69692615006737
Bin Edges: [-77.53956657 -75.82720165 -74.11483672 -72.40247179 -70.69010686
 -68.97774194 -67.26537701 -65.55301208 -63.84064715 -62.12828223
 -60.4159173  -58.70355237 -56.99118745 -55.27882252 -53.56645759
 -51.85409266 -50.14172774 -48.42936281 -46.71699788 -45.00463296
 -43.29226803 -41.5799031  -39.86753817 -38.15517325 -36.44280832
 -34.73044339 -33.01807846 -31.30571354 -29.59334861 -27.88098368
 -26.16861876 -24.45625383 -22.7438889  -21.03152397 -19.31915905
 -17.60679412 -15.89442919 -14.18206427 -12.46969934 -10.75733441
  -9.04496948  -7.33260456  -5.62023963  -3.9078747   -2.19550977
  -0.48314485   1.22922008   2.94158501   4.65394993   6.36631486
   8.07867979   9.79104472  11.50340964  13.21577457  14.9281395
  16.64050442  18.35286935  20.06523428  21.77759921  23.48996413
  25.20232906  26.91469399  28.62705892  30.33942384  32.05178877
  33.7641537   35.47651862  37.18888355  38.90124848  40.61361341
  42.32597833  44.03834326  45.75070819  47.46307311  49.17543804
  50.88780297  52.6001679   54.31253282  56.02489775  57.73726268
  59.44962761  61.16199253  62.87435746  64.58672239  66.29908731
  68.01145224  69.72381717  71.4361821   73.14854702  74.86091195
  76.57327688  78.28564181  79.99800673  81.71037166  83.42273659
  85.13510151  86.84746644  88.55983137  90.2721963   91.98456122
  93.69692615]
Frequencies: [5.20000000e+01 1.05000000e+02 3.93000000e+02 1.19700000e+03
 3.08100000e+03 6.72000000e+03 1.48870000e+04 3.06300000e+04
 5.27260000e+04 8.57000000e+04 1.34810000e+05 2.03566000e+05
 2.99229000e+05 4.27967000e+05 5.97055000e+05 8.14910000e+05
 1.03767700e+06 1.31633500e+06 1.68111600e+06 2.13938900e+06
 2.70441700e+06 3.38813800e+06 4.21664900e+06 5.22133000e+06
 6.44390700e+06 7.91742600e+06 9.68342800e+06 1.18146600e+07
 1.43780090e+07 1.74580500e+07 2.11715910e+07 2.56973660e+07
 3.11691370e+07 3.78456860e+07 4.60970360e+07 5.62480630e+07
 6.90148660e+07 8.52783560e+07 1.06316067e+08 1.34164771e+08
 1.71570005e+08 2.21764001e+08 2.85298195e+08 3.53626380e+08
 4.06238738e+08 4.19812724e+08 3.88158425e+08 3.27556727e+08
 2.60296790e+08 2.01782631e+08 1.56033337e+08 1.21893670e+08
 9.64795720e+07 7.72835930e+07 6.25716010e+07 5.10464410e+07
 4.18185660e+07 3.43868380e+07 2.83035060e+07 2.33739400e+07
 1.93514860e+07 1.60255740e+07 1.32897830e+07 1.09925380e+07
 9.07699300e+06 7.47382400e+06 6.14122700e+06 5.02021700e+06
 4.09445100e+06 3.31447700e+06 2.66758700e+06 2.14577200e+06
 1.70261700e+06 1.34770100e+06 1.05493800e+06 8.14719000e+05
 6.25726000e+05 4.74304000e+05 3.54540000e+05 2.57804000e+05
 1.82926000e+05 1.30204000e+05 9.02500000e+04 6.18900000e+04
 4.11360000e+04 2.75060000e+04 1.86720000e+04 1.20050000e+04
 7.92200000e+03 4.91100000e+03 3.18800000e+03 1.83700000e+03
 1.19500000e+03 7.44000000e+02 4.56000000e+02 2.79000000e+02
 1.76000000e+02 1.21000000e+02 8.60000000e+01 4.00000000e+01]
