Standard Deviation: 1.6476038742553683e-07
Skewness: 1.4897943957863922
Kurtosis: 6.759636959103874
Median: 1.7106633149542365e-06
Mean: 1.7332527916646519e-06
Deciles: [1.63077407e-06 1.80766969e-06]
Minimum: 1.3491017214118796e-06
Maximum: 1.2843049686135705e-05
Bin Edges: [1.34910172e-06 1.46404120e-06 1.57898068e-06 1.69392016e-06
 1.80885964e-06 1.92379912e-06 2.03873860e-06 2.15367808e-06
 2.26861756e-06 2.38355704e-06 2.49849652e-06 2.61343600e-06
 2.72837548e-06 2.84331496e-06 2.95825444e-06 3.07319392e-06
 3.18813340e-06 3.30307288e-06 3.41801236e-06 3.53295183e-06
 3.64789131e-06 3.76283079e-06 3.87777027e-06 3.99270975e-06
 4.10764923e-06 4.22258871e-06 4.33752819e-06 4.45246767e-06
 4.56740715e-06 4.68234663e-06 4.79728611e-06 4.91222559e-06
 5.02716507e-06 5.14210455e-06 5.25704403e-06 5.37198351e-06
 5.48692299e-06 5.60186247e-06 5.71680195e-06 5.83174143e-06
 5.94668091e-06 6.06162039e-06 6.17655987e-06 6.29149935e-06
 6.40643883e-06 6.52137831e-06 6.63631779e-06 6.75125726e-06
 6.86619674e-06 6.98113622e-06 7.09607570e-06 7.21101518e-06
 7.32595466e-06 7.44089414e-06 7.55583362e-06 7.67077310e-06
 7.78571258e-06 7.90065206e-06 8.01559154e-06 8.13053102e-06
 8.24547050e-06 8.36040998e-06 8.47534946e-06 8.59028894e-06
 8.70522842e-06 8.82016790e-06 8.93510738e-06 9.05004686e-06
 9.16498634e-06 9.27992582e-06 9.39486530e-06 9.50980478e-06
 9.62474426e-06 9.73968374e-06 9.85462322e-06 9.96956269e-06
 1.00845022e-05 1.01994417e-05 1.03143811e-05 1.04293206e-05
 1.05442601e-05 1.06591996e-05 1.07741391e-05 1.08890785e-05
 1.10040180e-05 1.11189575e-05 1.12338970e-05 1.13488365e-05
 1.14637759e-05 1.15787154e-05 1.16936549e-05 1.18085944e-05
 1.19235338e-05 1.20384733e-05 1.21534128e-05 1.22683523e-05
 1.23832918e-05 1.24982312e-05 1.26131707e-05 1.27281102e-05
 1.28430497e-05]
Frequencies: [8.16706400e+07 5.68500875e+08 1.38741506e+09 1.38001902e+09
 6.50863000e+08 2.44785035e+08 1.30293562e+08 5.32865830e+07
 2.31736930e+07 1.00464220e+07 5.14434400e+06 2.58893700e+06
 1.34663300e+06 7.42455000e+05 4.51359000e+05 2.70134000e+05
 1.70386000e+05 1.10238000e+05 7.47860000e+04 5.24870000e+04
 3.85460000e+04 3.08680000e+04 2.47600000e+04 1.98430000e+04
 1.56040000e+04 1.12350000e+04 8.79100000e+03 7.15300000e+03
 6.26900000e+03 4.50400000e+03 2.88400000e+03 1.79900000e+03
 1.30000000e+03 9.53000000e+02 7.58000000e+02 7.49000000e+02
 6.03000000e+02 3.95000000e+02 3.19000000e+02 2.57000000e+02
 2.19000000e+02 8.80000000e+01 6.80000000e+01 3.80000000e+01
 3.00000000e+01 3.50000000e+01 4.40000000e+01 2.20000000e+01
 1.80000000e+01 2.20000000e+01 2.00000000e+01 2.00000000e+01
 1.40000000e+01 2.00000000e+01 1.70000000e+01 1.40000000e+01
 1.20000000e+01 5.00000000e+00 3.00000000e+00 3.00000000e+00
 4.00000000e+00 4.00000000e+00 0.00000000e+00 2.00000000e+00
 1.00000000e+00 4.00000000e+00 0.00000000e+00 2.00000000e+00
 5.00000000e+00 2.00000000e+00 3.00000000e+00 3.00000000e+00
 3.00000000e+00 0.00000000e+00 1.00000000e+00 1.00000000e+00
 0.00000000e+00 1.00000000e+00 0.00000000e+00 0.00000000e+00
 0.00000000e+00 1.00000000e+00 1.00000000e+00 0.00000000e+00
 0.00000000e+00 1.00000000e+00 0.00000000e+00 0.00000000e+00
 1.00000000e+00 0.00000000e+00 0.00000000e+00 1.00000000e+00
 0.00000000e+00 1.00000000e+00 0.00000000e+00 2.00000000e+00
 0.00000000e+00 1.00000000e+00 0.00000000e+00 2.00000000e+00]
