Standard Deviation: 0.003914441618228928
Skewness: 0.41117075470773895
Kurtosis: -1.060815573951915
Median: 0.004779362734003898
Mean: 0.0055884491057977504
Deciles: [0.00215091 0.00888194]
Minimum: 1e-12
Maximum: 0.02082882752555297
Bin Edges: [1.00000000e-12 2.08288276e-04 4.16576551e-04 6.24864827e-04
 8.33153102e-04 1.04144138e-03 1.24972965e-03 1.45801793e-03
 1.66630620e-03 1.87459448e-03 2.08288275e-03 2.29117103e-03
 2.49945930e-03 2.70774758e-03 2.91603585e-03 3.12432413e-03
 3.33261240e-03 3.54090068e-03 3.74918896e-03 3.95747723e-03
 4.16576551e-03 4.37405378e-03 4.58234206e-03 4.79063033e-03
 4.99891861e-03 5.20720688e-03 5.41549516e-03 5.62378343e-03
 5.83207171e-03 6.04035998e-03 6.24864826e-03 6.45693653e-03
 6.66522481e-03 6.87351308e-03 7.08180136e-03 7.29008963e-03
 7.49837791e-03 7.70666619e-03 7.91495446e-03 8.12324274e-03
 8.33153101e-03 8.53981929e-03 8.74810756e-03 8.95639584e-03
 9.16468411e-03 9.37297239e-03 9.58126066e-03 9.78954894e-03
 9.99783721e-03 1.02061255e-02 1.04144138e-02 1.06227020e-02
 1.08309903e-02 1.10392786e-02 1.12475669e-02 1.14558551e-02
 1.16641434e-02 1.18724317e-02 1.20807200e-02 1.22890082e-02
 1.24972965e-02 1.27055848e-02 1.29138731e-02 1.31221613e-02
 1.33304496e-02 1.35387379e-02 1.37470262e-02 1.39553144e-02
 1.41636027e-02 1.43718910e-02 1.45801793e-02 1.47884675e-02
 1.49967558e-02 1.52050441e-02 1.54133324e-02 1.56216206e-02
 1.58299089e-02 1.60381972e-02 1.62464855e-02 1.64547737e-02
 1.66630620e-02 1.68713503e-02 1.70796386e-02 1.72879268e-02
 1.74962151e-02 1.77045034e-02 1.79127917e-02 1.81210799e-02
 1.83293682e-02 1.85376565e-02 1.87459448e-02 1.89542330e-02
 1.91625213e-02 1.93708096e-02 1.95790979e-02 1.97873861e-02
 1.99956744e-02 2.02039627e-02 2.04122510e-02 2.06205393e-02
 2.08288275e-02]
Frequencies: [7.88417690e+07 1.10889369e+08 1.18723166e+08 1.16645492e+08
 1.14292662e+08 1.13826488e+08 1.13325984e+08 1.12681429e+08
 1.11367356e+08 1.09473332e+08 1.06898135e+08 1.04155236e+08
 1.01273223e+08 9.84384230e+07 9.56261450e+07 9.28360330e+07
 9.01397110e+07 8.76376910e+07 8.51293570e+07 8.26778910e+07
 7.97728950e+07 7.65651900e+07 7.32537390e+07 6.99717840e+07
 6.69539300e+07 6.42783210e+07 6.19885900e+07 6.00356250e+07
 5.84099540e+07 5.71497370e+07 5.61202470e+07 5.53406500e+07
 5.47903060e+07 5.44595650e+07 5.42894500e+07 5.42616360e+07
 5.42841190e+07 5.44396430e+07 5.45782780e+07 5.47461370e+07
 5.49069980e+07 5.50261920e+07 5.50781800e+07 5.50816770e+07
 5.49898880e+07 5.48807440e+07 5.47101140e+07 5.45723930e+07
 5.44169220e+07 5.42284710e+07 5.40714420e+07 5.38658560e+07
 5.36776740e+07 5.35034990e+07 5.32842570e+07 5.30771160e+07
 5.26368760e+07 5.18255210e+07 5.03438020e+07 4.79777800e+07
 4.44437150e+07 3.96216230e+07 3.36572930e+07 2.69648620e+07
 2.02730210e+07 1.43004130e+07 9.55787100e+06 6.14869700e+06
 3.96287600e+06 2.64523900e+06 1.84774600e+06 1.35570900e+06
 1.01131500e+06 7.53185000e+05 5.60791000e+05 4.10533000e+05
 2.95334000e+05 2.09000000e+05 1.46297000e+05 1.01257000e+05
 6.81890000e+04 4.43710000e+04 2.90510000e+04 1.75220000e+04
 1.11460000e+04 7.48400000e+03 4.81200000e+03 3.03200000e+03
 2.32400000e+03 1.76900000e+03 1.22100000e+03 9.12000000e+02
 7.19000000e+02 3.74000000e+02 1.28000000e+02 3.90000000e+01
 1.90000000e+01 1.00000000e+01 3.00000000e+00 8.00000000e+00]
