Standard Deviation: 25.195546475338023
Skewness: 0.058313605102553824
Kurtosis: 0.7462262617404214
Median: -0.7954185199946756
Mean: -0.6397741221421118
Deciles: [-16.38814222  14.91428605]
Minimum: -201.87438285788494
Maximum: 187.6931563352145
Bin Edges: [-201.87438286 -197.97870747 -194.08303207 -190.18735668 -186.29168129
 -182.3960059  -178.50033051 -174.60465511 -170.70897972 -166.81330433
 -162.91762894 -159.02195355 -155.12627815 -151.23060276 -147.33492737
 -143.43925198 -139.54357659 -135.6479012  -131.7522258  -127.85655041
 -123.96087502 -120.06519963 -116.16952424 -112.27384884 -108.37817345
 -104.48249806 -100.58682267  -96.69114728  -92.79547188  -88.89979649
  -85.0041211   -81.10844571  -77.21277032  -73.31709492  -69.42141953
  -65.52574414  -61.63006875  -57.73439336  -53.83871796  -49.94304257
  -46.04736718  -42.15169179  -38.2560164   -34.360341    -30.46466561
  -26.56899022  -22.67331483  -18.77763944  -14.88196405  -10.98628865
   -7.09061326   -3.19493787    0.70073752    4.59641291    8.49208831
   12.3877637    16.28343909   20.17911448   24.07478987   27.97046527
   31.86614066   35.76181605   39.65749144   43.55316683   47.44884223
   51.34451762   55.24019301   59.1358684    63.03154379   66.92721919
   70.82289458   74.71856997   78.61424536   82.50992075   86.40559615
   90.30127154   94.19694693   98.09262232  101.98829771  105.8839731
  109.7796485   113.67532389  117.57099928  121.46667467  125.36235006
  129.25802546  133.15370085  137.04937624  140.94505163  144.84072702
  148.73640242  152.63207781  156.5277532   160.42342859  164.31910398
  168.21477938  172.11045477  176.00613016  179.90180555  183.79748094
  187.69315634]
Frequencies: [5.00000000e+00 7.00000000e+00 1.50000000e+01 2.00000000e+01
 2.00000000e+01 2.20000000e+01 4.00000000e+01 5.90000000e+01
 9.90000000e+01 1.76000000e+02 3.33000000e+02 5.46000000e+02
 9.04000000e+02 1.57300000e+03 2.67700000e+03 4.80100000e+03
 8.11300000e+03 1.31160000e+04 2.02520000e+04 3.10160000e+04
 4.80610000e+04 7.47720000e+04 1.15329000e+05 1.77848000e+05
 2.75497000e+05 4.19282000e+05 6.26803000e+05 9.21794000e+05
 1.34866400e+06 1.93952000e+06 2.75707800e+06 3.87804600e+06
 5.39216100e+06 7.41400000e+06 1.00990130e+07 1.36297790e+07
 1.82092400e+07 2.41626750e+07 3.18185710e+07 4.16088450e+07
 5.40176340e+07 6.95309340e+07 8.85997700e+07 1.11521637e+08
 1.38316111e+08 1.68502874e+08 2.00664416e+08 2.32930160e+08
 2.62585601e+08 2.86693853e+08 3.02470408e+08 3.08078998e+08
 3.03522361e+08 2.89234401e+08 2.66468863e+08 2.37804740e+08
 2.06323449e+08 1.74586864e+08 1.44499268e+08 1.17209593e+08
 9.35011510e+07 7.37177050e+07 5.75890870e+07 4.46690970e+07
 3.44587700e+07 2.64808150e+07 2.02866670e+07 1.54952940e+07
 1.17923870e+07 8.95798300e+06 6.78212400e+06 5.10039100e+06
 3.80718000e+06 2.82519000e+06 2.08626900e+06 1.52721400e+06
 1.10436400e+06 7.90387000e+05 5.55178000e+05 3.81254000e+05
 2.55835000e+05 1.68307000e+05 1.07653000e+05 6.86220000e+04
 4.26160000e+04 2.65170000e+04 1.60750000e+04 1.02900000e+04
 6.46200000e+03 4.10200000e+03 2.61900000e+03 1.62700000e+03
 1.04200000e+03 5.82000000e+02 2.90000000e+02 1.01000000e+02
 3.00000000e+01 7.00000000e+00 7.00000000e+00 2.00000000e+00]
