Standard Deviation: 9.766072713783858
Skewness: 0.9335986818208233
Kurtosis: 3.3762206888422828
Median: 249.73624505431144
Mean: 250.22119724135337
Deciles: [244.88284178 254.24474833]
Minimum: 185.5874603429259
Maximum: 329.83224032114293
Bin Edges: [185.58746034 187.02990814 188.47235594 189.91480374 191.35725154
 192.79969934 194.24214714 195.68459494 197.12704274 198.56949054
 200.01193834 201.45438614 202.89683394 204.33928174 205.78172954
 207.22417734 208.66662514 210.10907294 211.55152074 212.99396854
 214.43641634 215.87886414 217.32131194 218.76375974 220.20620754
 221.64865534 223.09110314 224.53355094 225.97599874 227.41844654
 228.86089434 230.30334214 231.74578994 233.18823774 234.63068554
 236.07313334 237.51558114 238.95802893 240.40047673 241.84292453
 243.28537233 244.72782013 246.17026793 247.61271573 249.05516353
 250.49761133 251.94005913 253.38250693 254.82495473 256.26740253
 257.70985033 259.15229813 260.59474593 262.03719373 263.47964153
 264.92208933 266.36453713 267.80698493 269.24943273 270.69188053
 272.13432833 273.57677613 275.01922393 276.46167173 277.90411953
 279.34656733 280.78901513 282.23146293 283.67391073 285.11635853
 286.55880633 288.00125413 289.44370193 290.88614973 292.32859753
 293.77104533 295.21349313 296.65594093 298.09838873 299.54083653
 300.98328433 302.42573213 303.86817993 305.31062772 306.75307552
 308.19552332 309.63797112 311.08041892 312.52286672 313.96531452
 315.40776232 316.85021012 318.29265792 319.73510572 321.17755352
 322.62000132 324.06244912 325.50489692 326.94734472 328.38979252
 329.83224032]
Frequencies: [6.10000000e+01 1.45000000e+02 2.98000000e+02 5.38000000e+02
 1.41700000e+03 2.56400000e+03 3.82600000e+03 5.69600000e+03
 8.47500000e+03 1.34270000e+04 2.11790000e+04 3.34010000e+04
 5.11630000e+04 7.73920000e+04 1.14563000e+05 1.65595000e+05
 2.40452000e+05 3.46817000e+05 5.01023000e+05 7.03052000e+05
 9.56856000e+05 1.29679400e+06 1.74245300e+06 2.32393500e+06
 3.05951600e+06 4.03965300e+06 5.37294500e+06 7.09577100e+06
 9.40766500e+06 1.26582560e+07 1.72578720e+07 2.38147330e+07
 3.30079280e+07 4.51759050e+07 6.07001240e+07 7.94104740e+07
 1.01139046e+08 1.25928590e+08 1.54347850e+08 1.87975650e+08
 2.28926779e+08 2.77182535e+08 3.27867196e+08 3.71868050e+08
 3.96245977e+08 3.90143673e+08 3.52207122e+08 2.91732023e+08
 2.24472880e+08 1.63718398e+08 1.16239826e+08 8.29550300e+07
 6.11642220e+07 4.73040180e+07 3.84352360e+07 3.25663330e+07
 2.85504400e+07 2.55211180e+07 2.30649280e+07 2.10877680e+07
 1.93199080e+07 1.77289360e+07 1.62123550e+07 1.48325040e+07
 1.34731690e+07 1.21434790e+07 1.08871570e+07 9.67643500e+06
 8.48161200e+06 7.34397300e+06 6.26803500e+06 5.26546100e+06
 4.34459500e+06 3.52046500e+06 2.80871600e+06 2.20808500e+06
 1.72411300e+06 1.32453800e+06 9.90202000e+05 7.29553000e+05
 5.24162000e+05 3.74029000e+05 2.59895000e+05 1.74774000e+05
 1.15950000e+05 7.57970000e+04 4.90380000e+04 3.00150000e+04
 1.73530000e+04 9.99700000e+03 5.29500000e+03 3.04900000e+03
 1.85100000e+03 1.14700000e+03 6.62000000e+02 4.24000000e+02
 3.29000000e+02 2.10000000e+02 4.50000000e+01 3.50000000e+01]
