Standard Deviation: 6.412797241150343
Skewness: -0.2348792380797105
Kurtosis: 1.2480419594797691
Median: 0.21133709147150376
Mean: 0.04260353965833633
Deciles: [-3.79130084  4.16013395]
Minimum: -50.259342893406895
Maximum: 52.92627923800741
Bin Edges: [-50.25934289 -49.22748667 -48.19563045 -47.16377423 -46.13191801
 -45.10006179 -44.06820557 -43.03634934 -42.00449312 -40.9726369
 -39.94078068 -38.90892446 -37.87706824 -36.84521202 -35.8133558
 -34.78149957 -33.74964335 -32.71778713 -31.68593091 -30.65407469
 -29.62221847 -28.59036225 -27.55850602 -26.5266498  -25.49479358
 -24.46293736 -23.43108114 -22.39922492 -21.3673687  -20.33551248
 -19.30365625 -18.27180003 -17.23994381 -16.20808759 -15.17623137
 -14.14437515 -13.11251893 -12.0806627  -11.04880648 -10.01695026
  -8.98509404  -7.95323782  -6.9213816   -5.88952538  -4.85766916
  -3.82581293  -2.79395671  -1.76210049  -0.73024427   0.30161195
   1.33346817   2.36532439   3.39718061   4.42903684   5.46089306
   6.49274928   7.5246055    8.55646172   9.58831794  10.62017416
  11.65203039  12.68388661  13.71574283  14.74759905  15.77945527
  16.81131149  17.84316771  18.87502393  19.90688016  20.93873638
  21.9705926   23.00244882  24.03430504  25.06616126  26.09801748
  27.12987371  28.16172993  29.19358615  30.22544237  31.25729859
  32.28915481  33.32101103  34.35286725  35.38472348  36.4165797
  37.44843592  38.48029214  39.51214836  40.54400458  41.5758608
  42.60771702  43.63957325  44.67142947  45.70328569  46.73514191
  47.76699813  48.79885435  49.83071057  50.8625668   51.89442302
  52.92627924]
Frequencies: [8.00000000e+00 1.30000000e+01 1.70000000e+01 5.60000000e+01
 9.10000000e+01 1.33000000e+02 2.68000000e+02 4.34000000e+02
 7.43000000e+02 1.37300000e+03 2.46600000e+03 4.12800000e+03
 7.50900000e+03 1.37610000e+04 2.43980000e+04 3.98640000e+04
 6.67420000e+04 1.10130000e+05 1.77570000e+05 2.81702000e+05
 4.35257000e+05 6.55118000e+05 9.69525000e+05 1.39341900e+06
 1.96031200e+06 2.68785500e+06 3.60582100e+06 4.72880700e+06
 6.08845100e+06 7.71103800e+06 9.61658300e+06 1.18388730e+07
 1.44558720e+07 1.75822340e+07 2.13863130e+07 2.61890510e+07
 3.24070810e+07 4.06768580e+07 5.20161550e+07 6.79243820e+07
 9.01820160e+07 1.20077340e+08 1.57403762e+08 1.98055707e+08
 2.36044758e+08 2.67023949e+08 2.89579566e+08 3.04148345e+08
 3.10222076e+08 3.10272255e+08 3.04163929e+08 2.91017445e+08
 2.70791470e+08 2.41815680e+08 2.04043028e+08 1.62378423e+08
 1.23123236e+08 9.05315180e+07 6.53203060e+07 4.69345370e+07
 3.40502130e+07 2.50052730e+07 1.85009140e+07 1.37797950e+07
 1.03095800e+07 7.76598100e+06 5.88822700e+06 4.47202900e+06
 3.38661500e+06 2.56962000e+06 1.93971200e+06 1.46043900e+06
 1.09418900e+06 8.12831000e+05 5.91828000e+05 4.24209000e+05
 3.02023000e+05 2.11754000e+05 1.45339000e+05 9.90120000e+04
 6.66220000e+04 4.29950000e+04 2.73560000e+04 1.74320000e+04
 1.11900000e+04 7.04700000e+03 4.34000000e+03 2.74300000e+03
 1.72300000e+03 1.18300000e+03 7.48000000e+02 5.15000000e+02
 3.25000000e+02 2.09000000e+02 1.20000000e+02 5.20000000e+01
 2.20000000e+01 2.20000000e+01 9.00000000e+00 7.00000000e+00]
