Standard Deviation: 9.706442958977025
Skewness: -0.00963344391811791
Kurtosis: 14.809046944911042
Median: 0.011910550326912291
Mean: 0.010911743327093045
Deciles: [-3.1941197   3.21139218]
Minimum: -133.98543108748194
Maximum: 125.21551939352223
Bin Edges: [-133.98543109 -131.39342158 -128.80141208 -126.20940257 -123.61739307
 -121.02538356 -118.43337406 -115.84136455 -113.24935505 -110.65734554
 -108.06533604 -105.47332653 -102.88131703 -100.28930752  -97.69729802
  -95.10528852  -92.51327901  -89.92126951  -87.32926     -84.7372505
  -82.14524099  -79.55323149  -76.96122198  -74.36921248  -71.77720297
  -69.18519347  -66.59318396  -64.00117446  -61.40916495  -58.81715545
  -56.22514594  -53.63313644  -51.04112693  -48.44911743  -45.85710792
  -43.26509842  -40.67308891  -38.08107941  -35.4890699   -32.8970604
  -30.3050509   -27.71304139  -25.12103189  -22.52902238  -19.93701288
  -17.34500337  -14.75299387  -12.16098436   -9.56897486   -6.97696535
   -4.38495585   -1.79294634    0.79906316    3.39107267    5.98308217
    8.57509168   11.16710118   13.75911069   16.35112019   18.9431297
   21.5351392    24.12714871   26.71915821   29.31116772   31.90317722
   34.49518673   37.08719623   39.67920573   42.27121524   44.86322474
   47.45523425   50.04724375   52.63925326   55.23126276   57.82327227
   60.41528177   63.00729128   65.59930078   68.19131029   70.78331979
   73.3753293    75.9673388    78.55934831   81.15135781   83.74336732
   86.33537682   88.92738633   91.51939583   94.11140534   96.70341484
   99.29542435  101.88743385  104.47944336  107.07145286  109.66346236
  112.25547187  114.84748137  117.43949088  120.03150038  122.62350989
  125.21551939]
Frequencies: [9.50000000e+01 3.50000000e+02 8.14000000e+02 1.22600000e+03
 1.87800000e+03 3.11100000e+03 5.06100000e+03 7.40600000e+03
 1.11910000e+04 1.56900000e+04 2.17970000e+04 3.05710000e+04
 4.23740000e+04 5.77580000e+04 7.35880000e+04 9.42110000e+04
 1.17745000e+05 1.46441000e+05 1.78664000e+05 2.18399000e+05
 2.63379000e+05 3.15509000e+05 3.77460000e+05 4.50879000e+05
 5.35126000e+05 6.42446000e+05 7.65584000e+05 9.16830000e+05
 1.10088000e+06 1.32443500e+06 1.58240900e+06 1.89759200e+06
 2.27741800e+06 2.72221600e+06 3.25634600e+06 3.90742900e+06
 4.71349400e+06 5.71807900e+06 6.98603100e+06 8.60116600e+06
 1.06912210e+07 1.33863250e+07 1.70217640e+07 2.20113220e+07
 2.90258290e+07 3.96565820e+07 5.79427480e+07 9.37238350e+07
 1.73684916e+08 3.56302569e+08 7.07075939e+08 1.01845651e+09
 8.64416349e+08 4.75095957e+08 2.26797088e+08 1.16341538e+08
 6.86799320e+07 4.55421300e+07 3.26126810e+07 2.44220960e+07
 1.87919310e+07 1.47336140e+07 1.16895820e+07 9.41867800e+06
 7.60884300e+06 6.19968100e+06 5.07489700e+06 4.19229200e+06
 3.49853000e+06 2.93549700e+06 2.49009800e+06 2.09332100e+06
 1.75001300e+06 1.44977800e+06 1.21633000e+06 1.03195500e+06
 8.65885000e+05 7.26556000e+05 6.10683000e+05 5.11229000e+05
 4.19335000e+05 3.44797000e+05 2.82287000e+05 2.28289000e+05
 1.81633000e+05 1.44542000e+05 1.15291000e+05 8.58380000e+04
 6.55840000e+04 4.89010000e+04 3.71120000e+04 2.69770000e+04
 1.84440000e+04 1.12080000e+04 6.09400000e+03 3.92800000e+03
 2.30100000e+03 1.06800000e+03 4.41000000e+02 1.27000000e+02]
