Standard Deviation: 11.904244799919635
Skewness: 0.037911519143644705
Kurtosis: 2.6104623000932
Median: 0.042416845538261236
Mean: 0.052404811464150915
Deciles: [-5.67044023  5.75369663]
Minimum: -80.22690743007452
Maximum: 94.78494938005817
Bin Edges: [-80.22690743 -78.47678886 -76.72667029 -74.97655173 -73.22643316
 -71.47631459 -69.72619602 -67.97607745 -66.22595889 -64.47584032
 -62.72572175 -60.97560318 -59.22548461 -57.47536604 -55.72524748
 -53.97512891 -52.22501034 -50.47489177 -48.7247732  -46.97465464
 -45.22453607 -43.4744175  -41.72429893 -39.97418036 -38.2240618
 -36.47394323 -34.72382466 -32.97370609 -31.22358752 -29.47346896
 -27.72335039 -25.97323182 -24.22311325 -22.47299468 -20.72287611
 -18.97275755 -17.22263898 -15.47252041 -13.72240184 -11.97228327
 -10.22216471  -8.47204614  -6.72192757  -4.971809    -3.22169043
  -1.47157187   0.2785467    2.02866527   3.77878384   5.52890241
   7.27902097   9.02913954  10.77925811  12.52937668  14.27949525
  16.02961382  17.77973238  19.52985095  21.27996952  23.03008809
  24.78020666  26.53032522  28.28044379  30.03056236  31.78068093
  33.5307995   35.28091806  37.03103663  38.7811552   40.53127377
  42.28139234  44.03151091  45.78162947  47.53174804  49.28186661
  51.03198518  52.78210375  54.53222231  56.28234088  58.03245945
  59.78257802  61.53269659  63.28281515  65.03293372  66.78305229
  68.53317086  70.28328943  72.03340799  73.78352656  75.53364513
  77.2837637   79.03388227  80.78400084  82.5341194   84.28423797
  86.03435654  87.78447511  89.53459368  91.28471224  93.03483081
  94.78494938]
Frequencies: [2.70000000e+01 1.62000000e+02 4.07000000e+02 9.52000000e+02
 2.28100000e+03 5.63700000e+03 1.24740000e+04 2.67060000e+04
 5.12690000e+04 8.53470000e+04 1.36874000e+05 2.09266000e+05
 3.08256000e+05 4.42428000e+05 6.18814000e+05 8.51137000e+05
 1.13243900e+06 1.44177000e+06 1.74611300e+06 2.19412900e+06
 2.74516700e+06 3.40941500e+06 4.22233800e+06 5.18843800e+06
 6.35921700e+06 7.76691500e+06 9.43501800e+06 1.14321370e+07
 1.38354610e+07 1.66797630e+07 2.01223870e+07 2.42719390e+07
 2.92860290e+07 3.53419510e+07 4.27580220e+07 5.18633370e+07
 6.31896300e+07 7.74382890e+07 9.56579520e+07 1.19460323e+08
 1.51133672e+08 1.93167019e+08 2.47123707e+08 3.10622642e+08
 3.69784862e+08 4.04155859e+08 3.98073328e+08 3.54937706e+08
 2.93968750e+08 2.32998832e+08 1.81797067e+08 1.42100793e+08
 1.12191043e+08 8.96415490e+07 7.23411160e+07 5.89913520e+07
 4.84353200e+07 3.99294630e+07 3.29735590e+07 2.73355500e+07
 2.27195140e+07 1.89065620e+07 1.57698200e+07 1.31480880e+07
 1.09435880e+07 9.08078600e+06 7.50994700e+06 6.20557300e+06
 5.10518000e+06 4.18259200e+06 3.41188100e+06 2.77117900e+06
 2.23693500e+06 1.78962800e+06 1.42360800e+06 1.12590600e+06
 8.77525000e+05 6.78427000e+05 5.18150000e+05 3.89094000e+05
 2.86284000e+05 2.08026000e+05 1.47844000e+05 1.03142000e+05
 7.21120000e+04 4.84810000e+04 3.20160000e+04 2.10790000e+04
 1.38090000e+04 9.28500000e+03 5.67500000e+03 3.44300000e+03
 2.23200000e+03 1.34900000e+03 8.70000000e+02 4.68000000e+02
 2.25000000e+02 1.28000000e+02 1.04000000e+02 4.00000000e+01]
