Standard Deviation: 14.48702576836953
Skewness: -1.5722146508578818
Kurtosis: 3.2255950465535035
Median: 292.75229731399924
Mean: 288.27475801607216
Deciles: [281.10946852 298.79817554]
Minimum: 194.20437117390384
Maximum: 325.59318295809186
Bin Edges: [194.20437117 195.51825929 196.83214741 198.14603553 199.45992365
 200.77381176 202.08769988 203.401588   204.71547612 206.02936423
 207.34325235 208.65714047 209.97102859 211.28491671 212.59880482
 213.91269294 215.22658106 216.54046918 217.8543573  219.16824541
 220.48213353 221.79602165 223.10990977 224.42379788 225.737686
 227.05157412 228.36546224 229.67935036 230.99323847 232.30712659
 233.62101471 234.93490283 236.24879094 237.56267906 238.87656718
 240.1904553  241.50434342 242.81823153 244.13211965 245.44600777
 246.75989589 248.07378401 249.38767212 250.70156024 252.01544836
 253.32933648 254.64322459 255.95711271 257.27100083 258.58488895
 259.89877707 261.21266518 262.5265533  263.84044142 265.15432954
 266.46821766 267.78210577 269.09599389 270.40988201 271.72377013
 273.03765824 274.35154636 275.66543448 276.9793226  278.29321072
 279.60709883 280.92098695 282.23487507 283.54876319 284.8626513
 286.17653942 287.49042754 288.80431566 290.11820378 291.43209189
 292.74598001 294.05986813 295.37375625 296.68764437 298.00153248
 299.3154206  300.62930872 301.94319684 303.25708495 304.57097307
 305.88486119 307.19874931 308.51263743 309.82652554 311.14041366
 312.45430178 313.7681899  315.08207802 316.39596613 317.70985425
 319.02374237 320.33763049 321.6515186  322.96540672 324.27929484
 325.59318296]
Frequencies: [2.50000000e+02 4.99000000e+02 8.10000000e+02 1.06600000e+03
 4.20500000e+03 1.14380000e+04 2.94680000e+04 6.01470000e+04
 1.06401000e+05 1.84566000e+05 2.89757000e+05 4.26312000e+05
 5.81113000e+05 7.44084000e+05 9.19066000e+05 1.06270900e+06
 1.18565100e+06 1.29871900e+06 1.40999900e+06 1.49713500e+06
 1.58948700e+06 1.67045300e+06 1.76583900e+06 1.84450900e+06
 1.93161300e+06 2.03506400e+06 2.16889200e+06 2.34321300e+06
 2.58211600e+06 2.88474800e+06 3.29874500e+06 3.83151600e+06
 4.44909500e+06 5.19437400e+06 5.96885500e+06 6.85204400e+06
 7.75348600e+06 8.73762100e+06 9.65520800e+06 1.04920570e+07
 1.12546680e+07 1.19677510e+07 1.26388490e+07 1.32002330e+07
 1.37831580e+07 1.43975430e+07 1.48752860e+07 1.54508660e+07
 1.61455420e+07 1.69444720e+07 1.78945850e+07 1.91304190e+07
 2.06184860e+07 2.26035880e+07 2.51164310e+07 2.87015650e+07
 3.45767970e+07 4.44180810e+07 6.07870850e+07 8.20055530e+07
 8.49320910e+07 8.19456550e+07 8.41213320e+07 8.78522490e+07
 9.21207820e+07 9.66874760e+07 1.01417089e+08 1.06024432e+08
 1.11133258e+08 1.16850036e+08 1.23354501e+08 1.31856012e+08
 1.41662991e+08 1.52365418e+08 1.64075046e+08 1.78705752e+08
 2.00090503e+08 2.32687770e+08 2.93719527e+08 4.02019695e+08
 4.37364110e+08 2.81382143e+08 6.96297720e+07 4.31565000e+07
 3.35440880e+07 2.67002220e+07 2.11869160e+07 1.64800730e+07
 1.23980080e+07 8.87030700e+06 5.91883800e+06 3.65020200e+06
 2.07975700e+06 1.06786500e+06 4.94425000e+05 1.94286000e+05
 5.57580000e+04 1.31900000e+04 2.35600000e+03 2.81000000e+02]
