Standard Deviation: 30.52949606758917
Skewness: 0.45807976378152077
Kurtosis: 0.1873015120545949
Median: 8.60498786893652
Mean: 12.15693689402861
Deciles: [-9.00102494 30.88463798]
Minimum: -132.08233799530086
Maximum: 182.20001588300474
Bin Edges: [-1.32082338e+02 -1.28939514e+02 -1.25796691e+02 -1.22653867e+02
 -1.19511044e+02 -1.16368220e+02 -1.13225397e+02 -1.10082573e+02
 -1.06939750e+02 -1.03796926e+02 -1.00654103e+02 -9.75112791e+01
 -9.43684555e+01 -9.12256320e+01 -8.80828085e+01 -8.49399849e+01
 -8.17971614e+01 -7.86543378e+01 -7.55115143e+01 -7.23686908e+01
 -6.92258672e+01 -6.60830437e+01 -6.29402201e+01 -5.97973966e+01
 -5.66545731e+01 -5.35117495e+01 -5.03689260e+01 -4.72261024e+01
 -4.40832789e+01 -4.09404554e+01 -3.77976318e+01 -3.46548083e+01
 -3.15119848e+01 -2.83691612e+01 -2.52263377e+01 -2.20835141e+01
 -1.89406906e+01 -1.57978671e+01 -1.26550435e+01 -9.51221998e+00
 -6.36939644e+00 -3.22657291e+00 -8.37493664e-02  3.05907417e+00
  6.20189771e+00  9.34472125e+00  1.24875448e+01  1.56303683e+01
  1.87731919e+01  2.19160154e+01  2.50588389e+01  2.82016625e+01
  3.13444860e+01  3.44873096e+01  3.76301331e+01  4.07729566e+01
  4.39157802e+01  4.70586037e+01  5.02014273e+01  5.33442508e+01
  5.64870743e+01  5.96298979e+01  6.27727214e+01  6.59155449e+01
  6.90583685e+01  7.22011920e+01  7.53440156e+01  7.84868391e+01
  8.16296626e+01  8.47724862e+01  8.79153097e+01  9.10581333e+01
  9.42009568e+01  9.73437803e+01  1.00486604e+02  1.03629427e+02
  1.06772251e+02  1.09915074e+02  1.13057898e+02  1.16200722e+02
  1.19343545e+02  1.22486369e+02  1.25629192e+02  1.28772016e+02
  1.31914839e+02  1.35057663e+02  1.38200486e+02  1.41343310e+02
  1.44486133e+02  1.47628957e+02  1.50771780e+02  1.53914604e+02
  1.57057428e+02  1.60200251e+02  1.63343075e+02  1.66485898e+02
  1.69628722e+02  1.72771545e+02  1.75914369e+02  1.79057192e+02
  1.82200016e+02]
Frequencies: [2.50000000e+01 1.07000000e+02 3.11000000e+02 5.48000000e+02
 1.12200000e+03 2.27000000e+03 4.19600000e+03 6.91500000e+03
 1.16120000e+04 2.05950000e+04 3.49990000e+04 5.71800000e+04
 9.39700000e+04 1.49914000e+05 2.33585000e+05 3.54445000e+05
 5.36117000e+05 8.03099000e+05 1.18302900e+06 1.72680500e+06
 2.47393600e+06 3.50247300e+06 4.87248000e+06 6.69833600e+06
 9.10785300e+06 1.22332650e+07 1.63003600e+07 2.14583380e+07
 2.79478760e+07 3.59692010e+07 4.56970420e+07 5.72501660e+07
 7.07775950e+07 8.61361940e+07 1.03210919e+08 1.21561346e+08
 1.40390881e+08 1.58825610e+08 1.75667238e+08 1.89814661e+08
 2.00323190e+08 2.06647103e+08 2.08466172e+08 2.06208033e+08
 2.00255210e+08 1.91523762e+08 1.80977816e+08 1.69450018e+08
 1.57726667e+08 1.46288899e+08 1.35404665e+08 1.25222543e+08
 1.15832755e+08 1.07075084e+08 9.89010130e+07 9.11474930e+07
 8.38026470e+07 7.68331970e+07 7.01221820e+07 6.35956210e+07
 5.73706750e+07 5.14621500e+07 4.58467410e+07 4.05816990e+07
 3.56270120e+07 3.10206030e+07 2.67862530e+07 2.29052640e+07
 1.94218440e+07 1.62674700e+07 1.35022510e+07 1.10885730e+07
 8.97798000e+06 7.17674200e+06 5.65910000e+06 4.40403400e+06
 3.36738300e+06 2.53153900e+06 1.87491100e+06 1.35689600e+06
 9.72996000e+05 6.86064000e+05 4.73729000e+05 3.20638000e+05
 2.13332000e+05 1.40796000e+05 8.94680000e+04 5.57960000e+04
 3.43680000e+04 2.08770000e+04 1.20440000e+04 6.67200000e+03
 3.56300000e+03 2.01500000e+03 9.71000000e+02 4.24000000e+02
 2.45000000e+02 1.32000000e+02 5.40000000e+01 1.20000000e+01]
