Standard Deviation: 13.624610769476673
Skewness: 0.6627385496139888
Kurtosis: 0.2244370741964965
Median: 5.68780316907263
Mean: 7.805306926861658
Deciles: [-2.48880855 16.40183124]
Minimum: -54.29238795654799
Maximum: 91.2437145108855
Bin Edges: [-54.29238796 -52.83702693 -51.38166591 -49.92630488 -48.47094386
 -47.01558283 -45.56022181 -44.10486078 -42.64949976 -41.19413873
 -39.73877771 -38.28341669 -36.82805566 -35.37269464 -33.91733361
 -32.46197259 -31.00661156 -29.55125054 -28.09588951 -26.64052849
 -25.18516746 -23.72980644 -22.27444541 -20.81908439 -19.36372336
 -17.90836234 -16.45300132 -14.99764029 -13.54227927 -12.08691824
 -10.63155722  -9.17619619  -7.72083517  -6.26547414  -4.81011312
  -3.35475209  -1.89939107  -0.44403004   1.01133098   2.46669201
   3.92205303   5.37741406   6.83277508   8.2881361    9.74349713
  11.19885815  12.65421918  14.1095802   15.56494123  17.02030225
  18.47566328  19.9310243   21.38638533  22.84174635  24.29710738
  25.7524684   27.20782943  28.66319045  30.11855147  31.5739125
  33.02927352  34.48463455  35.93999557  37.3953566   38.85071762
  40.30607865  41.76143967  43.2168007   44.67216172  46.12752275
  47.58288377  49.0382448   50.49360582  51.94896684  53.40432787
  54.85968889  56.31504992  57.77041094  59.22577197  60.68113299
  62.13649402  63.59185504  65.04721607  66.50257709  67.95793812
  69.41329914  70.86866017  72.32402119  73.77938221  75.23474324
  76.69010426  78.14546529  79.60082631  81.05618734  82.51154836
  83.96690939  85.42227041  86.87763144  88.33299246  89.78835349
  91.24371451]
Frequencies: [1.20000000e+01 3.40000000e+01 1.20000000e+02 1.91000000e+02
 4.20000000e+02 7.24000000e+02 1.70400000e+03 3.45100000e+03
 5.87700000e+03 9.96000000e+03 1.59230000e+04 2.64820000e+04
 4.15970000e+04 6.33070000e+04 9.51250000e+04 1.41766000e+05
 2.15575000e+05 3.24101000e+05 5.13039000e+05 8.00848000e+05
 1.26060200e+06 2.00731500e+06 3.18639700e+06 5.15325200e+06
 8.42237900e+06 1.38909080e+07 2.26719400e+07 3.59113770e+07
 5.45121910e+07 7.84612380e+07 1.06262001e+08 1.35287985e+08
 1.62071799e+08 1.83464050e+08 1.98141947e+08 2.06704736e+08
 2.09687982e+08 2.08399234e+08 2.04077221e+08 1.98057925e+08
 1.90955535e+08 1.83041147e+08 1.74464443e+08 1.65880766e+08
 1.57298366e+08 1.48971859e+08 1.40628425e+08 1.32339379e+08
 1.24203599e+08 1.16079561e+08 1.07908585e+08 9.98245600e+07
 9.18806160e+07 8.41056320e+07 7.66163860e+07 6.92688270e+07
 6.22621620e+07 5.55708590e+07 4.91212450e+07 4.30414160e+07
 3.73650940e+07 3.22152190e+07 2.76073650e+07 2.34920780e+07
 1.98229060e+07 1.66163260e+07 1.37895830e+07 1.13769480e+07
 9.31592700e+06 7.58148800e+06 6.12640200e+06 4.91672300e+06
 3.92975000e+06 3.11735200e+06 2.45429700e+06 1.91961300e+06
 1.50045600e+06 1.16584700e+06 8.96499000e+05 6.85551000e+05
 5.17371000e+05 3.87335000e+05 2.88863000e+05 2.09790000e+05
 1.53896000e+05 1.15516000e+05 8.44920000e+04 5.81880000e+04
 4.12150000e+04 2.83880000e+04 1.90120000e+04 1.24850000e+04
 7.70100000e+03 3.75700000e+03 1.97800000e+03 1.08400000e+03
 8.76000000e+02 3.53000000e+02 1.04000000e+02 6.90000000e+01]
