Standard Deviation: 9.248162558670984
Skewness: -0.6663562457085471
Kurtosis: -0.5606155038210647
Median: 230.53749970114467
Mean: 227.85387117943088
Deciles: [220.58098753 235.84261117]
Minimum: 191.74276228219134
Maximum: 253.93602797068465
Bin Edges: [191.74276228 192.36469494 192.9866276  193.60856025 194.23049291
 194.85242557 195.47435822 196.09629088 196.71822354 197.34015619
 197.96208885 198.58402151 199.20595416 199.82788682 200.44981948
 201.07175214 201.69368479 202.31561745 202.93755011 203.55948276
 204.18141542 204.80334808 205.42528073 206.04721339 206.66914605
 207.2910787  207.91301136 208.53494402 209.15687667 209.77880933
 210.40074199 211.02267465 211.6446073  212.26653996 212.88847262
 213.51040527 214.13233793 214.75427059 215.37620324 215.9981359
 216.62006856 217.24200121 217.86393387 218.48586653 219.10779919
 219.72973184 220.3516645  220.97359716 221.59552981 222.21746247
 222.83939513 223.46132778 224.08326044 224.7051931  225.32712575
 225.94905841 226.57099107 227.19292372 227.81485638 228.43678904
 229.0587217  229.68065435 230.30258701 230.92451967 231.54645232
 232.16838498 232.79031764 233.41225029 234.03418295 234.65611561
 235.27804826 235.89998092 236.52191358 237.14384623 237.76577889
 238.38771155 239.00964421 239.63157686 240.25350952 240.87544218
 241.49737483 242.11930749 242.74124015 243.3631728  243.98510546
 244.60703812 245.22897077 245.85090343 246.47283609 247.09476874
 247.7167014  248.33863406 248.96056672 249.58249937 250.20443203
 250.82636469 251.44829734 252.07023    252.69216266 253.31409531
 253.93602797]
Frequencies: [3.66000000e+02 2.51700000e+03 7.37400000e+03 1.61580000e+04
 3.28750000e+04 7.08010000e+04 1.52216000e+05 2.95511000e+05
 5.38343000e+05 8.87497000e+05 1.32003200e+06 1.81874400e+06
 2.32622200e+06 2.80903400e+06 3.23982700e+06 3.64939900e+06
 4.07099600e+06 4.57931600e+06 5.20665000e+06 6.00602700e+06
 7.06992500e+06 8.47492100e+06 1.01703650e+07 1.21372200e+07
 1.42394270e+07 1.65274240e+07 1.89085300e+07 2.13947200e+07
 2.40909240e+07 2.69500770e+07 3.00778490e+07 3.35125500e+07
 3.71243340e+07 4.09695590e+07 4.51084910e+07 4.93968770e+07
 5.36887910e+07 5.78957010e+07 6.17237890e+07 6.53137180e+07
 6.83340900e+07 7.06880940e+07 7.24254640e+07 7.39915800e+07
 7.49207030e+07 7.53437760e+07 7.53311580e+07 7.48010280e+07
 7.39638740e+07 7.28706730e+07 7.13923930e+07 7.00065320e+07
 6.89738070e+07 6.82977510e+07 6.78535260e+07 6.75613540e+07
 6.75254800e+07 6.79604830e+07 6.88329170e+07 7.04223330e+07
 7.25407460e+07 7.53334040e+07 7.93742660e+07 8.50360810e+07
 9.25577040e+07 1.02643077e+08 1.16486304e+08 1.35776592e+08
 1.60676485e+08 1.90962672e+08 2.22937995e+08 2.44898216e+08
 2.46283750e+08 2.17657353e+08 1.63530492e+08 1.04063586e+08
 5.80566000e+07 3.11213340e+07 1.79971670e+07 1.13717110e+07
 7.38137100e+06 4.75024500e+06 2.94589600e+06 1.68871700e+06
 9.02412000e+05 4.58361000e+05 2.16540000e+05 1.02683000e+05
 5.35700000e+04 3.08270000e+04 1.91290000e+04 1.17330000e+04
 7.09300000e+03 3.93100000e+03 1.82300000e+03 8.46000000e+02
 6.34000000e+02 3.36000000e+02 1.42000000e+02 6.30000000e+01]
