Standard Deviation: 1.573179496058651e-05
Skewness: 5.775297246420547
Kurtosis: 41.2003809136789
Median: 0.0
Mean: 3.824410601594973e-06
Deciles: [0. 0.]
Minimum: 0.0
Maximum: 0.0006798189832889296
Bin Edges: [0.00000000e+00 6.79818983e-06 1.35963797e-05 2.03945695e-05
 2.71927593e-05 3.39909492e-05 4.07891390e-05 4.75873288e-05
 5.43855187e-05 6.11837085e-05 6.79818983e-05 7.47800882e-05
 8.15782780e-05 8.83764678e-05 9.51746577e-05 1.01972847e-04
 1.08771037e-04 1.15569227e-04 1.22367417e-04 1.29165607e-04
 1.35963797e-04 1.42761986e-04 1.49560176e-04 1.56358366e-04
 1.63156556e-04 1.69954746e-04 1.76752936e-04 1.83551125e-04
 1.90349315e-04 1.97147505e-04 2.03945695e-04 2.10743885e-04
 2.17542075e-04 2.24340264e-04 2.31138454e-04 2.37936644e-04
 2.44734834e-04 2.51533024e-04 2.58331214e-04 2.65129403e-04
 2.71927593e-04 2.78725783e-04 2.85523973e-04 2.92322163e-04
 2.99120353e-04 3.05918542e-04 3.12716732e-04 3.19514922e-04
 3.26313112e-04 3.33111302e-04 3.39909492e-04 3.46707681e-04
 3.53505871e-04 3.60304061e-04 3.67102251e-04 3.73900441e-04
 3.80698631e-04 3.87496820e-04 3.94295010e-04 4.01093200e-04
 4.07891390e-04 4.14689580e-04 4.21487770e-04 4.28285959e-04
 4.35084149e-04 4.41882339e-04 4.48680529e-04 4.55478719e-04
 4.62276909e-04 4.69075098e-04 4.75873288e-04 4.82671478e-04
 4.89469668e-04 4.96267858e-04 5.03066048e-04 5.09864237e-04
 5.16662427e-04 5.23460617e-04 5.30258807e-04 5.37056997e-04
 5.43855187e-04 5.50653376e-04 5.57451566e-04 5.64249756e-04
 5.71047946e-04 5.77846136e-04 5.84644326e-04 5.91442515e-04
 5.98240705e-04 6.05038895e-04 6.11837085e-04 6.18635275e-04
 6.25433465e-04 6.32231654e-04 6.39029844e-04 6.45828034e-04
 6.52626224e-04 6.59424414e-04 6.66222604e-04 6.73020793e-04
 6.79818983e-04]
Frequencies: [4.13738356e+09 8.02712420e+07 5.87199440e+07 4.56983730e+07
 3.63821030e+07 2.93815180e+07 2.40287130e+07 1.98873330e+07
 1.66595990e+07 1.41278840e+07 1.21205660e+07 1.05203350e+07
 9.23174900e+06 8.18966400e+06 7.36312700e+06 6.68630900e+06
 5.87695100e+06 4.83754400e+06 3.72612000e+06 2.74557800e+06
 1.98593300e+06 1.42624000e+06 1.02362200e+06 7.33356000e+05
 5.32270000e+05 3.92079000e+05 2.89932000e+05 2.14284000e+05
 1.60686000e+05 1.21241000e+05 9.29140000e+04 7.18030000e+04
 5.56120000e+04 4.37160000e+04 3.41510000e+04 2.75390000e+04
 2.23060000e+04 1.80140000e+04 1.45680000e+04 1.18970000e+04
 1.00860000e+04 8.41200000e+03 7.05000000e+03 5.89400000e+03
 5.09200000e+03 4.25200000e+03 3.67300000e+03 3.23200000e+03
 2.82900000e+03 2.41500000e+03 2.15800000e+03 2.00400000e+03
 1.70500000e+03 1.44400000e+03 1.45800000e+03 1.21100000e+03
 1.05600000e+03 1.00000000e+03 9.70000000e+02 8.07000000e+02
 7.86000000e+02 6.61000000e+02 6.51000000e+02 5.84000000e+02
 4.82000000e+02 4.67000000e+02 4.28000000e+02 3.69000000e+02
 3.26000000e+02 2.58000000e+02 2.67000000e+02 2.50000000e+02
 1.97000000e+02 1.81000000e+02 1.54000000e+02 1.46000000e+02
 1.17000000e+02 1.02000000e+02 9.40000000e+01 6.40000000e+01
 6.20000000e+01 4.20000000e+01 4.30000000e+01 2.20000000e+01
 1.80000000e+01 2.40000000e+01 1.90000000e+01 1.40000000e+01
 6.00000000e+00 9.00000000e+00 1.20000000e+01 7.00000000e+00
 4.00000000e+00 3.00000000e+00 1.00000000e+00 1.00000000e+00
 0.00000000e+00 1.00000000e+00 0.00000000e+00 1.00000000e+00]
