Standard Deviation: 11.810001328593062
Skewness: -1.218970326588441
Kurtosis: 0.9996386430413047
Median: 273.13252996050403
Mean: 268.4877066593521
Deciles: [261.42587365 277.80107189]
Minimum: 210.58644508780827
Maximum: 288.7971184358835
Bin Edges: [210.58644509 211.36855182 212.15065855 212.93276529 213.71487202
 214.49697876 215.27908549 216.06119222 216.84329896 217.62540569
 218.40751242 219.18961916 219.97172589 220.75383262 221.53593936
 222.31804609 223.10015282 223.88225956 224.66436629 225.44647302
 226.22857976 227.01068649 227.79279322 228.57489996 229.35700669
 230.13911342 230.92122016 231.70332689 232.48543363 233.26754036
 234.04964709 234.83175383 235.61386056 236.39596729 237.17807403
 237.96018076 238.74228749 239.52439423 240.30650096 241.08860769
 241.87071443 242.65282116 243.43492789 244.21703463 244.99914136
 245.78124809 246.56335483 247.34546156 248.12756829 248.90967503
 249.69178176 250.4738885  251.25599523 252.03810196 252.8202087
 253.60231543 254.38442216 255.1665289  255.94863563 256.73074236
 257.5128491  258.29495583 259.07706256 259.8591693  260.64127603
 261.42338276 262.2054895  262.98759623 263.76970296 264.5518097
 265.33391643 266.11602316 266.8981299  267.68023663 268.46234337
 269.2444501  270.02655683 270.80866357 271.5907703  272.37287703
 273.15498377 273.9370905  274.71919723 275.50130397 276.2834107
 277.06551743 277.84762417 278.6297309  279.41183763 280.19394437
 280.9760511  281.75815783 282.54026457 283.3223713  284.10447803
 284.88658477 285.6686915  286.45079824 287.23290497 288.0150117
 288.79711844]
Frequencies: [3.42500000e+03 1.35940000e+04 3.12020000e+04 6.34240000e+04
 1.11705000e+05 1.92291000e+05 3.02199000e+05 4.44839000e+05
 6.13024000e+05 7.80759000e+05 9.72529000e+05 1.17292800e+06
 1.38559000e+06 1.58196600e+06 1.75848500e+06 1.93128000e+06
 2.10747900e+06 2.25052500e+06 2.38337500e+06 2.50992500e+06
 2.62106500e+06 2.72756700e+06 2.83861900e+06 2.97122300e+06
 3.09025100e+06 3.25200800e+06 3.44851600e+06 3.69530100e+06
 3.93221600e+06 4.29835000e+06 4.70709500e+06 5.23619300e+06
 5.91223000e+06 6.79930900e+06 7.83236500e+06 9.06722800e+06
 1.04273240e+07 1.18808890e+07 1.35544150e+07 1.53840750e+07
 1.72315600e+07 1.91960920e+07 2.12801300e+07 2.32654690e+07
 2.52734480e+07 2.72233040e+07 2.92214500e+07 3.12563180e+07
 3.33836900e+07 3.54451130e+07 3.73974910e+07 3.94595810e+07
 4.13998740e+07 4.32325600e+07 4.50509230e+07 4.66008010e+07
 4.77993650e+07 4.87235550e+07 4.97890840e+07 5.11043250e+07
 5.25006040e+07 5.39905030e+07 5.55375780e+07 5.70189020e+07
 5.84399070e+07 5.99427540e+07 6.12727150e+07 6.25807990e+07
 6.39262150e+07 6.54742820e+07 6.72611380e+07 6.92630780e+07
 7.13615130e+07 7.41744170e+07 7.74306080e+07 8.11015400e+07
 8.54846410e+07 9.12644750e+07 9.91880400e+07 1.09038852e+08
 1.20427426e+08 1.35231372e+08 1.55386398e+08 1.84024937e+08
 2.34392753e+08 3.24858177e+08 4.02641761e+08 3.45511600e+08
 2.03525803e+08 9.73411920e+07 4.12553300e+07 1.53401330e+07
 5.08779700e+06 1.63793800e+06 4.83019000e+05 1.24614000e+05
 3.18200000e+04 7.07100000e+03 1.19500000e+03 1.87000000e+02]
