Standard Deviation: 12.491780426611104
Skewness: 0.041570645199486694
Kurtosis: 2.529416447993971
Median: 0.025286558283464475
Mean: 0.048553781270973734
Deciles: [-6.00195098  6.06876499]
Minimum: -81.10469599048037
Maximum: 95.19787057660912
Bin Edges: [-8.11046960e+01 -7.93416703e+01 -7.75786447e+01 -7.58156190e+01
 -7.40525933e+01 -7.22895677e+01 -7.05265420e+01 -6.87635163e+01
 -6.70004907e+01 -6.52374650e+01 -6.34744393e+01 -6.17114137e+01
 -5.99483880e+01 -5.81853623e+01 -5.64223367e+01 -5.46593110e+01
 -5.28962853e+01 -5.11332597e+01 -4.93702340e+01 -4.76072083e+01
 -4.58441827e+01 -4.40811570e+01 -4.23181313e+01 -4.05551057e+01
 -3.87920800e+01 -3.70290543e+01 -3.52660287e+01 -3.35030030e+01
 -3.17399774e+01 -2.99769517e+01 -2.82139260e+01 -2.64509004e+01
 -2.46878747e+01 -2.29248490e+01 -2.11618234e+01 -1.93987977e+01
 -1.76357720e+01 -1.58727464e+01 -1.41097207e+01 -1.23466950e+01
 -1.05836694e+01 -8.82064370e+00 -7.05761803e+00 -5.29459237e+00
 -3.53156670e+00 -1.76854104e+00 -5.51536962e-03  1.75751030e+00
  3.52053596e+00  5.28356163e+00  7.04658729e+00  8.80961296e+00
  1.05726386e+01  1.23356643e+01  1.40986900e+01  1.58617156e+01
  1.76247413e+01  1.93877670e+01  2.11507926e+01  2.29138183e+01
  2.46768439e+01  2.64398696e+01  2.82028953e+01  2.99659209e+01
  3.17289466e+01  3.34919723e+01  3.52549979e+01  3.70180236e+01
  3.87810493e+01  4.05440749e+01  4.23071006e+01  4.40701263e+01
  4.58331519e+01  4.75961776e+01  4.93592033e+01  5.11222289e+01
  5.28852546e+01  5.46482803e+01  5.64113059e+01  5.81743316e+01
  5.99373573e+01  6.17003829e+01  6.34634086e+01  6.52264343e+01
  6.69894599e+01  6.87524856e+01  7.05155113e+01  7.22785369e+01
  7.40415626e+01  7.58045883e+01  7.75676139e+01  7.93306396e+01
  8.10936653e+01  8.28566909e+01  8.46197166e+01  8.63827422e+01
  8.81457679e+01  8.99087936e+01  9.16718192e+01  9.34348449e+01
  9.51978706e+01]
Frequencies: [9.00000000e+01 2.78000000e+02 5.76000000e+02 1.36400000e+03
 3.23600000e+03 7.91900000e+03 1.78330000e+04 3.49180000e+04
 6.67920000e+04 1.12303000e+05 1.80531000e+05 2.72945000e+05
 3.99462000e+05 5.66282000e+05 7.85913000e+05 1.06130400e+06
 1.39626900e+06 1.81397200e+06 2.07742000e+06 2.56238700e+06
 3.15980800e+06 3.88003500e+06 4.75630200e+06 5.77923600e+06
 7.01375400e+06 8.46676100e+06 1.02043880e+07 1.22608350e+07
 1.47113070e+07 1.76338220e+07 2.10983050e+07 2.52752800e+07
 3.02869830e+07 3.63178670e+07 4.36270970e+07 5.25877910e+07
 6.36520700e+07 7.75841010e+07 9.53795860e+07 1.18343579e+08
 1.48421745e+08 1.87824763e+08 2.37566487e+08 2.94566374e+08
 3.48947800e+08 3.83081934e+08 3.83138054e+08 3.49236086e+08
 2.96183414e+08 2.39866176e+08 1.90142784e+08 1.50394196e+08
 1.19603640e+08 9.60519140e+07 7.77831150e+07 6.36193660e+07
 5.24274370e+07 4.34646260e+07 3.61585170e+07 3.01252680e+07
 2.51841940e+07 2.10838930e+07 1.76859830e+07 1.48287630e+07
 1.24534310e+07 1.04422620e+07 8.72025400e+06 7.25543500e+06
 6.01867100e+06 4.98197600e+06 4.11750900e+06 3.38151600e+06
 2.76646100e+06 2.24289100e+06 1.80737700e+06 1.44877000e+06
 1.15009500e+06 9.09612000e+05 7.06960000e+05 5.46596000e+05
 4.13130000e+05 3.06848000e+05 2.27510000e+05 1.63309000e+05
 1.14935000e+05 7.95190000e+04 5.62020000e+04 3.78370000e+04
 2.45840000e+04 1.58950000e+04 1.05090000e+04 6.37700000e+03
 4.13900000e+03 2.81100000e+03 1.62900000e+03 1.00400000e+03
 4.09000000e+02 1.81000000e+02 8.90000000e+01 3.70000000e+01]
