Standard Deviation: 3.275593875702317e-05
Skewness: 8.668849486840234
Kurtosis: 108.82447631130454
Median: 0.0
Mean: 7.746771718708614e-06
Deciles: [0.00000000e+00 2.79984077e-07]
Minimum: 0.0
Maximum: 0.0020122220020040286
Bin Edges: [0.00000000e+00 2.01222200e-05 4.02444400e-05 6.03666601e-05
 8.04888801e-05 1.00611100e-04 1.20733320e-04 1.40855540e-04
 1.60977760e-04 1.81099980e-04 2.01222200e-04 2.21344420e-04
 2.41466640e-04 2.61588860e-04 2.81711080e-04 3.01833300e-04
 3.21955520e-04 3.42077740e-04 3.62199960e-04 3.82322180e-04
 4.02444400e-04 4.22566620e-04 4.42688840e-04 4.62811060e-04
 4.82933280e-04 5.03055501e-04 5.23177721e-04 5.43299941e-04
 5.63422161e-04 5.83544381e-04 6.03666601e-04 6.23788821e-04
 6.43911041e-04 6.64033261e-04 6.84155481e-04 7.04277701e-04
 7.24399921e-04 7.44522141e-04 7.64644361e-04 7.84766581e-04
 8.04888801e-04 8.25011021e-04 8.45133241e-04 8.65255461e-04
 8.85377681e-04 9.05499901e-04 9.25622121e-04 9.45744341e-04
 9.65866561e-04 9.85988781e-04 1.00611100e-03 1.02623322e-03
 1.04635544e-03 1.06647766e-03 1.08659988e-03 1.10672210e-03
 1.12684432e-03 1.14696654e-03 1.16708876e-03 1.18721098e-03
 1.20733320e-03 1.22745542e-03 1.24757764e-03 1.26769986e-03
 1.28782208e-03 1.30794430e-03 1.32806652e-03 1.34818874e-03
 1.36831096e-03 1.38843318e-03 1.40855540e-03 1.42867762e-03
 1.44879984e-03 1.46892206e-03 1.48904428e-03 1.50916650e-03
 1.52928872e-03 1.54941094e-03 1.56953316e-03 1.58965538e-03
 1.60977760e-03 1.62989982e-03 1.65002204e-03 1.67014426e-03
 1.69026648e-03 1.71038870e-03 1.73051092e-03 1.75063314e-03
 1.77075536e-03 1.79087758e-03 1.81099980e-03 1.83112202e-03
 1.85124424e-03 1.87136646e-03 1.89148868e-03 1.91161090e-03
 1.93173312e-03 1.95185534e-03 1.97197756e-03 1.99209978e-03
 2.01222200e-03]
Frequencies: [4.14557223e+09 1.47128237e+08 8.19186050e+07 4.97485680e+07
 3.15141930e+07 2.05325130e+07 1.38768070e+07 9.83462300e+06
 7.30703500e+06 5.64304900e+06 4.49363300e+06 3.67993900e+06
 3.06632800e+06 2.58909500e+06 2.20343400e+06 1.88811300e+06
 1.61853800e+06 1.38547100e+06 1.18336900e+06 1.00434300e+06
 8.51379000e+05 7.16617000e+05 6.01350000e+05 5.01980000e+05
 4.16905000e+05 3.44099000e+05 2.83497000e+05 2.33662000e+05
 1.91672000e+05 1.56980000e+05 1.28289000e+05 1.04633000e+05
 8.48360000e+04 6.95890000e+04 5.65200000e+04 4.60800000e+04
 3.77720000e+04 3.07830000e+04 2.50860000e+04 2.06210000e+04
 1.69020000e+04 1.36690000e+04 1.10490000e+04 9.12300000e+03
 7.45300000e+03 6.24800000e+03 4.98900000e+03 4.09900000e+03
 3.41300000e+03 2.80800000e+03 2.28600000e+03 1.95900000e+03
 1.55100000e+03 1.29900000e+03 1.06300000e+03 8.94000000e+02
 7.40000000e+02 6.20000000e+02 5.60000000e+02 4.18000000e+02
 3.74000000e+02 3.02000000e+02 2.39000000e+02 2.25000000e+02
 1.98000000e+02 1.67000000e+02 1.51000000e+02 8.60000000e+01
 9.30000000e+01 8.00000000e+01 7.80000000e+01 5.70000000e+01
 4.90000000e+01 2.70000000e+01 3.80000000e+01 4.50000000e+01
 2.80000000e+01 2.00000000e+01 2.40000000e+01 1.60000000e+01
 1.70000000e+01 1.10000000e+01 1.80000000e+01 1.20000000e+01
 6.00000000e+00 5.00000000e+00 7.00000000e+00 1.00000000e+00
 4.00000000e+00 1.00000000e+00 1.00000000e+00 1.00000000e+00
 1.00000000e+00 1.00000000e+00 0.00000000e+00 0.00000000e+00
 0.00000000e+00 1.00000000e+00 0.00000000e+00 2.00000000e+00]
