Standard Deviation: 17.11458723382283
Skewness: 0.7041239217259141
Kurtosis: 0.38305487129127425
Median: 9.276356526020006
Mean: 11.868948252588966
Deciles: [-1.04752372 22.42288532]
Minimum: -61.87174900702009
Maximum: 118.89940471769334
Bin Edges: [-61.87174901 -60.06403747 -58.25632593 -56.4486144  -54.64090286
 -52.83319132 -51.02547978 -49.21776825 -47.41005671 -45.60234517
 -43.79463363 -41.9869221  -40.17921056 -38.37149902 -36.56378749
 -34.75607595 -32.94836441 -31.14065287 -29.33294134 -27.5252298
 -25.71751826 -23.90980672 -22.10209519 -20.29438365 -18.48667211
 -16.67896058 -14.87124904 -13.0635375  -11.25582596  -9.44811443
  -7.64040289  -5.83269135  -4.02497982  -2.21726828  -0.40955674
   1.3981548    3.20586633   5.01357787   6.82128941   8.62900095
  10.43671248  12.24442402  14.05213556  15.85984709  17.66755863
  19.47527017  21.28298171  23.09069324  24.89840478  26.70611632
  28.51382786  30.32153939  32.12925093  33.93696247  35.744674
  37.55238554  39.36009708  41.16780862  42.97552015  44.78323169
  46.59094323  48.39865477  50.2063663   52.01407784  53.82178938
  55.62950091  57.43721245  59.24492399  61.05263553  62.86034706
  64.6680586   66.47577014  68.28348167  70.09119321  71.89890475
  73.70661629  75.51432782  77.32203936  79.1297509   80.93746244
  82.74517397  84.55288551  86.36059705  88.16830858  89.97602012
  91.78373166  93.5914432   95.39915473  97.20686627  99.01457781
 100.82228935 102.63000088 104.43771242 106.24542396 108.05313549
 109.86084703 111.66855857 113.47627011 115.28398164 117.09169318
 118.89940472]
Frequencies: [8.30000000e+01 3.17000000e+02 8.44000000e+02 1.94700000e+03
 3.54200000e+03 6.11600000e+03 1.11530000e+04 1.82550000e+04
 2.97700000e+04 4.40730000e+04 6.50140000e+04 9.70650000e+04
 1.40881000e+05 2.01090000e+05 2.94511000e+05 4.24759000e+05
 6.18032000e+05 9.00036000e+05 1.32848800e+06 2.00344300e+06
 3.09813400e+06 4.98296800e+06 8.10930800e+06 1.31638210e+07
 2.12763260e+07 3.39315520e+07 5.23287060e+07 7.68124020e+07
 1.05824072e+08 1.35842257e+08 1.62632788e+08 1.83067884e+08
 1.96580613e+08 2.03871689e+08 2.06171169e+08 2.04740281e+08
 2.00708916e+08 1.95528839e+08 1.89436443e+08 1.82984389e+08
 1.76011068e+08 1.68608192e+08 1.60791855e+08 1.52658114e+08
 1.44169999e+08 1.35446015e+08 1.26644814e+08 1.17761371e+08
 1.08838902e+08 9.99911060e+07 9.13497810e+07 8.29735600e+07
 7.50000910e+07 6.75012160e+07 6.04224660e+07 5.38125970e+07
 4.76599740e+07 4.19752650e+07 3.67571440e+07 3.20503340e+07
 2.77847370e+07 2.39432890e+07 2.05039590e+07 1.74849450e+07
 1.48404070e+07 1.25346300e+07 1.05159330e+07 8.75727100e+06
 7.25646800e+06 5.97607000e+06 4.89753900e+06 3.99873000e+06
 3.24004800e+06 2.60650100e+06 2.07832600e+06 1.64053400e+06
 1.29594700e+06 1.01642900e+06 7.87132000e+05 6.08309000e+05
 4.63462000e+05 3.44078000e+05 2.59171000e+05 1.93169000e+05
 1.41188000e+05 1.05315000e+05 7.37360000e+04 4.99920000e+04
 3.33850000e+04 2.14860000e+04 1.25410000e+04 6.77100000e+03
 2.71100000e+03 1.68100000e+03 9.73000000e+02 4.38000000e+02
 2.60000000e+02 2.66000000e+02 1.95000000e+02 1.38000000e+02]
