Standard Deviation: 15.739666314776699
Skewness: -0.012295871032144995
Kurtosis: 1.5065543204083252
Median: -0.044957331329664174
Mean: -0.07364032944105156
Deciles: [-9.5234271   9.40073593]
Minimum: -147.5323690293256
Maximum: 165.678175374704
Bin Edges: [-147.53236903 -144.40026359 -141.26815814 -138.1360527  -135.00394725
 -131.87184181 -128.73973637 -125.60763092 -122.47552548 -119.34342003
 -116.21131459 -113.07920914 -109.9471037  -106.81499826 -103.68289281
 -100.55078737  -97.41868192  -94.28657648  -91.15447104  -88.02236559
  -84.89026015  -81.7581547   -78.62604926  -75.49394382  -72.36183837
  -69.22973293  -66.09762748  -62.96552204  -59.8334166   -56.70131115
  -53.56920571  -50.43710026  -47.30499482  -44.17288938  -41.04078393
  -37.90867849  -34.77657304  -31.6444676   -28.51236216  -25.38025671
  -22.24815127  -19.11604582  -15.98394038  -12.85183494   -9.71972949
   -6.58762405   -3.4555186    -0.32341316    2.80869228    5.94079773
    9.07290317   12.20500862   15.33711406   18.4692195    21.60132495
   24.73343039   27.86553584   30.99764128   34.12974673   37.26185217
   40.39395761   43.52606306   46.6581685    49.79027395   52.92237939
   56.05448483   59.18659028   62.31869572   65.45080117   68.58290661
   71.71501205   74.8471175    77.97922294   81.11132839   84.24343383
   87.37553927   90.50764472   93.63975016   96.77185561   99.90396105
  103.03606649  106.16817194  109.30027738  112.43238283  115.56448827
  118.69659371  121.82869916  124.9608046   128.09291005  131.22501549
  134.35712093  137.48922638  140.62133182  143.75343727  146.88554271
  150.01764815  153.1497536   156.28185904  159.41396449  162.54606993
  165.67817537]
Frequencies: [4.40000000e+01 1.57000000e+02 3.16000000e+02 5.50000000e+02
 9.40000000e+02 1.45200000e+03 2.29900000e+03 3.69300000e+03
 5.21900000e+03 7.37100000e+03 1.00800000e+04 1.33640000e+04
 1.74080000e+04 2.27090000e+04 3.12600000e+04 4.28970000e+04
 5.84670000e+04 7.93620000e+04 1.05067000e+05 1.40283000e+05
 1.86583000e+05 2.49193000e+05 3.29980000e+05 4.41166000e+05
 5.96934000e+05 8.15158000e+05 1.11755000e+06 1.54469600e+06
 2.16023000e+06 3.04048500e+06 4.27814500e+06 6.05500600e+06
 8.56696500e+06 1.20767260e+07 1.69930920e+07 2.38789390e+07
 3.35768860e+07 4.71146650e+07 6.59703390e+07 9.17109220e+07
 1.25956819e+08 1.69344877e+08 2.21243782e+08 2.78158259e+08
 3.33435554e+08 3.78817340e+08 4.05791049e+08 4.08790086e+08
 3.86521570e+08 3.43654356e+08 2.88991190e+08 2.31424674e+08
 1.78084432e+08 1.32822457e+08 9.68368610e+07 6.96451270e+07
 4.95973730e+07 3.51373320e+07 2.48854380e+07 1.75997330e+07
 1.24556550e+07 8.81456700e+06 6.24906000e+06 4.42970800e+06
 3.14059100e+06 2.22585200e+06 1.58867300e+06 1.14416500e+06
 8.27285000e+05 6.01911000e+05 4.39956000e+05 3.23710000e+05
 2.40365000e+05 1.79911000e+05 1.34398000e+05 1.01123000e+05
 7.61780000e+04 5.78510000e+04 4.43560000e+04 3.35150000e+04
 2.52220000e+04 1.91710000e+04 1.41430000e+04 9.70200000e+03
 6.55800000e+03 4.62000000e+03 3.24500000e+03 2.39100000e+03
 1.55600000e+03 1.10100000e+03 7.84000000e+02 5.91000000e+02
 4.41000000e+02 2.84000000e+02 2.24000000e+02 1.20000000e+02
 7.00000000e+01 1.30000000e+01 1.10000000e+01 1.60000000e+01]
