Standard Deviation: 19.535315253181686
Skewness: 0.6435175773285081
Kurtosis: 0.2811281003801578
Median: 12.14841114215869
Mean: 14.74155432179119
Deciles: [ 0.09648528 26.86659375]
Minimum: -66.17056949877735
Maximum: 128.98882622310902
Bin Edges: [-66.1705695  -64.21897554 -62.26738158 -60.31578763 -58.36419367
 -56.41259971 -54.46100576 -52.5094118  -50.55781784 -48.60622388
 -46.65462993 -44.70303597 -42.75144201 -40.79984805 -38.8482541
 -36.89666014 -34.94506618 -32.99347223 -31.04187827 -29.09028431
 -27.13869035 -25.1870964  -23.23550244 -21.28390848 -19.33231453
 -17.38072057 -15.42912661 -13.47753265 -11.5259387   -9.57434474
  -7.62275078  -5.67115682  -3.71956287  -1.76796891   0.18362505
   2.135219     4.08681296   6.03840692   7.99000088   9.94159483
  11.89318879  13.84478275  15.7963767   17.74797066  19.69956462
  21.65115858  23.60275253  25.55434649  27.50594045  29.4575344
  31.40912836  33.36072232  35.31231628  37.26391023  39.21550419
  41.16709815  43.11869211  45.07028606  47.02188002  48.97347398
  50.92506793  52.87666189  54.82825585  56.77984981  58.73144376
  60.68303772  62.63463168  64.58622563  66.53781959  68.48941355
  70.44100751  72.39260146  74.34419542  76.29578938  78.24738334
  80.19897729  82.15057125  84.10216521  86.05375916  88.00535312
  89.95694708  91.90854104  93.86013499  95.81172895  97.76332291
  99.71491686 101.66651082 103.61810478 105.56969874 107.52129269
 109.47288665 111.42448061 113.37607457 115.32766852 117.27926248
 119.23085644 121.18245039 123.13404435 125.08563831 127.03723227
 128.98882622]
Frequencies: [1.80000000e+01 6.60000000e+01 3.87000000e+02 9.77000000e+02
 2.22100000e+03 4.92100000e+03 8.59100000e+03 1.46890000e+04
 2.26350000e+04 3.58330000e+04 5.81230000e+04 8.84970000e+04
 1.34249000e+05 2.05127000e+05 3.08660000e+05 4.62671000e+05
 6.98936000e+05 1.07362400e+06 1.68374800e+06 2.68741800e+06
 4.37438200e+06 7.16038900e+06 1.15830120e+07 1.83744750e+07
 2.83366860e+07 4.21716360e+07 5.97567090e+07 8.03285860e+07
 1.02691896e+08 1.24953624e+08 1.44650894e+08 1.60269790e+08
 1.71639664e+08 1.79655281e+08 1.84470307e+08 1.86586819e+08
 1.86807700e+08 1.85339687e+08 1.82518832e+08 1.78447236e+08
 1.73501191e+08 1.67917403e+08 1.61643043e+08 1.54595330e+08
 1.47025818e+08 1.39217975e+08 1.30989132e+08 1.22635847e+08
 1.14280143e+08 1.05790411e+08 9.73784880e+07 8.92316230e+07
 8.14031450e+07 7.39382840e+07 6.69083700e+07 6.01850550e+07
 5.39841420e+07 4.81161490e+07 4.26918040e+07 3.76729340e+07
 3.30922200e+07 2.89957260e+07 2.52795840e+07 2.19349530e+07
 1.89281040e+07 1.62493910e+07 1.39075740e+07 1.18097080e+07
 9.96627900e+06 8.36081100e+06 6.95996100e+06 5.76703100e+06
 4.74557600e+06 3.88672700e+06 3.15473400e+06 2.53852100e+06
 2.03437700e+06 1.62180200e+06 1.28201700e+06 1.00539200e+06
 7.79888000e+05 5.92408000e+05 4.52036000e+05 3.42531000e+05
 2.54431000e+05 1.83164000e+05 1.28232000e+05 8.48960000e+04
 5.42500000e+04 3.53070000e+04 2.10010000e+04 1.18760000e+04
 4.95700000e+03 1.88200000e+03 7.57000000e+02 2.89000000e+02
 1.40000000e+02 9.90000000e+01 5.50000000e+01 3.00000000e+01]
