Standard Deviation: 0.004805078514326805
Skewness: 0.17317056775293854
Kurtosis: -1.2957707364023296
Median: 0.007075924619077448
Mean: 0.007712731013355518
Deciles: [0.00343931 0.01221405]
Minimum: 1e-12
Maximum: 0.022937721071824076
Bin Edges: [1.00000000e-12 2.29377212e-04 4.58754422e-04 6.88131633e-04
 9.17508844e-04 1.14688605e-03 1.37626327e-03 1.60564048e-03
 1.83501769e-03 2.06439490e-03 2.29377211e-03 2.52314932e-03
 2.75252653e-03 2.98190374e-03 3.21128095e-03 3.44065816e-03
 3.67003537e-03 3.89941258e-03 4.12878979e-03 4.35816700e-03
 4.58754422e-03 4.81692143e-03 5.04629864e-03 5.27567585e-03
 5.50505306e-03 5.73443027e-03 5.96380748e-03 6.19318469e-03
 6.42256190e-03 6.65193911e-03 6.88131632e-03 7.11069353e-03
 7.34007074e-03 7.56944795e-03 7.79882517e-03 8.02820238e-03
 8.25757959e-03 8.48695680e-03 8.71633401e-03 8.94571122e-03
 9.17508843e-03 9.40446564e-03 9.63384285e-03 9.86322006e-03
 1.00925973e-02 1.03219745e-02 1.05513517e-02 1.07807289e-02
 1.10101061e-02 1.12394833e-02 1.14688605e-02 1.16982377e-02
 1.19276150e-02 1.21569922e-02 1.23863694e-02 1.26157466e-02
 1.28451238e-02 1.30745010e-02 1.33038782e-02 1.35332554e-02
 1.37626326e-02 1.39920099e-02 1.42213871e-02 1.44507643e-02
 1.46801415e-02 1.49095187e-02 1.51388959e-02 1.53682731e-02
 1.55976503e-02 1.58270275e-02 1.60564048e-02 1.62857820e-02
 1.65151592e-02 1.67445364e-02 1.69739136e-02 1.72032908e-02
 1.74326680e-02 1.76620452e-02 1.78914224e-02 1.81207996e-02
 1.83501769e-02 1.85795541e-02 1.88089313e-02 1.90383085e-02
 1.92676857e-02 1.94970629e-02 1.97264401e-02 1.99558173e-02
 2.01851945e-02 2.04145718e-02 2.06439490e-02 2.08733262e-02
 2.11027034e-02 2.13320806e-02 2.15614578e-02 2.17908350e-02
 2.20202122e-02 2.22495894e-02 2.24789667e-02 2.27083439e-02
 2.29377211e-02]
Frequencies: [4.9664465e+07 6.9367489e+07 6.9774160e+07 6.3124434e+07 6.0321413e+07
 6.1774005e+07 6.6394813e+07 7.3138787e+07 8.0507410e+07 8.6718285e+07
 9.0526668e+07 9.1952594e+07 9.1859037e+07 9.0879728e+07 8.9816682e+07
 8.8711011e+07 8.7569729e+07 8.6313856e+07 8.4346976e+07 8.1477405e+07
 7.8507941e+07 7.5354886e+07 7.2327531e+07 6.9413891e+07 6.6604023e+07
 6.4050300e+07 6.1682673e+07 5.9442418e+07 5.7445407e+07 5.5626526e+07
 5.3982455e+07 5.2536417e+07 5.1214652e+07 5.0124768e+07 4.9180089e+07
 4.8495469e+07 4.8068345e+07 4.7847729e+07 4.7683572e+07 4.7607318e+07
 4.7658912e+07 4.7748869e+07 4.7899353e+07 4.8102773e+07 4.8533538e+07
 4.9142102e+07 5.0003086e+07 5.1042804e+07 5.2335692e+07 5.3968856e+07
 5.5736754e+07 5.7643344e+07 5.9545640e+07 6.1307488e+07 6.3036192e+07
 6.4808094e+07 6.6444774e+07 6.8037486e+07 6.9489994e+07 7.0810556e+07
 7.1985239e+07 7.3030856e+07 7.3790679e+07 7.3871955e+07 7.2604542e+07
 6.9177566e+07 6.2890374e+07 5.3772565e+07 4.2782891e+07 3.1503559e+07
 2.1562820e+07 1.3929158e+07 8.7487860e+06 5.4940120e+06 3.5462040e+06
 2.3780880e+06 1.6343800e+06 1.1544850e+06 8.1922200e+05 5.8017600e+05
 4.0495000e+05 2.7701900e+05 1.8577700e+05 1.2069600e+05 7.7385000e+04
 4.7947000e+04 2.9464000e+04 1.7876000e+04 1.1864000e+04 8.1950000e+03
 5.2380000e+03 3.3480000e+03 2.3400000e+03 1.2740000e+03 7.5700000e+02
 4.1600000e+02 1.3800000e+02 4.9000000e+01 3.3000000e+01 1.3000000e+01]
