Standard Deviation: 6.246673758761542
Skewness: -1.364862654888591
Kurtosis: 5.686487825479139
Median: 218.77490003945965
Mean: 218.41425809004778
Deciles: [216.65736284 221.0892265 ]
Minimum: 180.33986537709794
Maximum: 275.3959014537027
Bin Edges: [180.33986538 181.29042574 182.2409861  183.19154646 184.14210682
 185.09266718 186.04322754 186.9937879  187.94434826 188.89490862
 189.84546898 190.79602935 191.74658971 192.69715007 193.64771043
 194.59827079 195.54883115 196.49939151 197.44995187 198.40051223
 199.35107259 200.30163295 201.25219331 202.20275367 203.15331404
 204.1038744  205.05443476 206.00499512 206.95555548 207.90611584
 208.8566762  209.80723656 210.75779692 211.70835728 212.65891764
 213.609478   214.56003836 215.51059873 216.46115909 217.41171945
 218.36227981 219.31284017 220.26340053 221.21396089 222.16452125
 223.11508161 224.06564197 225.01620233 225.96676269 226.91732305
 227.86788342 228.81844378 229.76900414 230.7195645  231.67012486
 232.62068522 233.57124558 234.52180594 235.4723663  236.42292666
 237.37348702 238.32404738 239.27460774 240.22516811 241.17572847
 242.12628883 243.07684919 244.02740955 244.97796991 245.92853027
 246.87909063 247.82965099 248.78021135 249.73077171 250.68133207
 251.63189243 252.5824528  253.53301316 254.48357352 255.43413388
 256.38469424 257.3352546  258.28581496 259.23637532 260.18693568
 261.13749604 262.0880564  263.03861676 263.98917712 264.93973749
 265.89029785 266.84085821 267.79141857 268.74197893 269.69253929
 270.64309965 271.59366001 272.54422037 273.49478073 274.44534109
 275.39590145]
Frequencies: [8.14000000e+02 7.54300000e+03 3.09750000e+04 8.36140000e+04
 2.89081000e+05 9.00286000e+05 1.86601200e+06 2.95005800e+06
 4.10138300e+06 5.18955900e+06 6.13276100e+06 7.04075400e+06
 7.82455000e+06 8.46471500e+06 9.01626200e+06 9.58951200e+06
 1.00592150e+07 1.06170090e+07 1.11450240e+07 1.17877330e+07
 1.23424130e+07 1.29309140e+07 1.35818100e+07 1.43351460e+07
 1.52040220e+07 1.60775190e+07 1.70329030e+07 1.81842980e+07
 1.96891970e+07 2.16407070e+07 2.43366480e+07 2.82675720e+07
 3.46504270e+07 4.69559340e+07 7.06238720e+07 1.13169036e+08
 1.83543375e+08 2.89521996e+08 4.24627442e+08 5.38781297e+08
 5.63523829e+08 4.90326592e+08 3.71302234e+08 2.61523598e+08
 1.86437584e+08 1.39117902e+08 1.07776172e+08 8.46609690e+07
 6.78159940e+07 5.48749990e+07 4.42870730e+07 3.39524920e+07
 2.50611950e+07 1.90889520e+07 1.57324750e+07 1.33065730e+07
 1.13433740e+07 8.34209400e+06 5.71611900e+06 3.68586300e+06
 2.60135800e+06 1.93885500e+06 1.49753200e+06 1.14757800e+06
 8.73321000e+05 6.46730000e+05 4.86126000e+05 3.68137000e+05
 2.85781000e+05 2.13331000e+05 1.60621000e+05 1.18085000e+05
 8.83540000e+04 6.54030000e+04 4.98230000e+04 3.60830000e+04
 2.94890000e+04 2.13900000e+04 1.58160000e+04 1.22200000e+04
 1.00860000e+04 8.35700000e+03 6.80100000e+03 5.65800000e+03
 4.82800000e+03 4.05100000e+03 3.48800000e+03 3.16700000e+03
 2.54800000e+03 1.59300000e+03 1.40800000e+03 1.13300000e+03
 1.14200000e+03 8.80000000e+02 8.33000000e+02 7.14000000e+02
 6.12000000e+02 5.34000000e+02 4.02000000e+02 2.61000000e+02]
