Standard Deviation: 2.7258978242839362e-08
Skewness: 1651.9224147231064
Kurtosis: 3738372.85686045
Median: 0.0
Mean: 2.7875291981564423e-11
Deciles: [0. 0.]
Minimum: 0.0
Maximum: 0.00012270386642676691
Bin Edges: [0.00000000e+00 1.22703866e-06 2.45407733e-06 3.68111599e-06
 4.90815466e-06 6.13519332e-06 7.36223199e-06 8.58927065e-06
 9.81630931e-06 1.10433480e-05 1.22703866e-05 1.34974253e-05
 1.47244640e-05 1.59515026e-05 1.71785413e-05 1.84055800e-05
 1.96326186e-05 2.08596573e-05 2.20866960e-05 2.33137346e-05
 2.45407733e-05 2.57678119e-05 2.69948506e-05 2.82218893e-05
 2.94489279e-05 3.06759666e-05 3.19030053e-05 3.31300439e-05
 3.43570826e-05 3.55841213e-05 3.68111599e-05 3.80381986e-05
 3.92652373e-05 4.04922759e-05 4.17193146e-05 4.29463532e-05
 4.41733919e-05 4.54004306e-05 4.66274692e-05 4.78545079e-05
 4.90815466e-05 5.03085852e-05 5.15356239e-05 5.27626626e-05
 5.39897012e-05 5.52167399e-05 5.64437786e-05 5.76708172e-05
 5.88978559e-05 6.01248945e-05 6.13519332e-05 6.25789719e-05
 6.38060105e-05 6.50330492e-05 6.62600879e-05 6.74871265e-05
 6.87141652e-05 6.99412039e-05 7.11682425e-05 7.23952812e-05
 7.36223199e-05 7.48493585e-05 7.60763972e-05 7.73034358e-05
 7.85304745e-05 7.97575132e-05 8.09845518e-05 8.22115905e-05
 8.34386292e-05 8.46656678e-05 8.58927065e-05 8.71197452e-05
 8.83467838e-05 8.95738225e-05 9.08008612e-05 9.20278998e-05
 9.32549385e-05 9.44819771e-05 9.57090158e-05 9.69360545e-05
 9.81630931e-05 9.93901318e-05 1.00617170e-04 1.01844209e-04
 1.03071248e-04 1.04298286e-04 1.05525325e-04 1.06752364e-04
 1.07979402e-04 1.09206441e-04 1.10433480e-04 1.11660518e-04
 1.12887557e-04 1.14114596e-04 1.15341634e-04 1.16568673e-04
 1.17795712e-04 1.19022750e-04 1.20249789e-04 1.21476828e-04
 1.22703866e-04]
Frequencies: [4.54117328e+09 2.22800000e+03 1.34700000e+03 9.16000000e+02
 7.18000000e+02 6.19000000e+02 4.50000000e+02 4.02000000e+02
 3.98000000e+02 3.07000000e+02 3.01000000e+02 2.67000000e+02
 2.15000000e+02 2.44000000e+02 1.98000000e+02 1.79000000e+02
 1.67000000e+02 1.39000000e+02 1.34000000e+02 1.16000000e+02
 9.30000000e+01 1.28000000e+02 1.10000000e+02 7.80000000e+01
 8.70000000e+01 6.20000000e+01 5.50000000e+01 5.50000000e+01
 5.40000000e+01 4.10000000e+01 4.30000000e+01 3.70000000e+01
 4.10000000e+01 5.10000000e+01 2.80000000e+01 2.90000000e+01
 3.50000000e+01 2.60000000e+01 2.30000000e+01 3.30000000e+01
 2.40000000e+01 2.30000000e+01 2.30000000e+01 1.70000000e+01
 1.30000000e+01 1.20000000e+01 1.50000000e+01 1.00000000e+01
 1.20000000e+01 1.20000000e+01 5.00000000e+00 6.00000000e+00
 7.00000000e+00 3.00000000e+00 2.00000000e+00 1.10000000e+01
 3.00000000e+00 2.00000000e+00 3.00000000e+00 4.00000000e+00
 4.00000000e+00 6.00000000e+00 6.00000000e+00 2.00000000e+00
 2.00000000e+00 2.00000000e+00 2.00000000e+00 0.00000000e+00
 1.00000000e+00 3.00000000e+00 3.00000000e+00 1.00000000e+00
 1.00000000e+00 2.00000000e+00 0.00000000e+00 2.00000000e+00
 4.00000000e+00 1.00000000e+00 4.00000000e+00 1.00000000e+00
 1.00000000e+00 0.00000000e+00 0.00000000e+00 2.00000000e+00
 1.00000000e+00 2.00000000e+00 2.00000000e+00 2.00000000e+00
 0.00000000e+00 0.00000000e+00 0.00000000e+00 1.00000000e+00
 1.00000000e+00 0.00000000e+00 1.00000000e+00 1.00000000e+00
 1.00000000e+00 0.00000000e+00 1.00000000e+00 1.00000000e+00]
