Standard Deviation: 13.042424285525144
Skewness: 0.04898797943733674
Kurtosis: 2.4031522567266252
Median: -0.015312415132882227
Mean: 0.02965493019581245
Deciles: [-6.38288788  6.39051436]
Minimum: -81.92358980540433
Maximum: 94.48868540665572
Bin Edges: [-81.92358981 -80.15946705 -78.3953443  -76.63122155 -74.8670988
 -73.10297604 -71.33885329 -69.57473054 -67.81060779 -66.04648504
 -64.28236228 -62.51823953 -60.75411678 -58.98999403 -57.22587128
 -55.46174852 -53.69762577 -51.93350302 -50.16938027 -48.40525752
 -46.64113476 -44.87701201 -43.11288926 -41.34876651 -39.58464375
 -37.820521   -36.05639825 -34.2922755  -32.52815275 -30.76402999
 -28.99990724 -27.23578449 -25.47166174 -23.70753899 -21.94341623
 -20.17929348 -18.41517073 -16.65104798 -14.88692522 -13.12280247
 -11.35867972  -9.59455697  -7.83043422  -6.06631146  -4.30218871
  -2.53806596  -0.77394321   0.99017954   2.7543023    4.51842505
   6.2825478    8.04667055   9.8107933   11.57491606  13.33903881
  15.10316156  16.86728431  18.63140707  20.39552982  22.15965257
  23.92377532  25.68789807  27.45202083  29.21614358  30.98026633
  32.74438908  34.50851183  36.27263459  38.03675734  39.80088009
  41.56500284  43.3291256   45.09324835  46.8573711   48.62149385
  50.3856166   52.14973936  53.91386211  55.67798486  57.44210761
  59.20623036  60.97035312  62.73447587  64.49859862  66.26272137
  68.02684412  69.79096688  71.55508963  73.31921238  75.08333513
  76.84745789  78.61158064  80.37570339  82.13982614  83.90394889
  85.66807165  87.4321944   89.19631715  90.9604399   92.72456265
  94.48868541]
Frequencies: [7.30000000e+01 2.01000000e+02 5.71000000e+02 1.30500000e+03
 3.60100000e+03 8.41800000e+03 1.88790000e+04 3.76940000e+04
 7.18580000e+04 1.26402000e+05 2.05145000e+05 3.10758000e+05
 4.55528000e+05 6.50204000e+05 8.94773000e+05 1.20332700e+06
 1.57646600e+06 2.05723000e+06 2.38365000e+06 2.80519200e+06
 3.41894000e+06 4.15746500e+06 5.03713900e+06 6.07164900e+06
 7.30264700e+06 8.76986600e+06 1.04835310e+07 1.25368450e+07
 1.49770850e+07 1.78326940e+07 2.12016290e+07 2.52202700e+07
 3.00120990e+07 3.57774070e+07 4.27077030e+07 5.11152990e+07
 6.14719440e+07 7.44467340e+07 9.08624490e+07 1.11884188e+08
 1.39021525e+08 1.73797881e+08 2.16785379e+08 2.66198201e+08
 3.15717552e+08 3.53399409e+08 3.65724961e+08 3.47815845e+08
 3.07401751e+08 2.57775015e+08 2.09444890e+08 1.68231494e+08
 1.35197674e+08 1.09197157e+08 8.87708500e+07 7.26863920e+07
 5.99969620e+07 4.98265250e+07 4.16061290e+07 3.48725380e+07
 2.92979740e+07 2.46489820e+07 2.07820090e+07 1.75134730e+07
 1.47826420e+07 1.24689100e+07 1.05159150e+07 8.84712200e+06
 7.40592100e+06 6.18394600e+06 5.15775200e+06 4.28447400e+06
 3.54106200e+06 2.92075800e+06 2.39093300e+06 1.93453000e+06
 1.56547500e+06 1.25419500e+06 9.95503000e+05 7.83270000e+05
 6.12400000e+05 4.69499000e+05 3.55904000e+05 2.64224000e+05
 1.93913000e+05 1.39643000e+05 9.96760000e+04 7.03110000e+04
 4.87340000e+04 3.18510000e+04 2.05030000e+04 1.33150000e+04
 8.45300000e+03 5.71400000e+03 3.84900000e+03 2.32000000e+03
 1.11800000e+03 5.19000000e+02 1.74000000e+02 4.60000000e+01]
