Standard Deviation: 6.732752023053159
Skewness: -1.6840273938885644
Kurtosis: 5.268068801021641
Median: 223.0987087565575
Mean: 222.05495229447232
Deciles: [220.55442259 225.34090786]
Minimum: 180.944689511036
Maximum: 284.59194475118056
Bin Edges: [180.94468951 181.98116206 183.01763462 184.05410717 185.09057972
 186.12705227 187.16352483 188.19999738 189.23646993 190.27294248
 191.30941504 192.34588759 193.38236014 194.41883269 195.45530524
 196.4917778  197.52825035 198.5647229  199.60119545 200.63766801
 201.67414056 202.71061311 203.74708566 204.78355822 205.82003077
 206.85650332 207.89297587 208.92944843 209.96592098 211.00239353
 212.03886608 213.07533864 214.11181119 215.14828374 216.18475629
 217.22122885 218.2577014  219.29417395 220.3306465  221.36711905
 222.40359161 223.44006416 224.47653671 225.51300926 226.54948182
 227.58595437 228.62242692 229.65889947 230.69537203 231.73184458
 232.76831713 233.80478968 234.84126224 235.87773479 236.91420734
 237.95067989 238.98715245 240.023625   241.06009755 242.0965701
 243.13304266 244.16951521 245.20598776 246.24246031 247.27893286
 248.31540542 249.35187797 250.38835052 251.42482307 252.46129563
 253.49776818 254.53424073 255.57071328 256.60718584 257.64365839
 258.68013094 259.71660349 260.75307605 261.7895486  262.82602115
 263.8624937  264.89896626 265.93543881 266.97191136 268.00838391
 269.04485647 270.08132902 271.11780157 272.15427412 273.19074667
 274.22721923 275.26369178 276.30016433 277.33663688 278.37310944
 279.40958199 280.44605454 281.48252709 282.51899965 283.5554722
 284.59194475]
Frequencies: [1.80000000e+01 1.19300000e+03 4.66400000e+03 1.61390000e+04
 4.63420000e+04 1.27817000e+05 3.72936000e+05 1.01944000e+06
 2.25609500e+06 4.17580700e+06 6.15296400e+06 8.02226900e+06
 9.55698200e+06 1.06313900e+07 1.15766000e+07 1.23502000e+07
 1.31421510e+07 1.38585300e+07 1.46451220e+07 1.52708490e+07
 1.59904990e+07 1.67657000e+07 1.75148250e+07 1.82567930e+07
 1.91811120e+07 2.02153630e+07 2.14598550e+07 2.31005660e+07
 2.51974680e+07 2.79489640e+07 3.15443300e+07 3.59805960e+07
 4.24525350e+07 5.32414210e+07 7.20756010e+07 1.03960943e+08
 1.58392617e+08 2.42253293e+08 3.57549507e+08 4.77942629e+08
 5.51989470e+08 5.50616743e+08 4.68241405e+08 3.39089224e+08
 2.23533005e+08 1.45214129e+08 9.90627530e+07 7.10578300e+07
 5.15954800e+07 3.55247610e+07 2.44452320e+07 1.85592530e+07
 1.50840250e+07 1.24239650e+07 8.75348900e+06 5.68720200e+06
 3.82237000e+06 2.84126700e+06 2.17182900e+06 1.70723100e+06
 1.31550200e+06 9.98859000e+05 7.77297000e+05 5.78525000e+05
 4.32933000e+05 3.26229000e+05 2.42177000e+05 1.79500000e+05
 1.36889000e+05 1.08308000e+05 8.40230000e+04 6.61150000e+04
 5.37630000e+04 4.22580000e+04 3.25060000e+04 2.41830000e+04
 1.86790000e+04 1.53070000e+04 1.26100000e+04 1.08680000e+04
 8.83700000e+03 7.33600000e+03 6.04500000e+03 5.67000000e+03
 4.81500000e+03 4.22600000e+03 3.62500000e+03 2.88100000e+03
 2.71100000e+03 2.20900000e+03 1.35400000e+03 9.86000000e+02
 9.23000000e+02 7.37000000e+02 6.73000000e+02 5.15000000e+02
 4.30000000e+02 3.45000000e+02 2.36000000e+02 1.27000000e+02]
