Standard Deviation: 7.625090381145487
Skewness: -0.028904313823632413
Kurtosis: 1.2685775581240915
Median: 0.03254068624467682
Mean: 0.003417198736280636
Deciles: [-4.45932389  4.49160582]
Minimum: -57.15973834523313
Maximum: 53.450789209500606
Bin Edges: [-57.15973835 -56.05363307 -54.94752779 -53.84142252 -52.73531724
 -51.62921197 -50.52310669 -49.41700142 -48.31089614 -47.20479087
 -46.09868559 -44.99258031 -43.88647504 -42.78036976 -41.67426449
 -40.56815921 -39.46205394 -38.35594866 -37.24984339 -36.14373811
 -35.03763283 -33.93152756 -32.82542228 -31.71931701 -30.61321173
 -29.50710646 -28.40100118 -27.29489591 -26.18879063 -25.08268535
 -23.97658008 -22.8704748  -21.76436953 -20.65826425 -19.55215898
 -18.4460537  -17.33994843 -16.23384315 -15.12773787 -14.0216326
 -12.91552732 -11.80942205 -10.70331677  -9.5972115   -8.49110622
  -7.38500095  -6.27889567  -5.17279039  -4.06668512  -2.96057984
  -1.85447457  -0.74836929   0.35773598   1.46384126   2.56994653
   3.67605181   4.78215709   5.88826236   6.99436764   8.10047291
   9.20657819  10.31268346  11.41878874  12.52489401  13.63099929
  14.73710457  15.84320984  16.94931512  18.05542039  19.16152567
  20.26763094  21.37373622  22.47984149  23.58594677  24.69205205
  25.79815732  26.9042626   28.01036787  29.11647315  30.22257842
  31.3286837   32.43478897  33.54089425  34.64699953  35.7531048
  36.85921008  37.96531535  39.07142063  40.1775259   41.28363118
  42.38973645  43.49584173  44.60194701  45.70805228  46.81415756
  47.92026283  49.02636811  50.13247338  51.23857866  52.34468393
  53.45078921]
Frequencies: [1.80000000e+01 5.20000000e+01 1.11000000e+02 2.54000000e+02
 7.49000000e+02 1.73200000e+03 2.52500000e+03 3.34900000e+03
 5.01400000e+03 8.51300000e+03 1.26970000e+04 1.90530000e+04
 2.83180000e+04 4.08220000e+04 5.89120000e+04 8.57140000e+04
 1.19936000e+05 1.59467000e+05 2.15326000e+05 2.84193000e+05
 3.75839000e+05 4.98182000e+05 6.55214000e+05 8.46824000e+05
 1.09584100e+06 1.42256500e+06 1.83652000e+06 2.36753300e+06
 3.05344400e+06 3.91010900e+06 5.01217700e+06 6.41943600e+06
 8.24721300e+06 1.05745900e+07 1.35516210e+07 1.72875950e+07
 2.19882000e+07 2.79138110e+07 3.52890300e+07 4.44858280e+07
 5.57490220e+07 6.94013360e+07 8.59717470e+07 1.05827373e+08
 1.29376818e+08 1.56620722e+08 1.86865038e+08 2.19205169e+08
 2.51466216e+08 2.80312712e+08 3.01857251e+08 3.12109174e+08
 3.08531371e+08 2.92127914e+08 2.66219147e+08 2.34855984e+08
 2.01597569e+08 1.69199812e+08 1.39805293e+08 1.14509494e+08
 9.30974800e+07 7.51030110e+07 6.03573740e+07 4.83032750e+07
 3.84403720e+07 3.04050180e+07 2.39110020e+07 1.86897170e+07
 1.45384630e+07 1.12680880e+07 8.72183600e+06 6.73467600e+06
 5.19296000e+06 3.99491400e+06 3.07409300e+06 2.35702400e+06
 1.81542800e+06 1.39982600e+06 1.06601100e+06 8.20870000e+05
 6.26745000e+05 4.71202000e+05 3.49408000e+05 2.59637000e+05
 1.91838000e+05 1.41393000e+05 1.04259000e+05 7.54030000e+04
 5.70890000e+04 4.19650000e+04 3.03240000e+04 2.10510000e+04
 1.49130000e+04 9.29600000e+03 5.65500000e+03 2.83600000e+03
 1.19000000e+03 5.08000000e+02 2.64000000e+02 9.70000000e+01]
