Standard Deviation: 11.55262981588736
Skewness: -0.8267074673870315
Kurtosis: -0.32401495326906504
Median: 246.81456779159993
Mean: 242.99835776741875
Deciles: [234.63122226 252.90959922]
Minimum: 197.66205617278365
Maximum: 269.7490295723086
Bin Edges: [197.66205617 198.38292591 199.10379564 199.82466537 200.54553511
 201.26640484 201.98727458 202.70814431 203.42901404 204.14988378
 204.87075351 205.59162325 206.31249298 207.03336271 207.75423245
 208.47510218 209.19597192 209.91684165 210.63771138 211.35858112
 212.07945085 212.80032059 213.52119032 214.24206005 214.96292979
 215.68379952 216.40466926 217.12553899 217.84640872 218.56727846
 219.28814819 220.00901793 220.72988766 221.45075739 222.17162713
 222.89249686 223.6133666  224.33423633 225.05510606 225.7759758
 226.49684553 227.21771527 227.938585   228.65945473 229.38032447
 230.1011942  230.82206394 231.54293367 232.2638034  232.98467314
 233.70554287 234.42641261 235.14728234 235.86815207 236.58902181
 237.30989154 238.03076128 238.75163101 239.47250074 240.19337048
 240.91424021 241.63510995 242.35597968 243.07684941 243.79771915
 244.51858888 245.23945862 245.96032835 246.68119808 247.40206782
 248.12293755 248.84380729 249.56467702 250.28554675 251.00641649
 251.72728622 252.44815596 253.16902569 253.88989542 254.61076516
 255.33163489 256.05250463 256.77337436 257.49424409 258.21511383
 258.93598356 259.6568533  260.37772303 261.09859276 261.8194625
 262.54033223 263.26120197 263.9820717  264.70294143 265.42381117
 266.1446809  266.86555064 267.58642037 268.3072901  269.02815984
 269.74902957]
Frequencies: [9.06000000e+02 3.20200000e+03 9.59400000e+03 2.62380000e+04
 6.59440000e+04 1.56548000e+05 3.26959000e+05 6.05145000e+05
 9.91920000e+05 1.44157000e+06 1.84721700e+06 2.20290800e+06
 2.50820900e+06 2.79763300e+06 3.06246100e+06 3.27435100e+06
 3.46486300e+06 3.68775900e+06 3.88977800e+06 4.20789100e+06
 4.69385400e+06 5.41901200e+06 6.52055300e+06 8.02546100e+06
 9.98208500e+06 1.23839170e+07 1.50701710e+07 1.78621830e+07
 2.07384320e+07 2.36343370e+07 2.66776830e+07 2.95537330e+07
 3.21768920e+07 3.47773760e+07 3.71849870e+07 3.94768930e+07
 4.16871620e+07 4.38036870e+07 4.59241650e+07 4.76260440e+07
 4.91804490e+07 5.04110150e+07 5.14398280e+07 5.21862620e+07
 5.27040600e+07 5.31404790e+07 5.35261690e+07 5.39560090e+07
 5.44527980e+07 5.49878150e+07 5.55750040e+07 5.63789260e+07
 5.71288680e+07 5.79534050e+07 5.89344800e+07 5.99593120e+07
 6.11570580e+07 6.25753250e+07 6.41039910e+07 6.56614040e+07
 6.72028470e+07 6.88711500e+07 7.06291020e+07 7.23925620e+07
 7.43132760e+07 7.66078800e+07 7.90924940e+07 8.25677400e+07
 8.69436710e+07 9.26529530e+07 1.00634676e+08 1.10943289e+08
 1.23181780e+08 1.39142959e+08 1.60878440e+08 1.91722311e+08
 2.35715674e+08 2.86882690e+08 3.02124495e+08 2.36231698e+08
 1.29371122e+08 5.28446700e+07 2.02736490e+07 8.96573800e+06
 4.34319200e+06 2.01338200e+06 8.51840000e+05 3.43221000e+05
 1.39193000e+05 5.98560000e+04 2.54300000e+04 1.01870000e+04
 4.52100000e+03 2.12100000e+03 1.12300000e+03 3.81000000e+02
 2.01000000e+02 5.10000000e+01 3.70000000e+01 1.80000000e+01]
