Standard Deviation: 14.147980150517531
Skewness: 0.00745091223086655
Kurtosis: 3.1699483722658943
Median: -0.094210895964652
Mean: -0.08925593944324484
Deciles: [-8.17658244  7.97841347]
Minimum: -168.28534733662468
Maximum: 163.69055223211737
Bin Edges: [-168.28534734 -164.96558834 -161.64582935 -158.32607035 -155.00631135
 -151.68655236 -148.36679336 -145.04703437 -141.72727537 -138.40751638
 -135.08775738 -131.76799838 -128.44823939 -125.12848039 -121.8087214
 -118.4889624  -115.16920341 -111.84944441 -108.52968541 -105.20992642
 -101.89016742  -98.57040843  -95.25064943  -91.93089044  -88.61113144
  -85.29137244  -81.97161345  -78.65185445  -75.33209546  -72.01233646
  -68.69257747  -65.37281847  -62.05305947  -58.73330048  -55.41354148
  -52.09378249  -48.77402349  -45.4542645   -42.1345055   -38.8147465
  -35.49498751  -32.17522851  -28.85546952  -25.53571052  -22.21595153
  -18.89619253  -15.57643354  -12.25667454   -8.93691554   -5.61715655
   -2.29739755    1.02236144    4.34212044    7.66187943   10.98163843
   14.30139743   17.62115642   20.94091542   24.26067441   27.58043341
   30.9001924    34.2199514    37.5397104    40.85946939   44.17922839
   47.49898738   50.81874638   54.13850537   57.45826437   60.77802337
   64.09778236   67.41754136   70.73730035   74.05705935   77.37681834
   80.69657734   84.01633634   87.33609533   90.65585433   93.97561332
   97.29537232  100.61513131  103.93489031  107.25464931  110.5744083
  113.8941673   117.21392629  120.53368529  123.85344428  127.17320328
  130.49296228  133.81272127  137.13248027  140.45223926  143.77199826
  147.09175725  150.41151625  153.73127525  157.05103424  160.37079324
  163.69055223]
Frequencies: [2.00000000e+01 3.40000000e+01 4.90000000e+01 6.80000000e+01
 8.60000000e+01 1.66000000e+02 4.60000000e+02 8.36000000e+02
 1.58200000e+03 2.56100000e+03 3.68900000e+03 4.90100000e+03
 6.49100000e+03 8.92500000e+03 1.23500000e+04 1.74060000e+04
 2.36990000e+04 3.25520000e+04 4.55070000e+04 6.02850000e+04
 7.88920000e+04 1.02824000e+05 1.34103000e+05 1.74416000e+05
 2.23914000e+05 2.86824000e+05 3.70774000e+05 4.68976000e+05
 5.95698000e+05 7.66577000e+05 9.83186000e+05 1.27253500e+06
 1.66198700e+06 2.18121300e+06 2.88521800e+06 3.86024900e+06
 5.23977100e+06 7.24251800e+06 1.02106420e+07 1.46746680e+07
 2.13706150e+07 3.15441100e+07 4.72551280e+07 7.13752540e+07
 1.07925625e+08 1.61390087e+08 2.33792056e+08 3.20814050e+08
 4.08478624e+08 4.76710509e+08 5.07723305e+08 4.92298267e+08
 4.34325158e+08 3.50017213e+08 2.60345107e+08 1.82094549e+08
 1.22890343e+08 8.17375340e+07 5.41685690e+07 3.61537730e+07
 2.44272030e+07 1.67471130e+07 1.16764250e+07 8.29613200e+06
 5.97600000e+06 4.35768300e+06 3.22987900e+06 2.42361700e+06
 1.83611900e+06 1.40318100e+06 1.07926300e+06 8.32342000e+05
 6.43591000e+05 4.99114000e+05 3.83814000e+05 2.96979000e+05
 2.31173000e+05 1.81655000e+05 1.42057000e+05 1.11962000e+05
 8.65830000e+04 6.80340000e+04 5.24240000e+04 4.01580000e+04
 3.02050000e+04 2.28690000e+04 1.70380000e+04 1.32120000e+04
 9.70300000e+03 7.08600000e+03 5.20800000e+03 3.44600000e+03
 2.35900000e+03 1.45300000e+03 9.65000000e+02 6.71000000e+02
 5.01000000e+02 1.73000000e+02 6.00000000e+01 2.20000000e+01]
