Standard Deviation: 6.117239901696351
Skewness: -0.6836178198801539
Kurtosis: 4.622142053856172
Median: 215.0325834314595
Mean: 215.43731123917314
Deciles: [213.06269527 217.9362398 ]
Minimum: 179.52211984290764
Maximum: 266.08316469804953
Bin Edges: [179.52211984 180.38773029 181.25334074 182.11895119 182.98456164
 183.85017209 184.71578253 185.58139298 186.44700343 187.31261388
 188.17822433 189.04383478 189.90944523 190.77505567 191.64066612
 192.50627657 193.37188702 194.23749747 195.10310792 195.96871837
 196.83432881 197.69993926 198.56554971 199.43116016 200.29677061
 201.16238106 202.02799151 202.89360195 203.7592124  204.62482285
 205.4904333  206.35604375 207.2216542  208.08726465 208.95287509
 209.81848554 210.68409599 211.54970644 212.41531689 213.28092734
 214.14653778 215.01214823 215.87775868 216.74336913 217.60897958
 218.47459003 219.34020048 220.20581092 221.07142137 221.93703182
 222.80264227 223.66825272 224.53386317 225.39947362 226.26508406
 227.13069451 227.99630496 228.86191541 229.72752586 230.59313631
 231.45874676 232.3243572  233.18996765 234.0555781  234.92118855
 235.786799   236.65240945 237.5180199  238.38363034 239.24924079
 240.11485124 240.98046169 241.84607214 242.71168259 243.57729304
 244.44290348 245.30851393 246.17412438 247.03973483 247.90534528
 248.77095573 249.63656618 250.50217662 251.36778707 252.23339752
 253.09900797 253.96461842 254.83022887 255.69583932 256.56144976
 257.42706021 258.29267066 259.15828111 260.02389156 260.88950201
 261.75511246 262.6207229  263.48633335 264.3519438  265.21755425
 266.0831647 ]
Frequencies: [5.33600000e+03 2.21150000e+04 5.32360000e+04 1.86489000e+05
 6.02638000e+05 1.29539100e+06 2.10064400e+06 2.93569000e+06
 3.56467700e+06 4.00131100e+06 4.41742900e+06 5.01289800e+06
 5.70430200e+06 6.31734900e+06 6.77913400e+06 7.27400800e+06
 7.75823900e+06 8.17683900e+06 8.56350800e+06 8.88247400e+06
 9.25389300e+06 9.70660500e+06 1.01824570e+07 1.07228270e+07
 1.12658150e+07 1.18589320e+07 1.24805740e+07 1.32006110e+07
 1.41333220e+07 1.53080740e+07 1.69560870e+07 1.96764960e+07
 2.45706340e+07 3.45605800e+07 5.49035040e+07 9.23988950e+07
 1.56630044e+08 2.57556509e+08 3.85651260e+08 4.93565136e+08
 5.20560904e+08 4.55986351e+08 3.50803752e+08 2.59581604e+08
 1.98425137e+08 1.60341571e+08 1.33718135e+08 1.13301771e+08
 9.71421380e+07 8.40356260e+07 7.23972410e+07 6.22779770e+07
 5.34120590e+07 4.58496080e+07 3.94847770e+07 3.28771780e+07
 2.62035990e+07 2.02600530e+07 1.61771690e+07 1.35414200e+07
 1.16955880e+07 9.99323000e+06 7.75628300e+06 5.28925100e+06
 3.45655600e+06 2.20641300e+06 1.54761800e+06 1.14584500e+06
 8.44883000e+05 6.35071000e+05 4.88069000e+05 3.73638000e+05
 2.81611000e+05 2.18620000e+05 1.63389000e+05 1.21673000e+05
 9.24380000e+04 6.89840000e+04 5.14390000e+04 3.96300000e+04
 3.06230000e+04 2.10060000e+04 1.27860000e+04 8.35900000e+03
 5.55600000e+03 3.83600000e+03 2.83400000e+03 2.42800000e+03
 2.04200000e+03 1.66600000e+03 1.49000000e+03 1.41700000e+03
 1.25400000e+03 1.03500000e+03 9.98000000e+02 8.14000000e+02
 6.41000000e+02 4.65000000e+02 3.48000000e+02 1.41000000e+02]
