Standard Deviation: 9.410451227598799
Skewness: 0.5276356004825273
Kurtosis: 0.1938378611821192
Median: -0.047493355967474754
Mean: 1.0203145479682674
Deciles: [-5.81845964  6.79047111]
Minimum: -62.31626020916583
Maximum: 57.69505767035349
Bin Edges: [-62.31626021 -61.11614703 -59.91603385 -58.71592067 -57.51580749
 -56.31569432 -55.11558114 -53.91546796 -52.71535478 -51.5152416
 -50.31512842 -49.11501524 -47.91490206 -46.71478888 -45.51467571
 -44.31456253 -43.11444935 -41.91433617 -40.71422299 -39.51410981
 -38.31399663 -37.11388345 -35.91377028 -34.7136571  -33.51354392
 -32.31343074 -31.11331756 -29.91320438 -28.7130912  -27.51297802
 -26.31286485 -25.11275167 -23.91263849 -22.71252531 -21.51241213
 -20.31229895 -19.11218577 -17.91207259 -16.71195941 -15.51184624
 -14.31173306 -13.11161988 -11.9115067  -10.71139352  -9.51128034
  -8.31116716  -7.11105398  -5.91094081  -4.71082763  -3.51071445
  -2.31060127  -1.11048809   0.08962509   1.28973827   2.48985145
   3.68996462   4.8900778    6.09019098   7.29030416   8.49041734
   9.69053052  10.8906437   12.09075688  13.29087005  14.49098323
  15.69109641  16.89120959  18.09132277  19.29143595  20.49154913
  21.69166231  22.89177549  24.09188866  25.29200184  26.49211502
  27.6922282   28.89234138  30.09245456  31.29256774  32.49268092
  33.69279409  34.89290727  36.09302045  37.29313363  38.49324681
  39.69335999  40.89347317  42.09358635  43.29369952  44.4938127
  45.69392588  46.89403906  48.09415224  49.29426542  50.4943786
  51.69449178  52.89460496  54.09471813  55.29483131  56.49494449
  57.69505767]
Frequencies: [7.00000000e+00 1.60000000e+01 1.40000000e+01 3.30000000e+01
 6.50000000e+01 9.00000000e+01 1.44000000e+02 2.50000000e+02
 4.53000000e+02 7.76000000e+02 1.25900000e+03 1.85100000e+03
 2.76200000e+03 4.17200000e+03 5.98100000e+03 8.68200000e+03
 1.18480000e+04 1.65080000e+04 2.29430000e+04 3.02110000e+04
 4.25210000e+04 5.78180000e+04 7.65350000e+04 1.03204000e+05
 1.40087000e+05 1.87817000e+05 2.51216000e+05 3.36761000e+05
 4.54266000e+05 6.08649000e+05 8.12481000e+05 1.10388700e+06
 1.54570100e+06 2.26351900e+06 3.49886800e+06 5.68654700e+06
 9.54584000e+06 1.61476860e+07 2.67266470e+07 4.22692790e+07
 6.36283000e+07 9.03750030e+07 1.20170868e+08 1.49277235e+08
 1.74831861e+08 1.95784045e+08 2.12310410e+08 2.25375134e+08
 2.34459769e+08 2.39665471e+08 2.41133135e+08 2.38621122e+08
 2.31615860e+08 2.20144409e+08 2.05109177e+08 1.88276846e+08
 1.71060335e+08 1.54452432e+08 1.38950325e+08 1.24941335e+08
 1.12226549e+08 1.00618780e+08 9.00477490e+07 8.03176070e+07
 7.11653460e+07 6.25290610e+07 5.43080210e+07 4.65797750e+07
 3.94688660e+07 3.28739430e+07 2.69416450e+07 2.17583250e+07
 1.73193230e+07 1.35583020e+07 1.04619440e+07 7.95256700e+06
 5.94095700e+06 4.38155400e+06 3.18662700e+06 2.28289300e+06
 1.62283500e+06 1.14034900e+06 7.95633000e+05 5.46470000e+05
 3.68545000e+05 2.42838000e+05 1.55668000e+05 9.80520000e+04
 5.99720000e+04 3.56940000e+04 2.10490000e+04 1.21810000e+04
 6.97100000e+03 3.90600000e+03 1.98700000e+03 9.36000000e+02
 3.41000000e+02 1.53000000e+02 8.20000000e+01 3.80000000e+01]
