Standard Deviation: 0.0011439355360010697
Skewness: 1.5929051857664118
Kurtosis: 1.8843644593464495
Median: 0.0005236031804575215
Mean: 0.0010075517601132098
Deciles: [0.00019763 0.00139994]
Minimum: 1e-12
Maximum: 0.009551415144430593
Bin Edges: [1.00000000e-12 9.55141524e-05 1.91028304e-04 2.86542455e-04
 3.82056607e-04 4.77570758e-04 5.73084910e-04 6.68599061e-04
 7.64113212e-04 8.59627364e-04 9.55141515e-04 1.05065567e-03
 1.14616982e-03 1.24168397e-03 1.33719812e-03 1.43271227e-03
 1.52822642e-03 1.62374058e-03 1.71925473e-03 1.81476888e-03
 1.91028303e-03 2.00579718e-03 2.10131133e-03 2.19682548e-03
 2.29233964e-03 2.38785379e-03 2.48336794e-03 2.57888209e-03
 2.67439624e-03 2.76991039e-03 2.86542454e-03 2.96093870e-03
 3.05645285e-03 3.15196700e-03 3.24748115e-03 3.34299530e-03
 3.43850945e-03 3.53402360e-03 3.62953776e-03 3.72505191e-03
 3.82056606e-03 3.91608021e-03 4.01159436e-03 4.10710851e-03
 4.20262266e-03 4.29813682e-03 4.39365097e-03 4.48916512e-03
 4.58467927e-03 4.68019342e-03 4.77570757e-03 4.87122172e-03
 4.96673588e-03 5.06225003e-03 5.15776418e-03 5.25327833e-03
 5.34879248e-03 5.44430663e-03 5.53982078e-03 5.63533494e-03
 5.73084909e-03 5.82636324e-03 5.92187739e-03 6.01739154e-03
 6.11290569e-03 6.20841984e-03 6.30393400e-03 6.39944815e-03
 6.49496230e-03 6.59047645e-03 6.68599060e-03 6.78150475e-03
 6.87701890e-03 6.97253306e-03 7.06804721e-03 7.16356136e-03
 7.25907551e-03 7.35458966e-03 7.45010381e-03 7.54561796e-03
 7.64113212e-03 7.73664627e-03 7.83216042e-03 7.92767457e-03
 8.02318872e-03 8.11870287e-03 8.21421702e-03 8.30973118e-03
 8.40524533e-03 8.50075948e-03 8.59627363e-03 8.69178778e-03
 8.78730193e-03 8.88281608e-03 8.97833024e-03 9.07384439e-03
 9.16935854e-03 9.26487269e-03 9.36038684e-03 9.45590099e-03
 9.55141514e-03]
Frequencies: [5.14196066e+08 5.86113769e+08 4.44617897e+08 3.41157425e+08
 2.71855074e+08 2.23006535e+08 1.86970095e+08 1.59745114e+08
 1.38494078e+08 1.21568689e+08 1.07776159e+08 9.64403750e+07
 8.70661200e+07 7.89832590e+07 7.18003590e+07 6.60204580e+07
 6.12308250e+07 5.69698810e+07 5.32326930e+07 4.99357350e+07
 4.70777590e+07 4.45286430e+07 4.22341980e+07 4.01754100e+07
 3.83411770e+07 3.66619830e+07 3.51512560e+07 3.37600650e+07
 3.24707570e+07 3.12761990e+07 3.01853950e+07 2.91330110e+07
 2.81383940e+07 2.71285270e+07 2.61023460e+07 2.50998670e+07
 2.41223190e+07 2.31258830e+07 2.21306810e+07 2.11423860e+07
 2.01686170e+07 1.91608730e+07 1.81393730e+07 1.70966530e+07
 1.60102760e+07 1.48553280e+07 1.36598720e+07 1.23788940e+07
 1.09766050e+07 9.47012900e+06 7.94168500e+06 6.41321300e+06
 5.00908800e+06 3.74089400e+06 2.73509700e+06 1.98738700e+06
 1.46260100e+06 1.10288400e+06 8.44563000e+05 6.47846000e+05
 5.02188000e+05 3.90631000e+05 3.03900000e+05 2.35125000e+05
 1.83294000e+05 1.40604000e+05 1.08415000e+05 8.23450000e+04
 6.24240000e+04 4.64390000e+04 3.56140000e+04 2.69560000e+04
 2.06170000e+04 1.55660000e+04 1.19370000e+04 9.69600000e+03
 8.07600000e+03 6.53000000e+03 5.20800000e+03 4.42900000e+03
 3.44800000e+03 2.66000000e+03 2.18000000e+03 1.69300000e+03
 1.22100000e+03 1.05000000e+03 7.76000000e+02 5.75000000e+02
 4.63000000e+02 3.63000000e+02 2.47000000e+02 1.71000000e+02
 1.12000000e+02 7.90000000e+01 1.00000000e+02 6.60000000e+01
 3.90000000e+01 9.00000000e+00 4.00000000e+00 1.00000000e+01]
