Standard Deviation: 13.46823554841644
Skewness: -0.2063220197385007
Kurtosis: 0.5691627875415675
Median: 235.41290337122155
Mean: 234.9439677958326
Deciles: [227.44147437 242.96899155]
Minimum: 157.5154091554899
Maximum: 305.1532018829236
Bin Edges: [157.51540916 158.99178708 160.46816501 161.94454294 163.42092086
 164.89729879 166.37367672 167.85005465 169.32643257 170.8028105
 172.27918843 173.75556636 175.23194428 176.70832221 178.18470014
 179.66107806 181.13745599 182.61383392 184.09021185 185.56658977
 187.0429677  188.51934563 189.99572356 191.47210148 192.94847941
 194.42485734 195.90123526 197.37761319 198.85399112 200.33036905
 201.80674697 203.2831249  204.75950283 206.23588076 207.71225868
 209.18863661 210.66501454 212.14139246 213.61777039 215.09414832
 216.57052625 218.04690417 219.5232821  220.99966003 222.47603796
 223.95241588 225.42879381 226.90517174 228.38154966 229.85792759
 231.33430552 232.81068345 234.28706137 235.7634393  237.23981723
 238.71619516 240.19257308 241.66895101 243.14532894 244.62170686
 246.09808479 247.57446272 249.05084065 250.52721857 252.0035965
 253.47997443 254.95635236 256.43273028 257.90910821 259.38548614
 260.86186406 262.33824199 263.81461992 265.29099785 266.76737577
 268.2437537  269.72013163 271.19650956 272.67288748 274.14926541
 275.62564334 277.10202126 278.57839919 280.05477712 281.53115505
 283.00753297 284.4839109  285.96028883 287.43666676 288.91304468
 290.38942261 291.86580054 293.34217846 294.81855639 296.29493432
 297.77131225 299.24769017 300.7240681  302.20044603 303.67682396
 305.15320188]
Frequencies: [6.80000000e+01 2.19000000e+02 3.10000000e+02 4.16000000e+02
 6.23000000e+02 9.02000000e+02 1.50000000e+03 2.35800000e+03
 3.78300000e+03 6.11100000e+03 9.47900000e+03 1.42910000e+04
 2.12300000e+04 3.12250000e+04 4.70960000e+04 7.25570000e+04
 1.10317000e+05 1.71580000e+05 2.71780000e+05 4.33614000e+05
 7.01029000e+05 1.13225000e+06 1.80603000e+06 2.82991200e+06
 4.30911100e+06 6.29365000e+06 8.81941200e+06 1.17921180e+07
 1.49862160e+07 1.80767020e+07 2.09802450e+07 2.35527540e+07
 2.56974340e+07 2.77248170e+07 2.98184700e+07 3.22250110e+07
 3.51477480e+07 3.88846610e+07 4.37411330e+07 4.99430910e+07
 5.77765080e+07 6.74537830e+07 7.91701940e+07 9.29169180e+07
 1.08625535e+08 1.26318031e+08 1.45541530e+08 1.65625472e+08
 1.85633509e+08 2.04543954e+08 2.20797181e+08 2.33338653e+08
 2.40674341e+08 2.41808248e+08 2.36543729e+08 2.24988410e+08
 2.08129210e+08 1.87576084e+08 1.65061408e+08 1.42525819e+08
 1.21281623e+08 1.02628357e+08 8.69883080e+07 7.43016160e+07
 6.41597310e+07 5.59395980e+07 4.92199910e+07 4.34827270e+07
 3.82906830e+07 3.34365070e+07 2.88276250e+07 2.44422130e+07
 2.02940690e+07 1.64695800e+07 1.30331710e+07 1.00354440e+07
 7.48680300e+06 5.41851400e+06 3.80828500e+06 2.58308100e+06
 1.69787200e+06 1.08251500e+06 6.69008000e+05 3.96249000e+05
 2.29090000e+05 1.27115000e+05 6.97820000e+04 3.74300000e+04
 1.84560000e+04 8.80700000e+03 4.04600000e+03 2.08800000e+03
 1.23700000e+03 8.13000000e+02 6.37000000e+02 4.87000000e+02
 3.79000000e+02 1.58000000e+02 9.70000000e+01 3.80000000e+01]
