Standard Deviation: 6.701348705284139
Skewness: 0.8997529751596907
Kurtosis: 0.4082584279431094
Median: 208.18162195985025
Mean: 210.61105942812694
Deciles: [206.08146891 214.25237048]
Minimum: 179.63658015094822
Maximum: 237.7959994811208
Bin Edges: [179.63658015 180.21817434 180.79976854 181.38136273 181.96295692
 182.54455112 183.12614531 183.7077395  184.2893337  184.87092789
 185.45252208 186.03411628 186.61571047 187.19730466 187.77889886
 188.36049305 188.94208724 189.52368144 190.10527563 190.68686982
 191.26846402 191.85005821 192.4316524  193.0132466  193.59484079
 194.17643498 194.75802918 195.33962337 195.92121756 196.50281176
 197.08440595 197.66600014 198.24759434 198.82918853 199.41078272
 199.99237692 200.57397111 201.1555653  201.7371595  202.31875369
 202.90034788 203.48194208 204.06353627 204.64513046 205.22672466
 205.80831885 206.38991304 206.97150724 207.55310143 208.13469562
 208.71628982 209.29788401 209.8794782  210.4610724  211.04266659
 211.62426078 212.20585498 212.78744917 213.36904336 213.95063756
 214.53223175 215.11382594 215.69542014 216.27701433 216.85860852
 217.44020272 218.02179691 218.6033911  219.1849853  219.76657949
 220.34817368 220.92976788 221.51136207 222.09295626 222.67455046
 223.25614465 223.83773884 224.41933304 225.00092723 225.58252142
 226.16411562 226.74570981 227.327304   227.90889819 228.49049239
 229.07208658 229.65368077 230.23527497 230.81686916 231.39846335
 231.98005755 232.56165174 233.14324593 233.72484013 234.30643432
 234.88802851 235.46962271 236.0512169  236.63281109 237.21440529
 237.79599948]
Frequencies: [7.60000000e+01 2.96000000e+02 1.30400000e+03 2.28100000e+03
 3.67100000e+03 5.88500000e+03 1.23370000e+04 1.94470000e+04
 3.03110000e+04 4.93120000e+04 7.23550000e+04 1.00869000e+05
 1.37438000e+05 1.81418000e+05 2.32284000e+05 2.99704000e+05
 4.03764000e+05 5.44453000e+05 7.15659000e+05 9.33578000e+05
 1.20013200e+06 1.52388900e+06 1.94174800e+06 2.38873200e+06
 2.88466100e+06 3.34657200e+06 3.86935300e+06 4.40079700e+06
 4.89895900e+06 5.43285800e+06 6.00060700e+06 6.67420200e+06
 7.47267100e+06 8.53858100e+06 1.00070270e+07 1.20418610e+07
 1.48528220e+07 1.87244400e+07 2.43394540e+07 3.30671200e+07
 4.82309430e+07 7.67151100e+07 1.30027098e+08 2.16157054e+08
 3.14310013e+08 3.74555266e+08 3.65701684e+08 3.08236646e+08
 2.42320269e+08 1.88975369e+08 1.52872692e+08 1.30082556e+08
 1.15009723e+08 1.04206564e+08 9.60862940e+07 8.95734580e+07
 8.41584100e+07 7.92454290e+07 7.48068650e+07 7.09272300e+07
 6.74802850e+07 6.44805910e+07 6.19021370e+07 5.95028650e+07
 5.74111970e+07 5.54719300e+07 5.36232810e+07 5.18790820e+07
 5.01473740e+07 4.83919970e+07 4.67394350e+07 4.51267400e+07
 4.35412700e+07 4.18607330e+07 4.01755290e+07 3.84474580e+07
 3.65660290e+07 3.46624160e+07 3.26429290e+07 3.04095400e+07
 2.79397570e+07 2.50768190e+07 2.20063990e+07 1.86949630e+07
 1.49977200e+07 1.12807710e+07 8.03164200e+06 5.37999000e+06
 3.36932500e+06 2.02836200e+06 1.14565000e+06 6.12109000e+05
 3.17759000e+05 1.58043000e+05 7.15150000e+04 3.30070000e+04
 1.52020000e+04 6.85200000e+03 2.98700000e+03 7.09000000e+02]
