Standard Deviation: 6.178490284740844
Skewness: 0.0471721166051363
Kurtosis: 2.0993802377266766
Median: -0.04785366398515306
Mean: -0.029225278845729057
Deciles: [-3.34418059  3.23591193]
Minimum: -62.92407054620577
Maximum: 72.02995369695951
Bin Edges: [-62.92407055 -61.5745303  -60.22499006 -58.87544982 -57.52590958
 -56.17636933 -54.82682909 -53.47728885 -52.12774861 -50.77820836
 -49.42866812 -48.07912788 -46.72958764 -45.38004739 -44.03050715
 -42.68096691 -41.33142667 -39.98188642 -38.63234618 -37.28280594
 -35.9332657  -34.58372546 -33.23418521 -31.88464497 -30.53510473
 -29.18556449 -27.83602424 -26.486484   -25.13694376 -23.78740352
 -22.43786327 -21.08832303 -19.73878279 -18.38924255 -17.0397023
 -15.69016206 -14.34062182 -12.99108158 -11.64154133 -10.29200109
  -8.94246085  -7.59292061  -6.24338036  -4.89384012  -3.54429988
  -2.19475964  -0.84521939   0.50432085   1.85386109   3.20340133
   4.55294158   5.90248182   7.25202206   8.6015623    9.95110255
  11.30064279  12.65018303  13.99972327  15.34926351  16.69880376
  18.048344    19.39788424  20.74742448  22.09696473  23.44650497
  24.79604521  26.14558545  27.4951257   28.84466594  30.19420618
  31.54374642  32.89328667  34.24282691  35.59236715  36.94190739
  38.29144764  39.64098788  40.99052812  42.34006836  43.68960861
  45.03914885  46.38868909  47.73822933  49.08776958  50.43730982
  51.78685006  53.1363903   54.48593055  55.83547079  57.18501103
  58.53455127  59.88409152  61.23363176  62.583172    63.93271224
  65.28225248  66.63179273  67.98133297  69.33087321  70.68041345
  72.0299537 ]
Frequencies: [6.00000000e+00 1.70000000e+01 2.30000000e+01 3.30000000e+01
 4.10000000e+01 6.50000000e+01 1.05000000e+02 1.76000000e+02
 3.32000000e+02 5.46000000e+02 8.82000000e+02 1.48800000e+03
 2.52100000e+03 3.96900000e+03 6.04400000e+03 9.27400000e+03
 1.37300000e+04 2.17320000e+04 3.36200000e+04 5.25250000e+04
 8.12330000e+04 1.25737000e+05 1.92340000e+05 2.92059000e+05
 4.39964000e+05 6.56198000e+05 9.69515000e+05 1.42118900e+06
 2.06263900e+06 2.97430700e+06 4.26782200e+06 6.08447500e+06
 8.59348800e+06 1.20657830e+07 1.68261560e+07 2.32838120e+07
 3.21016880e+07 4.40043900e+07 6.02924940e+07 8.25757890e+07
 1.13531915e+08 1.56779833e+08 2.16793436e+08 2.96793897e+08
 3.92718147e+08 4.83403421e+08 5.27845925e+08 4.98350782e+08
 4.11575028e+08 3.10439818e+08 2.25327101e+08 1.62665512e+08
 1.18780396e+08 8.74889600e+07 6.49062200e+07 4.81332690e+07
 3.55501720e+07 2.59919980e+07 1.88141250e+07 1.34944940e+07
 9.60056500e+06 6.77757400e+06 4.76976300e+06 3.33780500e+06
 2.32422700e+06 1.62202200e+06 1.13866900e+06 8.01865000e+05
 5.67125000e+05 4.02269000e+05 2.85635000e+05 2.03709000e+05
 1.45143000e+05 1.03459000e+05 7.42990000e+04 5.44610000e+04
 3.88890000e+04 2.78590000e+04 1.93710000e+04 1.37880000e+04
 9.65800000e+03 6.65700000e+03 4.81000000e+03 3.39500000e+03
 2.30300000e+03 1.65600000e+03 1.25300000e+03 9.50000000e+02
 6.45000000e+02 5.14000000e+02 3.34000000e+02 2.45000000e+02
 1.69000000e+02 8.30000000e+01 6.30000000e+01 4.70000000e+01
 3.10000000e+01 1.70000000e+01 1.30000000e+01 4.00000000e+00]
