Standard Deviation: 7.714686373697627
Skewness: 0.5346093509696256
Kurtosis: 0.18004240308745256
Median: -0.9513203011956402
Mean: -0.029802033995191164
Deciles: [-5.76636449  4.72192651]
Minimum: -53.892533869574045
Maximum: 47.75681998676123
Bin Edges: [-5.38925339e+01 -5.28760403e+01 -5.18595468e+01 -5.08430533e+01
 -4.98265597e+01 -4.88100662e+01 -4.77935726e+01 -4.67770791e+01
 -4.57605856e+01 -4.47440920e+01 -4.37275985e+01 -4.27111049e+01
 -4.16946114e+01 -4.06781179e+01 -3.96616243e+01 -3.86451308e+01
 -3.76286373e+01 -3.66121437e+01 -3.55956502e+01 -3.45791566e+01
 -3.35626631e+01 -3.25461696e+01 -3.15296760e+01 -3.05131825e+01
 -2.94966889e+01 -2.84801954e+01 -2.74637019e+01 -2.64472083e+01
 -2.54307148e+01 -2.44142213e+01 -2.33977277e+01 -2.23812342e+01
 -2.13647406e+01 -2.03482471e+01 -1.93317536e+01 -1.83152600e+01
 -1.72987665e+01 -1.62822729e+01 -1.52657794e+01 -1.42492859e+01
 -1.32327923e+01 -1.22162988e+01 -1.11998052e+01 -1.01833117e+01
 -9.16681817e+00 -8.15032463e+00 -7.13383110e+00 -6.11733756e+00
 -5.10084402e+00 -4.08435048e+00 -3.06785694e+00 -2.05136340e+00
 -1.03486986e+00 -1.83763257e-02  9.98117213e-01  2.01461075e+00
  3.03110429e+00  4.04759783e+00  5.06409137e+00  6.08058491e+00
  7.09707844e+00  8.11357198e+00  9.13006552e+00  1.01465591e+01
  1.11630526e+01  1.21795461e+01  1.31960397e+01  1.42125332e+01
  1.52290268e+01  1.62455203e+01  1.72620138e+01  1.82785074e+01
  1.92950009e+01  2.03114944e+01  2.13279880e+01  2.23444815e+01
  2.33609751e+01  2.43774686e+01  2.53939621e+01  2.64104557e+01
  2.74269492e+01  2.84434428e+01  2.94599363e+01  3.04764298e+01
  3.14929234e+01  3.25094169e+01  3.35259104e+01  3.45424040e+01
  3.55588975e+01  3.65753911e+01  3.75918846e+01  3.86083781e+01
  3.96248717e+01  4.06413652e+01  4.16578588e+01  4.26743523e+01
  4.36908458e+01  4.47073394e+01  4.57238329e+01  4.67403264e+01
  4.77568200e+01]
Frequencies: [1.70000000e+01 1.10000000e+01 1.40000000e+01 2.00000000e+01
 5.30000000e+01 6.30000000e+01 1.09000000e+02 1.18000000e+02
 2.97000000e+02 5.17000000e+02 9.56000000e+02 1.29900000e+03
 1.93000000e+03 2.62100000e+03 4.08000000e+03 6.07200000e+03
 9.39400000e+03 1.29860000e+04 1.87400000e+04 2.76240000e+04
 3.88630000e+04 5.57900000e+04 7.84360000e+04 1.10526000e+05
 1.54768000e+05 2.16184000e+05 2.95327000e+05 4.10198000e+05
 5.58255000e+05 7.48940000e+05 9.90839000e+05 1.30968000e+06
 1.73649600e+06 2.28687900e+06 3.03313500e+06 4.10076500e+06
 5.81481100e+06 8.87462700e+06 1.45728040e+07 2.48211500e+07
 4.21226650e+07 6.84744470e+07 1.04179150e+08 1.45115799e+08
 1.82592929e+08 2.10507734e+08 2.29529652e+08 2.41769821e+08
 2.46705974e+08 2.44578697e+08 2.37493123e+08 2.28811094e+08
 2.20155929e+08 2.13431281e+08 2.08020466e+08 2.01370130e+08
 1.91531422e+08 1.76694513e+08 1.56873396e+08 1.34432563e+08
 1.13513723e+08 9.65467210e+07 8.38055760e+07 7.43183390e+07
 6.67849140e+07 6.01727390e+07 5.38363940e+07 4.74633950e+07
 4.09310980e+07 3.45129190e+07 2.83926200e+07 2.27859790e+07
 1.77349940e+07 1.34177080e+07 9.92024000e+06 7.17165000e+06
 5.06242300e+06 3.47819000e+06 2.34354000e+06 1.54374100e+06
 1.00371800e+06 6.39249000e+05 4.11207000e+05 2.64061000e+05
 1.68506000e+05 1.06567000e+05 6.65380000e+04 4.11310000e+04
 2.52610000e+04 1.47070000e+04 8.59500000e+03 5.22800000e+03
 2.94600000e+03 1.63700000e+03 7.84000000e+02 4.33000000e+02
 2.07000000e+02 7.70000000e+01 4.80000000e+01 1.80000000e+01]
