Standard Deviation: 0.003710618835440927
Skewness: 0.5015590421298625
Kurtosis: -0.9551328421683425
Median: 0.004217908878147474
Mean: 0.005081201274344145
Deciles: [0.00184473 0.00809104]
Minimum: 1e-12
Maximum: 0.0201633008104276
Bin Edges: [1.00000000e-12 2.01633009e-04 4.03266017e-04 6.04899025e-04
 8.06532033e-04 1.00816504e-03 1.20979805e-03 1.41143106e-03
 1.61306407e-03 1.81469707e-03 2.01633008e-03 2.21796309e-03
 2.41959610e-03 2.62122911e-03 2.82286211e-03 3.02449512e-03
 3.22612813e-03 3.42776114e-03 3.62939415e-03 3.83102715e-03
 4.03266016e-03 4.23429317e-03 4.43592618e-03 4.63755919e-03
 4.83919220e-03 5.04082520e-03 5.24245821e-03 5.44409122e-03
 5.64572423e-03 5.84735724e-03 6.04899024e-03 6.25062325e-03
 6.45225626e-03 6.65388927e-03 6.85552228e-03 7.05715528e-03
 7.25878829e-03 7.46042130e-03 7.66205431e-03 7.86368732e-03
 8.06532032e-03 8.26695333e-03 8.46858634e-03 8.67021935e-03
 8.87185236e-03 9.07348537e-03 9.27511837e-03 9.47675138e-03
 9.67838439e-03 9.88001740e-03 1.00816504e-02 1.02832834e-02
 1.04849164e-02 1.06865494e-02 1.08881824e-02 1.10898154e-02
 1.12914485e-02 1.14930815e-02 1.16947145e-02 1.18963475e-02
 1.20979805e-02 1.22996135e-02 1.25012465e-02 1.27028795e-02
 1.29045125e-02 1.31061455e-02 1.33077785e-02 1.35094115e-02
 1.37110446e-02 1.39126776e-02 1.41143106e-02 1.43159436e-02
 1.45175766e-02 1.47192096e-02 1.49208426e-02 1.51224756e-02
 1.53241086e-02 1.55257416e-02 1.57273746e-02 1.59290076e-02
 1.61306406e-02 1.63322737e-02 1.65339067e-02 1.67355397e-02
 1.69371727e-02 1.71388057e-02 1.73404387e-02 1.75420717e-02
 1.77437047e-02 1.79453377e-02 1.81469707e-02 1.83486037e-02
 1.85502367e-02 1.87518698e-02 1.89535028e-02 1.91551358e-02
 1.93567688e-02 1.95584018e-02 1.97600348e-02 1.99616678e-02
 2.01633008e-02]
Frequencies: [9.10460950e+07 1.27728887e+08 1.36892418e+08 1.34970931e+08
 1.31371870e+08 1.28295707e+08 1.25590618e+08 1.22616613e+08
 1.19331931e+08 1.15483629e+08 1.11751120e+08 1.08037849e+08
 1.04545448e+08 1.01155021e+08 9.78139330e+07 9.43768230e+07
 9.12380950e+07 8.81740500e+07 8.52171750e+07 8.21951460e+07
 7.90629890e+07 7.58491520e+07 7.27194440e+07 6.96577560e+07
 6.67798490e+07 6.41782970e+07 6.18873730e+07 5.99005240e+07
 5.82365000e+07 5.68544440e+07 5.57913350e+07 5.49466470e+07
 5.42732010e+07 5.38135700e+07 5.33936560e+07 5.30542260e+07
 5.28981820e+07 5.28502050e+07 5.26998110e+07 5.25243740e+07
 5.22961890e+07 5.20468620e+07 5.17121780e+07 5.14565090e+07
 5.11836440e+07 5.09256410e+07 5.06554650e+07 5.04817950e+07
 5.03519800e+07 5.01568030e+07 4.99938110e+07 4.98372240e+07
 4.96531600e+07 4.94134490e+07 4.90769610e+07 4.84948080e+07
 4.75148490e+07 4.59584080e+07 4.36148940e+07 4.03563330e+07
 3.60979890e+07 3.09417570e+07 2.52245240e+07 1.94472010e+07
 1.41513630e+07 9.81051300e+06 6.53446700e+06 4.28092800e+06
 2.85531700e+06 1.97828400e+06 1.42848500e+06 1.06600800e+06
 8.01321000e+05 6.04696000e+05 4.52735000e+05 3.30537000e+05
 2.40646000e+05 1.72273000e+05 1.22567000e+05 8.51700000e+04
 5.82450000e+04 3.85190000e+04 2.49710000e+04 1.63110000e+04
 1.06430000e+04 7.14800000e+03 4.69700000e+03 3.07600000e+03
 2.28000000e+03 1.84100000e+03 1.29200000e+03 8.66000000e+02
 6.60000000e+02 5.31000000e+02 1.75000000e+02 6.90000000e+01
 1.10000000e+01 1.00000000e+01 8.00000000e+00 9.00000000e+00]
