Standard Deviation: 5.390223336283142
Skewness: 0.07262054001029528
Kurtosis: 1.8970241371751957
Median: 213.03528488374917
Mean: 213.41942565483996
Deciles: [211.15062553 215.47272739]
Minimum: 182.94630000672066
Maximum: 239.9157194644253
Bin Edges: [182.94630001 183.5159942  184.0856884  184.65538259 185.22507679
 185.79477098 186.36446517 186.93415937 187.50385356 188.07354776
 188.64324195 189.21293615 189.78263034 190.35232454 190.92201873
 191.49171293 192.06140712 192.63110131 193.20079551 193.7704897
 194.3401839  194.90987809 195.47957229 196.04926648 196.61896068
 197.18865487 197.75834907 198.32804326 198.89773745 199.46743165
 200.03712584 200.60682004 201.17651423 201.74620843 202.31590262
 202.88559682 203.45529101 204.02498521 204.5946794  205.1643736
 205.73406779 206.30376198 206.87345618 207.44315037 208.01284457
 208.58253876 209.15223296 209.72192715 210.29162135 210.86131554
 211.43100974 212.00070393 212.57039812 213.14009232 213.70978651
 214.27948071 214.8491749  215.4188691  215.98856329 216.55825749
 217.12795168 217.69764588 218.26734007 218.83703427 219.40672846
 219.97642265 220.54611685 221.11581104 221.68550524 222.25519943
 222.82489363 223.39458782 223.96428202 224.53397621 225.10367041
 225.6733646  226.24305879 226.81275299 227.38244718 227.95214138
 228.52183557 229.09152977 229.66122396 230.23091816 230.80061235
 231.37030655 231.94000074 232.50969493 233.07938913 233.64908332
 234.21877752 234.78847171 235.35816591 235.9278601  236.4975543
 237.06724849 237.63694269 238.20663688 238.77633108 239.34602527
 239.91571946]
Frequencies: [8.00000000e+01 2.11000000e+02 1.14800000e+03 5.98900000e+03
 1.65910000e+04 3.08840000e+04 4.91580000e+04 7.98270000e+04
 1.28182000e+05 1.98374000e+05 2.87557000e+05 4.00478000e+05
 5.53391000e+05 7.20794000e+05 9.35400000e+05 1.20501000e+06
 1.54568800e+06 1.94337800e+06 2.39017200e+06 2.87895500e+06
 3.41011600e+06 3.96840600e+06 4.54381000e+06 5.11143900e+06
 5.67353700e+06 6.25337800e+06 6.90310700e+06 7.61811200e+06
 8.46758400e+06 9.47096200e+06 1.07499960e+07 1.22549970e+07
 1.40459790e+07 1.60690900e+07 1.84024560e+07 2.11360250e+07
 2.42809600e+07 2.79909760e+07 3.22917470e+07 3.71389170e+07
 4.27980210e+07 4.91535770e+07 5.63784310e+07 6.45761490e+07
 7.40072430e+07 8.50588620e+07 9.92459630e+07 1.20078933e+08
 1.55035258e+08 2.14915828e+08 3.00358529e+08 3.82063729e+08
 4.12665070e+08 3.74363711e+08 2.95261821e+08 2.17355812e+08
 1.60370581e+08 1.25002031e+08 1.03537084e+08 8.95002300e+07
 7.95685540e+07 7.19841300e+07 6.59506450e+07 6.08031300e+07
 5.61759380e+07 5.18581090e+07 4.76721930e+07 4.38346790e+07
 4.03971040e+07 3.72267700e+07 3.44488860e+07 3.20504140e+07
 2.97766190e+07 2.74727400e+07 2.51950580e+07 2.29662350e+07
 2.06298440e+07 1.80983740e+07 1.54205360e+07 1.27059810e+07
 1.01344410e+07 7.84693200e+06 5.88522300e+06 4.23532600e+06
 2.91357500e+06 1.94524600e+06 1.27391300e+06 7.90319000e+05
 4.66419000e+05 2.68053000e+05 1.52475000e+05 7.65740000e+04
 4.00540000e+04 2.17560000e+04 1.02190000e+04 4.41100000e+03
 2.22200000e+03 8.99000000e+02 2.13000000e+02 6.70000000e+01]
