Standard Deviation: 13.516310960103388
Skewness: 0.049136934059823015
Kurtosis: 1.536892952030449
Median: -0.15181631339874285
Mean: -0.08585255435044008
Deciles: [-7.62203684  7.34471163]
Minimum: -78.43062504709923
Maximum: 93.44100277926032
Bin Edges: [-78.43062505 -76.71190877 -74.99319249 -73.27447621 -71.55575993
 -69.83704366 -68.11832738 -66.3996111  -64.68089482 -62.96217854
 -61.24346226 -59.52474599 -57.80602971 -56.08731343 -54.36859715
 -52.64988087 -50.93116459 -49.21244832 -47.49373204 -45.77501576
 -44.05629948 -42.3375832  -40.61886693 -38.90015065 -37.18143437
 -35.46271809 -33.74400181 -32.02528553 -30.30656926 -28.58785298
 -26.8691367  -25.15042042 -23.43170414 -21.71298786 -19.99427159
 -18.27555531 -16.55683903 -14.83812275 -13.11940647 -11.40069019
  -9.68197392  -7.96325764  -6.24454136  -4.52582508  -2.8071088
  -1.08839253   0.63032375   2.34904003   4.06775631   5.78647259
   7.50518887   9.22390514  10.94262142  12.6613377   14.38005398
  16.09877026  17.81748654  19.53620281  21.25491909  22.97363537
  24.69235165  26.41106793  28.12978421  29.84850048  31.56721676
  33.28593304  35.00464932  36.7233656   38.44208187  40.16079815
  41.87951443  43.59823071  45.31694699  47.03566327  48.75437954
  50.47309582  52.1918121   53.91052838  55.62924466  57.34796094
  59.06667721  60.78539349  62.50410977  64.22282605  65.94154233
  67.66025861  69.37897488  71.09769116  72.81640744  74.53512372
  76.25384     77.97255627  79.69127255  81.40998883  83.12870511
  84.84742139  86.56613767  88.28485394  90.00357022  91.7222865
  93.44100278]
Frequencies: [1.20000000e+01 2.63000000e+02 1.00000000e+03 2.68900000e+03
 5.90000000e+03 1.36940000e+04 2.85930000e+04 5.62490000e+04
 9.94420000e+04 1.60444000e+05 2.49239000e+05 3.86114000e+05
 5.85595000e+05 8.52759000e+05 1.17552500e+06 1.55433400e+06
 2.02960900e+06 2.23422400e+06 2.74383600e+06 3.39134900e+06
 4.17808900e+06 5.13645700e+06 6.28127600e+06 7.66410700e+06
 9.30266300e+06 1.12753300e+07 1.36401930e+07 1.64666680e+07
 1.98527840e+07 2.39430040e+07 2.88978880e+07 3.48741620e+07
 4.21286400e+07 5.08725520e+07 6.15269170e+07 7.44258940e+07
 8.98679140e+07 1.08520053e+08 1.30609764e+08 1.55986030e+08
 1.84180147e+08 2.13962610e+08 2.43336537e+08 2.69376532e+08
 2.87901286e+08 2.95170533e+08 2.88859320e+08 2.70723375e+08
 2.44938368e+08 2.15224273e+08 1.84794109e+08 1.56260207e+08
 1.30880372e+08 1.09013441e+08 9.05915370e+07 7.53248570e+07
 6.27125160e+07 5.23167030e+07 4.36164600e+07 3.63579940e+07
 3.03116070e+07 2.52774040e+07 2.10615620e+07 1.75615480e+07
 1.46408660e+07 1.21821500e+07 1.01150720e+07 8.36752600e+06
 6.88877800e+06 5.63964600e+06 4.59934200e+06 3.75195500e+06
 3.04136000e+06 2.45420100e+06 1.96846100e+06 1.57147400e+06
 1.24312800e+06 9.79326000e+05 7.56539000e+05 5.83300000e+05
 4.45040000e+05 3.35551000e+05 2.48678000e+05 1.80044000e+05
 1.29436000e+05 9.12340000e+04 6.48380000e+04 4.47650000e+04
 2.99850000e+04 2.00810000e+04 1.33450000e+04 8.83500000e+03
 5.95100000e+03 3.79600000e+03 2.29700000e+03 1.33100000e+03
 6.72000000e+02 2.87000000e+02 1.18000000e+02 3.90000000e+01]
