Standard Deviation: 14.931636635774156
Skewness: 0.6868020791335367
Kurtosis: 0.311550655863817
Median: 6.946896092084739
Mean: 9.27513375042754
Deciles: [-2.00184451 18.60370236]
Minimum: -56.2913676598266
Maximum: 105.21238051614333
Bin Edges: [-56.29136766 -54.67633018 -53.0612927  -51.44625521 -49.83121773
 -48.21618025 -46.60114277 -44.98610529 -43.37106781 -41.75603032
 -40.14099284 -38.52595536 -36.91091788 -35.2958804  -33.68084292
 -32.06580543 -30.45076795 -28.83573047 -27.22069299 -25.60565551
 -23.99061802 -22.37558054 -20.76054306 -19.14550558 -17.5304681
 -15.91543062 -14.30039313 -12.68535565 -11.07031817  -9.45528069
  -7.84024321  -6.22520573  -4.61016824  -2.99513076  -1.38009328
   0.2349442    1.84998168   3.46501917   5.08005665   6.69509413
   8.31013161   9.92516909  11.54020657  13.15524406  14.77028154
  16.38531902  18.0003565   19.61539398  21.23043146  22.84546895
  24.46050643  26.07554391  27.69058139  29.30561887  30.92065636
  32.53569384  34.15073132  35.7657688   37.38080628  38.99584376
  40.61088125  42.22591873  43.84095621  45.45599369  47.07103117
  48.68606865  50.30110614  51.91614362  53.5311811   55.14621858
  56.76125606  58.37629355  59.99133103  61.60636851  63.22140599
  64.83644347  66.45148095  68.06651844  69.68155592  71.2965934
  72.91163088  74.52666836  76.14170584  77.75674333  79.37178081
  80.98681829  82.60185577  84.21689325  85.83193074  87.44696822
  89.0620057   90.67704318  92.29208066  93.90711814  95.52215563
  97.13719311  98.75223059 100.36726807 101.98230555 103.59734303
 105.21238052]
Frequencies: [3.00000000e+01 1.87000000e+02 3.91000000e+02 9.62000000e+02
 1.74200000e+03 3.44900000e+03 6.41000000e+03 1.19210000e+04
 1.94870000e+04 2.97570000e+04 4.55540000e+04 6.97150000e+04
 1.03274000e+05 1.52629000e+05 2.21488000e+05 3.33100000e+05
 5.03432000e+05 7.77487000e+05 1.21252100e+06 1.91173500e+06
 3.03904000e+06 4.85678500e+06 7.84421800e+06 1.27246710e+07
 2.05155030e+07 3.26405930e+07 5.04872440e+07 7.44890890e+07
 1.03779980e+08 1.35196641e+08 1.64523163e+08 1.87456413e+08
 2.02904278e+08 2.11353677e+08 2.13615301e+08 2.11430702e+08
 2.06515459e+08 1.99947370e+08 1.92526080e+08 1.84737230e+08
 1.76452644e+08 1.68052836e+08 1.59607531e+08 1.51269629e+08
 1.42600244e+08 1.34039579e+08 1.25398960e+08 1.16723062e+08
 1.08015762e+08 9.92880390e+07 9.07727260e+07 8.26664990e+07
 7.47920250e+07 6.71643500e+07 5.99822510e+07 5.32139940e+07
 4.67875590e+07 4.08592690e+07 3.54142710e+07 3.04638790e+07
 2.60898320e+07 2.21934040e+07 1.87521530e+07 1.57167170e+07
 1.30962090e+07 1.08599830e+07 8.94405300e+06 7.35469500e+06
 5.99131400e+06 4.85136900e+06 3.89721500e+06 3.11065500e+06
 2.47315300e+06 1.94924500e+06 1.52591800e+06 1.18632700e+06
 9.18249000e+05 7.01591000e+05 5.33251000e+05 4.05793000e+05
 3.05710000e+05 2.26337000e+05 1.66994000e+05 1.19020000e+05
 8.52740000e+04 6.15850000e+04 4.20030000e+04 2.80140000e+04
 1.79080000e+04 1.17760000e+04 6.82600000e+03 3.63400000e+03
 1.72800000e+03 9.63000000e+02 4.20000000e+02 2.20000000e+02
 2.22000000e+02 1.89000000e+02 1.58000000e+02 7.60000000e+01]
