Standard Deviation: 14.222961364539639
Skewness: 1.0870342462288898
Kurtosis: 2.1988523023062676
Median: 3.137613086368245
Mean: 4.954073060230283
Deciles: [-3.65481713 10.98911867]
Minimum: -55.46769673372841
Maximum: 87.82660886206499
Bin Edges: [-55.46769673 -54.03475368 -52.60181062 -51.16886757 -49.73592451
 -48.30298145 -46.8700384  -45.43709534 -44.00415229 -42.57120923
 -41.13826617 -39.70532312 -38.27238006 -36.83943701 -35.40649395
 -33.97355089 -32.54060784 -31.10766478 -29.67472173 -28.24177867
 -26.80883561 -25.37589256 -23.9429495  -22.51000645 -21.07706339
 -19.64412033 -18.21117728 -16.77823422 -15.34529117 -13.91234811
 -12.47940505 -11.046462    -9.61351894  -8.18057589  -6.74763283
  -5.31468978  -3.88174672  -2.44880366  -1.01586061   0.41708245
   1.8500255    3.28296856   4.71591162   6.14885467   7.58179773
   9.01474078  10.44768384  11.8806269   13.31356995  14.74651301
  16.17945606  17.61239912  19.04534218  20.47828523  21.91122829
  23.34417134  24.7771144   26.21005746  27.64300051  29.07594357
  30.50888662  31.94182968  33.37477274  34.80771579  36.24065885
  37.6736019   39.10654496  40.53948802  41.97243107  43.40537413
  44.83831718  46.27126024  47.7042033   49.13714635  50.57008941
  52.00303246  53.43597552  54.86891858  56.30186163  57.73480469
  59.16774774  60.6006908   62.03363385  63.46657691  64.89951997
  66.33246302  67.76540608  69.19834913  70.63129219  72.06423525
  73.4971783   74.93012136  76.36306441  77.79600747  79.22895053
  80.66189358  82.09483664  83.52777969  84.96072275  86.39366581
  87.82660886]
Frequencies: [8.90000000e+01 1.83000000e+02 2.99000000e+02 4.77000000e+02
 9.99000000e+02 1.74200000e+03 2.68600000e+03 3.20800000e+03
 4.22900000e+03 5.39900000e+03 6.48600000e+03 9.62000000e+03
 1.38500000e+04 1.97460000e+04 3.84460000e+04 9.63290000e+04
 2.57558000e+05 6.45163000e+05 1.42509200e+06 2.76614300e+06
 4.86216000e+06 7.88204100e+06 1.22779090e+07 1.85679810e+07
 2.70590120e+07 3.73792780e+07 4.83735950e+07 5.85560600e+07
 6.74109030e+07 7.59476990e+07 8.52743360e+07 9.66248160e+07
 1.10615310e+08 1.27906029e+08 1.48443195e+08 1.72905503e+08
 2.00854068e+08 2.27416841e+08 2.47897474e+08 2.58183823e+08
 2.56507567e+08 2.45925867e+08 2.30275107e+08 2.12023316e+08
 1.92322035e+08 1.70600643e+08 1.47670584e+08 1.25705197e+08
 1.06362607e+08 9.03535840e+07 7.73700110e+07 6.66915630e+07
 5.77601690e+07 5.03394620e+07 4.41304090e+07 3.91256510e+07
 3.51092630e+07 3.16690110e+07 2.86729220e+07 2.61423710e+07
 2.39131140e+07 2.20043690e+07 2.03109450e+07 1.87858910e+07
 1.74344430e+07 1.61571150e+07 1.49465960e+07 1.38327240e+07
 1.28462380e+07 1.19856280e+07 1.11092680e+07 1.02369350e+07
 9.40979900e+06 8.60412500e+06 7.82145100e+06 7.06759900e+06
 6.32331400e+06 5.59508300e+06 4.93641100e+06 4.33352200e+06
 3.75682600e+06 3.22506100e+06 2.72366900e+06 2.27339000e+06
 1.84310100e+06 1.46529600e+06 1.12248500e+06 8.32537000e+05
 6.05521000e+05 4.33800000e+05 3.01993000e+05 2.01386000e+05
 1.22525000e+05 6.93220000e+04 3.58810000e+04 1.46080000e+04
 5.72500000e+03 2.30400000e+03 7.96000000e+02 8.80000000e+01]
