Standard Deviation: 9.447709740981898
Skewness: 0.5268467352219419
Kurtosis: 0.08023812819237852
Median: 1.1894822915698189
Mean: 2.3970401546898445
Deciles: [-4.53830396  8.37760082]
Minimum: -62.07199940396239
Maximum: 67.48054773420611
Bin Edges: [-62.0719994  -60.77647393 -59.48094846 -58.18542299 -56.88989752
 -55.59437205 -54.29884658 -53.0033211  -51.70779563 -50.41227016
 -49.11674469 -47.82121922 -46.52569375 -45.23016828 -43.9346428
 -42.63911733 -41.34359186 -40.04806639 -38.75254092 -37.45701545
 -36.16148998 -34.8659645  -33.57043903 -32.27491356 -30.97938809
 -29.68386262 -28.38833715 -27.09281168 -25.79728621 -24.50176073
 -23.20623526 -21.91070979 -20.61518432 -19.31965885 -18.02413338
 -16.72860791 -15.43308243 -14.13755696 -12.84203149 -11.54650602
 -10.25098055  -8.95545508  -7.65992961  -6.36440413  -5.06887866
  -3.77335319  -2.47782772  -1.18230225   0.11322322   1.40874869
   2.70427417   3.99979964   5.29532511   6.59085058   7.88637605
   9.18190152  10.47742699  11.77295246  13.06847794  14.36400341
  15.65952888  16.95505435  18.25057982  19.54610529  20.84163076
  22.13715624  23.43268171  24.72820718  26.02373265  27.31925812
  28.61478359  29.91030906  31.20583454  32.50136001  33.79688548
  35.09241095  36.38793642  37.68346189  38.97898736  40.27451284
  41.57003831  42.86556378  44.16108925  45.45661472  46.75214019
  48.04766566  49.34319113  50.63871661  51.93424208  53.22976755
  54.52529302  55.82081849  57.11634396  58.41186943  59.70739491
  61.00292038  62.29844585  63.59397132  64.88949679  66.18502226
  67.48054773]
Frequencies: [6.00000000e+00 2.20000000e+01 1.80000000e+01 2.60000000e+01
 3.80000000e+01 4.10000000e+01 9.70000000e+01 1.57000000e+02
 2.66000000e+02 3.84000000e+02 6.02000000e+02 8.20000000e+02
 1.26300000e+03 2.06300000e+03 2.73600000e+03 4.05600000e+03
 5.83400000e+03 8.45700000e+03 1.19030000e+04 1.76730000e+04
 2.50700000e+04 3.60070000e+04 5.13310000e+04 7.41250000e+04
 1.05773000e+05 1.51597000e+05 2.22554000e+05 3.28338000e+05
 4.87399000e+05 7.41110000e+05 1.18236900e+06 1.96208700e+06
 3.33262200e+06 5.83170600e+06 1.02562770e+07 1.74547780e+07
 2.89578180e+07 4.60536030e+07 7.00451360e+07 1.01222302e+08
 1.36913704e+08 1.73182984e+08 2.05385428e+08 2.30975576e+08
 2.48906581e+08 2.58739910e+08 2.61580366e+08 2.58235152e+08
 2.49519484e+08 2.37049798e+08 2.22266166e+08 2.06578836e+08
 1.90675858e+08 1.74978998e+08 1.59741839e+08 1.45146557e+08
 1.31018789e+08 1.17515762e+08 1.04645913e+08 9.24476060e+07
 8.09867900e+07 7.01742630e+07 6.00689990e+07 5.06087730e+07
 4.19965450e+07 3.42836180e+07 2.74474160e+07 2.15751280e+07
 1.66330470e+07 1.25770330e+07 9.29764600e+06 6.75075800e+06
 4.79887600e+06 3.35510800e+06 2.29313000e+06 1.54460900e+06
 1.01794400e+06 6.54758000e+05 4.12488000e+05 2.52813000e+05
 1.53484000e+05 8.87940000e+04 5.29780000e+04 3.15530000e+04
 1.82780000e+04 1.09140000e+04 6.59700000e+03 3.72400000e+03
 1.92100000e+03 1.09900000e+03 6.28000000e+02 2.53000000e+02
 1.35000000e+02 6.80000000e+01 3.10000000e+01 1.30000000e+01
 4.00000000e+00 8.00000000e+00 3.00000000e+00 2.00000000e+00]
