Standard Deviation: 12.713554320693936
Skewness: -1.169233724331817
Kurtosis: 1.3522202455587378
Median: 287.3522085199834
Mean: 283.5792448379159
Deciles: [276.32677099 293.26978805]
Minimum: 213.5690112641864
Maximum: 317.2826093391939
Bin Edges: [213.56901126 214.60614724 215.64328323 216.68041921 217.71755519
 218.75469117 219.79182715 220.82896313 221.86609911 222.90323509
 223.94037107 224.97750705 226.01464303 227.05177901 228.08891499
 229.12605098 230.16318696 231.20032294 232.23745892 233.2745949
 234.31173088 235.34886686 236.38600284 237.42313882 238.4602748
 239.49741078 240.53454676 241.57168274 242.60881873 243.64595471
 244.68309069 245.72022667 246.75736265 247.79449863 248.83163461
 249.86877059 250.90590657 251.94304255 252.98017853 254.01731451
 255.05445049 256.09158647 257.12872246 258.16585844 259.20299442
 260.2401304  261.27726638 262.31440236 263.35153834 264.38867432
 265.4258103  266.46294628 267.50008226 268.53721824 269.57435422
 270.61149021 271.64862619 272.68576217 273.72289815 274.76003413
 275.79717011 276.83430609 277.87144207 278.90857805 279.94571403
 280.98285001 282.01998599 283.05712197 284.09425796 285.13139394
 286.16852992 287.2056659  288.24280188 289.27993786 290.31707384
 291.35420982 292.3913458  293.42848178 294.46561776 295.50275374
 296.53988972 297.5770257  298.61416169 299.65129767 300.68843365
 301.72556963 302.76270561 303.79984159 304.83697757 305.87411355
 306.91124953 307.94838551 308.98552149 310.02265747 311.05979345
 312.09692944 313.13406542 314.1712014  315.20833738 316.24547336
 317.28260934]
Frequencies: [5.30000000e+01 2.97000000e+02 7.87000000e+02 2.89200000e+03
 8.23900000e+03 1.76810000e+04 3.36610000e+04 5.75390000e+04
 1.05142000e+05 1.77864000e+05 2.75613000e+05 4.10464000e+05
 5.76320000e+05 7.71265000e+05 1.01522500e+06 1.26026000e+06
 1.50526300e+06 1.75565300e+06 1.99935200e+06 2.20990100e+06
 2.42268800e+06 2.67000700e+06 2.92917500e+06 3.19051900e+06
 3.51458000e+06 3.84247700e+06 4.27428700e+06 4.77871300e+06
 5.37734700e+06 6.12168700e+06 6.90642500e+06 7.80971700e+06
 8.82347100e+06 9.84974800e+06 1.08735920e+07 1.19240690e+07
 1.29337900e+07 1.39671960e+07 1.51472970e+07 1.60751150e+07
 1.70776260e+07 1.81482070e+07 1.92586350e+07 2.03950600e+07
 2.18925880e+07 2.38694420e+07 2.63694920e+07 2.96938250e+07
 3.43535930e+07 4.11162840e+07 4.96795230e+07 5.77910530e+07
 6.37509760e+07 6.69125210e+07 6.83687170e+07 6.97932720e+07
 7.12947620e+07 7.30083290e+07 7.57921290e+07 7.91932400e+07
 8.30884340e+07 8.72709660e+07 9.14089200e+07 9.54052100e+07
 9.94960190e+07 1.03436422e+08 1.07689168e+08 1.12757111e+08
 1.18767992e+08 1.25317994e+08 1.33047243e+08 1.42656542e+08
 1.54840607e+08 1.71463553e+08 1.97515510e+08 2.39793605e+08
 2.98978388e+08 3.68528842e+08 3.20687237e+08 1.27925396e+08
 6.30946230e+07 4.61761920e+07 3.65841720e+07 2.95416460e+07
 2.38706930e+07 1.91277900e+07 1.50338320e+07 1.14515530e+07
 8.31439200e+06 5.73270000e+06 3.76292600e+06 2.32587000e+06
 1.38361300e+06 7.81537000e+05 3.72051000e+05 1.30458000e+05
 3.85780000e+04 9.30100000e+03 2.00800000e+03 2.61000000e+02]
