Standard Deviation: 2.7477590958692068e-05
Skewness: 5.824081988195999
Kurtosis: 46.37679764307409
Median: 0.0
Mean: 7.147707072714603e-06
Deciles: [0. 0.]
Minimum: 0.0
Maximum: 0.0010941402702114226
Bin Edges: [0.00000000e+00 1.09414027e-05 2.18828054e-05 3.28242081e-05
 4.37656108e-05 5.47070135e-05 6.56484162e-05 7.65898189e-05
 8.75312216e-05 9.84726243e-05 1.09414027e-04 1.20355430e-04
 1.31296832e-04 1.42238235e-04 1.53179638e-04 1.64121041e-04
 1.75062443e-04 1.86003846e-04 1.96945249e-04 2.07886651e-04
 2.18828054e-04 2.29769457e-04 2.40710859e-04 2.51652262e-04
 2.62593665e-04 2.73535068e-04 2.84476470e-04 2.95417873e-04
 3.06359276e-04 3.17300678e-04 3.28242081e-04 3.39183484e-04
 3.50124886e-04 3.61066289e-04 3.72007692e-04 3.82949095e-04
 3.93890497e-04 4.04831900e-04 4.15773303e-04 4.26714705e-04
 4.37656108e-04 4.48597511e-04 4.59538913e-04 4.70480316e-04
 4.81421719e-04 4.92363122e-04 5.03304524e-04 5.14245927e-04
 5.25187330e-04 5.36128732e-04 5.47070135e-04 5.58011538e-04
 5.68952941e-04 5.79894343e-04 5.90835746e-04 6.01777149e-04
 6.12718551e-04 6.23659954e-04 6.34601357e-04 6.45542759e-04
 6.56484162e-04 6.67425565e-04 6.78366968e-04 6.89308370e-04
 7.00249773e-04 7.11191176e-04 7.22132578e-04 7.33073981e-04
 7.44015384e-04 7.54956786e-04 7.65898189e-04 7.76839592e-04
 7.87780995e-04 7.98722397e-04 8.09663800e-04 8.20605203e-04
 8.31546605e-04 8.42488008e-04 8.53429411e-04 8.64370813e-04
 8.75312216e-04 8.86253619e-04 8.97195022e-04 9.08136424e-04
 9.19077827e-04 9.30019230e-04 9.40960632e-04 9.51902035e-04
 9.62843438e-04 9.73784840e-04 9.84726243e-04 9.95667646e-04
 1.00660905e-03 1.01755045e-03 1.02849185e-03 1.03943326e-03
 1.05037466e-03 1.06131606e-03 1.07225746e-03 1.08319887e-03
 1.09414027e-03]
Frequencies: [4.07634577e+09 8.37469100e+07 6.41857390e+07 5.27059290e+07
 4.40939100e+07 3.71169600e+07 3.12954630e+07 2.63663910e+07
 2.21778840e+07 1.86139190e+07 1.55633900e+07 1.29250000e+07
 1.06305890e+07 8.64241300e+06 6.95003600e+06 5.54879400e+06
 4.42455500e+06 3.53988500e+06 2.85373100e+06 2.31391000e+06
 1.89041700e+06 1.54911400e+06 1.27500200e+06 1.05765500e+06
 8.79253000e+05 7.31874000e+05 6.09104000e+05 5.08900000e+05
 4.25929000e+05 3.56876000e+05 2.98597000e+05 2.48779000e+05
 2.09001000e+05 1.76071000e+05 1.47776000e+05 1.23263000e+05
 1.03767000e+05 8.70310000e+04 7.32960000e+04 6.17500000e+04
 5.16150000e+04 4.37230000e+04 3.63540000e+04 3.09940000e+04
 2.60540000e+04 2.22670000e+04 1.86010000e+04 1.57210000e+04
 1.33230000e+04 1.12770000e+04 9.49500000e+03 8.05300000e+03
 6.72900000e+03 5.74600000e+03 4.88300000e+03 4.00700000e+03
 3.44300000e+03 2.86400000e+03 2.32600000e+03 2.01000000e+03
 1.65600000e+03 1.45200000e+03 1.22800000e+03 9.95000000e+02
 8.57000000e+02 6.72000000e+02 5.95000000e+02 4.53000000e+02
 4.02000000e+02 3.67000000e+02 2.69000000e+02 2.16000000e+02
 1.46000000e+02 1.23000000e+02 7.40000000e+01 8.10000000e+01
 6.80000000e+01 5.70000000e+01 4.40000000e+01 2.30000000e+01
 3.10000000e+01 1.00000000e+01 1.40000000e+01 8.00000000e+00
 7.00000000e+00 0.00000000e+00 5.00000000e+00 3.00000000e+00
 3.00000000e+00 2.00000000e+00 2.00000000e+00 2.00000000e+00
 2.00000000e+00 5.00000000e+00 2.00000000e+00 0.00000000e+00
 1.00000000e+00 1.00000000e+00 1.00000000e+00 1.00000000e+00]
