Standard Deviation: 2.9657082653030837e-05
Skewness: 5.4638208793285505
Kurtosis: 41.72017239235856
Median: 4.8897434900031804e-11
Mean: 8.935420137417217e-06
Deciles: [0.00000000e+00 8.39411337e-07]
Minimum: 0.0
Maximum: 0.00094888057506352
Bin Edges: [0.00000000e+00 9.48880575e-06 1.89776115e-05 2.84664173e-05
 3.79552230e-05 4.74440288e-05 5.69328345e-05 6.64216403e-05
 7.59104460e-05 8.53992518e-05 9.48880575e-05 1.04376863e-04
 1.13865669e-04 1.23354475e-04 1.32843281e-04 1.42332086e-04
 1.51820892e-04 1.61309698e-04 1.70798504e-04 1.80287309e-04
 1.89776115e-04 1.99264921e-04 2.08753727e-04 2.18242532e-04
 2.27731338e-04 2.37220144e-04 2.46708950e-04 2.56197755e-04
 2.65686561e-04 2.75175367e-04 2.84664173e-04 2.94152978e-04
 3.03641784e-04 3.13130590e-04 3.22619396e-04 3.32108201e-04
 3.41597007e-04 3.51085813e-04 3.60574619e-04 3.70063424e-04
 3.79552230e-04 3.89041036e-04 3.98529842e-04 4.08018647e-04
 4.17507453e-04 4.26996259e-04 4.36485065e-04 4.45973870e-04
 4.55462676e-04 4.64951482e-04 4.74440288e-04 4.83929093e-04
 4.93417899e-04 5.02906705e-04 5.12395511e-04 5.21884316e-04
 5.31373122e-04 5.40861928e-04 5.50350734e-04 5.59839539e-04
 5.69328345e-04 5.78817151e-04 5.88305957e-04 5.97794762e-04
 6.07283568e-04 6.16772374e-04 6.26261180e-04 6.35749985e-04
 6.45238791e-04 6.54727597e-04 6.64216403e-04 6.73705208e-04
 6.83194014e-04 6.92682820e-04 7.02171626e-04 7.11660431e-04
 7.21149237e-04 7.30638043e-04 7.40126849e-04 7.49615654e-04
 7.59104460e-04 7.68593266e-04 7.78082072e-04 7.87570877e-04
 7.97059683e-04 8.06548489e-04 8.16037295e-04 8.25526100e-04
 8.35014906e-04 8.44503712e-04 8.53992518e-04 8.63481323e-04
 8.72970129e-04 8.82458935e-04 8.91947741e-04 9.01436546e-04
 9.10925352e-04 9.20414158e-04 9.29902964e-04 9.39391769e-04
 9.48880575e-04]
Frequencies: [3.90349466e+09 1.47928024e+08 8.44668430e+07 6.31407340e+07
 5.16497120e+07 4.35901260e+07 3.71195040e+07 3.17415020e+07
 2.72651900e+07 2.34639300e+07 2.02043870e+07 1.73374790e+07
 1.47774900e+07 1.24710220e+07 1.03855130e+07 8.56222000e+06
 7.01092000e+06 5.74343500e+06 4.72047700e+06 3.90951900e+06
 3.25527500e+06 2.72728400e+06 2.29930500e+06 1.95048100e+06
 1.65971100e+06 1.41746100e+06 1.21348300e+06 1.04311200e+06
 8.96071000e+05 7.74175000e+05 6.68554000e+05 5.77781000e+05
 5.01160000e+05 4.34295000e+05 3.76209000e+05 3.24928000e+05
 2.80831000e+05 2.42760000e+05 2.09596000e+05 1.81574000e+05
 1.57318000e+05 1.36376000e+05 1.18367000e+05 1.02642000e+05
 8.84650000e+04 7.72830000e+04 6.70710000e+04 5.75050000e+04
 4.98890000e+04 4.30910000e+04 3.71990000e+04 3.24250000e+04
 2.75290000e+04 2.39670000e+04 2.05950000e+04 1.79910000e+04
 1.55690000e+04 1.31320000e+04 1.12280000e+04 9.74400000e+03
 8.56800000e+03 7.37800000e+03 6.36200000e+03 5.58000000e+03
 4.62500000e+03 4.09900000e+03 3.58400000e+03 3.15500000e+03
 2.57900000e+03 2.23500000e+03 1.87400000e+03 1.63900000e+03
 1.36600000e+03 1.19200000e+03 1.00100000e+03 8.57000000e+02
 6.96000000e+02 6.19000000e+02 5.01000000e+02 4.18000000e+02
 2.93000000e+02 2.71000000e+02 1.97000000e+02 1.81000000e+02
 1.30000000e+02 1.13000000e+02 8.40000000e+01 5.90000000e+01
 5.40000000e+01 5.80000000e+01 3.20000000e+01 2.40000000e+01
 2.30000000e+01 1.40000000e+01 8.00000000e+00 4.00000000e+00
 3.00000000e+00 4.00000000e+00 0.00000000e+00 2.00000000e+00]
