Standard Deviation: 9.349337521422562
Skewness: 0.5327597893149771
Kurtosis: 0.1456569741879341
Median: 0.624653566898513
Mean: 1.8003903529958785
Deciles: [-5.00491365  7.62702644]
Minimum: -63.95530809903429
Maximum: 67.66099369185953
Bin Edges: [-63.9553081  -62.63914508 -61.32298206 -60.00681905 -58.69065603
 -57.37449301 -56.05832999 -54.74216697 -53.42600396 -52.10984094
 -50.79367792 -49.4775149  -48.16135188 -46.84518887 -45.52902585
 -44.21286283 -42.89669981 -41.58053679 -40.26437378 -38.94821076
 -37.63204774 -36.31588472 -34.99972171 -33.68355869 -32.36739567
 -31.05123265 -29.73506963 -28.41890662 -27.1027436  -25.78658058
 -24.47041756 -23.15425454 -21.83809153 -20.52192851 -19.20576549
 -17.88960247 -16.57343945 -15.25727644 -13.94111342 -12.6249504
 -11.30878738  -9.99262436  -8.67646135  -7.36029833  -6.04413531
  -4.72797229  -3.41180928  -2.09564626  -0.77948324   0.53667978
   1.8528428    3.16900581   4.48516883   5.80133185   7.11749487
   8.43365789   9.7498209   11.06598392  12.38214694  13.69830996
  15.01447298  16.33063599  17.64679901  18.96296203  20.27912505
  21.59528807  22.91145108  24.2276141   25.54377712  26.85994014
  28.17610315  29.49226617  30.80842919  32.12459221  33.44075523
  34.75691824  36.07308126  37.38924428  38.7054073   40.02157032
  41.33773333  42.65389635  43.97005937  45.28622239  46.60238541
  47.91854842  49.23471144  50.55087446  51.86703748  53.18320049
  54.49936351  55.81552653  57.13168955  58.44785257  59.76401558
  61.0801786   62.39634162  63.71250464  65.02866766  66.34483067
  67.66099369]
Frequencies: [1.40000000e+01 1.30000000e+01 1.80000000e+01 2.80000000e+01
 7.30000000e+01 5.40000000e+01 5.90000000e+01 1.71000000e+02
 2.48000000e+02 4.15000000e+02 5.89000000e+02 1.01800000e+03
 1.56300000e+03 2.15900000e+03 3.28900000e+03 4.89600000e+03
 7.05900000e+03 1.03080000e+04 1.51230000e+04 2.17050000e+04
 3.14760000e+04 4.35520000e+04 6.09260000e+04 8.51030000e+04
 1.19594000e+05 1.68154000e+05 2.33395000e+05 3.27322000e+05
 4.69483000e+05 6.69982000e+05 9.91403000e+05 1.54749500e+06
 2.54210100e+06 4.34938200e+06 7.66497500e+06 1.34286720e+07
 2.27935480e+07 3.72550300e+07 5.82946890e+07 8.70280690e+07
 1.22316357e+08 1.60146280e+08 1.95379524e+08 2.25044075e+08
 2.47901251e+08 2.62483971e+08 2.69281612e+08 2.69482906e+08
 2.63161588e+08 2.51452695e+08 2.35793415e+08 2.18144207e+08
 1.99811297e+08 1.81695129e+08 1.64325660e+08 1.48029362e+08
 1.32661047e+08 1.18361124e+08 1.04978485e+08 9.24823910e+07
 8.08196290e+07 6.99052170e+07 5.96444320e+07 5.01338180e+07
 4.14420200e+07 3.36459680e+07 2.67640040e+07 2.09259200e+07
 1.60270570e+07 1.20132180e+07 8.82074200e+06 6.35357400e+06
 4.48408800e+06 3.10463800e+06 2.11530000e+06 1.42282500e+06
 9.29734000e+05 5.97505000e+05 3.72575000e+05 2.28920000e+05
 1.35956000e+05 7.97960000e+04 4.74280000e+04 2.73140000e+04
 1.55780000e+04 9.77500000e+03 5.40400000e+03 3.09100000e+03
 1.53600000e+03 7.51000000e+02 3.41000000e+02 1.83000000e+02
 5.30000000e+01 3.20000000e+01 1.70000000e+01 1.20000000e+01
 5.00000000e+00 6.00000000e+00 5.00000000e+00 4.00000000e+00]
