Standard Deviation: 2.9970504280244244e-05
Skewness: 9.043608209438418
Kurtosis: 117.85911112192159
Median: 3.5393961236987053e-10
Mean: 6.920408632766707e-06
Deciles: [4.67933136e-30 4.84718683e-07]
Minimum: 0.0
Maximum: 0.001747474070988294
Bin Edges: [0.00000000e+00 1.74747407e-05 3.49494814e-05 5.24242221e-05
 6.98989628e-05 8.73737035e-05 1.04848444e-04 1.22323185e-04
 1.39797926e-04 1.57272666e-04 1.74747407e-04 1.92222148e-04
 2.09696889e-04 2.27171629e-04 2.44646370e-04 2.62121111e-04
 2.79595851e-04 2.97070592e-04 3.14545333e-04 3.32020073e-04
 3.49494814e-04 3.66969555e-04 3.84444296e-04 4.01919036e-04
 4.19393777e-04 4.36868518e-04 4.54343258e-04 4.71817999e-04
 4.89292740e-04 5.06767481e-04 5.24242221e-04 5.41716962e-04
 5.59191703e-04 5.76666443e-04 5.94141184e-04 6.11615925e-04
 6.29090666e-04 6.46565406e-04 6.64040147e-04 6.81514888e-04
 6.98989628e-04 7.16464369e-04 7.33939110e-04 7.51413851e-04
 7.68888591e-04 7.86363332e-04 8.03838073e-04 8.21312813e-04
 8.38787554e-04 8.56262295e-04 8.73737035e-04 8.91211776e-04
 9.08686517e-04 9.26161258e-04 9.43635998e-04 9.61110739e-04
 9.78585480e-04 9.96060220e-04 1.01353496e-03 1.03100970e-03
 1.04848444e-03 1.06595918e-03 1.08343392e-03 1.10090866e-03
 1.11838341e-03 1.13585815e-03 1.15333289e-03 1.17080763e-03
 1.18828237e-03 1.20575711e-03 1.22323185e-03 1.24070659e-03
 1.25818133e-03 1.27565607e-03 1.29313081e-03 1.31060555e-03
 1.32808029e-03 1.34555503e-03 1.36302978e-03 1.38050452e-03
 1.39797926e-03 1.41545400e-03 1.43292874e-03 1.45040348e-03
 1.46787822e-03 1.48535296e-03 1.50282770e-03 1.52030244e-03
 1.53777718e-03 1.55525192e-03 1.57272666e-03 1.59020140e-03
 1.60767615e-03 1.62515089e-03 1.64262563e-03 1.66010037e-03
 1.67757511e-03 1.69504985e-03 1.71252459e-03 1.72999933e-03
 1.74747407e-03]
Frequencies: [4.15267540e+09 1.38771338e+08 7.99845720e+07 4.94874120e+07
 3.16151530e+07 2.07609500e+07 1.41721660e+07 1.01036580e+07
 7.52748300e+06 5.82825600e+06 4.64436500e+06 3.78646100e+06
 3.14231200e+06 2.64522400e+06 2.25409700e+06 1.93242000e+06
 1.66521600e+06 1.44463700e+06 1.25461300e+06 1.09015900e+06
 9.45874000e+05 8.19959000e+05 7.07937000e+05 6.10816000e+05
 5.23844000e+05 4.48498000e+05 3.80475000e+05 3.22862000e+05
 2.72776000e+05 2.30449000e+05 1.93074000e+05 1.61407000e+05
 1.35292000e+05 1.12720000e+05 9.34650000e+04 7.70360000e+04
 6.43070000e+04 5.28110000e+04 4.31410000e+04 3.58470000e+04
 2.95380000e+04 2.43850000e+04 1.98270000e+04 1.64800000e+04
 1.34620000e+04 1.09390000e+04 8.93500000e+03 7.19200000e+03
 6.11400000e+03 5.08100000e+03 4.11400000e+03 3.42800000e+03
 2.68000000e+03 2.25100000e+03 1.87500000e+03 1.57500000e+03
 1.34200000e+03 1.04100000e+03 8.58000000e+02 7.06000000e+02
 6.00000000e+02 4.45000000e+02 4.13000000e+02 3.25000000e+02
 2.94000000e+02 2.20000000e+02 2.08000000e+02 1.63000000e+02
 1.58000000e+02 1.08000000e+02 1.03000000e+02 1.00000000e+02
 7.30000000e+01 8.20000000e+01 5.50000000e+01 5.20000000e+01
 3.70000000e+01 3.40000000e+01 3.30000000e+01 2.70000000e+01
 2.30000000e+01 1.60000000e+01 1.80000000e+01 1.50000000e+01
 1.90000000e+01 1.10000000e+01 1.30000000e+01 7.00000000e+00
 1.10000000e+01 1.20000000e+01 7.00000000e+00 2.00000000e+00
 2.00000000e+00 1.00000000e+00 2.00000000e+00 0.00000000e+00
 3.00000000e+00 0.00000000e+00 0.00000000e+00 1.00000000e+00]
