Standard Deviation: 0.0009666150905386725
Skewness: 1.7366687158161047
Kurtosis: 2.567413267475433
Median: 0.0004139300216896862
Mean: 0.0008223453227535414
Deciles: [0.00015669 0.00111346]
Minimum: 1.005127485725835e-12
Maximum: 0.009649912421296843
Bin Edges: [1.00512749e-12 9.64991252e-05 1.92998249e-04 2.89497374e-04
 3.85996498e-04 4.82495622e-04 5.78994746e-04 6.75493870e-04
 7.71992995e-04 8.68492119e-04 9.64991243e-04 1.06149037e-03
 1.15798949e-03 1.25448862e-03 1.35098774e-03 1.44748686e-03
 1.54398599e-03 1.64048511e-03 1.73698424e-03 1.83348336e-03
 1.92998249e-03 2.02648161e-03 2.12298073e-03 2.21947986e-03
 2.31597898e-03 2.41247811e-03 2.50897723e-03 2.60547635e-03
 2.70197548e-03 2.79847460e-03 2.89497373e-03 2.99147285e-03
 3.08797198e-03 3.18447110e-03 3.28097022e-03 3.37746935e-03
 3.47396847e-03 3.57046760e-03 3.66696672e-03 3.76346584e-03
 3.85996497e-03 3.95646409e-03 4.05296322e-03 4.14946234e-03
 4.24596147e-03 4.34246059e-03 4.43895971e-03 4.53545884e-03
 4.63195796e-03 4.72845709e-03 4.82495621e-03 4.92145534e-03
 5.01795446e-03 5.11445358e-03 5.21095271e-03 5.30745183e-03
 5.40395096e-03 5.50045008e-03 5.59694920e-03 5.69344833e-03
 5.78994745e-03 5.88644658e-03 5.98294570e-03 6.07944483e-03
 6.17594395e-03 6.27244307e-03 6.36894220e-03 6.46544132e-03
 6.56194045e-03 6.65843957e-03 6.75493870e-03 6.85143782e-03
 6.94793694e-03 7.04443607e-03 7.14093519e-03 7.23743432e-03
 7.33393344e-03 7.43043256e-03 7.52693169e-03 7.62343081e-03
 7.71992994e-03 7.81642906e-03 7.91292819e-03 8.00942731e-03
 8.10592643e-03 8.20242556e-03 8.29892468e-03 8.39542381e-03
 8.49192293e-03 8.58842206e-03 8.68492118e-03 8.78142030e-03
 8.87791943e-03 8.97441855e-03 9.07091768e-03 9.16741680e-03
 9.26391592e-03 9.36041505e-03 9.45691417e-03 9.55341330e-03
 9.64991242e-03]
Frequencies: [6.82659406e+08 6.80074812e+08 4.73968229e+08 3.48774777e+08
 2.71015982e+08 2.18192628e+08 1.80618570e+08 1.52888977e+08
 1.31612583e+08 1.14892815e+08 1.01342244e+08 9.02513870e+07
 8.10192980e+07 7.32423400e+07 6.65609470e+07 6.07607210e+07
 5.59998450e+07 5.19488430e+07 4.84946110e+07 4.54454650e+07
 4.27691540e+07 4.03525050e+07 3.81623820e+07 3.62376290e+07
 3.45060250e+07 3.28604250e+07 3.13523130e+07 2.99022760e+07
 2.84813340e+07 2.71210000e+07 2.57808090e+07 2.45060720e+07
 2.32245100e+07 2.19562300e+07 2.07283420e+07 1.94630770e+07
 1.81559370e+07 1.68172280e+07 1.54411660e+07 1.40300500e+07
 1.25724500e+07 1.10763780e+07 9.55699200e+06 8.04918200e+06
 6.59060400e+06 5.22983100e+06 4.01935700e+06 3.02238300e+06
 2.25205700e+06 1.67696400e+06 1.25864200e+06 9.57496000e+05
 7.32626000e+05 5.68872000e+05 4.42521000e+05 3.41035000e+05
 2.63555000e+05 2.03841000e+05 1.59677000e+05 1.24634000e+05
 9.71970000e+04 7.55110000e+04 5.94510000e+04 4.69890000e+04
 3.65830000e+04 2.92360000e+04 2.33130000e+04 1.85330000e+04
 1.53530000e+04 1.23310000e+04 1.05150000e+04 8.69100000e+03
 7.25000000e+03 6.10500000e+03 5.07000000e+03 4.21900000e+03
 3.22300000e+03 2.60500000e+03 2.15900000e+03 1.64800000e+03
 1.37600000e+03 1.04700000e+03 8.55000000e+02 6.63000000e+02
 5.32000000e+02 4.05000000e+02 3.22000000e+02 2.31000000e+02
 1.96000000e+02 9.80000000e+01 7.40000000e+01 6.40000000e+01
 2.90000000e+01 2.90000000e+01 1.30000000e+01 7.00000000e+00
 1.30000000e+01 1.40000000e+01 4.00000000e+00 5.00000000e+00]
