Standard Deviation: 6.657978406042494e-08
Skewness: 1.6132875137453988
Kurtosis: 2.970703214887677
Median: 9.657067930848818e-08
Mean: 1.1557186668537299e-07
Deciles: [7.09179072e-08 1.37885941e-07]
Minimum: 2.8522339967859045e-08
Maximum: 5.981785029827097e-07
Bin Edges: [2.85223400e-08 3.42189016e-08 3.99154632e-08 4.56120249e-08
 5.13085865e-08 5.70051481e-08 6.27017097e-08 6.83982714e-08
 7.40948330e-08 7.97913946e-08 8.54879563e-08 9.11845179e-08
 9.68810795e-08 1.02577641e-07 1.08274203e-07 1.13970764e-07
 1.19667326e-07 1.25363888e-07 1.31060449e-07 1.36757011e-07
 1.42453573e-07 1.48150134e-07 1.53846696e-07 1.59543257e-07
 1.65239819e-07 1.70936381e-07 1.76632942e-07 1.82329504e-07
 1.88026066e-07 1.93722627e-07 1.99419189e-07 2.05115751e-07
 2.10812312e-07 2.16508874e-07 2.22205435e-07 2.27901997e-07
 2.33598559e-07 2.39295120e-07 2.44991682e-07 2.50688244e-07
 2.56384805e-07 2.62081367e-07 2.67777928e-07 2.73474490e-07
 2.79171052e-07 2.84867613e-07 2.90564175e-07 2.96260737e-07
 3.01957298e-07 3.07653860e-07 3.13350421e-07 3.19046983e-07
 3.24743545e-07 3.30440106e-07 3.36136668e-07 3.41833230e-07
 3.47529791e-07 3.53226353e-07 3.58922915e-07 3.64619476e-07
 3.70316038e-07 3.76012599e-07 3.81709161e-07 3.87405723e-07
 3.93102284e-07 3.98798846e-07 4.04495408e-07 4.10191969e-07
 4.15888531e-07 4.21585092e-07 4.27281654e-07 4.32978216e-07
 4.38674777e-07 4.44371339e-07 4.50067901e-07 4.55764462e-07
 4.61461024e-07 4.67157585e-07 4.72854147e-07 4.78550709e-07
 4.84247270e-07 4.89943832e-07 4.95640394e-07 5.01336955e-07
 5.07033517e-07 5.12730079e-07 5.18426640e-07 5.24123202e-07
 5.29819763e-07 5.35516325e-07 5.41212887e-07 5.46909448e-07
 5.52606010e-07 5.58302572e-07 5.63999133e-07 5.69695695e-07
 5.75392256e-07 5.81088818e-07 5.86785380e-07 5.92481941e-07
 5.98178503e-07]
Frequencies: [4.46761240e+07 1.09150036e+08 1.43895460e+08 1.48157778e+08
 1.59951751e+08 1.87155655e+08 2.29678912e+08 2.55145016e+08
 2.56163412e+08 2.62062613e+08 2.56265374e+08 2.29764191e+08
 1.94985974e+08 1.75620036e+08 1.69724498e+08 1.71401398e+08
 1.58969652e+08 1.29472957e+08 1.04861785e+08 8.44741600e+07
 6.98729270e+07 6.32024250e+07 5.89602680e+07 5.60268130e+07
 5.53970000e+07 5.58636460e+07 5.35421210e+07 5.23123830e+07
 5.22078570e+07 4.76370810e+07 4.10965980e+07 3.77058530e+07
 3.49620260e+07 3.08385400e+07 2.78610590e+07 2.54715650e+07
 2.31601190e+07 2.12704400e+07 1.96591320e+07 1.82358550e+07
 1.69855540e+07 1.54678710e+07 1.44860960e+07 1.34626390e+07
 1.25316110e+07 1.16084370e+07 1.08746210e+07 1.03927400e+07
 9.99460700e+06 9.48444900e+06 9.08223100e+06 8.77117800e+06
 8.53101100e+06 8.45839300e+06 8.49597700e+06 8.22642800e+06
 7.65243300e+06 6.75461700e+06 5.83989300e+06 4.88136700e+06
 4.05071600e+06 3.39390900e+06 2.87454900e+06 2.35734300e+06
 1.90007900e+06 1.53299800e+06 1.20117200e+06 9.12800000e+05
 6.97406000e+05 5.03502000e+05 3.64558000e+05 2.99823000e+05
 2.58565000e+05 2.09911000e+05 1.71685000e+05 1.45083000e+05
 1.27729000e+05 1.13619000e+05 1.07677000e+05 1.08938000e+05
 1.03643000e+05 9.52880000e+04 9.21010000e+04 8.60360000e+04
 7.96470000e+04 7.41110000e+04 6.91040000e+04 6.90610000e+04
 6.66240000e+04 6.27420000e+04 6.08190000e+04 4.75690000e+04
 3.47790000e+04 2.80100000e+04 1.81860000e+04 1.05950000e+04
 7.02300000e+03 2.63300000e+03 1.14800000e+03 1.76000000e+02]
