Standard Deviation: 5.7578701352015065
Skewness: 0.005062375013681577
Kurtosis: 5.866322453431433
Median: 0.013827936320349846
Mean: 0.01447478594888566
Deciles: [-2.74498759  2.76639964]
Minimum: -58.64216745209142
Maximum: 59.1278097049634
Bin Edges: [-58.64216745 -57.46446768 -56.28676791 -55.10906814 -53.93136837
 -52.75366859 -51.57596882 -50.39826905 -49.22056928 -48.04286951
 -46.86516974 -45.68746996 -44.50977019 -43.33207042 -42.15437065
 -40.97667088 -39.79897111 -38.62127134 -37.44357156 -36.26587179
 -35.08817202 -33.91047225 -32.73277248 -31.55507271 -30.37737293
 -29.19967316 -28.02197339 -26.84427362 -25.66657385 -24.48887408
 -23.3111743  -22.13347453 -20.95577476 -19.77807499 -18.60037522
 -17.42267545 -16.24497568 -15.0672759  -13.88957613 -12.71187636
 -11.53417659 -10.35647682  -9.17877705  -8.00107727  -6.8233775
  -5.64567773  -4.46797796  -3.29027819  -2.11257842  -0.93487865
   0.24282113   1.4205209    2.59822067   3.77592044   4.95362021
   6.13131998   7.30901976   8.48671953   9.6644193   10.84211907
  12.01981884  13.19751861  14.37521839  15.55291816  16.73061793
  17.9083177   19.08601747  20.26371724  21.44141701  22.61911679
  23.79681656  24.97451633  26.1522161   27.32991587  28.50761564
  29.68531542  30.86301519  32.04071496  33.21841473  34.3961145
  35.57381427  36.75151405  37.92921382  39.10691359  40.28461336
  41.46231313  42.6400129   43.81771267  44.99541245  46.17311222
  47.35081199  48.52851176  49.70621153  50.8839113   52.06161108
  53.23931085  54.41701062  55.59471039  56.77241016  57.95010993
  59.1278097 ]
Frequencies: [1.91000000e+02 4.17000000e+02 6.92000000e+02 1.37300000e+03
 2.38300000e+03 3.93800000e+03 6.87100000e+03 1.14790000e+04
 1.69050000e+04 2.40900000e+04 3.42850000e+04 4.80570000e+04
 6.37020000e+04 8.63800000e+04 1.14245000e+05 1.49268000e+05
 1.93648000e+05 2.52635000e+05 3.21824000e+05 4.08002000e+05
 5.09932000e+05 6.27415000e+05 7.63974000e+05 9.22128000e+05
 1.12004100e+06 1.35640600e+06 1.62969600e+06 1.94995000e+06
 2.31841400e+06 2.77170300e+06 3.31062300e+06 3.98314300e+06
 4.79521700e+06 5.81871500e+06 7.11243600e+06 8.79816300e+06
 1.10171300e+07 1.40933460e+07 1.84305510e+07 2.45510610e+07
 3.32754410e+07 4.59593580e+07 6.47052710e+07 9.29104830e+07
 1.35168773e+08 1.97193717e+08 2.82887588e+08 3.86098195e+08
 4.82747134e+08 5.37840821e+08 5.24624645e+08 4.49037685e+08
 3.44795986e+08 2.45951149e+08 1.69268563e+08 1.15771960e+08
 8.02285320e+07 5.66604460e+07 4.06111980e+07 2.96334420e+07
 2.20806480e+07 1.67488950e+07 1.29689850e+07 1.02483420e+07
 8.20208200e+06 6.64553800e+06 5.46506300e+06 4.50899000e+06
 3.73844200e+06 3.11248700e+06 2.59926400e+06 2.17116900e+06
 1.80529000e+06 1.50242600e+06 1.24497600e+06 1.02385300e+06
 8.39040000e+05 6.88186000e+05 5.57981000e+05 4.41597000e+05
 3.57278000e+05 2.87827000e+05 2.28162000e+05 1.80882000e+05
 1.38771000e+05 1.06015000e+05 8.05540000e+04 6.10870000e+04
 4.66320000e+04 3.30140000e+04 2.33650000e+04 1.72380000e+04
 1.28180000e+04 9.67500000e+03 6.38400000e+03 3.98800000e+03
 2.69600000e+03 1.89300000e+03 1.29500000e+03 3.56000000e+02]
