Standard Deviation: 3.4298373279528954e-36
Skewness: 45452.017577353654
Kurtosis: 2293939391.1526613
Median: 4.349839911151232e-59
Mean: 1.0337514014327663e-40
Deciles: [0.00000000e+00 1.15442879e-54]
Minimum: 0.0
Maximum: 1.905852103415277e-31
Bin Edges: [0.00000000e+00 1.90585210e-33 3.81170421e-33 5.71755631e-33
 7.62340841e-33 9.52926052e-33 1.14351126e-32 1.33409647e-32
 1.52468168e-32 1.71526689e-32 1.90585210e-32 2.09643731e-32
 2.28702252e-32 2.47760773e-32 2.66819294e-32 2.85877816e-32
 3.04936337e-32 3.23994858e-32 3.43053379e-32 3.62111900e-32
 3.81170421e-32 4.00228942e-32 4.19287463e-32 4.38345984e-32
 4.57404505e-32 4.76463026e-32 4.95521547e-32 5.14580068e-32
 5.33638589e-32 5.52697110e-32 5.71755631e-32 5.90814152e-32
 6.09872673e-32 6.28931194e-32 6.47989715e-32 6.67048236e-32
 6.86106757e-32 7.05165278e-32 7.24223799e-32 7.43282320e-32
 7.62340841e-32 7.81399362e-32 8.00457883e-32 8.19516404e-32
 8.38574926e-32 8.57633447e-32 8.76691968e-32 8.95750489e-32
 9.14809010e-32 9.33867531e-32 9.52926052e-32 9.71984573e-32
 9.91043094e-32 1.01010161e-31 1.02916014e-31 1.04821866e-31
 1.06727718e-31 1.08633570e-31 1.10539422e-31 1.12445274e-31
 1.14351126e-31 1.16256978e-31 1.18162830e-31 1.20068683e-31
 1.21974535e-31 1.23880387e-31 1.25786239e-31 1.27692091e-31
 1.29597943e-31 1.31503795e-31 1.33409647e-31 1.35315499e-31
 1.37221351e-31 1.39127204e-31 1.41033056e-31 1.42938908e-31
 1.44844760e-31 1.46750612e-31 1.48656464e-31 1.50562316e-31
 1.52468168e-31 1.54374020e-31 1.56279872e-31 1.58185725e-31
 1.60091577e-31 1.61997429e-31 1.63903281e-31 1.65809133e-31
 1.67714985e-31 1.69620837e-31 1.71526689e-31 1.73432541e-31
 1.75338394e-31 1.77244246e-31 1.79150098e-31 1.81055950e-31
 1.82961802e-31 1.84867654e-31 1.86773506e-31 1.88679358e-31
 1.90585210e-31]
Frequencies: [4.54118399e+09 3.00000000e+00 1.00000000e+00 2.00000000e+00
 1.00000000e+00 0.00000000e+00 1.00000000e+00 0.00000000e+00
 0.00000000e+00 0.00000000e+00 1.00000000e+00 0.00000000e+00
 0.00000000e+00 0.00000000e+00 1.00000000e+00 0.00000000e+00
 0.00000000e+00 0.00000000e+00 0.00000000e+00 0.00000000e+00
 0.00000000e+00 0.00000000e+00 0.00000000e+00 0.00000000e+00
 0.00000000e+00 0.00000000e+00 0.00000000e+00 0.00000000e+00
 0.00000000e+00 0.00000000e+00 0.00000000e+00 0.00000000e+00
 0.00000000e+00 0.00000000e+00 0.00000000e+00 0.00000000e+00
 0.00000000e+00 0.00000000e+00 0.00000000e+00 0.00000000e+00
 0.00000000e+00 0.00000000e+00 0.00000000e+00 1.00000000e+00
 0.00000000e+00 0.00000000e+00 0.00000000e+00 0.00000000e+00
 1.00000000e+00 0.00000000e+00 0.00000000e+00 0.00000000e+00
 0.00000000e+00 0.00000000e+00 0.00000000e+00 0.00000000e+00
 0.00000000e+00 0.00000000e+00 0.00000000e+00 0.00000000e+00
 0.00000000e+00 0.00000000e+00 0.00000000e+00 0.00000000e+00
 0.00000000e+00 0.00000000e+00 0.00000000e+00 0.00000000e+00
 0.00000000e+00 0.00000000e+00 0.00000000e+00 0.00000000e+00
 0.00000000e+00 0.00000000e+00 0.00000000e+00 0.00000000e+00
 0.00000000e+00 0.00000000e+00 0.00000000e+00 0.00000000e+00
 0.00000000e+00 0.00000000e+00 0.00000000e+00 0.00000000e+00
 0.00000000e+00 0.00000000e+00 0.00000000e+00 0.00000000e+00
 0.00000000e+00 0.00000000e+00 0.00000000e+00 0.00000000e+00
 0.00000000e+00 0.00000000e+00 0.00000000e+00 0.00000000e+00
 0.00000000e+00 0.00000000e+00 0.00000000e+00 1.00000000e+00]
