Standard Deviation: 6.149545486630835
Skewness: 0.04087942188519989
Kurtosis: 2.1716026575324587
Median: -0.03053165393118324
Mean: -0.015847436450952507
Deciles: [-3.31861166  3.24362629]
Minimum: -62.60750794247257
Maximum: 71.4792972237973
Bin Edges: [-62.60750794 -61.26663989 -59.92577184 -58.58490379 -57.24403574
 -55.90316768 -54.56229963 -53.22143158 -51.88056353 -50.53969548
 -49.19882743 -47.85795937 -46.51709132 -45.17622327 -43.83535522
 -42.49448717 -41.15361912 -39.81275106 -38.47188301 -37.13101496
 -35.79014691 -34.44927886 -33.10841081 -31.76754275 -30.4266747
 -29.08580665 -27.7449386  -26.40407055 -25.0632025  -23.72233444
 -22.38146639 -21.04059834 -19.69973029 -18.35886224 -17.01799419
 -15.67712613 -14.33625808 -12.99539003 -11.65452198 -10.31365393
  -8.97278588  -7.63191782  -6.29104977  -4.95018172  -3.60931367
  -2.26844562  -0.92757757   0.41329049   1.75415854   3.09502659
   4.43589464   5.77676269   7.11763074   8.4584988    9.79936685
  11.1402349   12.48110295  13.821971    15.16283905  16.50370711
  17.84457516  19.18544321  20.52631126  21.86717931  23.20804736
  24.54891542  25.88978347  27.23065152  28.57151957  29.91238762
  31.25325567  32.59412373  33.93499178  35.27585983  36.61672788
  37.95759593  39.29846398  40.63933204  41.98020009  43.32106814
  44.66193619  46.00280424  47.34367229  48.68454035  50.0254084
  51.36627645  52.7071445   54.04801255  55.3888806   56.72974866
  58.07061671  59.41148476  60.75235281  62.09322086  63.43408891
  64.77495697  66.11582502  67.45669307  68.79756112  70.13842917
  71.47929722]
Frequencies: [9.00000000e+00 1.50000000e+01 4.00000000e+01 4.90000000e+01
 8.10000000e+01 1.16000000e+02 1.75000000e+02 3.59000000e+02
 5.68000000e+02 9.54000000e+02 1.52400000e+03 2.38500000e+03
 3.59200000e+03 5.64800000e+03 8.30700000e+03 1.20460000e+04
 1.77380000e+04 2.72950000e+04 4.12000000e+04 6.26050000e+04
 9.34470000e+04 1.40316000e+05 2.10225000e+05 3.14136000e+05
 4.65129000e+05 6.83513000e+05 1.00005000e+06 1.45350200e+06
 2.08551000e+06 2.98377300e+06 4.23989500e+06 5.99891800e+06
 8.41220200e+06 1.17667400e+07 1.63809100e+07 2.26169620e+07
 3.11695640e+07 4.27579760e+07 5.86711140e+07 8.04784140e+07
 1.10786045e+08 1.53447411e+08 2.12584797e+08 2.91114799e+08
 3.85456305e+08 4.75796933e+08 5.23813058e+08 5.01023464e+08
 4.19498258e+08 3.19233973e+08 2.32495475e+08 1.67852054e+08
 1.22205491e+08 8.98196040e+07 6.64231960e+07 4.90773250e+07
 3.61107910e+07 2.63365980e+07 1.90663160e+07 1.36606320e+07
 9.71930800e+06 6.88710100e+06 4.86543000e+06 3.42289900e+06
 2.40941900e+06 1.69998300e+06 1.20323000e+06 8.58180000e+05
 6.14713000e+05 4.41025000e+05 3.17650000e+05 2.29923000e+05
 1.65928000e+05 1.20686000e+05 8.80140000e+04 6.44550000e+04
 4.64740000e+04 3.35330000e+04 2.44320000e+04 1.75270000e+04
 1.25810000e+04 8.99400000e+03 6.48400000e+03 4.58300000e+03
 3.31900000e+03 2.38400000e+03 1.76000000e+03 1.28500000e+03
 9.20000000e+02 6.74000000e+02 4.97000000e+02 3.65000000e+02
 2.58000000e+02 1.92000000e+02 9.60000000e+01 6.20000000e+01
 5.10000000e+01 3.00000000e+01 1.80000000e+01 1.00000000e+01]
