Standard Deviation: 1.6777738439899709e-09
Skewness: -21.80847615842602
Kurtosis: 527.3596589594108
Median: 9.986058137126286e-07
Mean: 9.9851450478135e-07
Deciles: [9.98605814e-07 9.98605814e-07]
Minimum: 9.301431716344062e-07
Maximum: 9.986058137126286e-07
Bin Edges: [9.30143172e-07 9.30827798e-07 9.31512424e-07 9.32197051e-07
 9.32881677e-07 9.33566304e-07 9.34250930e-07 9.34935557e-07
 9.35620183e-07 9.36304809e-07 9.36989436e-07 9.37674062e-07
 9.38358689e-07 9.39043315e-07 9.39727942e-07 9.40412568e-07
 9.41097194e-07 9.41781821e-07 9.42466447e-07 9.43151074e-07
 9.43835700e-07 9.44520326e-07 9.45204953e-07 9.45889579e-07
 9.46574206e-07 9.47258832e-07 9.47943459e-07 9.48628085e-07
 9.49312711e-07 9.49997338e-07 9.50681964e-07 9.51366591e-07
 9.52051217e-07 9.52735844e-07 9.53420470e-07 9.54105096e-07
 9.54789723e-07 9.55474349e-07 9.56158976e-07 9.56843602e-07
 9.57528228e-07 9.58212855e-07 9.58897481e-07 9.59582108e-07
 9.60266734e-07 9.60951361e-07 9.61635987e-07 9.62320613e-07
 9.63005240e-07 9.63689866e-07 9.64374493e-07 9.65059119e-07
 9.65743746e-07 9.66428372e-07 9.67112998e-07 9.67797625e-07
 9.68482251e-07 9.69166878e-07 9.69851504e-07 9.70536130e-07
 9.71220757e-07 9.71905383e-07 9.72590010e-07 9.73274636e-07
 9.73959263e-07 9.74643889e-07 9.75328515e-07 9.76013142e-07
 9.76697768e-07 9.77382395e-07 9.78067021e-07 9.78751648e-07
 9.79436274e-07 9.80120900e-07 9.80805527e-07 9.81490153e-07
 9.82174780e-07 9.82859406e-07 9.83544032e-07 9.84228659e-07
 9.84913285e-07 9.85597912e-07 9.86282538e-07 9.86967165e-07
 9.87651791e-07 9.88336417e-07 9.89021044e-07 9.89705670e-07
 9.90390297e-07 9.91074923e-07 9.91759550e-07 9.92444176e-07
 9.93128802e-07 9.93813429e-07 9.94498055e-07 9.95182682e-07
 9.95867308e-07 9.96551934e-07 9.97236561e-07 9.97921187e-07
 9.98605814e-07]
Frequencies: [9.20000000e+01 4.35000000e+02 7.48000000e+02 9.23000000e+02
 1.58300000e+03 2.02800000e+03 2.47800000e+03 3.71600000e+03
 5.64700000e+03 7.10500000e+03 8.96100000e+03 1.11400000e+04
 1.24560000e+04 1.50460000e+04 1.83290000e+04 2.34310000e+04
 2.60770000e+04 3.09670000e+04 3.68880000e+04 4.13940000e+04
 4.39530000e+04 4.81740000e+04 5.33930000e+04 6.15680000e+04
 6.73130000e+04 7.41160000e+04 7.76170000e+04 8.13290000e+04
 8.24860000e+04 9.33690000e+04 1.01112000e+05 1.03267000e+05
 1.12614000e+05 1.16534000e+05 1.18577000e+05 1.25584000e+05
 1.29337000e+05 1.41021000e+05 1.41798000e+05 1.45757000e+05
 1.47971000e+05 1.54446000e+05 1.57683000e+05 1.63987000e+05
 1.71898000e+05 1.78415000e+05 1.84430000e+05 1.91258000e+05
 1.93452000e+05 2.00996000e+05 2.05384000e+05 2.17530000e+05
 2.18104000e+05 2.29837000e+05 2.39878000e+05 2.41501000e+05
 2.47916000e+05 2.57566000e+05 2.62610000e+05 2.65748000e+05
 2.78446000e+05 2.80771000e+05 2.87618000e+05 2.94348000e+05
 2.97987000e+05 2.98898000e+05 3.06406000e+05 3.08141000e+05
 3.04594000e+05 3.07591000e+05 3.12273000e+05 3.19790000e+05
 3.14066000e+05 3.21250000e+05 3.25163000e+05 3.21524000e+05
 3.28391000e+05 3.32967000e+05 3.33552000e+05 3.30637000e+05
 3.31960000e+05 3.30437000e+05 3.30223000e+05 3.33622000e+05
 3.38066000e+05 3.39912000e+05 3.41785000e+05 3.35391000e+05
 3.38716000e+05 3.40870000e+05 3.33786000e+05 3.39870000e+05
 3.36181000e+05 3.38531000e+05 3.45526000e+05 3.45798000e+05
 3.47444000e+05 3.48053000e+05 3.48769000e+05 4.52223567e+09]
