Standard Deviation: 2.726874711444141e-05
Skewness: 10.72526747563026
Kurtosis: 169.24034139258697
Median: 2.3245196664548596e-11
Mean: 5.548524389482703e-06
Deciles: [2.03575958e-34 1.93344194e-07]
Minimum: 0.0
Maximum: 0.001889492498696752
Bin Edges: [0.00000000e+00 1.88949250e-05 3.77898500e-05 5.66847750e-05
 7.55796999e-05 9.44746249e-05 1.13369550e-04 1.32264475e-04
 1.51159400e-04 1.70054325e-04 1.88949250e-04 2.07844175e-04
 2.26739100e-04 2.45634025e-04 2.64528950e-04 2.83423875e-04
 3.02318800e-04 3.21213725e-04 3.40108650e-04 3.59003575e-04
 3.77898500e-04 3.96793425e-04 4.15688350e-04 4.34583275e-04
 4.53478200e-04 4.72373125e-04 4.91268050e-04 5.10162975e-04
 5.29057900e-04 5.47952825e-04 5.66847750e-04 5.85742675e-04
 6.04637600e-04 6.23532525e-04 6.42427450e-04 6.61322375e-04
 6.80217300e-04 6.99112225e-04 7.18007150e-04 7.36902074e-04
 7.55796999e-04 7.74691924e-04 7.93586849e-04 8.12481774e-04
 8.31376699e-04 8.50271624e-04 8.69166549e-04 8.88061474e-04
 9.06956399e-04 9.25851324e-04 9.44746249e-04 9.63641174e-04
 9.82536099e-04 1.00143102e-03 1.02032595e-03 1.03922087e-03
 1.05811580e-03 1.07701072e-03 1.09590565e-03 1.11480057e-03
 1.13369550e-03 1.15259042e-03 1.17148535e-03 1.19038027e-03
 1.20927520e-03 1.22817012e-03 1.24706505e-03 1.26595997e-03
 1.28485490e-03 1.30374982e-03 1.32264475e-03 1.34153967e-03
 1.36043460e-03 1.37932952e-03 1.39822445e-03 1.41711937e-03
 1.43601430e-03 1.45490922e-03 1.47380415e-03 1.49269907e-03
 1.51159400e-03 1.53048892e-03 1.54938385e-03 1.56827877e-03
 1.58717370e-03 1.60606862e-03 1.62496355e-03 1.64385847e-03
 1.66275340e-03 1.68164832e-03 1.70054325e-03 1.71943817e-03
 1.73833310e-03 1.75722802e-03 1.77612295e-03 1.79501787e-03
 1.81391280e-03 1.83280772e-03 1.85170265e-03 1.87059757e-03
 1.88949250e-03]
Frequencies: [4.24356330e+09 1.10966646e+08 6.30354720e+07 3.78890380e+07
 2.33503660e+07 1.50935810e+07 1.02765880e+07 7.29611800e+06
 5.35930200e+06 4.07853900e+06 3.19806600e+06 2.56663600e+06
 2.10434000e+06 1.75339000e+06 1.48242800e+06 1.26150800e+06
 1.08682100e+06 9.37848000e+05 8.15960000e+05 7.08033000e+05
 6.16437000e+05 5.37065000e+05 4.66878000e+05 4.04449000e+05
 3.51026000e+05 3.02091000e+05 2.60232000e+05 2.23500000e+05
 1.91193000e+05 1.63289000e+05 1.37831000e+05 1.16992000e+05
 9.88900000e+04 8.34210000e+04 6.99040000e+04 5.85960000e+04
 4.92200000e+04 4.06930000e+04 3.37550000e+04 2.80440000e+04
 2.31830000e+04 1.89630000e+04 1.54850000e+04 1.26260000e+04
 1.03270000e+04 8.59800000e+03 6.86300000e+03 5.72200000e+03
 4.60800000e+03 3.68100000e+03 2.94700000e+03 2.49800000e+03
 2.01500000e+03 1.59500000e+03 1.34700000e+03 1.09700000e+03
 8.90000000e+02 7.39000000e+02 5.65000000e+02 4.45000000e+02
 3.78000000e+02 3.23000000e+02 2.52000000e+02 1.89000000e+02
 1.81000000e+02 1.72000000e+02 1.25000000e+02 1.00000000e+02
 1.05000000e+02 7.60000000e+01 6.20000000e+01 5.50000000e+01
 5.30000000e+01 2.90000000e+01 3.50000000e+01 2.00000000e+01
 3.40000000e+01 2.10000000e+01 1.50000000e+01 2.20000000e+01
 9.00000000e+00 1.40000000e+01 7.00000000e+00 8.00000000e+00
 9.00000000e+00 3.00000000e+00 6.00000000e+00 3.00000000e+00
 3.00000000e+00 0.00000000e+00 2.00000000e+00 1.00000000e+00
 0.00000000e+00 3.00000000e+00 1.00000000e+00 1.00000000e+00
 0.00000000e+00 1.00000000e+00 0.00000000e+00 1.00000000e+00]
