Standard Deviation: 5.691844414330594
Skewness: 0.040297869658846346
Kurtosis: 12.696372501978875
Median: -0.0078034881042303005
Mean: -0.0031275997297776875
Deciles: [-2.1062391   2.08866844]
Minimum: -70.0963839261205
Maximum: 72.59188812147124
Bin Edges: [-70.09638393 -68.66950121 -67.24261849 -65.81573576 -64.38885304
 -62.96197032 -61.5350876  -60.10820488 -58.68132216 -57.25443944
 -55.82755672 -54.400674   -52.97379128 -51.54690856 -50.12002584
 -48.69314312 -47.2662604  -45.83937768 -44.41249496 -42.98561224
 -41.55872952 -40.1318468  -38.70496408 -37.27808136 -35.85119863
 -34.42431591 -32.99743319 -31.57055047 -30.14366775 -28.71678503
 -27.28990231 -25.86301959 -24.43613687 -23.00925415 -21.58237143
 -20.15548871 -18.72860599 -17.30172327 -15.87484055 -14.44795783
 -13.02107511 -11.59419239 -10.16730967  -8.74042695  -7.31354423
  -5.8866615   -4.45977878  -3.03289606  -1.60601334  -0.17913062
   1.2477521    2.67463482   4.10151754   5.52840026   6.95528298
   8.3821657    9.80904842  11.23593114  12.66281386  14.08969658
  15.5165793   16.94346202  18.37034474  19.79722746  21.22411018
  22.6509929   24.07787563  25.50475835  26.93164107  28.35852379
  29.78540651  31.21228923  32.63917195  34.06605467  35.49293739
  36.91982011  38.34670283  39.77358555  41.20046827  42.62735099
  44.05423371  45.48111643  46.90799915  48.33488187  49.76176459
  51.18864731  52.61553003  54.04241276  55.46929548  56.8961782
  58.32306092  59.74994364  61.17682636  62.60370908  64.0305918
  65.45747452  66.88435724  68.31123996  69.73812268  71.1650054
  72.59188812]
Frequencies: [5.60000000e+01 1.58000000e+02 4.62000000e+02 6.77000000e+02
 1.06400000e+03 2.26900000e+03 4.92500000e+03 8.97100000e+03
 1.44490000e+04 2.39590000e+04 3.54710000e+04 4.89340000e+04
 6.60700000e+04 8.61880000e+04 1.10808000e+05 1.48817000e+05
 1.98406000e+05 2.56598000e+05 3.23502000e+05 4.03719000e+05
 5.11693000e+05 6.24164000e+05 7.47399000e+05 8.94217000e+05
 1.06906700e+06 1.27399600e+06 1.52307600e+06 1.81564200e+06
 2.15157200e+06 2.55778500e+06 3.03697300e+06 3.61477400e+06
 4.32319900e+06 5.17812400e+06 6.20336600e+06 7.41427500e+06
 8.92653600e+06 1.08136070e+07 1.31291320e+07 1.61753260e+07
 2.02861150e+07 2.61601260e+07 3.52664700e+07 5.14561190e+07
 8.55983480e+07 1.62543275e+08 3.21432257e+08 5.69499293e+08
 8.01004736e+08 8.32584882e+08 6.34091603e+08 3.73912581e+08
 1.91516399e+08 9.85623240e+07 5.72050430e+07 3.79618570e+07
 2.76521960e+07 2.13147300e+07 1.70050410e+07 1.38067420e+07
 1.13666730e+07 9.42233100e+06 7.85888400e+06 6.56370000e+06
 5.50530000e+06 4.61925600e+06 3.88016500e+06 3.27762200e+06
 2.77529700e+06 2.33481300e+06 1.95814800e+06 1.63925600e+06
 1.36720800e+06 1.14260400e+06 9.48137000e+05 7.86852000e+05
 6.55407000e+05 5.40950000e+05 4.36828000e+05 3.49522000e+05
 2.78572000e+05 2.17094000e+05 1.69149000e+05 1.32346000e+05
 1.03106000e+05 7.84960000e+04 5.80380000e+04 4.01260000e+04
 2.79360000e+04 2.16610000e+04 1.59830000e+04 1.19550000e+04
 8.82100000e+03 5.40800000e+03 2.79200000e+03 1.95500000e+03
 1.33300000e+03 4.32000000e+02 1.86000000e+02 9.50000000e+01]
