Standard Deviation: 7.715031718245316e-14
Skewness: 33551.73592794074
Kurtosis: 1128762392.2024932
Median: 0.0
Mean: 2.4340442161574564e-18
Deciles: [0.00000000e+00 4.25567891e-49]
Minimum: 0.0
Maximum: 2.635942207819444e-09
Bin Edges: [0.00000000e+00 2.63594221e-11 5.27188442e-11 7.90782662e-11
 1.05437688e-10 1.31797110e-10 1.58156532e-10 1.84515955e-10
 2.10875377e-10 2.37234799e-10 2.63594221e-10 2.89953643e-10
 3.16313065e-10 3.42672487e-10 3.69031909e-10 3.95391331e-10
 4.21750753e-10 4.48110175e-10 4.74469597e-10 5.00829019e-10
 5.27188442e-10 5.53547864e-10 5.79907286e-10 6.06266708e-10
 6.32626130e-10 6.58985552e-10 6.85344974e-10 7.11704396e-10
 7.38063818e-10 7.64423240e-10 7.90782662e-10 8.17142084e-10
 8.43501507e-10 8.69860929e-10 8.96220351e-10 9.22579773e-10
 9.48939195e-10 9.75298617e-10 1.00165804e-09 1.02801746e-09
 1.05437688e-09 1.08073631e-09 1.10709573e-09 1.13345515e-09
 1.15981457e-09 1.18617399e-09 1.21253342e-09 1.23889284e-09
 1.26525226e-09 1.29161168e-09 1.31797110e-09 1.34433053e-09
 1.37068995e-09 1.39704937e-09 1.42340879e-09 1.44976821e-09
 1.47612764e-09 1.50248706e-09 1.52884648e-09 1.55520590e-09
 1.58156532e-09 1.60792475e-09 1.63428417e-09 1.66064359e-09
 1.68700301e-09 1.71336244e-09 1.73972186e-09 1.76608128e-09
 1.79244070e-09 1.81880012e-09 1.84515955e-09 1.87151897e-09
 1.89787839e-09 1.92423781e-09 1.95059723e-09 1.97695666e-09
 2.00331608e-09 2.02967550e-09 2.05603492e-09 2.08239434e-09
 2.10875377e-09 2.13511319e-09 2.16147261e-09 2.18783203e-09
 2.21419145e-09 2.24055088e-09 2.26691030e-09 2.29326972e-09
 2.31962914e-09 2.34598856e-09 2.37234799e-09 2.39870741e-09
 2.42506683e-09 2.45142625e-09 2.47778568e-09 2.50414510e-09
 2.53050452e-09 2.55686394e-09 2.58322336e-09 2.60958279e-09
 2.63594221e-09]
Frequencies: [4.54118399e+09 2.00000000e+00 0.00000000e+00 0.00000000e+00
 0.00000000e+00 0.00000000e+00 0.00000000e+00 0.00000000e+00
 0.00000000e+00 0.00000000e+00 1.00000000e+00 0.00000000e+00
 0.00000000e+00 0.00000000e+00 0.00000000e+00 0.00000000e+00
 0.00000000e+00 0.00000000e+00 0.00000000e+00 0.00000000e+00
 0.00000000e+00 0.00000000e+00 0.00000000e+00 0.00000000e+00
 0.00000000e+00 0.00000000e+00 0.00000000e+00 0.00000000e+00
 0.00000000e+00 0.00000000e+00 0.00000000e+00 0.00000000e+00
 0.00000000e+00 0.00000000e+00 0.00000000e+00 0.00000000e+00
 0.00000000e+00 0.00000000e+00 0.00000000e+00 0.00000000e+00
 0.00000000e+00 0.00000000e+00 0.00000000e+00 0.00000000e+00
 0.00000000e+00 0.00000000e+00 0.00000000e+00 0.00000000e+00
 0.00000000e+00 0.00000000e+00 0.00000000e+00 0.00000000e+00
 0.00000000e+00 0.00000000e+00 0.00000000e+00 0.00000000e+00
 0.00000000e+00 0.00000000e+00 0.00000000e+00 0.00000000e+00
 0.00000000e+00 0.00000000e+00 0.00000000e+00 0.00000000e+00
 0.00000000e+00 0.00000000e+00 0.00000000e+00 0.00000000e+00
 0.00000000e+00 0.00000000e+00 0.00000000e+00 0.00000000e+00
 0.00000000e+00 0.00000000e+00 0.00000000e+00 0.00000000e+00
 0.00000000e+00 0.00000000e+00 0.00000000e+00 0.00000000e+00
 0.00000000e+00 0.00000000e+00 0.00000000e+00 0.00000000e+00
 0.00000000e+00 0.00000000e+00 0.00000000e+00 0.00000000e+00
 0.00000000e+00 0.00000000e+00 0.00000000e+00 0.00000000e+00
 0.00000000e+00 0.00000000e+00 0.00000000e+00 0.00000000e+00
 1.00000000e+00 0.00000000e+00 2.00000000e+00 1.00000000e+00]
