Standard Deviation: 19.16869121887498
Skewness: -0.03770059566187646
Kurtosis: 0.23104777162593448
Median: 15.647270094022671
Mean: 15.771494996992008
Deciles: [ 3.42642066 28.42253902]
Minimum: -61.27141680942166
Maximum: 111.83791687088129
Bin Edges: [-61.27141681 -59.54032347 -57.80923014 -56.0781368  -54.34704346
 -52.61595013 -50.88485679 -49.15376345 -47.42267011 -45.69157678
 -43.96048344 -42.2293901  -40.49829677 -38.76720343 -37.03611009
 -35.30501676 -33.57392342 -31.84283008 -30.11173675 -28.38064341
 -26.64955007 -24.91845674 -23.1873634  -21.45627006 -19.72517673
 -17.99408339 -16.26299005 -14.53189672 -12.80080338 -11.06971004
  -9.33861671  -7.60752337  -5.87643003  -4.14533669  -2.41424336
  -0.68315002   1.04794332   2.77903665   4.51012999   6.24122333
   7.97231666   9.70341     11.43450334  13.16559667  14.89669001
  16.62778335  18.35887668  20.08997002  21.82106336  23.55215669
  25.28325003  27.01434337  28.7454367   30.47653004  32.20762338
  33.93871671  35.66981005  37.40090339  39.13199673  40.86309006
  42.5941834   44.32527674  46.05637007  47.78746341  49.51855675
  51.24965008  52.98074342  54.71183676  56.44293009  58.17402343
  59.90511677  61.6362101   63.36730344  65.09839678  66.82949011
  68.56058345  70.29167679  72.02277012  73.75386346  75.4849568
  77.21605013  78.94714347  80.67823681  82.40933015  84.14042348
  85.87151682  87.60261016  89.33370349  91.06479683  92.79589017
  94.5269835   96.25807684  97.98917018  99.72026351 101.45135685
 103.18245019 104.91354352 106.64463686 108.3757302  110.10682353
 111.83791687]
Frequencies: [6.80000000e+01 9.87000000e+02 6.04800000e+03 3.24510000e+04
 1.26300000e+05 4.52918000e+05 1.06966100e+06 1.25702600e+06
 1.63960900e+06 2.11335600e+06 2.67197600e+06 3.31839700e+06
 4.06232200e+06 4.97443700e+06 6.08696500e+06 7.37472200e+06
 8.83301100e+06 1.05329620e+07 1.24322050e+07 1.45460980e+07
 1.68806840e+07 1.94732120e+07 2.22507090e+07 2.53505680e+07
 2.87404140e+07 3.26051810e+07 3.68533200e+07 4.17217670e+07
 4.73762960e+07 5.41031140e+07 6.21194450e+07 7.16051780e+07
 8.26668110e+07 9.50913810e+07 1.08476791e+08 1.21834602e+08
 1.33894119e+08 1.43823710e+08 1.51833527e+08 1.57971950e+08
 1.62283444e+08 1.65268502e+08 1.66898011e+08 1.67437764e+08
 1.66958871e+08 1.65488269e+08 1.63008746e+08 1.59264141e+08
 1.54334302e+08 1.48221798e+08 1.41248130e+08 1.33566366e+08
 1.25369005e+08 1.16847219e+08 1.07893985e+08 9.86824380e+07
 8.93380060e+07 8.02549240e+07 7.15860130e+07 6.31867830e+07
 5.53143620e+07 4.81228480e+07 4.15778580e+07 3.56191180e+07
 3.03860890e+07 2.57619390e+07 2.17693590e+07 1.82707370e+07
 1.52817170e+07 1.26752480e+07 1.04814000e+07 8.63747100e+06
 7.06510400e+06 5.74522900e+06 4.63983700e+06 3.73716800e+06
 2.98348300e+06 2.36933300e+06 1.84514700e+06 1.43213600e+06
 1.09488800e+06 8.41700000e+05 6.33636000e+05 4.70744000e+05
 3.42995000e+05 2.48185000e+05 1.74189000e+05 1.20259000e+05
 8.01590000e+04 5.12280000e+04 3.10530000e+04 1.80520000e+04
 1.07740000e+04 4.60200000e+03 2.79100000e+03 1.34900000e+03
 5.06000000e+02 2.35000000e+02 4.10000000e+01 1.60000000e+01]
