Standard Deviation: 2.1569057389698062e-08
Skewness: 0.36236670742571664
Kurtosis: -0.8855510396826172
Median: 4.80669768353468e-08
Mean: 5.406203034848573e-08
Deciles: [3.72825542e-08 7.40467801e-08]
Minimum: 1.0678228147836935e-08
Maximum: 1.392616851223973e-07
Bin Edges: [1.06782281e-08 1.19640627e-08 1.32498973e-08 1.45357319e-08
 1.58215664e-08 1.71074010e-08 1.83932356e-08 1.96790701e-08
 2.09649047e-08 2.22507393e-08 2.35365738e-08 2.48224084e-08
 2.61082430e-08 2.73940776e-08 2.86799121e-08 2.99657467e-08
 3.12515813e-08 3.25374158e-08 3.38232504e-08 3.51090850e-08
 3.63949195e-08 3.76807541e-08 3.89665887e-08 4.02524233e-08
 4.15382578e-08 4.28240924e-08 4.41099270e-08 4.53957615e-08
 4.66815961e-08 4.79674307e-08 4.92532652e-08 5.05390998e-08
 5.18249344e-08 5.31107689e-08 5.43966035e-08 5.56824381e-08
 5.69682727e-08 5.82541072e-08 5.95399418e-08 6.08257764e-08
 6.21116109e-08 6.33974455e-08 6.46832801e-08 6.59691146e-08
 6.72549492e-08 6.85407838e-08 6.98266184e-08 7.11124529e-08
 7.23982875e-08 7.36841221e-08 7.49699566e-08 7.62557912e-08
 7.75416258e-08 7.88274603e-08 8.01132949e-08 8.13991295e-08
 8.26849641e-08 8.39707986e-08 8.52566332e-08 8.65424678e-08
 8.78283023e-08 8.91141369e-08 9.03999715e-08 9.16858060e-08
 9.29716406e-08 9.42574752e-08 9.55433098e-08 9.68291443e-08
 9.81149789e-08 9.94008135e-08 1.00686648e-07 1.01972483e-07
 1.03258317e-07 1.04544152e-07 1.05829986e-07 1.07115821e-07
 1.08401655e-07 1.09687490e-07 1.10973325e-07 1.12259159e-07
 1.13544994e-07 1.14830828e-07 1.16116663e-07 1.17402497e-07
 1.18688332e-07 1.19974167e-07 1.21260001e-07 1.22545836e-07
 1.23831670e-07 1.25117505e-07 1.26403339e-07 1.27689174e-07
 1.28975009e-07 1.30260843e-07 1.31546678e-07 1.32832512e-07
 1.34118347e-07 1.35404181e-07 1.36690016e-07 1.37975851e-07
 1.39261685e-07]
Frequencies: [1.23745100e+06 6.18164800e+06 1.20040120e+07 1.91696500e+07
 2.65697700e+07 2.76939280e+07 2.74164970e+07 2.84173840e+07
 2.93372480e+07 3.30499020e+07 4.55161640e+07 6.16784490e+07
 7.37679580e+07 7.82254950e+07 8.48100890e+07 9.27552640e+07
 1.00617004e+08 1.04642781e+08 1.06220709e+08 1.04071861e+08
 1.03881926e+08 1.02657461e+08 1.03665924e+08 1.06209032e+08
 1.11638768e+08 1.17499734e+08 1.26124100e+08 1.53753856e+08
 2.63586760e+08 1.79834545e+08 1.05885146e+08 6.34224860e+07
 5.11922300e+07 4.70109940e+07 4.40476040e+07 4.27484170e+07
 4.15285800e+07 4.00703540e+07 3.84897610e+07 3.81929260e+07
 4.01699800e+07 4.15366200e+07 4.26951240e+07 4.59991210e+07
 4.92192940e+07 5.03740020e+07 5.24288320e+07 5.66191980e+07
 6.31397370e+07 6.97884480e+07 7.46967630e+07 7.65526620e+07
 8.55259900e+07 9.41075650e+07 9.49499260e+07 9.01177600e+07
 7.96666060e+07 7.33073730e+07 6.81916090e+07 5.94562070e+07
 4.96476230e+07 3.79399170e+07 3.00906750e+07 2.53267130e+07
 2.20698450e+07 1.94087360e+07 1.68138180e+07 1.50664420e+07
 1.34006630e+07 1.18164100e+07 1.00544900e+07 8.36067100e+06
 6.47398500e+06 4.66906800e+06 3.21603300e+06 2.61531900e+06
 2.18892800e+06 1.79137300e+06 1.51467000e+06 1.21393800e+06
 1.10141000e+06 9.27341000e+05 7.35115000e+05 3.77216000e+05
 1.87294000e+05 1.29372000e+05 1.21622000e+05 1.22082000e+05
 9.11340000e+04 7.82050000e+04 7.13300000e+04 5.98710000e+04
 4.49590000e+04 3.39450000e+04 2.59250000e+04 1.50310000e+04
 8.05200000e+03 4.46700000e+03 2.96400000e+03 6.63000000e+02]
