Standard Deviation: 13.83723326530568
Skewness: 0.06043721921736783
Kurtosis: 2.0185525288131902
Median: -0.11730967324986717
Mean: -0.037861857117709126
Deciles: [-7.23112569  7.04609942]
Minimum: -82.62271782194631
Maximum: 97.04140955188578
Bin Edges: [-8.26227178e+01 -8.08260765e+01 -7.90294353e+01 -7.72327940e+01
 -7.54361527e+01 -7.36395115e+01 -7.18428702e+01 -7.00462289e+01
 -6.82495876e+01 -6.64529464e+01 -6.46563051e+01 -6.28596638e+01
 -6.10630225e+01 -5.92663813e+01 -5.74697400e+01 -5.56730987e+01
 -5.38764574e+01 -5.20798162e+01 -5.02831749e+01 -4.84865336e+01
 -4.66898923e+01 -4.48932511e+01 -4.30966098e+01 -4.12999685e+01
 -3.95033273e+01 -3.77066860e+01 -3.59100447e+01 -3.41134034e+01
 -3.23167622e+01 -3.05201209e+01 -2.87234796e+01 -2.69268383e+01
 -2.51301971e+01 -2.33335558e+01 -2.15369145e+01 -1.97402732e+01
 -1.79436320e+01 -1.61469907e+01 -1.43503494e+01 -1.25537081e+01
 -1.07570669e+01 -8.96042560e+00 -7.16378432e+00 -5.36714305e+00
 -3.57050178e+00 -1.77386050e+00  2.27807700e-02  1.81942204e+00
  3.61606332e+00  5.41270459e+00  7.20934586e+00  9.00598714e+00
  1.08026284e+01  1.25992697e+01  1.43959110e+01  1.61925522e+01
  1.79891935e+01  1.97858348e+01  2.15824761e+01  2.33791173e+01
  2.51757586e+01  2.69723999e+01  2.87690411e+01  3.05656824e+01
  3.23623237e+01  3.41589650e+01  3.59556062e+01  3.77522475e+01
  3.95488888e+01  4.13455301e+01  4.31421713e+01  4.49388126e+01
  4.67354539e+01  4.85320952e+01  5.03287364e+01  5.21253777e+01
  5.39220190e+01  5.57186603e+01  5.75153015e+01  5.93119428e+01
  6.11085841e+01  6.29052254e+01  6.47018666e+01  6.64985079e+01
  6.82951492e+01  7.00917904e+01  7.18884317e+01  7.36850730e+01
  7.54817143e+01  7.72783555e+01  7.90749968e+01  8.08716381e+01
  8.26682794e+01  8.44649206e+01  8.62615619e+01  8.80582032e+01
  8.98548445e+01  9.16514857e+01  9.34481270e+01  9.52447683e+01
  9.70414096e+01]
Frequencies: [1.31000000e+02 4.14000000e+02 9.18000000e+02 2.11100000e+03
 5.15500000e+03 1.12520000e+04 2.39140000e+04 4.68300000e+04
 8.90430000e+04 1.54439000e+05 2.51706000e+05 3.82692000e+05
 5.64435000e+05 8.14290000e+05 1.12572900e+06 1.52047500e+06
 1.97961100e+06 2.45733000e+06 2.84379000e+06 3.40010300e+06
 4.11610100e+06 4.97427000e+06 6.01247200e+06 7.24163900e+06
 8.69495900e+06 1.04261640e+07 1.24630390e+07 1.48655700e+07
 1.76955730e+07 2.10405410e+07 2.50296020e+07 2.97637120e+07
 3.54710250e+07 4.23979240e+07 5.08503120e+07 6.12277480e+07
 7.41301890e+07 9.01962380e+07 1.10305299e+08 1.35131396e+08
 1.65305879e+08 2.00465896e+08 2.38767296e+08 2.77121488e+08
 3.09347613e+08 3.27632374e+08 3.25600120e+08 3.03761335e+08
 2.69329786e+08 2.30137242e+08 1.91999310e+08 1.58101600e+08
 1.29744540e+08 1.06440294e+08 8.75751110e+07 7.24638330e+07
 6.02792240e+07 5.03230410e+07 4.20862130e+07 3.52823470e+07
 2.96875650e+07 2.49982920e+07 2.10652610e+07 1.77624200e+07
 1.50080730e+07 1.26716140e+07 1.06642100e+07 8.97039900e+06
 7.51151200e+06 6.26778100e+06 5.20792200e+06 4.32231500e+06
 3.56437400e+06 2.92093500e+06 2.39291000e+06 1.93313000e+06
 1.55579600e+06 1.23485900e+06 9.78631000e+05 7.63617000e+05
 5.88956000e+05 4.46311000e+05 3.37997000e+05 2.52917000e+05
 1.88781000e+05 1.34684000e+05 9.48690000e+04 6.50940000e+04
 4.35490000e+04 2.88110000e+04 1.92060000e+04 1.18680000e+04
 7.75000000e+03 4.35800000e+03 2.29700000e+03 1.20400000e+03
 5.92000000e+02 2.54000000e+02 1.49000000e+02 5.40000000e+01]
