Standard Deviation: 9.08859057929151e-06
Skewness: 7.1823141210051675
Kurtosis: 64.34249367934801
Median: 0.0
Mean: 1.931913054470166e-06
Deciles: [0.00000000e+00 1.89547096e-12]
Minimum: 0.0
Maximum: 0.00026148482196976485
Bin Edges: [0.00000000e+00 2.61484822e-06 5.22969644e-06 7.84454466e-06
 1.04593929e-05 1.30742411e-05 1.56890893e-05 1.83039375e-05
 2.09187858e-05 2.35336340e-05 2.61484822e-05 2.87633304e-05
 3.13781786e-05 3.39930269e-05 3.66078751e-05 3.92227233e-05
 4.18375715e-05 4.44524197e-05 4.70672680e-05 4.96821162e-05
 5.22969644e-05 5.49118126e-05 5.75266608e-05 6.01415091e-05
 6.27563573e-05 6.53712055e-05 6.79860537e-05 7.06009019e-05
 7.32157502e-05 7.58305984e-05 7.84454466e-05 8.10602948e-05
 8.36751430e-05 8.62899913e-05 8.89048395e-05 9.15196877e-05
 9.41345359e-05 9.67493841e-05 9.93642323e-05 1.01979081e-04
 1.04593929e-04 1.07208777e-04 1.09823625e-04 1.12438473e-04
 1.15053322e-04 1.17668170e-04 1.20283018e-04 1.22897866e-04
 1.25512715e-04 1.28127563e-04 1.30742411e-04 1.33357259e-04
 1.35972107e-04 1.38586956e-04 1.41201804e-04 1.43816652e-04
 1.46431500e-04 1.49046349e-04 1.51661197e-04 1.54276045e-04
 1.56890893e-04 1.59505741e-04 1.62120590e-04 1.64735438e-04
 1.67350286e-04 1.69965134e-04 1.72579983e-04 1.75194831e-04
 1.77809679e-04 1.80424527e-04 1.83039375e-04 1.85654224e-04
 1.88269072e-04 1.90883920e-04 1.93498768e-04 1.96113616e-04
 1.98728465e-04 2.01343313e-04 2.03958161e-04 2.06573009e-04
 2.09187858e-04 2.11802706e-04 2.14417554e-04 2.17032402e-04
 2.19647250e-04 2.22262099e-04 2.24876947e-04 2.27491795e-04
 2.30106643e-04 2.32721492e-04 2.35336340e-04 2.37951188e-04
 2.40566036e-04 2.43180884e-04 2.45795733e-04 2.48410581e-04
 2.51025429e-04 2.53640277e-04 2.56255126e-04 2.58869974e-04
 2.61484822e-04]
Frequencies: [4.16910956e+09 6.89772860e+07 4.25236190e+07 3.19628770e+07
 2.61565490e+07 2.23451760e+07 1.94962740e+07 1.72231710e+07
 1.53283240e+07 1.36896170e+07 1.22092560e+07 1.08838890e+07
 9.70589600e+06 8.64627400e+06 7.69802100e+06 6.81944700e+06
 6.03246600e+06 5.32343100e+06 4.69462400e+06 4.14988000e+06
 3.66471300e+06 3.24825100e+06 2.88425900e+06 2.56940100e+06
 2.29876400e+06 2.07849200e+06 1.88215500e+06 1.71175200e+06
 1.57370200e+06 1.45416300e+06 1.35284200e+06 1.26608400e+06
 1.19014000e+06 1.12432500e+06 1.06518100e+06 1.00560900e+06
 9.46473000e+05 8.92505000e+05 8.30488000e+05 7.58078000e+05
 6.78497000e+05 5.97973000e+05 5.17604000e+05 4.39123000e+05
 3.70342000e+05 3.08687000e+05 2.55916000e+05 2.12008000e+05
 1.75014000e+05 1.44248000e+05 1.19166000e+05 9.87040000e+04
 8.26190000e+04 6.83690000e+04 5.63930000e+04 4.68900000e+04
 3.98870000e+04 3.37560000e+04 2.79270000e+04 2.35570000e+04
 2.00650000e+04 1.65170000e+04 1.37340000e+04 1.12830000e+04
 9.11500000e+03 7.31900000e+03 6.39100000e+03 5.31900000e+03
 4.36200000e+03 3.76300000e+03 3.03700000e+03 2.50900000e+03
 1.98900000e+03 1.70700000e+03 1.37700000e+03 1.07500000e+03
 9.09000000e+02 7.78000000e+02 6.41000000e+02 4.89000000e+02
 3.59000000e+02 3.12000000e+02 2.25000000e+02 2.04000000e+02
 1.67000000e+02 1.34000000e+02 1.10000000e+02 6.80000000e+01
 6.50000000e+01 6.30000000e+01 3.80000000e+01 3.70000000e+01
 3.90000000e+01 2.70000000e+01 2.30000000e+01 1.40000000e+01
 1.80000000e+01 8.00000000e+00 8.00000000e+00 7.00000000e+00]
