Standard Deviation: 5.793544946298312e-05
Skewness: 5.0433157853442765
Kurtosis: 36.08369793899631
Median: 5.271056180749854e-06
Mean: 2.6269290261597583e-05
Deciles: [5.06378457e-08 2.67402943e-05]
Minimum: 0.0
Maximum: 0.0010634414840595243
Bin Edges: [0.00000000e+00 1.06344148e-05 2.12688297e-05 3.19032445e-05
 4.25376594e-05 5.31720742e-05 6.38064890e-05 7.44409039e-05
 8.50753187e-05 9.57097336e-05 1.06344148e-04 1.16978563e-04
 1.27612978e-04 1.38247393e-04 1.48881808e-04 1.59516223e-04
 1.70150637e-04 1.80785052e-04 1.91419467e-04 2.02053882e-04
 2.12688297e-04 2.23322712e-04 2.33957126e-04 2.44591541e-04
 2.55225956e-04 2.65860371e-04 2.76494786e-04 2.87129201e-04
 2.97763616e-04 3.08398030e-04 3.19032445e-04 3.29666860e-04
 3.40301275e-04 3.50935690e-04 3.61570105e-04 3.72204519e-04
 3.82838934e-04 3.93473349e-04 4.04107764e-04 4.14742179e-04
 4.25376594e-04 4.36011008e-04 4.46645423e-04 4.57279838e-04
 4.67914253e-04 4.78548668e-04 4.89183083e-04 4.99817498e-04
 5.10451912e-04 5.21086327e-04 5.31720742e-04 5.42355157e-04
 5.52989572e-04 5.63623987e-04 5.74258401e-04 5.84892816e-04
 5.95527231e-04 6.06161646e-04 6.16796061e-04 6.27430476e-04
 6.38064890e-04 6.48699305e-04 6.59333720e-04 6.69968135e-04
 6.80602550e-04 6.91236965e-04 7.01871379e-04 7.12505794e-04
 7.23140209e-04 7.33774624e-04 7.44409039e-04 7.55043454e-04
 7.65677869e-04 7.76312283e-04 7.86946698e-04 7.97581113e-04
 8.08215528e-04 8.18849943e-04 8.29484358e-04 8.40118772e-04
 8.50753187e-04 8.61387602e-04 8.72022017e-04 8.82656432e-04
 8.93290847e-04 9.03925261e-04 9.14559676e-04 9.25194091e-04
 9.35828506e-04 9.46462921e-04 9.57097336e-04 9.67731750e-04
 9.78366165e-04 9.89000580e-04 9.99634995e-04 1.01026941e-03
 1.02090382e-03 1.03153824e-03 1.04217265e-03 1.05280707e-03
 1.06344148e-03]
Frequencies: [2.70356113e+09 5.17717844e+08 3.27085106e+08 2.22491064e+08
 1.56196613e+08 1.12905998e+08 8.37770810e+07 6.36707590e+07
 4.95614390e+07 3.95213150e+07 3.22052490e+07 2.67531960e+07
 2.25801210e+07 1.93069980e+07 1.66547340e+07 1.44918830e+07
 1.26982120e+07 1.11886590e+07 9.91000200e+06 8.81862000e+06
 7.87081400e+06 7.06502100e+06 6.35577700e+06 5.73490900e+06
 5.19168200e+06 4.71542800e+06 4.29332900e+06 3.91723500e+06
 3.58002400e+06 3.27508300e+06 3.00759200e+06 2.76081200e+06
 2.53990300e+06 2.33429600e+06 2.15605500e+06 1.98330700e+06
 1.82784700e+06 1.69049700e+06 1.56330200e+06 1.44559900e+06
 1.33554700e+06 1.23769200e+06 1.14310900e+06 1.05834700e+06
 9.79257000e+05 9.06151000e+05 8.40308000e+05 7.77994000e+05
 7.15643000e+05 6.64780000e+05 6.14190000e+05 5.66385000e+05
 5.24730000e+05 4.85766000e+05 4.48332000e+05 4.14759000e+05
 3.83075000e+05 3.52766000e+05 3.25429000e+05 2.99205000e+05
 2.75460000e+05 2.52032000e+05 2.30707000e+05 2.10652000e+05
 1.91854000e+05 1.73702000e+05 1.56543000e+05 1.41469000e+05
 1.28708000e+05 1.14791000e+05 1.03286000e+05 9.25140000e+04
 8.21020000e+04 7.33260000e+04 6.53130000e+04 5.84510000e+04
 5.20090000e+04 4.54290000e+04 3.98290000e+04 3.53780000e+04
 3.12380000e+04 2.66900000e+04 2.28380000e+04 1.95710000e+04
 1.66540000e+04 1.44910000e+04 1.21650000e+04 9.79000000e+03
 8.01900000e+03 6.23500000e+03 4.88300000e+03 3.58200000e+03
 2.51500000e+03 1.68700000e+03 1.03200000e+03 6.01000000e+02
 2.89000000e+02 1.14000000e+02 3.20000000e+01 1.50000000e+01]
