Standard Deviation: 1.0763829769309681e-38
Skewness: 118.25824039560125
Kurtosis: 24060.77983624745
Median: 5.1189359676164985e-45
Mean: 3.4077652364854702e-40
Deciles: [1.96978390e-47 1.08147279e-42]
Minimum: 0.0
Maximum: 7.950072698701605e-36
Bin Edges: [0.00000000e+00 7.95007270e-38 1.59001454e-37 2.38502181e-37
 3.18002908e-37 3.97503635e-37 4.77004362e-37 5.56505089e-37
 6.36005816e-37 7.15506543e-37 7.95007270e-37 8.74507997e-37
 9.54008724e-37 1.03350945e-36 1.11301018e-36 1.19251090e-36
 1.27201163e-36 1.35151236e-36 1.43101309e-36 1.51051381e-36
 1.59001454e-36 1.66951527e-36 1.74901599e-36 1.82851672e-36
 1.90801745e-36 1.98751817e-36 2.06701890e-36 2.14651963e-36
 2.22602036e-36 2.30552108e-36 2.38502181e-36 2.46452254e-36
 2.54402326e-36 2.62352399e-36 2.70302472e-36 2.78252544e-36
 2.86202617e-36 2.94152690e-36 3.02102763e-36 3.10052835e-36
 3.18002908e-36 3.25952981e-36 3.33903053e-36 3.41853126e-36
 3.49803199e-36 3.57753271e-36 3.65703344e-36 3.73653417e-36
 3.81603490e-36 3.89553562e-36 3.97503635e-36 4.05453708e-36
 4.13403780e-36 4.21353853e-36 4.29303926e-36 4.37253998e-36
 4.45204071e-36 4.53154144e-36 4.61104217e-36 4.69054289e-36
 4.77004362e-36 4.84954435e-36 4.92904507e-36 5.00854580e-36
 5.08804653e-36 5.16754725e-36 5.24704798e-36 5.32654871e-36
 5.40604944e-36 5.48555016e-36 5.56505089e-36 5.64455162e-36
 5.72405234e-36 5.80355307e-36 5.88305380e-36 5.96255452e-36
 6.04205525e-36 6.12155598e-36 6.20105670e-36 6.28055743e-36
 6.36005816e-36 6.43955889e-36 6.51905961e-36 6.59856034e-36
 6.67806107e-36 6.75756179e-36 6.83706252e-36 6.91656325e-36
 6.99606397e-36 7.07556470e-36 7.15506543e-36 7.23456616e-36
 7.31406688e-36 7.39356761e-36 7.47306834e-36 7.55256906e-36
 7.63206979e-36 7.71157052e-36 7.79107124e-36 7.87057197e-36
 7.95007270e-36]
Frequencies: [4.53829865e+09 1.32185200e+06 5.21007000e+05 2.94933000e+05
 1.89834000e+05 1.32056000e+05 9.42740000e+04 6.98390000e+04
 5.31500000e+04 4.12270000e+04 3.23160000e+04 2.51710000e+04
 1.98640000e+04 1.56990000e+04 1.26300000e+04 1.03270000e+04
 8.22900000e+03 6.52000000e+03 5.27500000e+03 4.32700000e+03
 3.55300000e+03 3.01200000e+03 2.50900000e+03 2.20100000e+03
 1.82400000e+03 1.64600000e+03 1.36200000e+03 1.26300000e+03
 1.02100000e+03 9.24000000e+02 8.26000000e+02 7.12000000e+02
 5.85000000e+02 5.34000000e+02 4.45000000e+02 3.98000000e+02
 4.10000000e+02 3.51000000e+02 3.28000000e+02 2.94000000e+02
 2.89000000e+02 2.43000000e+02 2.67000000e+02 2.09000000e+02
 1.80000000e+02 1.52000000e+02 1.50000000e+02 1.26000000e+02
 1.20000000e+02 1.09000000e+02 9.80000000e+01 9.40000000e+01
 7.30000000e+01 7.10000000e+01 5.40000000e+01 5.70000000e+01
 4.30000000e+01 5.10000000e+01 3.20000000e+01 2.70000000e+01
 1.60000000e+01 2.00000000e+01 2.10000000e+01 1.60000000e+01
 9.00000000e+00 1.30000000e+01 1.00000000e+01 1.10000000e+01
 1.00000000e+01 6.00000000e+00 5.00000000e+00 3.00000000e+00
 3.00000000e+00 3.00000000e+00 1.00000000e+00 4.00000000e+00
 1.00000000e+00 0.00000000e+00 0.00000000e+00 3.00000000e+00
 1.00000000e+00 0.00000000e+00 2.00000000e+00 1.00000000e+00
 0.00000000e+00 3.00000000e+00 0.00000000e+00 2.00000000e+00
 0.00000000e+00 1.00000000e+00 1.00000000e+00 0.00000000e+00
 0.00000000e+00 1.00000000e+00 0.00000000e+00 0.00000000e+00
 1.00000000e+00 1.00000000e+00 0.00000000e+00 4.00000000e+00]
