Standard Deviation: 33.516321139685516
Skewness: 0.5635112817994345
Kurtosis: 0.015395381032493827
Median: 7.9106711964513785
Mean: 12.278991690934797
Deciles: [-12.55472853  33.25199393]
Minimum: -162.95167966517636
Maximum: 206.0732030578119
Bin Edges: [-162.95167967 -159.26143084 -155.57118201 -151.88093318 -148.19068436
 -144.50043553 -140.8101867  -137.11993787 -133.42968905 -129.73944022
 -126.04919139 -122.35894257 -118.66869374 -114.97844491 -111.28819608
 -107.59794726 -103.90769843 -100.2174496   -96.52720078  -92.83695195
  -89.14670312  -85.45645429  -81.76620547  -78.07595664  -74.38570781
  -70.69545898  -67.00521016  -63.31496133  -59.6247125   -55.93446368
  -52.24421485  -48.55396602  -44.86371719  -41.17346837  -37.48321954
  -33.79297071  -30.10272188  -26.41247306  -22.72222423  -19.0319754
  -15.34172658  -11.65147775   -7.96122892   -4.27098009   -0.58073127
    3.10951756    6.79976639   10.49001521   14.18026404   17.87051287
   21.5607617    25.25101052   28.94125935   32.63150818   36.32175701
   40.01200583   43.70225466   47.39250349   51.08275231   54.77300114
   58.46324997   62.1534988    65.84374762   69.53399645   73.22424528
   76.9144941    80.60474293   84.29499176   87.98524059   91.67548941
   95.36573824   99.05598707  102.7462359   106.43648472  110.12673355
  113.81698238  117.5072312   121.19748003  124.88772886  128.57797769
  132.26822651  135.95847534  139.64872417  143.33897299  147.02922182
  150.71947065  154.40971948  158.0999683   161.79021713  165.48046596
  169.17071479  172.86096361  176.55121244  180.24146127  183.93171009
  187.62195892  191.31220775  195.00245658  198.6927054   202.38295423
  206.07320306]
Frequencies: [2.20000000e+01 1.90000000e+01 3.60000000e+01 5.20000000e+01
 4.10000000e+01 8.60000000e+01 1.13000000e+02 3.51000000e+02
 6.06000000e+02 8.64000000e+02 1.75400000e+03 3.46300000e+03
 5.42800000e+03 8.74700000e+03 1.25640000e+04 1.67860000e+04
 2.26520000e+04 3.04280000e+04 4.38370000e+04 6.02100000e+04
 8.14920000e+04 1.10013000e+05 1.57931000e+05 2.50531000e+05
 4.32739000e+05 7.96855000e+05 1.54911500e+06 3.06013500e+06
 5.88128500e+06 1.07844770e+07 1.85624970e+07 2.98575900e+07
 4.47961500e+07 6.27233860e+07 8.27886500e+07 1.04229080e+08
 1.26169823e+08 1.47277171e+08 1.66445830e+08 1.82719982e+08
 1.95073493e+08 2.03201488e+08 2.07267187e+08 2.08111131e+08
 2.06165985e+08 2.02117508e+08 1.96217310e+08 1.88402481e+08
 1.79153824e+08 1.68903212e+08 1.57879714e+08 1.46804969e+08
 1.35911512e+08 1.25395949e+08 1.15362465e+08 1.05685843e+08
 9.66464650e+07 8.82729750e+07 8.05002340e+07 7.32923490e+07
 6.64028080e+07 5.98955610e+07 5.36745090e+07 4.76111690e+07
 4.19598210e+07 3.66502390e+07 3.17286960e+07 2.70679860e+07
 2.27333870e+07 1.87970550e+07 1.53353320e+07 1.23595920e+07
 9.78112400e+06 7.60166400e+06 5.81701500e+06 4.35952700e+06
 3.17987200e+06 2.27663500e+06 1.59256000e+06 1.08763800e+06
 7.30397000e+05 4.86686000e+05 3.17962000e+05 1.98017000e+05
 1.20055000e+05 7.15790000e+04 4.12990000e+04 2.43690000e+04
 1.47360000e+04 8.30800000e+03 4.40300000e+03 2.21500000e+03
 1.19500000e+03 5.83000000e+02 4.24000000e+02 2.95000000e+02
 2.08000000e+02 1.25000000e+02 5.10000000e+01 1.80000000e+01]
