Standard Deviation: 6.378088710012771
Skewness: -0.038851561081057646
Kurtosis: 2.2171272725656914
Median: 0.13312460782426122
Mean: 0.10277098318798611
Deciles: [-3.38566174  3.64386079]
Minimum: -61.37758403282864
Maximum: 65.94770254047401
Bin Edges: [-61.37758403 -60.10433117 -58.8310783  -57.55782544 -56.28457257
 -55.0113197  -53.73806684 -52.46481397 -51.19156111 -49.91830824
 -48.64505538 -47.37180251 -46.09854964 -44.82529678 -43.55204391
 -42.27879105 -41.00553818 -39.73228532 -38.45903245 -37.18577958
 -35.91252672 -34.63927385 -33.36602099 -32.09276812 -30.81951526
 -29.54626239 -28.27300952 -26.99975666 -25.72650379 -24.45325093
 -23.17999806 -21.9067452  -20.63349233 -19.36023946 -18.0869866
 -16.81373373 -15.54048087 -14.267228   -12.99397513 -11.72072227
 -10.4474694   -9.17421654  -7.90096367  -6.62771081  -5.35445794
  -4.08120507  -2.80795221  -1.53469934  -0.26144648   1.01180639
   2.28505925   3.55831212   4.83156499   6.10481785   7.37807072
   8.65132358   9.92457645  11.19782931  12.47108218  13.74433505
  15.01758791  16.29084078  17.56409364  18.83734651  20.11059937
  21.38385224  22.65710511  23.93035797  25.20361084  26.4768637
  27.75011657  29.02336943  30.2966223   31.56987517  32.84312803
  34.1163809   35.38963376  36.66288663  37.93613949  39.20939236
  40.48264523  41.75589809  43.02915096  44.30240382  45.57565669
  46.84890955  48.12216242  49.39541529  50.66866815  51.94192102
  53.21517388  54.48842675  55.76167961  57.03493248  58.30818535
  59.58143821  60.85469108  62.12794394  63.40119681  64.67444967
  65.94770254]
Frequencies: [7.00000000e+00 2.80000000e+01 8.90000000e+01 1.82000000e+02
 3.49000000e+02 5.51000000e+02 9.12000000e+02 1.53100000e+03
 2.61000000e+03 4.12200000e+03 6.43300000e+03 9.73100000e+03
 1.42050000e+04 2.03310000e+04 2.85360000e+04 3.81300000e+04
 5.31640000e+04 7.32350000e+04 1.00624000e+05 1.37068000e+05
 1.82463000e+05 2.45620000e+05 3.32961000e+05 4.49515000e+05
 6.08683000e+05 8.23194000e+05 1.11889700e+06 1.51585900e+06
 2.04926100e+06 2.78217700e+06 3.77916500e+06 5.13932200e+06
 6.97071100e+06 9.43146600e+06 1.27131700e+07 1.71585190e+07
 2.31502340e+07 3.11608390e+07 4.19599760e+07 5.65756770e+07
 7.62931270e+07 1.02812210e+08 1.38454603e+08 1.86045299e+08
 2.47454823e+08 3.20469752e+08 3.93306731e+08 4.44642340e+08
 4.57779785e+08 4.28918143e+08 3.68878099e+08 2.95771155e+08
 2.26082655e+08 1.68197142e+08 1.23978436e+08 9.12458270e+07
 6.71795950e+07 4.95351730e+07 3.64531320e+07 2.67923820e+07
 1.95853250e+07 1.42260210e+07 1.03178480e+07 7.48731700e+06
 5.44708300e+06 3.96346000e+06 2.88362000e+06 2.10908400e+06
 1.54917400e+06 1.14733700e+06 8.54000000e+05 6.41839000e+05
 4.83977000e+05 3.67563000e+05 2.81303000e+05 2.16165000e+05
 1.66219000e+05 1.27662000e+05 9.83560000e+04 7.53940000e+04
 5.76110000e+04 4.44580000e+04 3.35830000e+04 2.54900000e+04
 1.88270000e+04 1.38490000e+04 9.92900000e+03 7.08400000e+03
 4.84400000e+03 3.33000000e+03 2.29300000e+03 1.51600000e+03
 9.45000000e+02 5.97000000e+02 4.05000000e+02 2.57000000e+02
 1.40000000e+02 9.00000000e+01 3.70000000e+01 1.20000000e+01]
