Standard Deviation: 9.811393535888246
Skewness: 0.9436066442960301
Kurtosis: 3.394112271627832
Median: 249.73124123185752
Mean: 250.2307043939477
Deciles: [244.86193401 254.26761536]
Minimum: 185.45748906297595
Maximum: 330.5544568037596
Bin Edges: [185.45748906 186.90845874 188.35942842 189.8103981  191.26136777
 192.71233745 194.16330713 195.6142768  197.06524648 198.51621616
 199.96718584 201.41815551 202.86912519 204.32009487 205.77106455
 207.22203422 208.6730039  210.12397358 211.57494326 213.02591293
 214.47688261 215.92785229 217.37882197 218.82979164 220.28076132
 221.731731   223.18270068 224.63367035 226.08464003 227.53560971
 228.98657939 230.43754906 231.88851874 233.33948842 234.79045809
 236.24142777 237.69239745 239.14336713 240.5943368  242.04530648
 243.49627616 244.94724584 246.39821551 247.84918519 249.30015487
 250.75112455 252.20209422 253.6530639  255.10403358 256.55500326
 258.00597293 259.45694261 260.90791229 262.35888197 263.80985164
 265.26082132 266.711791   268.16276068 269.61373035 271.06470003
 272.51566971 273.96663938 275.41760906 276.86857874 278.31954842
 279.77051809 281.22148777 282.67245745 284.12342713 285.5743968
 287.02536648 288.47633616 289.92730584 291.37827551 292.82924519
 294.28021487 295.73118455 297.18215422 298.6331239  300.08409358
 301.53506326 302.98603293 304.43700261 305.88797229 307.33894197
 308.78991164 310.24088132 311.691851   313.14282067 314.59379035
 316.04476003 317.49572971 318.94669938 320.39766906 321.84863874
 323.29960842 324.75057809 326.20154777 327.65251745 329.10348713
 330.5544568 ]
Frequencies: [5.90000000e+01 1.30000000e+02 2.93000000e+02 5.27000000e+02
 1.38900000e+03 2.53700000e+03 3.83600000e+03 5.69700000e+03
 8.48500000e+03 1.34880000e+04 2.12940000e+04 3.37670000e+04
 5.17000000e+04 7.85480000e+04 1.16468000e+05 1.68679000e+05
 2.44846000e+05 3.54624000e+05 5.12446000e+05 7.18741000e+05
 9.80006000e+05 1.32919500e+06 1.78858600e+06 2.38569800e+06
 3.14649200e+06 4.16465300e+06 5.54510600e+06 7.33398000e+06
 9.75173900e+06 1.31603830e+07 1.79969940e+07 2.49130210e+07
 3.45476930e+07 4.72645910e+07 6.33786230e+07 8.26890350e+07
 1.05068547e+08 1.30549228e+08 1.59926034e+08 1.94874586e+08
 2.37440919e+08 2.86794999e+08 3.37155883e+08 3.78572245e+08
 3.97818739e+08 3.85594400e+08 3.42610575e+08 2.79878475e+08
 2.13137379e+08 1.54475537e+08 1.09536451e+08 7.84684230e+07
 5.82777780e+07 4.54429320e+07 3.72050500e+07 3.17285920e+07
 2.79356150e+07 2.50269640e+07 2.26760580e+07 2.07535750e+07
 1.90259840e+07 1.74559910e+07 1.59605560e+07 1.45925290e+07
 1.32321360e+07 1.19227270e+07 1.06716480e+07 9.47118900e+06
 8.28147200e+06 7.15828700e+06 6.09378600e+06 5.10597500e+06
 4.19886600e+06 3.39899700e+06 2.70301700e+06 2.12362500e+06
 1.65534500e+06 1.26799000e+06 9.46317000e+05 6.95743000e+05
 4.98242000e+05 3.55508000e+05 2.46188000e+05 1.65183000e+05
 1.09842000e+05 7.18390000e+04 4.64310000e+04 2.81230000e+04
 1.62730000e+04 9.44900000e+03 4.98200000e+03 2.91800000e+03
 1.78200000e+03 1.09300000e+03 6.17000000e+02 4.28000000e+02
 3.11000000e+02 2.00000000e+02 4.30000000e+01 3.50000000e+01]
