Standard Deviation: 2.3523337681183798e-05
Skewness: 5.296916885173138
Kurtosis: 33.90353943903452
Median: 4.822121129070033e-10
Mean: 6.642934030080256e-06
Deciles: [0.00000000e+00 6.11932044e-07]
Minimum: 0.0
Maximum: 0.0007502192443130636
Bin Edges: [0.00000000e+00 7.50219244e-06 1.50043849e-05 2.25065773e-05
 3.00087698e-05 3.75109622e-05 4.50131547e-05 5.25153471e-05
 6.00175395e-05 6.75197320e-05 7.50219244e-05 8.25241169e-05
 9.00263093e-05 9.75285018e-05 1.05030694e-04 1.12532887e-04
 1.20035079e-04 1.27537272e-04 1.35039464e-04 1.42541656e-04
 1.50043849e-04 1.57546041e-04 1.65048234e-04 1.72550426e-04
 1.80052619e-04 1.87554811e-04 1.95057004e-04 2.02559196e-04
 2.10061388e-04 2.17563581e-04 2.25065773e-04 2.32567966e-04
 2.40070158e-04 2.47572351e-04 2.55074543e-04 2.62576736e-04
 2.70078928e-04 2.77581120e-04 2.85083313e-04 2.92585505e-04
 3.00087698e-04 3.07589890e-04 3.15092083e-04 3.22594275e-04
 3.30096467e-04 3.37598660e-04 3.45100852e-04 3.52603045e-04
 3.60105237e-04 3.67607430e-04 3.75109622e-04 3.82611815e-04
 3.90114007e-04 3.97616199e-04 4.05118392e-04 4.12620584e-04
 4.20122777e-04 4.27624969e-04 4.35127162e-04 4.42629354e-04
 4.50131547e-04 4.57633739e-04 4.65135931e-04 4.72638124e-04
 4.80140316e-04 4.87642509e-04 4.95144701e-04 5.02646894e-04
 5.10149086e-04 5.17651279e-04 5.25153471e-04 5.32655663e-04
 5.40157856e-04 5.47660048e-04 5.55162241e-04 5.62664433e-04
 5.70166626e-04 5.77668818e-04 5.85171011e-04 5.92673203e-04
 6.00175395e-04 6.07677588e-04 6.15179780e-04 6.22681973e-04
 6.30184165e-04 6.37686358e-04 6.45188550e-04 6.52690743e-04
 6.60192935e-04 6.67695127e-04 6.75197320e-04 6.82699512e-04
 6.90201705e-04 6.97703897e-04 7.05206090e-04 7.12708282e-04
 7.20210475e-04 7.27712667e-04 7.35214859e-04 7.42717052e-04
 7.50219244e-04]
Frequencies: [3.96901817e+09 1.49068237e+08 7.89438130e+07 5.28335680e+07
 3.97036900e+07 3.18881230e+07 2.66943680e+07 2.29535310e+07
 2.00772090e+07 1.77914020e+07 1.59131300e+07 1.43323710e+07
 1.29640000e+07 1.17698440e+07 1.06810340e+07 9.67343500e+06
 8.68337900e+06 7.69587900e+06 6.72635000e+06 5.80119400e+06
 4.94192600e+06 4.16751300e+06 3.48148200e+06 2.88503500e+06
 2.38508100e+06 1.95317700e+06 1.59166700e+06 1.28971800e+06
 1.04562300e+06 8.42175000e+05 6.75661000e+05 5.41754000e+05
 4.34724000e+05 3.47169000e+05 2.77825000e+05 2.22104000e+05
 1.77152000e+05 1.40752000e+05 1.13058000e+05 9.09630000e+04
 7.26040000e+04 5.82120000e+04 4.65980000e+04 3.73200000e+04
 2.99400000e+04 2.42180000e+04 1.94430000e+04 1.57180000e+04
 1.27440000e+04 1.01670000e+04 8.09400000e+03 6.50500000e+03
 5.14200000e+03 3.94200000e+03 3.27800000e+03 2.71900000e+03
 2.16500000e+03 1.71300000e+03 1.33900000e+03 1.02900000e+03
 7.81000000e+02 6.33000000e+02 4.96000000e+02 3.75000000e+02
 3.13000000e+02 2.50000000e+02 1.95000000e+02 1.38000000e+02
 1.20000000e+02 8.90000000e+01 8.50000000e+01 5.90000000e+01
 5.80000000e+01 4.20000000e+01 1.80000000e+01 1.90000000e+01
 2.10000000e+01 1.90000000e+01 1.60000000e+01 9.00000000e+00
 8.00000000e+00 8.00000000e+00 1.30000000e+01 1.00000000e+01
 7.00000000e+00 8.00000000e+00 7.00000000e+00 8.00000000e+00
 5.00000000e+00 2.00000000e+00 2.00000000e+00 3.00000000e+00
 3.00000000e+00 0.00000000e+00 2.00000000e+00 1.00000000e+00
 0.00000000e+00 0.00000000e+00 0.00000000e+00 1.00000000e+00]
