Standard Deviation: 1.11542696908308e-05
Skewness: 5.9998197092513745
Kurtosis: 45.22932079762543
Median: 0.0
Mean: 2.774937629676596e-06
Deciles: [0.00000000e+00 5.08932305e-11]
Minimum: 0.0
Maximum: 0.000312294394063574
Bin Edges: [0.00000000e+00 3.12294394e-06 6.24588788e-06 9.36883182e-06
 1.24917758e-05 1.56147197e-05 1.87376636e-05 2.18606076e-05
 2.49835515e-05 2.81064955e-05 3.12294394e-05 3.43523833e-05
 3.74753273e-05 4.05982712e-05 4.37212152e-05 4.68441591e-05
 4.99671031e-05 5.30900470e-05 5.62129909e-05 5.93359349e-05
 6.24588788e-05 6.55818228e-05 6.87047667e-05 7.18277106e-05
 7.49506546e-05 7.80735985e-05 8.11965425e-05 8.43194864e-05
 8.74424303e-05 9.05653743e-05 9.36883182e-05 9.68112622e-05
 9.99342061e-05 1.03057150e-04 1.06180094e-04 1.09303038e-04
 1.12425982e-04 1.15548926e-04 1.18671870e-04 1.21794814e-04
 1.24917758e-04 1.28040702e-04 1.31163646e-04 1.34286589e-04
 1.37409533e-04 1.40532477e-04 1.43655421e-04 1.46778365e-04
 1.49901309e-04 1.53024253e-04 1.56147197e-04 1.59270141e-04
 1.62393085e-04 1.65516029e-04 1.68638973e-04 1.71761917e-04
 1.74884861e-04 1.78007805e-04 1.81130749e-04 1.84253692e-04
 1.87376636e-04 1.90499580e-04 1.93622524e-04 1.96745468e-04
 1.99868412e-04 2.02991356e-04 2.06114300e-04 2.09237244e-04
 2.12360188e-04 2.15483132e-04 2.18606076e-04 2.21729020e-04
 2.24851964e-04 2.27974908e-04 2.31097852e-04 2.34220796e-04
 2.37343739e-04 2.40466683e-04 2.43589627e-04 2.46712571e-04
 2.49835515e-04 2.52958459e-04 2.56081403e-04 2.59204347e-04
 2.62327291e-04 2.65450235e-04 2.68573179e-04 2.71696123e-04
 2.74819067e-04 2.77942011e-04 2.81064955e-04 2.84187899e-04
 2.87310843e-04 2.90433786e-04 2.93556730e-04 2.96679674e-04
 2.99802618e-04 3.02925562e-04 3.06048506e-04 3.09171450e-04
 3.12294394e-04]
Frequencies: [4.06370866e+09 8.41470800e+07 5.57934410e+07 4.32473570e+07
 3.58890940e+07 3.07916210e+07 2.68079920e+07 2.34723820e+07
 2.05875580e+07 1.80997310e+07 1.59155910e+07 1.40129650e+07
 1.23568450e+07 1.09027550e+07 9.64890800e+06 8.54600500e+06
 7.58563500e+06 6.73253600e+06 5.97999900e+06 5.32044000e+06
 4.72952500e+06 4.20166600e+06 3.74069500e+06 3.32935100e+06
 2.96965700e+06 2.65785200e+06 2.38151900e+06 2.14850900e+06
 1.94083400e+06 1.76419100e+06 1.60249100e+06 1.45013400e+06
 1.29907700e+06 1.13941800e+06 9.76385000e+05 8.24608000e+05
 6.96777000e+05 5.83700000e+05 4.92851000e+05 4.17360000e+05
 3.49053000e+05 2.95901000e+05 2.52275000e+05 2.13659000e+05
 1.81347000e+05 1.53111000e+05 1.28496000e+05 1.09437000e+05
 9.33380000e+04 7.83020000e+04 6.65860000e+04 5.69590000e+04
 4.82430000e+04 4.16710000e+04 3.55930000e+04 2.94290000e+04
 2.50840000e+04 2.10810000e+04 1.79050000e+04 1.46100000e+04
 1.23940000e+04 1.04770000e+04 9.17100000e+03 7.62100000e+03
 6.44500000e+03 5.47200000e+03 4.56700000e+03 3.69600000e+03
 3.24700000e+03 2.74800000e+03 2.15300000e+03 1.78900000e+03
 1.44700000e+03 1.22000000e+03 1.08100000e+03 8.56000000e+02
 7.73000000e+02 6.52000000e+02 5.35000000e+02 4.47000000e+02
 3.54000000e+02 2.89000000e+02 2.70000000e+02 2.21000000e+02
 1.57000000e+02 1.41000000e+02 1.09000000e+02 8.40000000e+01
 5.40000000e+01 5.90000000e+01 3.80000000e+01 4.00000000e+01
 2.30000000e+01 2.40000000e+01 2.10000000e+01 1.50000000e+01
 1.50000000e+01 1.20000000e+01 2.00000000e+00 1.00000000e+00]
