Standard Deviation: 6.512368353133366e-07
Skewness: 3.1439508797299505
Kurtosis: 26.285308412589956
Median: 1.5278495185605264e-06
Mean: 1.665058504935679e-06
Deciles: [1.32180479e-06 1.83262736e-06]
Minimum: 1.1552595298262276e-08
Maximum: 6.570095491740819e-05
Bin Edges: [1.15525953e-08 6.68446619e-07 1.32534064e-06 1.98223466e-06
 2.63912869e-06 3.29602271e-06 3.95291673e-06 4.60981076e-06
 5.26670478e-06 5.92359880e-06 6.58049283e-06 7.23738685e-06
 7.89428087e-06 8.55117490e-06 9.20806892e-06 9.86496294e-06
 1.05218570e-05 1.11787510e-05 1.18356450e-05 1.24925390e-05
 1.31494331e-05 1.38063271e-05 1.44632211e-05 1.51201151e-05
 1.57770092e-05 1.64339032e-05 1.70907972e-05 1.77476912e-05
 1.84045852e-05 1.90614793e-05 1.97183733e-05 2.03752673e-05
 2.10321613e-05 2.16890554e-05 2.23459494e-05 2.30028434e-05
 2.36597374e-05 2.43166315e-05 2.49735255e-05 2.56304195e-05
 2.62873135e-05 2.69442075e-05 2.76011016e-05 2.82579956e-05
 2.89148896e-05 2.95717836e-05 3.02286777e-05 3.08855717e-05
 3.15424657e-05 3.21993597e-05 3.28562538e-05 3.35131478e-05
 3.41700418e-05 3.48269358e-05 3.54838298e-05 3.61407239e-05
 3.67976179e-05 3.74545119e-05 3.81114059e-05 3.87683000e-05
 3.94251940e-05 4.00820880e-05 4.07389820e-05 4.13958761e-05
 4.20527701e-05 4.27096641e-05 4.33665581e-05 4.40234522e-05
 4.46803462e-05 4.53372402e-05 4.59941342e-05 4.66510282e-05
 4.73079223e-05 4.79648163e-05 4.86217103e-05 4.92786043e-05
 4.99354984e-05 5.05923924e-05 5.12492864e-05 5.19061804e-05
 5.25630745e-05 5.32199685e-05 5.38768625e-05 5.45337565e-05
 5.51906505e-05 5.58475446e-05 5.65044386e-05 5.71613326e-05
 5.78182266e-05 5.84751207e-05 5.91320147e-05 5.97889087e-05
 6.04458027e-05 6.11026968e-05 6.17595908e-05 6.24164848e-05
 6.30733788e-05 6.37302728e-05 6.43871669e-05 6.50440609e-05
 6.57009549e-05]
Frequencies: [5.54549170e+07 1.09923092e+09 2.56250087e+09 5.31495433e+08
 1.67901594e+08 6.72210720e+07 2.89545910e+07 1.36029460e+07
 6.76819800e+06 3.46527200e+06 1.86243500e+06 1.05462500e+06
 6.11721000e+05 3.67919000e+05 2.25798000e+05 1.43591000e+05
 9.28220000e+04 6.21690000e+04 4.20700000e+04 2.90780000e+04
 2.11630000e+04 1.53530000e+04 1.14370000e+04 8.87100000e+03
 6.87500000e+03 5.53900000e+03 4.51900000e+03 3.62900000e+03
 3.01200000e+03 2.39200000e+03 1.93900000e+03 1.64100000e+03
 1.37400000e+03 1.18900000e+03 9.58000000e+02 7.92000000e+02
 6.60000000e+02 5.70000000e+02 4.98000000e+02 4.41000000e+02
 3.87000000e+02 3.34000000e+02 2.94000000e+02 2.46000000e+02
 2.44000000e+02 1.90000000e+02 1.65000000e+02 1.45000000e+02
 1.16000000e+02 1.06000000e+02 1.12000000e+02 9.70000000e+01
 9.10000000e+01 7.90000000e+01 8.30000000e+01 5.00000000e+01
 5.40000000e+01 4.00000000e+01 2.80000000e+01 3.20000000e+01
 3.80000000e+01 2.30000000e+01 2.30000000e+01 1.80000000e+01
 1.20000000e+01 1.40000000e+01 1.20000000e+01 5.00000000e+00
 7.00000000e+00 6.00000000e+00 1.30000000e+01 4.00000000e+00
 8.00000000e+00 2.00000000e+00 5.00000000e+00 0.00000000e+00
 5.00000000e+00 4.00000000e+00 1.00000000e+00 0.00000000e+00
 3.00000000e+00 0.00000000e+00 0.00000000e+00 1.00000000e+00
 0.00000000e+00 0.00000000e+00 1.00000000e+00 0.00000000e+00
 0.00000000e+00 0.00000000e+00 0.00000000e+00 0.00000000e+00
 0.00000000e+00 0.00000000e+00 0.00000000e+00 1.00000000e+00
 1.00000000e+00 0.00000000e+00 0.00000000e+00 1.00000000e+00]
