Standard Deviation: 12.233878099836733
Skewness: -1.131472185296709
Kurtosis: 1.0974932679816352
Median: 284.02712712208404
Mean: 280.15422734526487
Deciles: [272.63708217 289.81118059]
Minimum: 216.14170132366482
Maximum: 309.4545616586117
Bin Edges: [216.14170132 217.07482993 218.00795853 218.94108713 219.87421574
 220.80734434 221.74047294 222.67360155 223.60673015 224.53985875
 225.47298736 226.40611596 227.33924456 228.27237317 229.20550177
 230.13863037 231.07175898 232.00488758 232.93801618 233.87114479
 234.80427339 235.73740199 236.6705306  237.6036592  238.5367878
 239.46991641 240.40304501 241.33617361 242.26930222 243.20243082
 244.13555942 245.06868803 246.00181663 246.93494523 247.86807384
 248.80120244 249.73433104 250.66745965 251.60058825 252.53371685
 253.46684546 254.39997406 255.33310266 256.26623127 257.19935987
 258.13248847 259.06561708 259.99874568 260.93187428 261.86500289
 262.79813149 263.73126009 264.6643887  265.5975173  266.5306459
 267.46377451 268.39690311 269.33003171 270.26316032 271.19628892
 272.12941752 273.06254613 273.99567473 274.92880333 275.86193194
 276.79506054 277.72818914 278.66131775 279.59444635 280.52757495
 281.46070356 282.39383216 283.32696076 284.26008937 285.19321797
 286.12634657 287.05947518 287.99260378 288.92573238 289.85886099
 290.79198959 291.72511819 292.6582468  293.5913754  294.52450401
 295.45763261 296.39076121 297.32388982 298.25701842 299.19014702
 300.12327563 301.05640423 301.98953283 302.92266144 303.85579004
 304.78891864 305.72204725 306.65517585 307.58830445 308.52143306
 309.45456166]
Frequencies: [7.62000000e+02 4.47000000e+03 1.18560000e+04 2.49880000e+04
 4.72260000e+04 8.92720000e+04 1.50831000e+05 2.34645000e+05
 3.47516000e+05 4.85845000e+05 6.62794000e+05 8.52227000e+05
 1.06362300e+06 1.27568200e+06 1.49433400e+06 1.70667100e+06
 1.88049300e+06 2.06768300e+06 2.26063600e+06 2.42378500e+06
 2.60180800e+06 2.77081800e+06 2.96364600e+06 3.15567100e+06
 3.39241400e+06 3.67136100e+06 3.98719300e+06 4.39104800e+06
 4.83469100e+06 5.32626800e+06 5.98615000e+06 6.76507800e+06
 7.68353200e+06 8.65800600e+06 9.73739000e+06 1.08703180e+07
 1.21096600e+07 1.34217390e+07 1.48332270e+07 1.63600350e+07
 1.79511680e+07 1.96624570e+07 2.13301040e+07 2.32863440e+07
 2.55963750e+07 2.83405640e+07 3.15898400e+07 3.55548480e+07
 4.03014390e+07 4.52696060e+07 4.99842960e+07 5.41154950e+07
 5.74908080e+07 6.06192010e+07 6.34834950e+07 6.64920030e+07
 6.93547570e+07 7.19215630e+07 7.41352310e+07 7.61007340e+07
 7.77696100e+07 7.93664110e+07 8.13885590e+07 8.34890330e+07
 8.53722400e+07 8.74611770e+07 8.96658120e+07 9.20218310e+07
 9.50521560e+07 9.91109570e+07 1.04767276e+08 1.12122088e+08
 1.20862152e+08 1.30802414e+08 1.42634850e+08 1.58083876e+08
 1.80201285e+08 2.16456054e+08 2.93713083e+08 3.82567102e+08
 3.06142300e+08 1.55596477e+08 8.82075340e+07 5.78696890e+07
 3.95171160e+07 2.74609800e+07 1.93584410e+07 1.36209440e+07
 9.56900300e+06 6.63850400e+06 4.44408900e+06 2.84846300e+06
 1.75436100e+06 1.06588400e+06 5.91215000e+05 2.65913000e+05
 1.00811000e+05 3.07230000e+04 7.08100000e+03 7.86000000e+02]
