Standard Deviation: 12.467858594479594
Skewness: -1.1316066904566955
Kurtosis: 1.2018092772522957
Median: 285.9189130101944
Mean: 282.21846151198133
Deciles: [274.84458431 291.89133759]
Minimum: 216.70705447450865
Maximum: 314.39226682774193
Bin Edges: [216.70705447 217.6839066  218.66075872 219.63761085 220.61446297
 221.59131509 222.56816722 223.54501934 224.52187146 225.49872359
 226.47557571 227.45242783 228.42927996 229.40613208 230.3829842
 231.35983633 232.33668845 233.31354057 234.2903927  235.26724482
 236.24409695 237.22094907 238.19780119 239.17465332 240.15150544
 241.12835756 242.10520969 243.08206181 244.05891393 245.03576606
 246.01261818 246.9894703  247.96632243 248.94317455 249.92002667
 250.8968788  251.87373092 252.85058305 253.82743517 254.80428729
 255.78113942 256.75799154 257.73484366 258.71169579 259.68854791
 260.66540003 261.64225216 262.61910428 263.5959564  264.57280853
 265.54966065 266.52651277 267.5033649  268.48021702 269.45706915
 270.43392127 271.41077339 272.38762552 273.36447764 274.34132976
 275.31818189 276.29503401 277.27188613 278.24873826 279.22559038
 280.2024425  281.17929463 282.15614675 283.13299887 284.109851
 285.08670312 286.06355525 287.04040737 288.01725949 288.99411162
 289.97096374 290.94781586 291.92466799 292.90152011 293.87837223
 294.85522436 295.83207648 296.8089286  297.78578073 298.76263285
 299.73948497 300.7163371  301.69318922 302.67004135 303.64689347
 304.62374559 305.60059772 306.57744984 307.55430196 308.53115409
 309.50800621 310.48485833 311.46171046 312.43856258 313.4154147
 314.39226683]
Frequencies: [8.21000000e+02 4.98500000e+03 1.23300000e+04 2.37860000e+04
 4.46640000e+04 8.38400000e+04 1.44095000e+05 2.25093000e+05
 3.40360000e+05 4.79876000e+05 6.45826000e+05 8.56848000e+05
 1.07356900e+06 1.30595700e+06 1.52791300e+06 1.74983400e+06
 1.95984000e+06 2.14370400e+06 2.34354500e+06 2.56448800e+06
 2.76320800e+06 2.99502600e+06 3.25162800e+06 3.51118800e+06
 3.84717200e+06 4.27174300e+06 4.71194100e+06 5.26819900e+06
 5.88836500e+06 6.63231500e+06 7.52725300e+06 8.45262100e+06
 9.45076700e+06 1.04599910e+07 1.15416750e+07 1.26138160e+07
 1.37628970e+07 1.50436040e+07 1.61903880e+07 1.73692340e+07
 1.86180590e+07 1.99426020e+07 2.14067270e+07 2.32556700e+07
 2.55494780e+07 2.83407140e+07 3.19954610e+07 3.68866240e+07
 4.33980660e+07 5.05792750e+07 5.67854040e+07 6.15020550e+07
 6.46833720e+07 6.71010770e+07 6.89886970e+07 7.06060770e+07
 7.21330470e+07 7.37358540e+07 7.61734270e+07 7.95529760e+07
 8.33064090e+07 8.71090080e+07 9.06027190e+07 9.39503480e+07
 9.68604060e+07 9.99736260e+07 1.03083924e+08 1.06899344e+08
 1.11435198e+08 1.17393687e+08 1.24639754e+08 1.33947626e+08
 1.45314000e+08 1.60800071e+08 1.85126313e+08 2.22203697e+08
 2.79711164e+08 3.53246836e+08 3.29582125e+08 1.54124203e+08
 7.49077320e+07 5.16833300e+07 3.93195750e+07 3.07743490e+07
 2.42790270e+07 1.89692300e+07 1.46286850e+07 1.09383250e+07
 7.89035500e+06 5.48447300e+06 3.63334600e+06 2.26181200e+06
 1.36546100e+06 7.96981000e+05 4.05190000e+05 1.52264000e+05
 4.92160000e+04 1.23110000e+04 2.47800000e+03 3.35000000e+02]
