Standard Deviation: 3.7609144792295583e-05
Skewness: 5.1142544048617715
Kurtosis: 38.62535712323145
Median: 8.55666624338863e-09
Mean: 1.307255362736059e-05
Deciles: [0.00000000e+00 4.22603004e-06]
Minimum: 0.0
Maximum: 0.0010097373795728704
Bin Edges: [0.00000000e+00 1.00973738e-05 2.01947476e-05 3.02921214e-05
 4.03894952e-05 5.04868690e-05 6.05842428e-05 7.06816166e-05
 8.07789904e-05 9.08763642e-05 1.00973738e-04 1.11071112e-04
 1.21168486e-04 1.31265859e-04 1.41363233e-04 1.51460607e-04
 1.61557981e-04 1.71655355e-04 1.81752728e-04 1.91850102e-04
 2.01947476e-04 2.12044850e-04 2.22142224e-04 2.32239597e-04
 2.42336971e-04 2.52434345e-04 2.62531719e-04 2.72629092e-04
 2.82726466e-04 2.92823840e-04 3.02921214e-04 3.13018588e-04
 3.23115961e-04 3.33213335e-04 3.43310709e-04 3.53408083e-04
 3.63505457e-04 3.73602830e-04 3.83700204e-04 3.93797578e-04
 4.03894952e-04 4.13992326e-04 4.24089699e-04 4.34187073e-04
 4.44284447e-04 4.54381821e-04 4.64479195e-04 4.74576568e-04
 4.84673942e-04 4.94771316e-04 5.04868690e-04 5.14966064e-04
 5.25063437e-04 5.35160811e-04 5.45258185e-04 5.55355559e-04
 5.65452933e-04 5.75550306e-04 5.85647680e-04 5.95745054e-04
 6.05842428e-04 6.15939802e-04 6.26037175e-04 6.36134549e-04
 6.46231923e-04 6.56329297e-04 6.66426671e-04 6.76524044e-04
 6.86621418e-04 6.96718792e-04 7.06816166e-04 7.16913539e-04
 7.27010913e-04 7.37108287e-04 7.47205661e-04 7.57303035e-04
 7.67400408e-04 7.77497782e-04 7.87595156e-04 7.97692530e-04
 8.07789904e-04 8.17887277e-04 8.27984651e-04 8.38082025e-04
 8.48179399e-04 8.58276773e-04 8.68374146e-04 8.78471520e-04
 8.88568894e-04 8.98666268e-04 9.08763642e-04 9.18861015e-04
 9.28958389e-04 9.39055763e-04 9.49153137e-04 9.59250511e-04
 9.69347884e-04 9.79445258e-04 9.89542632e-04 9.99640006e-04
 1.00973738e-03]
Frequencies: [3.66615579e+09 2.05156307e+08 1.18920871e+08 8.74149920e+07
 7.09236010e+07 5.94516560e+07 5.05007150e+07 4.31624580e+07
 3.69903190e+07 3.17208100e+07 2.70322920e+07 2.28471030e+07
 1.91107860e+07 1.58391410e+07 1.30642600e+07 1.07752150e+07
 8.90729800e+06 7.40450300e+06 6.20611200e+06 5.23042600e+06
 4.43621900e+06 3.78625500e+06 3.24861100e+06 2.80174600e+06
 2.42452200e+06 2.10549800e+06 1.83561400e+06 1.60111900e+06
 1.40421600e+06 1.23163100e+06 1.08175100e+06 9.54293000e+05
 8.39928000e+05 7.42849000e+05 6.57408000e+05 5.82078000e+05
 5.17561000e+05 4.58657000e+05 4.08392000e+05 3.61942000e+05
 3.20584000e+05 2.84444000e+05 2.53297000e+05 2.25661000e+05
 2.00608000e+05 1.77900000e+05 1.58350000e+05 1.41245000e+05
 1.25369000e+05 1.11949000e+05 1.00122000e+05 8.83170000e+04
 7.90600000e+04 7.07760000e+04 6.27440000e+04 5.68620000e+04
 5.05590000e+04 4.47840000e+04 3.94510000e+04 3.51200000e+04
 3.10090000e+04 2.75040000e+04 2.45410000e+04 2.16570000e+04
 1.93230000e+04 1.70970000e+04 1.52220000e+04 1.34980000e+04
 1.20910000e+04 1.06170000e+04 9.15500000e+03 8.17900000e+03
 7.24300000e+03 6.33100000e+03 5.73000000e+03 5.08600000e+03
 4.39900000e+03 3.84200000e+03 3.33000000e+03 2.89000000e+03
 2.39000000e+03 1.93600000e+03 1.64300000e+03 1.42700000e+03
 1.19500000e+03 1.06500000e+03 8.73000000e+02 7.41000000e+02
 5.73000000e+02 4.24000000e+02 3.06000000e+02 2.02000000e+02
 1.31000000e+02 7.80000000e+01 5.60000000e+01 4.10000000e+01
 1.20000000e+01 6.00000000e+00 4.00000000e+00 4.00000000e+00]
