Standard Deviation: 1.4179072912320102e-05
Skewness: 5.808828147426316
Kurtosis: 41.748495957169396
Median: 0.0
Mean: 3.6024651344583606e-06
Deciles: [0.00000000e+00 4.09524782e-09]
Minimum: 0.0
Maximum: 0.00047927196644924715
Bin Edges: [0.00000000e+00 4.79271966e-06 9.58543933e-06 1.43781590e-05
 1.91708787e-05 2.39635983e-05 2.87563180e-05 3.35490377e-05
 3.83417573e-05 4.31344770e-05 4.79271966e-05 5.27199163e-05
 5.75126360e-05 6.23053556e-05 6.70980753e-05 7.18907950e-05
 7.66835146e-05 8.14762343e-05 8.62689540e-05 9.10616736e-05
 9.58543933e-05 1.00647113e-04 1.05439833e-04 1.10232552e-04
 1.15025272e-04 1.19817992e-04 1.24610711e-04 1.29403431e-04
 1.34196151e-04 1.38988870e-04 1.43781590e-04 1.48574310e-04
 1.53367029e-04 1.58159749e-04 1.62952469e-04 1.67745188e-04
 1.72537908e-04 1.77330628e-04 1.82123347e-04 1.86916067e-04
 1.91708787e-04 1.96501506e-04 2.01294226e-04 2.06086946e-04
 2.10879665e-04 2.15672385e-04 2.20465105e-04 2.25257824e-04
 2.30050544e-04 2.34843264e-04 2.39635983e-04 2.44428703e-04
 2.49221423e-04 2.54014142e-04 2.58806862e-04 2.63599582e-04
 2.68392301e-04 2.73185021e-04 2.77977741e-04 2.82770460e-04
 2.87563180e-04 2.92355900e-04 2.97148619e-04 3.01941339e-04
 3.06734059e-04 3.11526778e-04 3.16319498e-04 3.21112218e-04
 3.25904937e-04 3.30697657e-04 3.35490377e-04 3.40283096e-04
 3.45075816e-04 3.49868536e-04 3.54661255e-04 3.59453975e-04
 3.64246695e-04 3.69039414e-04 3.73832134e-04 3.78624853e-04
 3.83417573e-04 3.88210293e-04 3.93003012e-04 3.97795732e-04
 4.02588452e-04 4.07381171e-04 4.12173891e-04 4.16966611e-04
 4.21759330e-04 4.26552050e-04 4.31344770e-04 4.36137489e-04
 4.40930209e-04 4.45722929e-04 4.50515648e-04 4.55308368e-04
 4.60101088e-04 4.64893807e-04 4.69686527e-04 4.74479247e-04
 4.79271966e-04]
Frequencies: [4.06603009e+09 9.89542010e+07 6.44400490e+07 4.86213650e+07
 3.87695110e+07 3.17483140e+07 2.63571850e+07 2.20829580e+07
 1.86637440e+07 1.58923850e+07 1.36493230e+07 1.18118170e+07
 1.03109950e+07 9.06466500e+06 8.04087400e+06 7.18336000e+06
 6.45657300e+06 5.84425400e+06 5.31250800e+06 4.82651000e+06
 4.39207000e+06 3.97067300e+06 3.52779000e+06 3.04345100e+06
 2.53368300e+06 2.05471400e+06 1.63207700e+06 1.27806200e+06
 9.96218000e+05 7.74886000e+05 6.02601000e+05 4.70761000e+05
 3.66622000e+05 2.86259000e+05 2.24284000e+05 1.78372000e+05
 1.41329000e+05 1.13788000e+05 8.99570000e+04 7.31770000e+04
 5.88220000e+04 4.83150000e+04 3.99290000e+04 3.28890000e+04
 2.67190000e+04 2.25410000e+04 1.88970000e+04 1.61360000e+04
 1.37380000e+04 1.15960000e+04 9.91700000e+03 8.48400000e+03
 7.41900000e+03 6.57900000e+03 5.85100000e+03 4.99700000e+03
 4.54400000e+03 3.95400000e+03 3.61900000e+03 3.23800000e+03
 2.83100000e+03 2.39300000e+03 2.12800000e+03 1.83800000e+03
 1.70900000e+03 1.54000000e+03 1.42200000e+03 1.36400000e+03
 1.16800000e+03 1.06200000e+03 9.03000000e+02 8.33000000e+02
 7.30000000e+02 6.38000000e+02 5.54000000e+02 4.71000000e+02
 4.19000000e+02 3.96000000e+02 3.39000000e+02 3.06000000e+02
 2.09000000e+02 1.90000000e+02 1.39000000e+02 1.29000000e+02
 1.20000000e+02 7.90000000e+01 8.80000000e+01 5.70000000e+01
 5.80000000e+01 4.20000000e+01 3.50000000e+01 3.80000000e+01
 2.90000000e+01 2.30000000e+01 2.00000000e+01 2.00000000e+01
 1.50000000e+01 1.20000000e+01 9.00000000e+00 5.00000000e+00]
