Standard Deviation: 1.2371798574919831e-08
Skewness: -0.704556057084527
Kurtosis: -0.7639521711066308
Median: 2.7841464628602215e-08
Mean: 2.477584993085564e-08
Deciles: [1.62632059e-08 3.47081538e-08]
Minimum: 1.7247690225722535e-10
Maximum: 4.0620226356820214e-08
Bin Edges: [1.72476902e-10 5.76954397e-10 9.81431891e-10 1.38590939e-09
 1.79038688e-09 2.19486437e-09 2.59934187e-09 3.00381936e-09
 3.40829686e-09 3.81277435e-09 4.21725185e-09 4.62172934e-09
 5.02620684e-09 5.43068433e-09 5.83516183e-09 6.23963932e-09
 6.64411681e-09 7.04859431e-09 7.45307180e-09 7.85754930e-09
 8.26202679e-09 8.66650429e-09 9.07098178e-09 9.47545928e-09
 9.87993677e-09 1.02844143e-08 1.06888918e-08 1.10933693e-08
 1.14978467e-08 1.19023242e-08 1.23068017e-08 1.27112792e-08
 1.31157567e-08 1.35202342e-08 1.39247117e-08 1.43291892e-08
 1.47336667e-08 1.51381442e-08 1.55426217e-08 1.59470992e-08
 1.63515767e-08 1.67560542e-08 1.71605317e-08 1.75650092e-08
 1.79694867e-08 1.83739642e-08 1.87784417e-08 1.91829191e-08
 1.95873966e-08 1.99918741e-08 2.03963516e-08 2.08008291e-08
 2.12053066e-08 2.16097841e-08 2.20142616e-08 2.24187391e-08
 2.28232166e-08 2.32276941e-08 2.36321716e-08 2.40366491e-08
 2.44411266e-08 2.48456041e-08 2.52500816e-08 2.56545591e-08
 2.60590366e-08 2.64635140e-08 2.68679915e-08 2.72724690e-08
 2.76769465e-08 2.80814240e-08 2.84859015e-08 2.88903790e-08
 2.92948565e-08 2.96993340e-08 3.01038115e-08 3.05082890e-08
 3.09127665e-08 3.13172440e-08 3.17217215e-08 3.21261990e-08
 3.25306765e-08 3.29351540e-08 3.33396315e-08 3.37441089e-08
 3.41485864e-08 3.45530639e-08 3.49575414e-08 3.53620189e-08
 3.57664964e-08 3.61709739e-08 3.65754514e-08 3.69799289e-08
 3.73844064e-08 3.77888839e-08 3.81933614e-08 3.85978389e-08
 3.90023164e-08 3.94067939e-08 3.98112714e-08 4.02157489e-08
 4.06202264e-08]
Frequencies: [8.7459840e+07 8.0732160e+07 7.0640640e+07 6.2231040e+07 5.2139520e+07
 4.3729920e+07 4.5411840e+07 3.8684160e+07 3.0274560e+07 4.2048000e+07
 2.0183040e+07 3.8684160e+07 2.3546880e+07 3.3638400e+07 2.1864960e+07
 2.6910720e+07 2.3546880e+07 1.8501120e+07 2.3546880e+07 2.3546880e+07
 2.0183040e+07 1.5137280e+07 2.6910720e+07 1.6819200e+07 1.3455360e+07
 1.3455360e+07 3.1956480e+07 1.0091520e+07 1.6819200e+07 1.3455360e+07
 2.0183040e+07 1.5137280e+07 2.0183040e+07 6.7276800e+06 1.3455360e+07
 1.3455360e+07 2.0183040e+07 1.3455360e+07 1.5137280e+07 1.3455360e+07
 6.7276800e+06 1.0091520e+07 1.3455360e+07 2.0183040e+07 1.3455360e+07
 6.7276800e+06 1.1773440e+07 1.3455360e+07 3.3638400e+06 1.3455360e+07
 1.3455360e+07 1.6819200e+07 1.0091520e+07 1.0091520e+07 6.7276800e+06
 7.5686400e+07 6.5594880e+07 8.2414080e+07 7.7368320e+07 7.9050240e+07
 5.8867200e+07 8.2414080e+07 7.7368320e+07 6.2231040e+07 7.4004480e+07
 7.4004480e+07 6.7276800e+07 6.7276800e+07 7.0640640e+07 5.7185280e+07
 7.4004480e+07 7.0640640e+07 5.3821440e+07 7.7368320e+07 6.7276800e+07
 5.7185280e+07 7.4004480e+07 5.7185280e+07 7.4004480e+07 6.3912960e+07
 6.0549120e+07 7.7368320e+07 4.7093760e+07 8.0732160e+07 6.3912960e+07
 6.7276800e+07 7.0640640e+07 5.3821440e+07 8.4096000e+07 7.4004480e+07
 5.7185280e+07 8.4096000e+07 7.4004480e+07 6.3912960e+07 8.7459840e+07
 8.4096000e+07 5.3821440e+07 1.0091520e+08 9.7551360e+07 1.1100672e+08]
