Standard Deviation: 11.955381429781669
Skewness: -1.2244911030939583
Kurtosis: 1.087813522042964
Median: 278.582717053897
Mean: 273.91189181497697
Deciles: [266.66987436 283.30752811]
Minimum: 213.01831729037355
Maximum: 296.70170362220347
Bin Edges: [213.01831729 213.85515115 214.69198502 215.52881888 216.36565274
 217.20248661 218.03932047 218.87615433 219.7129882  220.54982206
 221.38665592 222.22348979 223.06032365 223.89715751 224.73399138
 225.57082524 226.4076591  227.24449297 228.08132683 228.91816069
 229.75499456 230.59182842 231.42866228 232.26549615 233.10233001
 233.93916387 234.77599774 235.6128316  236.44966546 237.28649933
 238.12333319 238.96016705 239.79700092 240.63383478 241.47066864
 242.30750251 243.14433637 243.98117023 244.8180041  245.65483796
 246.49167182 247.32850569 248.16533955 249.00217341 249.83900728
 250.67584114 251.512675   252.34950887 253.18634273 254.02317659
 254.86001046 255.69684432 256.53367818 257.37051205 258.20734591
 259.04417977 259.88101364 260.7178475  261.55468136 262.39151523
 263.22834909 264.06518295 264.90201682 265.73885068 266.57568454
 267.41251841 268.24935227 269.08618613 269.92302    270.75985386
 271.59668772 272.43352159 273.27035545 274.10718931 274.94402318
 275.78085704 276.6176909  277.45452477 278.29135863 279.12819249
 279.96502636 280.80186022 281.63869408 282.47552795 283.31236181
 284.14919567 284.98602954 285.8228634  286.65969726 287.49653113
 288.33336499 289.17019885 290.00703272 290.84386658 291.68070044
 292.51753431 293.35436817 294.19120203 295.0280359  295.86486976
 296.70170362]
Frequencies: [1.32300000e+03 6.65800000e+03 1.91970000e+04 3.74370000e+04
 7.05690000e+04 1.23314000e+05 2.03802000e+05 3.11551000e+05
 4.43129000e+05 6.04397000e+05 7.76846000e+05 9.70572000e+05
 1.16744100e+06 1.37953600e+06 1.56382600e+06 1.75133600e+06
 1.93407600e+06 2.08161400e+06 2.24011100e+06 2.38301500e+06
 2.50144100e+06 2.64288700e+06 2.75193300e+06 2.87627700e+06
 3.03217800e+06 3.18033900e+06 3.36095900e+06 3.58595800e+06
 3.86040600e+06 4.16032900e+06 4.53742100e+06 4.99761000e+06
 5.58677600e+06 6.30065600e+06 7.21032200e+06 8.30391000e+06
 9.54941000e+06 1.08894020e+07 1.23323610e+07 1.39755350e+07
 1.57460620e+07 1.76526030e+07 1.97584890e+07 2.20985250e+07
 2.45054920e+07 2.70071230e+07 2.96550810e+07 3.23278510e+07
 3.51819500e+07 3.78381650e+07 4.02303660e+07 4.26097770e+07
 4.49174420e+07 4.68608320e+07 4.85480430e+07 5.02039890e+07
 5.17799950e+07 5.33473790e+07 5.47698600e+07 5.61920620e+07
 5.79886980e+07 5.98764220e+07 6.17005800e+07 6.35416350e+07
 6.51111930e+07 6.62196420e+07 6.73168010e+07 6.80315550e+07
 6.88437620e+07 7.00987220e+07 7.18285900e+07 7.39824050e+07
 7.69721480e+07 8.11378760e+07 8.66437570e+07 9.30302550e+07
 1.01048339e+08 1.11012176e+08 1.22596451e+08 1.36797099e+08
 1.56173593e+08 1.83921788e+08 2.35916594e+08 3.43511885e+08
 4.25791956e+08 3.43617198e+08 1.97469624e+08 9.43063900e+07
 4.08508610e+07 1.65442300e+07 6.90118500e+06 3.35253000e+06
 1.87271700e+06 1.10582200e+06 6.23163000e+05 3.21891000e+05
 1.33296000e+05 4.36940000e+04 9.71900000e+03 8.12000000e+02]
