Standard Deviation: 1.7196429603415836e-07
Skewness: 1.5241358330432733
Kurtosis: 2.0234288345196205
Median: 1.2047595230449475e-07
Mean: 1.9589973294148488e-07
Deciles: [7.20388190e-08 2.85873549e-07]
Minimum: 2.8192405808600484e-08
Maximum: 9.855778840514703e-07
Bin Edges: [2.81924058e-08 3.77662606e-08 4.73401154e-08 5.69139702e-08
 6.64878249e-08 7.60616797e-08 8.56355345e-08 9.52093893e-08
 1.04783244e-07 1.14357099e-07 1.23930954e-07 1.33504808e-07
 1.43078663e-07 1.52652518e-07 1.62226373e-07 1.71800228e-07
 1.81374082e-07 1.90947937e-07 2.00521792e-07 2.10095647e-07
 2.19669501e-07 2.29243356e-07 2.38817211e-07 2.48391066e-07
 2.57964921e-07 2.67538775e-07 2.77112630e-07 2.86686485e-07
 2.96260340e-07 3.05834194e-07 3.15408049e-07 3.24981904e-07
 3.34555759e-07 3.44129614e-07 3.53703468e-07 3.63277323e-07
 3.72851178e-07 3.82425033e-07 3.91998888e-07 4.01572742e-07
 4.11146597e-07 4.20720452e-07 4.30294307e-07 4.39868161e-07
 4.49442016e-07 4.59015871e-07 4.68589726e-07 4.78163581e-07
 4.87737435e-07 4.97311290e-07 5.06885145e-07 5.16459000e-07
 5.26032854e-07 5.35606709e-07 5.45180564e-07 5.54754419e-07
 5.64328274e-07 5.73902128e-07 5.83475983e-07 5.93049838e-07
 6.02623693e-07 6.12197548e-07 6.21771402e-07 6.31345257e-07
 6.40919112e-07 6.50492967e-07 6.60066821e-07 6.69640676e-07
 6.79214531e-07 6.88788386e-07 6.98362241e-07 7.07936095e-07
 7.17509950e-07 7.27083805e-07 7.36657660e-07 7.46231514e-07
 7.55805369e-07 7.65379224e-07 7.74953079e-07 7.84526934e-07
 7.94100788e-07 8.03674643e-07 8.13248498e-07 8.22822353e-07
 8.32396208e-07 8.41970062e-07 8.51543917e-07 8.61117772e-07
 8.70691627e-07 8.80265481e-07 8.89839336e-07 8.99413191e-07
 9.08987046e-07 9.18560901e-07 9.28134755e-07 9.37708610e-07
 9.47282465e-07 9.56856320e-07 9.66430174e-07 9.76004029e-07
 9.85577884e-07]
Frequencies: [1.13050746e+08 2.50814644e+08 2.61694521e+08 3.01815964e+08
 3.55479532e+08 3.24694990e+08 2.60283247e+08 1.78983617e+08
 1.40018832e+08 1.29143353e+08 1.18913246e+08 1.05229128e+08
 8.92260470e+07 7.80039740e+07 7.14563600e+07 6.55003730e+07
 6.06382800e+07 5.74004200e+07 5.45315170e+07 5.20175430e+07
 5.07012720e+07 4.96925900e+07 4.89613080e+07 4.83637720e+07
 4.72773340e+07 4.78429210e+07 4.82347780e+07 4.81373860e+07
 4.75835570e+07 4.91141750e+07 4.94128270e+07 4.65526410e+07
 4.47737400e+07 4.40923430e+07 4.29726450e+07 4.21152270e+07
 4.23047000e+07 4.19853180e+07 3.83328810e+07 3.56979360e+07
 3.36081760e+07 3.25838380e+07 3.20185650e+07 3.28683830e+07
 3.39817130e+07 3.24063130e+07 2.40744290e+07 1.89046990e+07
 1.61944580e+07 1.46173130e+07 1.36976030e+07 1.29697220e+07
 1.21690900e+07 1.17706080e+07 1.12674840e+07 1.08867670e+07
 1.06747950e+07 1.02092640e+07 9.92717300e+06 9.53002900e+06
 9.43014100e+06 9.19958600e+06 8.85062200e+06 8.51068200e+06
 8.06267800e+06 7.43328800e+06 7.00453200e+06 6.80537800e+06
 6.60380500e+06 6.36120600e+06 6.03865300e+06 5.73938100e+06
 5.45681300e+06 5.37571100e+06 5.22773900e+06 5.02657100e+06
 5.00252200e+06 4.90082600e+06 4.86382300e+06 5.06109900e+06
 5.43929000e+06 5.45226100e+06 5.27095900e+06 4.83641600e+06
 4.11312800e+06 3.37518800e+06 2.78002700e+06 2.23641100e+06
 1.89181000e+06 1.61622600e+06 1.44165400e+06 1.31506500e+06
 1.07707600e+06 8.53675000e+05 4.63692000e+05 2.32888000e+05
 1.60155000e+05 1.38665000e+05 1.14482000e+05 1.37690000e+04]
