Standard Deviation: 1602.3784093979127
Skewness: -3.604841065255949
Kurtosis: 15.49889794353329
Median: 39179.612076504825
Mean: 38599.09202192
Deciles: [38503.25005883 39356.40839915]
Minimum: 26968.01173690157
Maximum: 40876.96093584279
Bin Edges: [26968.0117369  27107.10122889 27246.19072088 27385.28021287
 27524.36970486 27663.45919685 27802.54868884 27941.63818083
 28080.72767282 28219.81716481 28358.9066568  28497.99614879
 28637.08564077 28776.17513276 28915.26462475 29054.35411674
 29193.44360873 29332.53310072 29471.62259271 29610.7120847
 29749.80157669 29888.89106868 30027.98056067 30167.07005266
 30306.15954465 30445.24903664 30584.33852863 30723.42802062
 30862.51751261 31001.60700459 31140.69649658 31279.78598857
 31418.87548056 31557.96497255 31697.05446454 31836.14395653
 31975.23344852 32114.32294051 32253.4124325  32392.50192449
 32531.59141648 32670.68090847 32809.77040046 32948.85989245
 33087.94938444 33227.03887643 33366.12836841 33505.2178604
 33644.30735239 33783.39684438 33922.48633637 34061.57582836
 34200.66532035 34339.75481234 34478.84430433 34617.93379632
 34757.02328831 34896.1127803  35035.20227229 35174.29176428
 35313.38125627 35452.47074826 35591.56024025 35730.64973223
 35869.73922422 36008.82871621 36147.9182082  36287.00770019
 36426.09719218 36565.18668417 36704.27617616 36843.36566815
 36982.45516014 37121.54465213 37260.63414412 37399.72363611
 37538.8131281  37677.90262009 37816.99211208 37956.08160407
 38095.17109605 38234.26058804 38373.35008003 38512.43957202
 38651.52906401 38790.618556   38929.70804799 39068.79753998
 39207.88703197 39346.97652396 39486.06601595 39625.15550794
 39764.24499993 39903.33449192 40042.42398391 40181.5134759
 40320.60296789 40459.69245987 40598.78195186 40737.87144385
 40876.96093584]
Frequencies: [3.24700000e+03 3.43760000e+04 2.14012000e+05 6.12063000e+05
 1.43533000e+06 2.30397700e+06 1.80202800e+06 1.15344100e+06
 7.14157000e+05 1.20462700e+06 1.22384100e+06 1.33601200e+06
 1.95257500e+06 2.31425600e+06 2.51995500e+06 2.48773000e+06
 2.11066500e+06 2.18244900e+06 2.48702500e+06 2.45461800e+06
 2.42623300e+06 3.17838500e+06 3.45430700e+06 3.28083100e+06
 3.14557500e+06 3.40240600e+06 2.82764100e+06 2.90280500e+06
 3.03415800e+06 3.03348500e+06 3.40175200e+06 3.36264500e+06
 2.61021600e+06 2.75447400e+06 2.95381700e+06 3.15654500e+06
 2.69484200e+06 2.25256500e+06 2.54093100e+06 2.69121500e+06
 2.64542100e+06 3.26721500e+06 3.11846400e+06 3.65982400e+06
 3.32332400e+06 2.83760300e+06 3.36972300e+06 3.89896600e+06
 4.07788300e+06 3.97736000e+06 4.66625500e+06 4.96991700e+06
 5.92658300e+06 6.74985100e+06 6.67534600e+06 7.58851900e+06
 7.57407800e+06 7.66260500e+06 8.11978200e+06 9.62523200e+06
 1.14691460e+07 1.23376660e+07 1.39266280e+07 1.63872500e+07
 1.89315660e+07 1.86620140e+07 1.91329730e+07 1.97260660e+07
 2.07127900e+07 2.09699570e+07 2.13203200e+07 2.08863200e+07
 2.26446040e+07 2.73754200e+07 3.06533520e+07 3.66760640e+07
 4.54878420e+07 5.31497890e+07 6.70524880e+07 8.21708750e+07
 9.96509420e+07 1.25561581e+08 1.47194028e+08 1.61996781e+08
 1.79611193e+08 2.07210758e+08 2.53269380e+08 4.68669780e+08
 9.36710193e+08 6.26285215e+08 3.58802163e+08 1.50625148e+08
 4.19595740e+07 8.46057100e+06 1.66038400e+06 3.41380000e+05
 8.73270000e+04 2.18880000e+04 5.56100000e+03 1.86000000e+03]
