Standard Deviation: 12.37107190820705
Skewness: -1.124609310992718
Kurtosis: 1.1560393606115724
Median: 285.26025667665493
Mean: 281.54244751283517
Deciles: [274.11345263 291.20978445]
Minimum: 216.57265578438034
Maximum: 312.83487809446706
Bin Edges: [216.57265578 217.53527801 218.49790023 219.46052245 220.42314468
 221.3857669  222.34838912 223.31101135 224.27363357 225.23625579
 226.19887802 227.16150024 228.12412246 229.08674468 230.04936691
 231.01198913 231.97461135 232.93723358 233.8998558  234.86247802
 235.82510025 236.78772247 237.75034469 238.71296692 239.67558914
 240.63821136 241.60083359 242.56345581 243.52607803 244.48870025
 245.45132248 246.4139447  247.37656692 248.33918915 249.30181137
 250.26443359 251.22705582 252.18967804 253.15230026 254.11492249
 255.07754471 256.04016693 257.00278915 257.96541138 258.9280336
 259.89065582 260.85327805 261.81590027 262.77852249 263.74114472
 264.70376694 265.66638916 266.62901139 267.59163361 268.55425583
 269.51687805 270.47950028 271.4421225  272.40474472 273.36736695
 274.32998917 275.29261139 276.25523362 277.21785584 278.18047806
 279.14310029 280.10572251 281.06834473 282.03096696 282.99358918
 283.9562114  284.91883362 285.88145585 286.84407807 287.80670029
 288.76932252 289.73194474 290.69456696 291.65718919 292.61981141
 293.58243363 294.54505586 295.50767808 296.4703003  297.43292252
 298.39554475 299.35816697 300.32078919 301.28341142 302.24603364
 303.20865586 304.17127809 305.13390031 306.09652253 307.05914476
 308.02176698 308.9843892  309.94701143 310.90963365 311.87225587
 312.83487809]
Frequencies: [7.37000000e+02 4.48400000e+03 1.17030000e+04 2.33290000e+04
 4.48120000e+04 8.29120000e+04 1.43869000e+05 2.25003000e+05
 3.36610000e+05 4.75950000e+05 6.44220000e+05 8.46193000e+05
 1.06249600e+06 1.28396500e+06 1.51131800e+06 1.72397000e+06
 1.92270400e+06 2.11311000e+06 2.30436000e+06 2.50789300e+06
 2.69322600e+06 2.90671700e+06 3.13715900e+06 3.36784400e+06
 3.67316300e+06 4.03355800e+06 4.44201000e+06 4.92060800e+06
 5.47812500e+06 6.13923300e+06 6.95912900e+06 7.84921800e+06
 8.82885000e+06 9.84640100e+06 1.09169450e+07 1.20608570e+07
 1.32318510e+07 1.45104150e+07 1.58957810e+07 1.71288690e+07
 1.84822060e+07 1.99096070e+07 2.14615680e+07 2.33539090e+07
 2.56179070e+07 2.83960610e+07 3.18740850e+07 3.64292760e+07
 4.22864680e+07 4.87611410e+07 5.45823130e+07 5.93322610e+07
 6.28394120e+07 6.58804850e+07 6.84119810e+07 7.04512260e+07
 7.22207370e+07 7.37937600e+07 7.55739630e+07 7.82019380e+07
 8.14476200e+07 8.48966670e+07 8.81877260e+07 9.12162500e+07
 9.37781720e+07 9.66073010e+07 9.93412660e+07 1.02386003e+08
 1.06247914e+08 1.11342593e+08 1.18114721e+08 1.26671858e+08
 1.36666586e+08 1.49929665e+08 1.68941883e+08 1.97385924e+08
 2.41394442e+08 3.15961298e+08 3.70770423e+08 2.49401562e+08
 1.09777376e+08 6.56908790e+07 4.72626010e+07 3.55309800e+07
 2.71455560e+07 2.07801890e+07 1.57535930e+07 1.16672810e+07
 8.39028200e+06 5.86535900e+06 3.91355600e+06 2.46057400e+06
 1.48764200e+06 8.83323000e+05 4.63959000e+05 1.87143000e+05
 6.30950000e+04 1.71080000e+04 3.28000000e+03 4.49000000e+02]
