Standard Deviation: 14.334831723272547
Skewness: 0.24815106241200915
Kurtosis: 0.45732185567787065
Median: 8.371417683945586
Mean: 9.158499103696899
Deciles: [-0.53590366 18.19634227]
Minimum: -59.119553760078496
Maximum: 90.09706302073857
Bin Edges: [-59.11955376 -57.62738759 -56.13522142 -54.64305526 -53.15088909
 -51.65872292 -50.16655675 -48.67439059 -47.18222442 -45.69005825
 -44.19789208 -42.70572591 -41.21355975 -39.72139358 -38.22922741
 -36.73706124 -35.24489508 -33.75272891 -32.26056274 -30.76839657
 -29.2762304  -27.78406424 -26.29189807 -24.7997319  -23.30756573
 -21.81539956 -20.3232334  -18.83106723 -17.33890106 -15.84673489
 -14.35456873 -12.86240256 -11.37023639  -9.87807022  -8.38590405
  -6.89373789  -5.40157172  -3.90940555  -2.41723938  -0.92507322
   0.56709295   2.05925912   3.55142529   5.04359146   6.53575762
   8.02792379   9.52008996  11.01225613  12.50442229  13.99658846
  15.48875463  16.9809208   18.47308697  19.96525313  21.4574193
  22.94958547  24.44175164  25.9339178   27.42608397  28.91825014
  30.41041631  31.90258248  33.39474864  34.88691481  36.37908098
  37.87124715  39.36341332  40.85557948  42.34774565  43.83991182
  45.33207799  46.82424415  48.31641032  49.80857649  51.30074266
  52.79290883  54.28507499  55.77724116  57.26940733  58.7615735
  60.25373966  61.74590583  63.238072    64.73023817  66.22240434
  67.7145705   69.20673667  70.69890284  72.19106901  73.68323517
  75.17540134  76.66756751  78.15973368  79.65189985  81.14406601
  82.63623218  84.12839835  85.62056452  87.11273069  88.60489685
  90.09706302]
Frequencies: [1.80000000e+01 2.97000000e+02 2.40200000e+03 7.55700000e+03
 2.25590000e+04 5.35520000e+04 7.19740000e+04 1.02663000e+05
 1.49528000e+05 2.18927000e+05 3.20935000e+05 4.69220000e+05
 6.76727000e+05 9.68772000e+05 1.34702500e+06 1.81535000e+06
 2.40411100e+06 3.06761700e+06 3.82443800e+06 4.67914100e+06
 5.66833400e+06 6.78725200e+06 8.04701900e+06 9.59235600e+06
 1.14564910e+07 1.38289650e+07 1.68796330e+07 2.08644190e+07
 2.61565440e+07 3.33582080e+07 4.27653980e+07 5.45167270e+07
 6.84651470e+07 8.39202470e+07 1.00309723e+08 1.17216374e+08
 1.34142761e+08 1.50463075e+08 1.65349541e+08 1.77765829e+08
 1.86479660e+08 1.91704974e+08 1.93914270e+08 1.94113790e+08
 1.92659964e+08 1.89662154e+08 1.85539864e+08 1.80649358e+08
 1.74465859e+08 1.67423111e+08 1.59085861e+08 1.49328783e+08
 1.38698366e+08 1.27308605e+08 1.14836777e+08 1.02206213e+08
 8.99025940e+07 7.82459060e+07 6.77915910e+07 5.86297450e+07
 5.03263270e+07 4.30250820e+07 3.67594640e+07 3.15306700e+07
 2.70423710e+07 2.31980720e+07 1.98615200e+07 1.69720760e+07
 1.44745210e+07 1.23204630e+07 1.04082430e+07 8.77526200e+06
 7.37685600e+06 6.16039300e+06 5.08497100e+06 4.11439000e+06
 3.30418400e+06 2.61986200e+06 2.06421400e+06 1.56533900e+06
 1.16063900e+06 8.38206000e+05 5.94645000e+05 4.16258000e+05
 2.84224000e+05 1.97770000e+05 1.26440000e+05 7.52840000e+04
 4.66750000e+04 2.68950000e+04 1.36360000e+04 6.64500000e+03
 3.19700000e+03 1.59000000e+03 1.18200000e+03 7.49000000e+02
 6.18000000e+02 3.88000000e+02 2.52000000e+02 1.26000000e+02]
