Standard Deviation: 1.3207358440793453e-07
Skewness: -1.3169686574294266
Kurtosis: 0.07886231748366646
Median: 3.7808223085821595e-07
Mean: 3.125875836584003e-07
Deciles: [2.64580219e-07 3.99404046e-07]
Minimum: 3.090237183591612e-09
Maximum: 4.0870661901084983e-07
Bin Edges: [3.09023718e-09 7.14640100e-09 1.12025648e-08 1.52587286e-08
 1.93148925e-08 2.33710563e-08 2.74272201e-08 3.14833839e-08
 3.55395477e-08 3.95957115e-08 4.36518754e-08 4.77080392e-08
 5.17642030e-08 5.58203668e-08 5.98765306e-08 6.39326945e-08
 6.79888583e-08 7.20450221e-08 7.61011859e-08 8.01573497e-08
 8.42135135e-08 8.82696774e-08 9.23258412e-08 9.63820050e-08
 1.00438169e-07 1.04494333e-07 1.08550496e-07 1.12606660e-07
 1.16662824e-07 1.20718988e-07 1.24775152e-07 1.28831316e-07
 1.32887479e-07 1.36943643e-07 1.40999807e-07 1.45055971e-07
 1.49112135e-07 1.53168298e-07 1.57224462e-07 1.61280626e-07
 1.65336790e-07 1.69392954e-07 1.73449118e-07 1.77505281e-07
 1.81561445e-07 1.85617609e-07 1.89673773e-07 1.93729937e-07
 1.97786100e-07 2.01842264e-07 2.05898428e-07 2.09954592e-07
 2.14010756e-07 2.18066920e-07 2.22123083e-07 2.26179247e-07
 2.30235411e-07 2.34291575e-07 2.38347739e-07 2.42403902e-07
 2.46460066e-07 2.50516230e-07 2.54572394e-07 2.58628558e-07
 2.62684722e-07 2.66740885e-07 2.70797049e-07 2.74853213e-07
 2.78909377e-07 2.82965541e-07 2.87021704e-07 2.91077868e-07
 2.95134032e-07 2.99190196e-07 3.03246360e-07 3.07302524e-07
 3.11358687e-07 3.15414851e-07 3.19471015e-07 3.23527179e-07
 3.27583343e-07 3.31639506e-07 3.35695670e-07 3.39751834e-07
 3.43807998e-07 3.47864162e-07 3.51920326e-07 3.55976489e-07
 3.60032653e-07 3.64088817e-07 3.68144981e-07 3.72201145e-07
 3.76257308e-07 3.80313472e-07 3.84369636e-07 3.88425800e-07
 3.92481964e-07 3.96538128e-07 4.00594291e-07 4.04650455e-07
 4.08706619e-07]
Frequencies: [4.7093760e+07 5.0457600e+07 4.5411840e+07 4.7093760e+07 4.0366080e+07
 3.8684160e+07 3.5320320e+07 2.3546880e+07 2.8592640e+07 3.0274560e+07
 2.5228800e+07 2.6910720e+07 1.6819200e+07 3.1956480e+07 2.0183040e+07
 1.3455360e+07 3.1956480e+07 1.0091520e+07 1.6819200e+07 2.3546880e+07
 1.8501120e+07 1.3455360e+07 2.0183040e+07 1.3455360e+07 1.8501120e+07
 1.0091520e+07 2.0183040e+07 1.6819200e+07 1.0091520e+07 1.1773440e+07
 1.3455360e+07 1.6819200e+07 1.3455360e+07 1.6819200e+07 1.0091520e+07
 6.7276800e+06 1.5137280e+07 1.6819200e+07 1.0091520e+07 1.3455360e+07
 1.0091520e+07 1.0091520e+07 3.3638400e+06 1.8501120e+07 1.6819200e+07
 6.7276800e+06 6.7276800e+06 1.3455360e+07 1.0091520e+07 6.7276800e+06
 1.3455360e+07 1.0091520e+07 1.5137280e+07 1.0091520e+07 6.7276800e+06
 3.3638400e+06 1.0091520e+07 1.0091520e+07 3.3638400e+06 1.6819200e+07
 1.3455360e+07 6.7276800e+06 8.4096000e+06 1.3455360e+07 3.3638400e+06
 3.3638400e+06 1.0091520e+07 3.3638400e+06 1.0091520e+07 1.3455360e+07
 1.0091520e+07 1.0091520e+07 6.7276800e+06 3.3638400e+06 1.1773440e+07
 1.0091520e+07 3.3638400e+06 3.3638400e+06 3.3638400e+06 1.0091520e+07
 3.3638400e+06 2.0183040e+07 6.7276800e+06 1.0091520e+07 6.7276800e+06
 3.3638400e+06 6.7276800e+06 9.5869440e+07 2.0183040e+08 1.9846656e+08
 1.9846656e+08 1.9510272e+08 1.7828352e+08 2.0183040e+08 2.0183040e+08
 2.1528576e+08 2.2537728e+08 2.6574336e+08 3.0610944e+08 7.5013632e+08]
