Standard Deviation: 12.116037548812072
Skewness: -1.1847651623580606
Kurtosis: 1.0834395423388807
Median: 282.044888036163
Mean: 277.6687622909829
Deciles: [270.19310044 287.21093067]
Minimum: 214.8704232803358
Maximum: 303.6505635252509
Bin Edges: [214.87042328 215.75822468 216.64602609 217.53382749 218.42162889
 219.30943029 220.1972317  221.0850331  221.9728345  222.8606359
 223.7484373  224.63623871 225.52404011 226.41184151 227.29964291
 228.18744432 229.07524572 229.96304712 230.85084852 231.73864993
 232.62645133 233.51425273 234.40205413 235.28985554 236.17765694
 237.06545834 237.95325974 238.84106115 239.72886255 240.61666395
 241.50446535 242.39226676 243.28006816 244.16786956 245.05567096
 245.94347237 246.83127377 247.71907517 248.60687657 249.49467798
 250.38247938 251.27028078 252.15808218 253.04588359 253.93368499
 254.82148639 255.70928779 256.5970892  257.4848906  258.372692
 259.2604934  260.14829481 261.03609621 261.92389761 262.81169901
 263.69950042 264.58730182 265.47510322 266.36290462 267.25070602
 268.13850743 269.02630883 269.91411023 270.80191163 271.68971304
 272.57751444 273.46531584 274.35311724 275.24091865 276.12872005
 277.01652145 277.90432285 278.79212426 279.67992566 280.56772706
 281.45552846 282.34332987 283.23113127 284.11893267 285.00673407
 285.89453548 286.78233688 287.67013828 288.55793968 289.44574109
 290.33354249 291.22134389 292.10914529 292.9969467  293.8847481
 294.7725495  295.6603509  296.54815231 297.43595371 298.32375511
 299.21155651 300.09935792 300.98715932 301.87496072 302.76276212
 303.65056353]
Frequencies: [8.75000000e+02 4.68400000e+03 1.38570000e+04 2.89830000e+04
 5.32170000e+04 9.96390000e+04 1.66051000e+05 2.54427000e+05
 3.77419000e+05 5.18998000e+05 6.95409000e+05 8.88000000e+05
 1.08055900e+06 1.29807000e+06 1.50233500e+06 1.69125900e+06
 1.88015400e+06 2.04873400e+06 2.21359100e+06 2.36699300e+06
 2.51386900e+06 2.64829100e+06 2.81236900e+06 2.95340000e+06
 3.14081500e+06 3.32279800e+06 3.55665500e+06 3.83660100e+06
 4.16430300e+06 4.53514300e+06 4.99449100e+06 5.56129600e+06
 6.27085300e+06 7.10782500e+06 8.13461500e+06 9.26672400e+06
 1.05167980e+07 1.18210110e+07 1.32642240e+07 1.48411190e+07
 1.65347520e+07 1.84512050e+07 2.05256830e+07 2.29489870e+07
 2.54006180e+07 2.80286740e+07 3.10527220e+07 3.42431360e+07
 3.76340110e+07 4.09754690e+07 4.42273170e+07 4.74310710e+07
 5.02422790e+07 5.27257840e+07 5.47884150e+07 5.67816770e+07
 5.89329100e+07 6.09735350e+07 6.33434970e+07 6.57857940e+07
 6.84367190e+07 7.07723760e+07 7.23685580e+07 7.31439900e+07
 7.32620700e+07 7.32139500e+07 7.36892920e+07 7.50687410e+07
 7.69582900e+07 7.96162670e+07 8.31728900e+07 8.78974350e+07
 9.41325540e+07 1.02150791e+08 1.12371261e+08 1.23747303e+08
 1.35268110e+08 1.48327306e+08 1.66684587e+08 1.97541747e+08
 2.69795882e+08 3.87088414e+08 3.78654397e+08 2.43300518e+08
 1.35606539e+08 7.27654370e+07 3.88290930e+07 2.11891410e+07
 1.25206380e+07 7.76912700e+06 4.89458600e+06 3.09199100e+06
 1.94254200e+06 1.19025800e+06 6.87440000e+05 3.46412000e+05
 1.50059000e+05 4.94970000e+04 1.25450000e+04 1.25700000e+03]
