Standard Deviation: 0.003921021428234786
Skewness: 0.41848535041284435
Kurtosis: -1.0484055689254024
Median: 0.004769322474162136
Mean: 0.005585124807473605
Deciles: [0.00214447 0.00887198]
Minimum: 1.2559632738099219e-12
Maximum: 0.020893879414321755
Bin Edges: [1.25596327e-12 2.08938795e-04 4.17877590e-04 6.26816384e-04
 8.35755178e-04 1.04469397e-03 1.25363277e-03 1.46257156e-03
 1.67151035e-03 1.88044915e-03 2.08938794e-03 2.29832674e-03
 2.50726553e-03 2.71620432e-03 2.92514312e-03 3.13408191e-03
 3.34302071e-03 3.55195950e-03 3.76089830e-03 3.96983709e-03
 4.17877588e-03 4.38771468e-03 4.59665347e-03 4.80559227e-03
 5.01453106e-03 5.22346985e-03 5.43240865e-03 5.64134744e-03
 5.85028624e-03 6.05922503e-03 6.26816383e-03 6.47710262e-03
 6.68604141e-03 6.89498021e-03 7.10391900e-03 7.31285780e-03
 7.52179659e-03 7.73073538e-03 7.93967418e-03 8.14861297e-03
 8.35755177e-03 8.56649056e-03 8.77542935e-03 8.98436815e-03
 9.19330694e-03 9.40224574e-03 9.61118453e-03 9.82012333e-03
 1.00290621e-02 1.02380009e-02 1.04469397e-02 1.06558785e-02
 1.08648173e-02 1.10737561e-02 1.12826949e-02 1.14916337e-02
 1.17005725e-02 1.19095113e-02 1.21184501e-02 1.23273889e-02
 1.25363276e-02 1.27452664e-02 1.29542052e-02 1.31631440e-02
 1.33720828e-02 1.35810216e-02 1.37899604e-02 1.39988992e-02
 1.42078380e-02 1.44167768e-02 1.46257156e-02 1.48346544e-02
 1.50435932e-02 1.52525320e-02 1.54614708e-02 1.56704096e-02
 1.58793484e-02 1.60882871e-02 1.62972259e-02 1.65061647e-02
 1.67151035e-02 1.69240423e-02 1.71329811e-02 1.73419199e-02
 1.75508587e-02 1.77597975e-02 1.79687363e-02 1.81776751e-02
 1.83866139e-02 1.85955527e-02 1.88044915e-02 1.90134303e-02
 1.92223691e-02 1.94313079e-02 1.96402466e-02 1.98491854e-02
 2.00581242e-02 2.02670630e-02 2.04760018e-02 2.06849406e-02
 2.08938794e-02]
Frequencies: [7.93346980e+07 1.11574316e+08 1.19400773e+08 1.17434141e+08
 1.15163284e+08 1.14601114e+08 1.14009106e+08 1.13307134e+08
 1.11917730e+08 1.09976804e+08 1.07329006e+08 1.04554626e+08
 1.01634038e+08 9.87449250e+07 9.58980120e+07 9.30184660e+07
 9.02543700e+07 8.77125620e+07 8.51538670e+07 8.26687660e+07
 7.96978540e+07 7.64973140e+07 7.31718130e+07 6.99088580e+07
 6.69044550e+07 6.42641680e+07 6.19809310e+07 6.00607020e+07
 5.84572700e+07 5.71926900e+07 5.62038380e+07 5.54261170e+07
 5.49017930e+07 5.45854850e+07 5.44436500e+07 5.43993390e+07
 5.44398600e+07 5.45797570e+07 5.47052770e+07 5.48650410e+07
 5.49811450e+07 5.50814540e+07 5.50862960e+07 5.50718830e+07
 5.49463280e+07 5.47994380e+07 5.45912340e+07 5.44271590e+07
 5.42461970e+07 5.40365620e+07 5.38705500e+07 5.36440970e+07
 5.34061020e+07 5.31536590e+07 5.28242070e+07 5.24609550e+07
 5.18309930e+07 5.08169860e+07 4.91489280e+07 4.66347070e+07
 4.30081660e+07 3.83040380e+07 3.26143400e+07 2.63300280e+07
 2.00749520e+07 1.44743110e+07 9.92291200e+06 6.54183700e+06
 4.27421700e+06 2.85090500e+06 1.97330200e+06 1.42559700e+06
 1.05909900e+06 7.92303000e+05 5.96927000e+05 4.36252000e+05
 3.18262000e+05 2.29545000e+05 1.64113000e+05 1.16461000e+05
 7.91030000e+04 5.31390000e+04 3.58540000e+04 2.36960000e+04
 1.59800000e+04 1.12670000e+04 7.42300000e+03 5.12700000e+03
 3.72900000e+03 2.67600000e+03 1.80100000e+03 1.48500000e+03
 1.08700000e+03 6.62000000e+02 2.67000000e+02 1.91000000e+02
 6.80000000e+01 1.50000000e+01 1.20000000e+01 2.10000000e+01]
