Standard Deviation: 13.072428260372558
Skewness: -1.2365252527361936
Kurtosis: 1.603730704662718
Median: 288.97020336310663
Mean: 285.0052342528689
Deciles: [277.82090245 294.79883609]
Minimum: 211.20703589750383
Maximum: 320.0543732157717
Bin Edges: [211.2070359  212.29550927 213.38398264 214.47245602 215.56092939
 216.64940276 217.73787614 218.82634951 219.91482288 221.00329626
 222.09176963 223.180243   224.26871638 225.35718975 226.44566312
 227.5341365  228.62260987 229.71108324 230.79955661 231.88802999
 232.97650336 234.06497673 235.15345011 236.24192348 237.33039685
 238.41887023 239.5073436  240.59581697 241.68429035 242.77276372
 243.86123709 244.94971047 246.03818384 247.12665721 248.21513059
 249.30360396 250.39207733 251.48055071 252.56902408 253.65749745
 254.74597082 255.8344442  256.92291757 258.01139094 259.09986432
 260.18833769 261.27681106 262.36528444 263.45375781 264.54223118
 265.63070456 266.71917793 267.8076513  268.89612468 269.98459805
 271.07307142 272.1615448  273.25001817 274.33849154 275.42696492
 276.51543829 277.60391166 278.69238503 279.78085841 280.86933178
 281.95780515 283.04627853 284.1347519  285.22322527 286.31169865
 287.40017202 288.48864539 289.57711877 290.66559214 291.75406551
 292.84253889 293.93101226 295.01948563 296.10795901 297.19643238
 298.28490575 299.37337913 300.4618525  301.55032587 302.63879924
 303.72727262 304.81574599 305.90421936 306.99269274 308.08116611
 309.16963948 310.25811286 311.34658623 312.4350596  313.52353298
 314.61200635 315.70047972 316.7889531  317.87742647 318.96589984
 320.05437322]
Frequencies: [5.91000000e+02 1.70000000e+03 3.22400000e+03 6.01900000e+03
 1.15440000e+04 1.92210000e+04 3.58790000e+04 5.81070000e+04
 9.25570000e+04 1.44922000e+05 2.18482000e+05 3.30969000e+05
 4.79603000e+05 6.55809000e+05 8.56743000e+05 1.09447900e+06
 1.35177900e+06 1.62016300e+06 1.85472600e+06 2.10229500e+06
 2.33081100e+06 2.55198900e+06 2.81293500e+06 3.08452000e+06
 3.38324500e+06 3.71618100e+06 4.12047400e+06 4.63270900e+06
 5.26382000e+06 6.01982000e+06 6.90118800e+06 7.82647700e+06
 8.81587800e+06 9.87427600e+06 1.08656800e+07 1.18699240e+07
 1.28050580e+07 1.37230200e+07 1.47022180e+07 1.55532790e+07
 1.63192760e+07 1.70922450e+07 1.79345880e+07 1.88380710e+07
 1.98279010e+07 2.12275650e+07 2.30579420e+07 2.53975750e+07
 2.86272520e+07 3.35277570e+07 4.05667870e+07 4.97671390e+07
 5.97098290e+07 6.61075190e+07 6.86180080e+07 6.92753550e+07
 7.05247250e+07 7.27216650e+07 7.56761860e+07 7.91297880e+07
 8.26490860e+07 8.63360790e+07 9.04554610e+07 9.44823030e+07
 9.87841910e+07 1.03401182e+08 1.08684346e+08 1.15181036e+08
 1.22425105e+08 1.29790190e+08 1.38380398e+08 1.48418625e+08
 1.61639441e+08 1.79286117e+08 2.06192723e+08 2.52202093e+08
 3.25102702e+08 3.98606265e+08 3.11148109e+08 9.82904300e+07
 5.59666000e+07 4.31755270e+07 3.47728340e+07 2.84171210e+07
 2.32654090e+07 1.88775230e+07 1.50387650e+07 1.15393310e+07
 8.41513400e+06 5.76638600e+06 3.77611900e+06 2.35527500e+06
 1.37901100e+06 7.43755000e+05 3.37447000e+05 1.17059000e+05
 3.47200000e+04 8.50800000e+03 1.86800000e+03 2.39000000e+02]
