Standard Deviation: 4.630055627785623e-08
Skewness: -1.000000000008453
Kurtosis: -1.9999999999905806
Median: 7863.965761131159
Mean: 7863.965761177459
Deciles: [7863.96576113 7863.96576113]
Minimum: 7863.965761131159
Maximum: 7863.965761131159
Bin Edges: [7863.46576113 7863.47576113 7863.48576113 7863.49576113 7863.50576113
 7863.51576113 7863.52576113 7863.53576113 7863.54576113 7863.55576113
 7863.56576113 7863.57576113 7863.58576113 7863.59576113 7863.60576113
 7863.61576113 7863.62576113 7863.63576113 7863.64576113 7863.65576113
 7863.66576113 7863.67576113 7863.68576113 7863.69576113 7863.70576113
 7863.71576113 7863.72576113 7863.73576113 7863.74576113 7863.75576113
 7863.76576113 7863.77576113 7863.78576113 7863.79576113 7863.80576113
 7863.81576113 7863.82576113 7863.83576113 7863.84576113 7863.85576113
 7863.86576113 7863.87576113 7863.88576113 7863.89576113 7863.90576113
 7863.91576113 7863.92576113 7863.93576113 7863.94576113 7863.95576113
 7863.96576113 7863.97576113 7863.98576113 7863.99576113 7864.00576113
 7864.01576113 7864.02576113 7864.03576113 7864.04576113 7864.05576113
 7864.06576113 7864.07576113 7864.08576113 7864.09576113 7864.10576113
 7864.11576113 7864.12576113 7864.13576113 7864.14576113 7864.15576113
 7864.16576113 7864.17576113 7864.18576113 7864.19576113 7864.20576113
 7864.21576113 7864.22576113 7864.23576113 7864.24576113 7864.25576113
 7864.26576113 7864.27576113 7864.28576113 7864.29576113 7864.30576113
 7864.31576113 7864.32576113 7864.33576113 7864.34576113 7864.35576113
 7864.36576113 7864.37576113 7864.38576113 7864.39576113 7864.40576113
 7864.41576113 7864.42576113 7864.43576113 7864.44576113 7864.45576113
 7864.46576113]
Frequencies: [0.000000e+00 0.000000e+00 0.000000e+00 0.000000e+00 0.000000e+00
 0.000000e+00 0.000000e+00 0.000000e+00 0.000000e+00 0.000000e+00
 0.000000e+00 0.000000e+00 0.000000e+00 0.000000e+00 0.000000e+00
 0.000000e+00 0.000000e+00 0.000000e+00 0.000000e+00 0.000000e+00
 0.000000e+00 0.000000e+00 0.000000e+00 0.000000e+00 0.000000e+00
 0.000000e+00 0.000000e+00 0.000000e+00 0.000000e+00 0.000000e+00
 0.000000e+00 0.000000e+00 0.000000e+00 0.000000e+00 0.000000e+00
 0.000000e+00 0.000000e+00 0.000000e+00 0.000000e+00 0.000000e+00
 0.000000e+00 0.000000e+00 0.000000e+00 0.000000e+00 0.000000e+00
 0.000000e+00 0.000000e+00 0.000000e+00 0.000000e+00 0.000000e+00
 4.541184e+09 0.000000e+00 0.000000e+00 0.000000e+00 0.000000e+00
 0.000000e+00 0.000000e+00 0.000000e+00 0.000000e+00 0.000000e+00
 0.000000e+00 0.000000e+00 0.000000e+00 0.000000e+00 0.000000e+00
 0.000000e+00 0.000000e+00 0.000000e+00 0.000000e+00 0.000000e+00
 0.000000e+00 0.000000e+00 0.000000e+00 0.000000e+00 0.000000e+00
 0.000000e+00 0.000000e+00 0.000000e+00 0.000000e+00 0.000000e+00
 0.000000e+00 0.000000e+00 0.000000e+00 0.000000e+00 0.000000e+00
 0.000000e+00 0.000000e+00 0.000000e+00 0.000000e+00 0.000000e+00
 0.000000e+00 0.000000e+00 0.000000e+00 0.000000e+00 0.000000e+00
 0.000000e+00 0.000000e+00 0.000000e+00 0.000000e+00 0.000000e+00]
