Standard Deviation: 6.598187420856929
Skewness: 0.06250155169022688
Kurtosis: 1.960747574912439
Median: -0.06002341944690909
Mean: -0.046429136382666644
Deciles: [-3.5098613   3.35573322]
Minimum: -61.956244846281855
Maximum: 65.17014917364077
Bin Edges: [-61.95624485 -60.68498091 -59.41371697 -58.14245303 -56.87118909
 -55.59992515 -54.32866121 -53.05739726 -51.78613332 -50.51486938
 -49.24360544 -47.9723415  -46.70107756 -45.42981362 -44.15854968
 -42.88728574 -41.6160218  -40.34475786 -39.07349392 -37.80222998
 -36.53096604 -35.2597021  -33.98843816 -32.71717422 -31.44591028
 -30.17464634 -28.9033824  -27.63211846 -26.36085452 -25.08959058
 -23.81832664 -22.5470627  -21.27579876 -20.00453482 -18.73327088
 -17.46200694 -16.190743   -14.91947906 -13.64821512 -12.37695118
 -11.10568724  -9.8344233   -8.56315936  -7.29189542  -6.02063148
  -4.74936754  -3.4781036   -2.20683966  -0.93557572   0.33568822
   1.60695216   2.8782161    4.14948004   5.42074398   6.69200792
   7.96327186   9.2345358   10.50579975  11.77706369  13.04832763
  14.31959157  15.59085551  16.86211945  18.13338339  19.40464733
  20.67591127  21.94717521  23.21843915  24.48970309  25.76096703
  27.03223097  28.30349491  29.57475885  30.84602279  32.11728673
  33.38855067  34.65981461  35.93107855  37.20234249  38.47360643
  39.74487037  41.01613431  42.28739825  43.55866219  44.82992613
  46.10119007  47.37245401  48.64371795  49.91498189  51.18624583
  52.45750977  53.72877371  55.00003765  56.27130159  57.54256553
  58.81382947  60.08509341  61.35635735  62.62762129  63.89888523
  65.17014917]
Frequencies: [2.00000000e+00 1.00000000e+00 1.10000000e+01 1.30000000e+01
 1.00000000e+01 2.10000000e+01 2.30000000e+01 4.80000000e+01
 5.60000000e+01 9.50000000e+01 2.43000000e+02 6.32000000e+02
 1.09400000e+03 2.05100000e+03 3.36100000e+03 6.01800000e+03
 1.05720000e+04 1.70300000e+04 2.82680000e+04 4.46730000e+04
 7.31100000e+04 1.14999000e+05 1.78654000e+05 2.73916000e+05
 4.13235000e+05 6.12168000e+05 9.06358000e+05 1.31696300e+06
 1.90412500e+06 2.71878800e+06 3.82141000e+06 5.32364100e+06
 7.32594600e+06 9.98201900e+06 1.35055120e+07 1.80690370e+07
 2.39751340e+07 3.16332540e+07 4.15431440e+07 5.42289390e+07
 7.06333490e+07 9.19433500e+07 1.20080789e+08 1.57821205e+08
 2.08717615e+08 2.75906071e+08 3.57953764e+08 4.38252684e+08
 4.82709947e+08 4.64379917e+08 3.94026810e+08 3.07219582e+08
 2.30216883e+08 1.71322305e+08 1.28894146e+08 9.80916800e+07
 7.54172950e+07 5.85051790e+07 4.56051600e+07 3.54865320e+07
 2.75045510e+07 2.11751630e+07 1.61521440e+07 1.21692000e+07
 9.09019000e+06 6.71589500e+06 4.92169600e+06 3.56527700e+06
 2.55809100e+06 1.81810700e+06 1.29289200e+06 9.14403000e+05
 6.40932000e+05 4.47107000e+05 3.08878000e+05 2.13197000e+05
 1.47220000e+05 1.01924000e+05 7.10960000e+04 4.90630000e+04
 3.42190000e+04 2.44450000e+04 1.68010000e+04 1.14680000e+04
 7.57200000e+03 4.94200000e+03 3.20400000e+03 2.09000000e+03
 1.30600000e+03 7.90000000e+02 4.69000000e+02 2.87000000e+02
 1.90000000e+02 1.33000000e+02 8.30000000e+01 5.50000000e+01
 4.90000000e+01 1.90000000e+01 9.00000000e+00 6.00000000e+00]
