Standard Deviation: 8.124718939985423e-08
Skewness: 1715.0868745484343
Kurtosis: 5025004.114210586
Median: 0.0
Mean: 1.6558437609744206e-10
Deciles: [0.00000000e+00 4.02453367e-35]
Minimum: 0.0
Maximum: 0.0006174632009457893
Bin Edges: [0.00000000e+00 6.17463201e-06 1.23492640e-05 1.85238960e-05
 2.46985280e-05 3.08731600e-05 3.70477921e-05 4.32224241e-05
 4.93970561e-05 5.55716881e-05 6.17463201e-05 6.79209521e-05
 7.40955841e-05 8.02702161e-05 8.64448481e-05 9.26194801e-05
 9.87941122e-05 1.04968744e-04 1.11143376e-04 1.17318008e-04
 1.23492640e-04 1.29667272e-04 1.35841904e-04 1.42016536e-04
 1.48191168e-04 1.54365800e-04 1.60540432e-04 1.66715064e-04
 1.72889696e-04 1.79064328e-04 1.85238960e-04 1.91413592e-04
 1.97588224e-04 2.03762856e-04 2.09937488e-04 2.16112120e-04
 2.22286752e-04 2.28461384e-04 2.34636016e-04 2.40810648e-04
 2.46985280e-04 2.53159912e-04 2.59334544e-04 2.65509176e-04
 2.71683808e-04 2.77858440e-04 2.84033072e-04 2.90207704e-04
 2.96382336e-04 3.02556968e-04 3.08731600e-04 3.14906232e-04
 3.21080864e-04 3.27255497e-04 3.33430129e-04 3.39604761e-04
 3.45779393e-04 3.51954025e-04 3.58128657e-04 3.64303289e-04
 3.70477921e-04 3.76652553e-04 3.82827185e-04 3.89001817e-04
 3.95176449e-04 4.01351081e-04 4.07525713e-04 4.13700345e-04
 4.19874977e-04 4.26049609e-04 4.32224241e-04 4.38398873e-04
 4.44573505e-04 4.50748137e-04 4.56922769e-04 4.63097401e-04
 4.69272033e-04 4.75446665e-04 4.81621297e-04 4.87795929e-04
 4.93970561e-04 5.00145193e-04 5.06319825e-04 5.12494457e-04
 5.18669089e-04 5.24843721e-04 5.31018353e-04 5.37192985e-04
 5.43367617e-04 5.49542249e-04 5.55716881e-04 5.61891513e-04
 5.68066145e-04 5.74240777e-04 5.80415409e-04 5.86590041e-04
 5.92764673e-04 5.98939305e-04 6.05113937e-04 6.11288569e-04
 6.17463201e-04]
Frequencies: [4.54116206e+09 1.02450000e+04 4.21800000e+03 2.18400000e+03
 1.38200000e+03 8.75000000e+02 6.19000000e+02 4.58000000e+02
 3.58000000e+02 2.67000000e+02 1.99000000e+02 1.58000000e+02
 1.23000000e+02 1.21000000e+02 9.00000000e+01 6.40000000e+01
 5.70000000e+01 6.00000000e+01 4.60000000e+01 4.80000000e+01
 4.00000000e+01 3.30000000e+01 2.40000000e+01 3.00000000e+01
 3.60000000e+01 1.80000000e+01 1.90000000e+01 1.40000000e+01
 1.90000000e+01 1.20000000e+01 1.80000000e+01 1.10000000e+01
 1.20000000e+01 4.00000000e+00 6.00000000e+00 6.00000000e+00
 1.10000000e+01 7.00000000e+00 7.00000000e+00 6.00000000e+00
 1.00000000e+00 2.00000000e+00 0.00000000e+00 4.00000000e+00
 3.00000000e+00 4.00000000e+00 1.00000000e+00 4.00000000e+00
 1.00000000e+00 2.00000000e+00 1.00000000e+00 2.00000000e+00
 1.00000000e+00 0.00000000e+00 1.00000000e+00 1.00000000e+00
 2.00000000e+00 1.00000000e+00 2.00000000e+00 1.00000000e+00
 0.00000000e+00 1.00000000e+00 1.00000000e+00 0.00000000e+00
 0.00000000e+00 0.00000000e+00 0.00000000e+00 0.00000000e+00
 0.00000000e+00 0.00000000e+00 0.00000000e+00 0.00000000e+00
 0.00000000e+00 0.00000000e+00 0.00000000e+00 0.00000000e+00
 0.00000000e+00 0.00000000e+00 0.00000000e+00 1.00000000e+00
 0.00000000e+00 1.00000000e+00 0.00000000e+00 0.00000000e+00
 0.00000000e+00 0.00000000e+00 0.00000000e+00 0.00000000e+00
 0.00000000e+00 0.00000000e+00 0.00000000e+00 0.00000000e+00
 0.00000000e+00 0.00000000e+00 0.00000000e+00 0.00000000e+00
 0.00000000e+00 0.00000000e+00 0.00000000e+00 1.00000000e+00]
