Standard Deviation: 11.172484497630986
Skewness: -0.8729325919565435
Kurtosis: 1.511778705378683
Median: 224.48753271827206
Mean: 223.0855735561502
Deciles: [218.28130798 229.83110634]
Minimum: 140.4737192328302
Maximum: 291.06236837665756
Bin Edges: [140.47371923 141.97960572 143.48549222 144.99137871 146.4972652
 148.00315169 149.50903818 151.01492467 152.52081116 154.02669766
 155.53258415 157.03847064 158.54435713 160.05024362 161.55613011
 163.0620166  164.5679031  166.07378959 167.57967608 169.08556257
 170.59144906 172.09733555 173.60322204 175.10910854 176.61499503
 178.12088152 179.62676801 181.1326545  182.63854099 184.14442748
 185.65031398 187.15620047 188.66208696 190.16797345 191.67385994
 193.17974643 194.68563292 196.19151942 197.69740591 199.2032924
 200.70917889 202.21506538 203.72095187 205.22683836 206.73272486
 208.23861135 209.74449784 211.25038433 212.75627082 214.26215731
 215.7680438  217.2739303  218.77981679 220.28570328 221.79158977
 223.29747626 224.80336275 226.30924924 227.81513574 229.32102223
 230.82690872 232.33279521 233.8386817  235.34456819 236.85045468
 238.35634118 239.86222767 241.36811416 242.87400065 244.37988714
 245.88577363 247.39166012 248.89754662 250.40343311 251.9093196
 253.41520609 254.92109258 256.42697907 257.93286557 259.43875206
 260.94463855 262.45052504 263.95641153 265.46229802 266.96818451
 268.47407101 269.9799575  271.48584399 272.99173048 274.49761697
 276.00350346 277.50938995 279.01527645 280.52116294 282.02704943
 283.53293592 285.03882241 286.5447089  288.05059539 289.55648189
 291.06236838]
Frequencies: [3.20000000e+01 5.50000000e+01 1.08000000e+02 1.03000000e+02
 1.21000000e+02 1.49000000e+02 3.33000000e+02 4.01000000e+02
 6.78000000e+02 9.34000000e+02 1.59700000e+03 2.70700000e+03
 4.09200000e+03 5.97200000e+03 9.86300000e+03 1.61770000e+04
 2.63690000e+04 4.37290000e+04 7.11140000e+04 1.15182000e+05
 1.86063000e+05 2.96505000e+05 4.66760000e+05 7.36870000e+05
 1.13181400e+06 1.71410400e+06 2.54116400e+06 3.71014600e+06
 5.24491800e+06 7.16171100e+06 9.47108800e+06 1.20548350e+07
 1.48809090e+07 1.77794640e+07 2.05601230e+07 2.31149940e+07
 2.54361640e+07 2.77316170e+07 2.99509340e+07 3.21262560e+07
 3.45087650e+07 3.71148960e+07 4.03241480e+07 4.43421430e+07
 4.96104450e+07 5.65844300e+07 6.64353210e+07 8.01082000e+07
 9.78247780e+07 1.21143231e+08 1.50487754e+08 1.85961098e+08
 2.26289869e+08 2.68638062e+08 3.08578253e+08 3.38627489e+08
 3.47244325e+08 3.30408236e+08 2.94885032e+08 2.51449168e+08
 2.08030249e+08 1.69696433e+08 1.37413428e+08 1.10814651e+08
 8.87910230e+07 7.03612940e+07 5.47464670e+07 4.13077000e+07
 3.03396050e+07 2.15178710e+07 1.48188100e+07 9.81413500e+06
 6.28872700e+06 3.94782500e+06 2.41896100e+06 1.46477600e+06
 8.83579000e+05 5.31879000e+05 3.21550000e+05 1.92247000e+05
 1.16579000e+05 7.37560000e+04 4.70960000e+04 3.03680000e+04
 1.94800000e+04 1.22860000e+04 7.75300000e+03 4.99500000e+03
 3.15500000e+03 2.05500000e+03 1.24200000e+03 8.35000000e+02
 6.13000000e+02 4.07000000e+02 2.03000000e+02 1.02000000e+02
 4.30000000e+01 1.80000000e+01 1.00000000e+00 5.00000000e+00]
