Standard Deviation: 6.243020596418129
Skewness: 0.05138431924339654
Kurtosis: 2.030806459102812
Median: -0.05670817455154201
Mean: -0.037322270172704154
Deciles: [-3.38122038  3.25332164]
Minimum: -63.09046683820788
Maximum: 71.66405967806972
Bin Edges: [-63.09046684 -61.74292157 -60.39537631 -59.04783104 -57.70028578
 -56.35274051 -55.00519525 -53.65764998 -52.31010472 -50.96255945
 -49.61501419 -48.26746892 -46.91992366 -45.57237839 -44.22483313
 -42.87728786 -41.5297426  -40.18219733 -38.83465207 -37.4871068
 -36.13956153 -34.79201627 -33.444471   -32.09692574 -30.74938047
 -29.40183521 -28.05428994 -26.70674468 -25.35919941 -24.01165415
 -22.66410888 -21.31656362 -19.96901835 -18.62147309 -17.27392782
 -15.92638256 -14.57883729 -13.23129203 -11.88374676 -10.5362015
  -9.18865623  -7.84111097  -6.4935657   -5.14602044  -3.79847517
  -2.45092991  -1.10338464   0.24416062   1.59170589   2.93925115
   4.28679642   5.63434169   6.98188695   8.32943222   9.67697748
  11.02452275  12.37206801  13.71961328  15.06715854  16.41470381
  17.76224907  19.10979434  20.4573396   21.80488487  23.15243013
  24.4999754   25.84752066  27.19506593  28.54261119  29.89015646
  31.23770172  32.58524699  33.93279225  35.28033752  36.62788278
  37.97542805  39.32297331  40.67051858  42.01806384  43.36560911
  44.71315437  46.06069964  47.40824491  48.75579017  50.10333544
  51.4508807   52.79842597  54.14597123  55.4935165   56.84106176
  58.18860703  59.53615229  60.88369756  62.23124282  63.57878809
  64.92633335  66.27387862  67.62142388  68.96896915  70.31651441
  71.66405968]
Frequencies: [6.00000000e+00 1.30000000e+01 2.10000000e+01 2.40000000e+01
 2.90000000e+01 4.80000000e+01 6.50000000e+01 1.00000000e+02
 1.86000000e+02 3.34000000e+02 6.04000000e+02 9.71000000e+02
 1.75000000e+03 2.78800000e+03 4.50100000e+03 7.13800000e+03
 1.12910000e+04 1.83090000e+04 2.86190000e+04 4.57900000e+04
 7.26950000e+04 1.14052000e+05 1.76498000e+05 2.72892000e+05
 4.16310000e+05 6.24182000e+05 9.28440000e+05 1.36509100e+06
 1.99842700e+06 2.90095200e+06 4.18528500e+06 5.98146900e+06
 8.45435500e+06 1.18794460e+07 1.65315010e+07 2.28562670e+07
 3.13725690e+07 4.28734620e+07 5.84242740e+07 7.95687780e+07
 1.08536886e+08 1.48604872e+08 2.04000309e+08 2.78590163e+08
 3.71206287e+08 4.64969986e+08 5.21370136e+08 5.05705924e+08
 4.26775417e+08 3.26687521e+08 2.38701041e+08 1.72991958e+08
 1.26516509e+08 9.34834180e+07 6.96052340e+07 5.20089700e+07
 3.87534790e+07 2.86653570e+07 2.09812740e+07 1.52000040e+07
 1.08987830e+07 7.73684500e+06 5.45536400e+06 3.82817400e+06
 2.65789200e+06 1.84261000e+06 1.28291500e+06 8.95625000e+05
 6.27406000e+05 4.40434000e+05 3.09714000e+05 2.16036000e+05
 1.52296000e+05 1.06193000e+05 7.62620000e+04 5.42380000e+04
 3.85030000e+04 2.76980000e+04 1.92440000e+04 1.31410000e+04
 9.30400000e+03 6.44500000e+03 4.31200000e+03 2.98000000e+03
 2.22900000e+03 1.38200000e+03 1.09000000e+03 8.51000000e+02
 5.75000000e+02 3.95000000e+02 2.86000000e+02 1.78000000e+02
 9.80000000e+01 8.30000000e+01 5.00000000e+01 4.60000000e+01
 2.10000000e+01 1.40000000e+01 6.00000000e+00 5.00000000e+00]
