Standard Deviation: 14.265014136241046
Skewness: 0.6750649471223914
Kurtosis: 0.2694308006589643
Median: 6.290386047513808
Mean: 8.512838730362947
Deciles: [-2.26398264 17.47100417]
Minimum: -53.723772233349635
Maximum: 99.89422223803344
Bin Edges: [-5.37237722e+01 -5.21875923e+01 -5.06514123e+01 -4.91152324e+01
 -4.75790525e+01 -4.60428725e+01 -4.45066926e+01 -4.29705126e+01
 -4.14343327e+01 -3.98981527e+01 -3.83619728e+01 -3.68257928e+01
 -3.52896129e+01 -3.37534330e+01 -3.22172530e+01 -3.06810731e+01
 -2.91448931e+01 -2.76087132e+01 -2.60725332e+01 -2.45363533e+01
 -2.30001733e+01 -2.14639934e+01 -1.99278134e+01 -1.83916335e+01
 -1.68554536e+01 -1.53192736e+01 -1.37830937e+01 -1.22469137e+01
 -1.07107338e+01 -9.17455384e+00 -7.63837389e+00 -6.10219395e+00
 -4.56601400e+00 -3.02983406e+00 -1.49365411e+00  4.25258316e-02
  1.57870578e+00  3.11488572e+00  4.65106567e+00  6.18724561e+00
  7.72342556e+00  9.25960550e+00  1.07957854e+01  1.23319654e+01
  1.38681453e+01  1.54043253e+01  1.69405052e+01  1.84766852e+01
  2.00128651e+01  2.15490451e+01  2.30852250e+01  2.46214049e+01
  2.61575849e+01  2.76937648e+01  2.92299448e+01  3.07661247e+01
  3.23023047e+01  3.38384846e+01  3.53746646e+01  3.69108445e+01
  3.84470244e+01  3.99832044e+01  4.15193843e+01  4.30555643e+01
  4.45917442e+01  4.61279242e+01  4.76641041e+01  4.92002841e+01
  5.07364640e+01  5.22726440e+01  5.38088239e+01  5.53450038e+01
  5.68811838e+01  5.84173637e+01  5.99535437e+01  6.14897236e+01
  6.30259036e+01  6.45620835e+01  6.60982635e+01  6.76344434e+01
  6.91706233e+01  7.07068033e+01  7.22429832e+01  7.37791632e+01
  7.53153431e+01  7.68515231e+01  7.83877030e+01  7.99238830e+01
  8.14600629e+01  8.29962428e+01  8.45324228e+01  8.60686027e+01
  8.76047827e+01  8.91409626e+01  9.06771426e+01  9.22133225e+01
  9.37495025e+01  9.52856824e+01  9.68218623e+01  9.83580423e+01
  9.98942222e+01]
Frequencies: [7.80000000e+01 2.51000000e+02 3.58000000e+02 8.00000000e+02
 1.74900000e+03 3.55200000e+03 6.34900000e+03 1.08650000e+04
 1.80160000e+04 2.87710000e+04 4.49830000e+04 6.83440000e+04
 1.02462000e+05 1.49731000e+05 2.25488000e+05 3.38252000e+05
 5.26654000e+05 8.22123000e+05 1.30164500e+06 2.05146800e+06
 3.27781400e+06 5.28190200e+06 8.55240500e+06 1.38872320e+07
 2.24265310e+07 3.55732540e+07 5.43920570e+07 7.89770150e+07
 1.08047575e+08 1.38514985e+08 1.66260727e+08 1.87868295e+08
 2.02340008e+08 2.10151560e+08 2.12234468e+08 2.10049427e+08
 2.04972699e+08 1.98394853e+08 1.91134575e+08 1.83134910e+08
 1.74732836e+08 1.66128026e+08 1.57598387e+08 1.49320510e+08
 1.40776344e+08 1.32374492e+08 1.24005388e+08 1.15544216e+08
 1.07035607e+08 9.86812250e+07 9.04487860e+07 8.25532150e+07
 7.48188410e+07 6.73595980e+07 6.02711160e+07 5.35101550e+07
 4.71176140e+07 4.11442890e+07 3.56479270e+07 3.06353700e+07
 2.61709480e+07 2.22594850e+07 1.87583620e+07 1.56897990e+07
 1.30262060e+07 1.07677090e+07 8.84098600e+06 7.21817700e+06
 5.85108200e+06 4.71602900e+06 3.77979000e+06 3.00075500e+06
 2.36482100e+06 1.85999900e+06 1.45373600e+06 1.13271600e+06
 8.67398000e+05 6.62896000e+05 5.01645000e+05 3.79406000e+05
 2.83049000e+05 2.10630000e+05 1.53636000e+05 1.10818000e+05
 7.93970000e+04 5.63530000e+04 3.95270000e+04 2.81600000e+04
 1.84510000e+04 1.05240000e+04 6.01700000e+03 3.67200000e+03
 1.94500000e+03 8.12000000e+02 5.05000000e+02 2.02000000e+02
 5.90000000e+01 4.80000000e+01 4.20000000e+01 3.50000000e+01]
