Standard Deviation: 7.109104992074696e-08
Skewness: -1.0937608414353375
Kurtosis: 0.2503303021486718
Median: 3.34873161191485e-07
Mean: 3.143126936593083e-07
Deciles: [2.81084834e-07 3.71286667e-07]
Minimum: 1.0317643841252523e-07
Maximum: 3.891834060096786e-07
Bin Edges: [1.03176438e-07 1.06036508e-07 1.08896578e-07 1.11756647e-07
 1.14616717e-07 1.17476787e-07 1.20336856e-07 1.23196926e-07
 1.26056996e-07 1.28917065e-07 1.31777135e-07 1.34637205e-07
 1.37497275e-07 1.40357344e-07 1.43217414e-07 1.46077484e-07
 1.48937553e-07 1.51797623e-07 1.54657693e-07 1.57517762e-07
 1.60377832e-07 1.63237902e-07 1.66097971e-07 1.68958041e-07
 1.71818111e-07 1.74678180e-07 1.77538250e-07 1.80398320e-07
 1.83258389e-07 1.86118459e-07 1.88978529e-07 1.91838598e-07
 1.94698668e-07 1.97558738e-07 2.00418807e-07 2.03278877e-07
 2.06138947e-07 2.08999016e-07 2.11859086e-07 2.14719156e-07
 2.17579225e-07 2.20439295e-07 2.23299365e-07 2.26159434e-07
 2.29019504e-07 2.31879574e-07 2.34739644e-07 2.37599713e-07
 2.40459783e-07 2.43319853e-07 2.46179922e-07 2.49039992e-07
 2.51900062e-07 2.54760131e-07 2.57620201e-07 2.60480271e-07
 2.63340340e-07 2.66200410e-07 2.69060480e-07 2.71920549e-07
 2.74780619e-07 2.77640689e-07 2.80500758e-07 2.83360828e-07
 2.86220898e-07 2.89080967e-07 2.91941037e-07 2.94801107e-07
 2.97661176e-07 3.00521246e-07 3.03381316e-07 3.06241385e-07
 3.09101455e-07 3.11961525e-07 3.14821594e-07 3.17681664e-07
 3.20541734e-07 3.23401803e-07 3.26261873e-07 3.29121943e-07
 3.31982012e-07 3.34842082e-07 3.37702152e-07 3.40562222e-07
 3.43422291e-07 3.46282361e-07 3.49142431e-07 3.52002500e-07
 3.54862570e-07 3.57722640e-07 3.60582709e-07 3.63442779e-07
 3.66302849e-07 3.69162918e-07 3.72022988e-07 3.74883058e-07
 3.77743127e-07 3.80603197e-07 3.83463267e-07 3.86323336e-07
 3.89183406e-07]
Frequencies: [1.6819200e+06 5.0457600e+06 6.7276800e+06 8.4096000e+06 6.7276800e+06
 8.4096000e+06 1.0091520e+07 1.1773440e+07 1.0091520e+07 1.1773440e+07
 1.0091520e+07 1.6819200e+07 8.4096000e+06 2.0183040e+07 1.1773440e+07
 1.6819200e+07 1.3455360e+07 1.8501120e+07 1.3455360e+07 2.0183040e+07
 8.4096000e+06 2.6910720e+07 1.0091520e+07 2.5228800e+07 1.3455360e+07
 2.3546880e+07 1.8501120e+07 1.3455360e+07 2.3546880e+07 1.5137280e+07
 2.0183040e+07 1.6819200e+07 1.8501120e+07 2.3546880e+07 2.0183040e+07
 2.0183040e+07 2.5228800e+07 1.6819200e+07 2.3546880e+07 2.1864960e+07
 1.0091520e+07 3.3638400e+07 1.6819200e+07 2.1864960e+07 2.6910720e+07
 2.0183040e+07 1.8501120e+07 2.3546880e+07 2.6910720e+07 1.6819200e+07
 3.1956480e+07 2.0183040e+07 2.0183040e+07 2.3546880e+07 2.8592640e+07
 2.0183040e+07 2.0183040e+07 3.5320320e+07 1.6819200e+07 2.3546880e+07
 3.3638400e+07 2.5228800e+07 1.3455360e+07 3.3638400e+07 3.0274560e+07
 2.5228800e+07 1.6819200e+07 3.3638400e+07 2.3546880e+07 8.5777920e+07
 7.9050240e+07 6.8958720e+07 8.9141760e+07 8.4096000e+07 8.5777920e+07
 8.2414080e+07 6.8958720e+07 8.0732160e+07 9.0823680e+07 7.7368320e+07
 7.0640640e+07 8.0732160e+07 8.7459840e+07 8.4096000e+07 7.4004480e+07
 8.0732160e+07 9.0823680e+07 9.0823680e+07 9.0823680e+07 8.0732160e+07
 8.7459840e+07 1.0091520e+08 1.0427904e+08 1.0764288e+08 1.1100672e+08
 1.2109824e+08 1.2782592e+08 1.8164736e+08 1.9846656e+08 3.7002240e+08]
