Standard Deviation: 3.951258270376747e-08
Skewness: 1.1816108724117809
Kurtosis: 1.6998459544757525
Median: 8.80485892021011e-08
Mean: 9.609136731842634e-08
Deciles: [6.99774144e-08 1.13191983e-07]
Minimum: 2.9489946023057654e-08
Maximum: 3.9041713239843207e-07
Bin Edges: [2.94899460e-08 3.30992179e-08 3.67084898e-08 4.03177616e-08
 4.39270335e-08 4.75363053e-08 5.11455772e-08 5.47548491e-08
 5.83641209e-08 6.19733928e-08 6.55826647e-08 6.91919365e-08
 7.28012084e-08 7.64104803e-08 8.00197521e-08 8.36290240e-08
 8.72382958e-08 9.08475677e-08 9.44568396e-08 9.80661114e-08
 1.01675383e-07 1.05284655e-07 1.08893927e-07 1.12503199e-07
 1.16112471e-07 1.19721743e-07 1.23331014e-07 1.26940286e-07
 1.30549558e-07 1.34158830e-07 1.37768102e-07 1.41377374e-07
 1.44986646e-07 1.48595918e-07 1.52205189e-07 1.55814461e-07
 1.59423733e-07 1.63033005e-07 1.66642277e-07 1.70251549e-07
 1.73860821e-07 1.77470092e-07 1.81079364e-07 1.84688636e-07
 1.88297908e-07 1.91907180e-07 1.95516452e-07 1.99125724e-07
 2.02734995e-07 2.06344267e-07 2.09953539e-07 2.13562811e-07
 2.17172083e-07 2.20781355e-07 2.24390627e-07 2.27999899e-07
 2.31609170e-07 2.35218442e-07 2.38827714e-07 2.42436986e-07
 2.46046258e-07 2.49655530e-07 2.53264802e-07 2.56874073e-07
 2.60483345e-07 2.64092617e-07 2.67701889e-07 2.71311161e-07
 2.74920433e-07 2.78529705e-07 2.82138976e-07 2.85748248e-07
 2.89357520e-07 2.92966792e-07 2.96576064e-07 3.00185336e-07
 3.03794608e-07 3.07403880e-07 3.11013151e-07 3.14622423e-07
 3.18231695e-07 3.21840967e-07 3.25450239e-07 3.29059511e-07
 3.32668783e-07 3.36278054e-07 3.39887326e-07 3.43496598e-07
 3.47105870e-07 3.50715142e-07 3.54324414e-07 3.57933686e-07
 3.61542957e-07 3.65152229e-07 3.68761501e-07 3.72370773e-07
 3.75980045e-07 3.79589317e-07 3.83198589e-07 3.86807861e-07
 3.90417132e-07]
Frequencies: [1.25443280e+07 4.96915200e+07 6.48551730e+07 8.27715260e+07
 8.81121080e+07 9.35350590e+07 1.01806879e+08 1.09952784e+08
 1.34000074e+08 1.58195468e+08 1.95219142e+08 2.08663020e+08
 2.16960238e+08 2.26023751e+08 2.35006591e+08 2.38673622e+08
 2.53879910e+08 2.61609991e+08 2.00080402e+08 1.41480231e+08
 1.18030325e+08 1.03944484e+08 9.36498610e+07 8.84213250e+07
 7.89721880e+07 7.06140830e+07 6.32036660e+07 5.80354090e+07
 5.78486730e+07 5.97597670e+07 5.79297430e+07 5.21611500e+07
 5.03981590e+07 4.95468890e+07 4.58820210e+07 4.08871930e+07
 3.80751230e+07 3.55608890e+07 3.29057930e+07 2.99251280e+07
 2.60941010e+07 2.27836800e+07 2.01443730e+07 1.84764790e+07
 1.71664570e+07 1.58909830e+07 1.49177460e+07 1.41394050e+07
 1.33613220e+07 1.24300340e+07 1.13115910e+07 9.92204800e+06
 8.39250900e+06 6.92284000e+06 5.55057700e+06 4.39826300e+06
 3.49119500e+06 2.76077200e+06 2.24995500e+06 1.84855300e+06
 1.42132600e+06 1.01218300e+06 7.72687000e+05 6.67722000e+05
 5.96195000e+05 5.40436000e+05 4.97769000e+05 4.56673000e+05
 4.28432000e+05 3.97074000e+05 3.69261000e+05 3.27315000e+05
 3.02686000e+05 2.63867000e+05 2.42104000e+05 2.33105000e+05
 2.20133000e+05 1.88766000e+05 1.61207000e+05 1.46987000e+05
 1.41464000e+05 1.24890000e+05 1.09207000e+05 1.02995000e+05
 7.99310000e+04 6.99880000e+04 5.15220000e+04 4.10130000e+04
 3.80680000e+04 2.80160000e+04 2.39210000e+04 1.82720000e+04
 1.46280000e+04 1.09740000e+04 7.65700000e+03 5.02300000e+03
 2.44500000e+03 1.03900000e+03 3.76000000e+02 7.40000000e+01]
