Standard Deviation: 3.8286528829091494e-07
Skewness: 7.9511878277640236
Kurtosis: 204.396457340747
Median: 1.4423955731146555e-06
Mean: 1.5205198355388745e-06
Deciles: [1.34210512e-06 1.64650913e-06]
Minimum: 1.2385471675374034e-07
Maximum: 5.751379912582534e-05
Bin Edges: [1.23854717e-07 6.97754161e-07 1.27165360e-06 1.84555305e-06
 2.41945249e-06 2.99335194e-06 3.56725138e-06 4.14115083e-06
 4.71505027e-06 5.28894971e-06 5.86284916e-06 6.43674860e-06
 7.01064805e-06 7.58454749e-06 8.15844693e-06 8.73234638e-06
 9.30624582e-06 9.88014527e-06 1.04540447e-05 1.10279442e-05
 1.16018436e-05 1.21757430e-05 1.27496425e-05 1.33235419e-05
 1.38974414e-05 1.44713408e-05 1.50452403e-05 1.56191397e-05
 1.61930392e-05 1.67669386e-05 1.73408380e-05 1.79147375e-05
 1.84886369e-05 1.90625364e-05 1.96364358e-05 2.02103353e-05
 2.07842347e-05 2.13581341e-05 2.19320336e-05 2.25059330e-05
 2.30798325e-05 2.36537319e-05 2.42276314e-05 2.48015308e-05
 2.53754303e-05 2.59493297e-05 2.65232291e-05 2.70971286e-05
 2.76710280e-05 2.82449275e-05 2.88188269e-05 2.93927264e-05
 2.99666258e-05 3.05405253e-05 3.11144247e-05 3.16883241e-05
 3.22622236e-05 3.28361230e-05 3.34100225e-05 3.39839219e-05
 3.45578214e-05 3.51317208e-05 3.57056203e-05 3.62795197e-05
 3.68534191e-05 3.74273186e-05 3.80012180e-05 3.85751175e-05
 3.91490169e-05 3.97229164e-05 4.02968158e-05 4.08707152e-05
 4.14446147e-05 4.20185141e-05 4.25924136e-05 4.31663130e-05
 4.37402125e-05 4.43141119e-05 4.48880114e-05 4.54619108e-05
 4.60358102e-05 4.66097097e-05 4.71836091e-05 4.77575086e-05
 4.83314080e-05 4.89053075e-05 4.94792069e-05 5.00531064e-05
 5.06270058e-05 5.12009052e-05 5.17748047e-05 5.23487041e-05
 5.29226036e-05 5.34965030e-05 5.40704025e-05 5.46443019e-05
 5.52182013e-05 5.57921008e-05 5.63660002e-05 5.69398997e-05
 5.75137991e-05]
Frequencies: [2.61305100e+06 6.53300164e+08 3.39712094e+09 4.09940258e+08
 4.68462150e+07 1.40449390e+07 6.62131000e+06 3.67090400e+06
 2.22938100e+06 1.41722700e+06 9.45706000e+05 6.48507000e+05
 4.50592000e+05 3.20377000e+05 2.31241000e+05 1.71214000e+05
 1.27782000e+05 9.67180000e+04 7.40900000e+04 5.84070000e+04
 4.53920000e+04 3.62780000e+04 2.93530000e+04 2.38980000e+04
 1.93430000e+04 1.62540000e+04 1.33270000e+04 1.11380000e+04
 9.23300000e+03 7.70100000e+03 6.41300000e+03 5.36600000e+03
 4.55400000e+03 3.87900000e+03 3.21900000e+03 2.85300000e+03
 2.28900000e+03 1.99700000e+03 1.72000000e+03 1.45700000e+03
 1.21700000e+03 1.04100000e+03 9.09000000e+02 7.94000000e+02
 6.82000000e+02 5.60000000e+02 5.09000000e+02 4.64000000e+02
 3.68000000e+02 3.42000000e+02 3.12000000e+02 2.46000000e+02
 2.08000000e+02 1.93000000e+02 1.63000000e+02 1.46000000e+02
 1.39000000e+02 1.28000000e+02 9.30000000e+01 1.08000000e+02
 9.10000000e+01 7.30000000e+01 7.80000000e+01 5.40000000e+01
 4.50000000e+01 4.10000000e+01 4.00000000e+01 3.00000000e+01
 2.40000000e+01 2.70000000e+01 1.60000000e+01 1.70000000e+01
 1.60000000e+01 1.60000000e+01 1.50000000e+01 1.40000000e+01
 8.00000000e+00 9.00000000e+00 1.20000000e+01 1.30000000e+01
 6.00000000e+00 1.00000000e+01 6.00000000e+00 4.00000000e+00
 8.00000000e+00 6.00000000e+00 4.00000000e+00 3.00000000e+00
 0.00000000e+00 1.00000000e+00 0.00000000e+00 2.00000000e+00
 0.00000000e+00 1.00000000e+00 1.00000000e+00 0.00000000e+00
 0.00000000e+00 1.00000000e+00 2.00000000e+00 1.00000000e+00]
