Standard Deviation: 6.872344712359453
Skewness: -0.18911749111131254
Kurtosis: 1.843514048961711
Median: 0.2518804545505965
Mean: 0.14579039356452445
Deciles: [-3.84306342  4.34133824]
Minimum: -54.94808408118606
Maximum: 56.92614056728203
Bin Edges: [-54.94808408 -53.82934183 -52.71059959 -51.59185734 -50.4731151
 -49.35437285 -48.2356306  -47.11688836 -45.99814611 -44.87940386
 -43.76066162 -42.64191937 -41.52317712 -40.40443488 -39.28569263
 -38.16695038 -37.04820814 -35.92946589 -34.81072364 -33.6919814
 -32.57323915 -31.45449691 -30.33575466 -29.21701241 -28.09827017
 -26.97952792 -25.86078567 -24.74204343 -23.62330118 -22.50455893
 -21.38581669 -20.26707444 -19.14833219 -18.02958995 -16.9108477
 -15.79210545 -14.67336321 -13.55462096 -12.43587871 -11.31713647
 -10.19839422  -9.07965198  -7.96090973  -6.84216748  -5.72342524
  -4.60468299  -3.48594074  -2.3671985   -1.24845625  -0.129714
   0.98902824   2.10777049   3.22651274   4.34525498   5.46399723
   6.58273948   7.70148172   8.82022397   9.93896621  11.05770846
  12.17645071  13.29519295  14.4139352   15.53267745  16.65141969
  17.77016194  18.88890419  20.00764643  21.12638868  22.24513093
  23.36387317  24.48261542  25.60135767  26.72009991  27.83884216
  28.95758441  30.07632665  31.1950689   32.31381114  33.43255339
  34.55129564  35.67003788  36.78878013  37.90752238  39.02626462
  40.14500687  41.26374912  42.38249136  43.50123361  44.61997586
  45.7387181   46.85746035  47.9762026   49.09494484  50.21368709
  51.33242933  52.45117158  53.56991383  54.68865607  55.80739832
  56.92614057]
Frequencies: [1.00000000e+01 1.40000000e+01 3.30000000e+01 1.08000000e+02
 2.09000000e+02 4.16000000e+02 8.45000000e+02 2.10200000e+03
 4.37000000e+03 9.00000000e+03 1.81210000e+04 3.13250000e+04
 5.19310000e+04 8.30830000e+04 1.25450000e+05 1.84924000e+05
 2.65247000e+05 3.61099000e+05 4.79210000e+05 6.22599000e+05
 7.89882000e+05 9.93728000e+05 1.24058400e+06 1.54074100e+06
 1.90596900e+06 2.34443200e+06 2.87502600e+06 3.51438300e+06
 4.28943100e+06 5.25305400e+06 6.46457900e+06 8.00915700e+06
 1.00165850e+07 1.26425260e+07 1.61229440e+07 2.08266820e+07
 2.71412110e+07 3.55993360e+07 4.67243280e+07 6.11521720e+07
 7.95783200e+07 1.03182044e+08 1.33255324e+08 1.69913765e+08
 2.10698806e+08 2.51537324e+08 2.87986774e+08 3.15970241e+08
 3.32181938e+08 3.35219307e+08 3.26810809e+08 3.07946462e+08
 2.80847920e+08 2.46725122e+08 2.07265389e+08 1.66543196e+08
 1.28790029e+08 9.75247190e+07 7.30741540e+07 5.45802180e+07
 4.06034060e+07 3.01062600e+07 2.22733150e+07 1.64476520e+07
 1.21548550e+07 9.02016100e+06 6.71954900e+06 5.05991300e+06
 3.83730200e+06 2.94264600e+06 2.27339100e+06 1.77499200e+06
 1.39939700e+06 1.10804600e+06 8.83526000e+05 7.11427000e+05
 5.71401000e+05 4.63497000e+05 3.75752000e+05 2.97770000e+05
 2.33731000e+05 1.78065000e+05 1.33433000e+05 9.70730000e+04
 6.88960000e+04 4.78090000e+04 3.16630000e+04 2.02200000e+04
 1.22580000e+04 7.49300000e+03 4.62000000e+03 2.74100000e+03
 1.49400000e+03 7.61000000e+02 4.11000000e+02 2.04000000e+02
 9.60000000e+01 4.40000000e+01 1.70000000e+01 6.00000000e+00]
