Standard Deviation: 3.6154079355224624e-06
Skewness: 131.73818274930747
Kurtosis: 25914.897626603804
Median: 7.118677773800219e-35
Mean: 7.359087632956247e-08
Deciles: [0.00000000e+00 3.97951053e-18]
Minimum: 0.0
Maximum: 0.002271445847369815
Bin Edges: [0.00000000e+00 2.27144585e-05 4.54289169e-05 6.81433754e-05
 9.08578339e-05 1.13572292e-04 1.36286751e-04 1.59001209e-04
 1.81715668e-04 2.04430126e-04 2.27144585e-04 2.49859043e-04
 2.72573502e-04 2.95287960e-04 3.18002419e-04 3.40716877e-04
 3.63431336e-04 3.86145794e-04 4.08860253e-04 4.31574711e-04
 4.54289169e-04 4.77003628e-04 4.99718086e-04 5.22432545e-04
 5.45147003e-04 5.67861462e-04 5.90575920e-04 6.13290379e-04
 6.36004837e-04 6.58719296e-04 6.81433754e-04 7.04148213e-04
 7.26862671e-04 7.49577130e-04 7.72291588e-04 7.95006047e-04
 8.17720505e-04 8.40434964e-04 8.63149422e-04 8.85863880e-04
 9.08578339e-04 9.31292797e-04 9.54007256e-04 9.76721714e-04
 9.99436173e-04 1.02215063e-03 1.04486509e-03 1.06757955e-03
 1.09029401e-03 1.11300847e-03 1.13572292e-03 1.15843738e-03
 1.18115184e-03 1.20386630e-03 1.22658076e-03 1.24929522e-03
 1.27200967e-03 1.29472413e-03 1.31743859e-03 1.34015305e-03
 1.36286751e-03 1.38558197e-03 1.40829643e-03 1.43101088e-03
 1.45372534e-03 1.47643980e-03 1.49915426e-03 1.52186872e-03
 1.54458318e-03 1.56729763e-03 1.59001209e-03 1.61272655e-03
 1.63544101e-03 1.65815547e-03 1.68086993e-03 1.70358439e-03
 1.72629884e-03 1.74901330e-03 1.77172776e-03 1.79444222e-03
 1.81715668e-03 1.83987114e-03 1.86258559e-03 1.88530005e-03
 1.90801451e-03 1.93072897e-03 1.95344343e-03 1.97615789e-03
 1.99887235e-03 2.02158680e-03 2.04430126e-03 2.06701572e-03
 2.08973018e-03 2.11244464e-03 2.13515910e-03 2.15787356e-03
 2.18058801e-03 2.20330247e-03 2.22601693e-03 2.24873139e-03
 2.27144585e-03]
Frequencies: [4.53878964e+09 1.01669100e+06 4.03088000e+05 2.28348000e+05
 1.51861000e+05 1.09893000e+05 8.41060000e+04 6.60370000e+04
 5.29820000e+04 4.33610000e+04 3.54230000e+04 2.92690000e+04
 2.45250000e+04 2.05310000e+04 1.72210000e+04 1.45490000e+04
 1.22390000e+04 1.05600000e+04 8.96100000e+03 7.65400000e+03
 6.95100000e+03 5.72700000e+03 5.05300000e+03 4.46900000e+03
 3.94800000e+03 3.35600000e+03 2.93800000e+03 2.68300000e+03
 2.42000000e+03 2.15200000e+03 1.81900000e+03 1.56100000e+03
 1.42900000e+03 1.31600000e+03 1.17900000e+03 1.03300000e+03
 9.19000000e+02 8.61000000e+02 7.69000000e+02 7.26000000e+02
 6.19000000e+02 5.72000000e+02 4.75000000e+02 4.89000000e+02
 3.87000000e+02 3.48000000e+02 3.38000000e+02 3.02000000e+02
 2.74000000e+02 2.41000000e+02 2.13000000e+02 1.93000000e+02
 1.47000000e+02 1.46000000e+02 1.34000000e+02 1.04000000e+02
 9.90000000e+01 9.60000000e+01 7.30000000e+01 6.60000000e+01
 5.90000000e+01 3.90000000e+01 4.20000000e+01 3.10000000e+01
 3.50000000e+01 2.80000000e+01 2.20000000e+01 3.00000000e+01
 3.00000000e+01 1.50000000e+01 1.60000000e+01 1.80000000e+01
 1.10000000e+01 9.00000000e+00 9.00000000e+00 6.00000000e+00
 1.00000000e+01 3.00000000e+00 1.00000000e+00 3.00000000e+00
 6.00000000e+00 6.00000000e+00 2.00000000e+00 0.00000000e+00
 0.00000000e+00 1.00000000e+00 0.00000000e+00 0.00000000e+00
 0.00000000e+00 0.00000000e+00 1.00000000e+00 0.00000000e+00
 0.00000000e+00 0.00000000e+00 0.00000000e+00 0.00000000e+00
 1.00000000e+00 0.00000000e+00 0.00000000e+00 2.00000000e+00]
