Standard Deviation: 1.8443781294528112e-06
Skewness: 41.80433827208244
Kurtosis: 2576.4617802673324
Median: 1.4920140384318805e-45
Mean: 1.109979680865072e-07
Deciles: [0.00000000e+00 6.76514999e-23]
Minimum: 0.0
Maximum: 0.00031790698219103495
Bin Edges: [0.00000000e+00 3.17906982e-06 6.35813964e-06 9.53720947e-06
 1.27162793e-05 1.58953491e-05 1.90744189e-05 2.22534888e-05
 2.54325586e-05 2.86116284e-05 3.17906982e-05 3.49697680e-05
 3.81488379e-05 4.13279077e-05 4.45069775e-05 4.76860473e-05
 5.08651172e-05 5.40441870e-05 5.72232568e-05 6.04023266e-05
 6.35813964e-05 6.67604663e-05 6.99395361e-05 7.31186059e-05
 7.62976757e-05 7.94767455e-05 8.26558154e-05 8.58348852e-05
 8.90139550e-05 9.21930248e-05 9.53720947e-05 9.85511645e-05
 1.01730234e-04 1.04909304e-04 1.08088374e-04 1.11267444e-04
 1.14446514e-04 1.17625583e-04 1.20804653e-04 1.23983723e-04
 1.27162793e-04 1.30341863e-04 1.33520933e-04 1.36700002e-04
 1.39879072e-04 1.43058142e-04 1.46237212e-04 1.49416282e-04
 1.52595351e-04 1.55774421e-04 1.58953491e-04 1.62132561e-04
 1.65311631e-04 1.68490701e-04 1.71669770e-04 1.74848840e-04
 1.78027910e-04 1.81206980e-04 1.84386050e-04 1.87565119e-04
 1.90744189e-04 1.93923259e-04 1.97102329e-04 2.00281399e-04
 2.03460469e-04 2.06639538e-04 2.09818608e-04 2.12997678e-04
 2.16176748e-04 2.19355818e-04 2.22534888e-04 2.25713957e-04
 2.28893027e-04 2.32072097e-04 2.35251167e-04 2.38430237e-04
 2.41609306e-04 2.44788376e-04 2.47967446e-04 2.51146516e-04
 2.54325586e-04 2.57504656e-04 2.60683725e-04 2.63862795e-04
 2.67041865e-04 2.70220935e-04 2.73400005e-04 2.76579075e-04
 2.79758144e-04 2.82937214e-04 2.86116284e-04 2.89295354e-04
 2.92474424e-04 2.95653493e-04 2.98832563e-04 3.02011633e-04
 3.05190703e-04 3.08369773e-04 3.11548843e-04 3.14727912e-04
 3.17906982e-04]
Frequencies: [4.51040945e+09 1.29596450e+07 5.71769600e+06 3.20801000e+06
 2.01796700e+06 1.37458300e+06 9.91432000e+05 7.46823000e+05
 5.77500000e+05 4.59763000e+05 3.71774000e+05 3.05535000e+05
 2.54508000e+05 2.15001000e+05 1.82798000e+05 1.56312000e+05
 1.34274000e+05 1.16904000e+05 1.02364000e+05 8.94120000e+04
 7.86080000e+04 6.95970000e+04 6.17790000e+04 5.45090000e+04
 4.83130000e+04 4.36530000e+04 3.91780000e+04 3.53090000e+04
 3.20300000e+04 2.86250000e+04 2.61200000e+04 2.37220000e+04
 2.16850000e+04 1.96430000e+04 1.81620000e+04 1.66570000e+04
 1.53800000e+04 1.39700000e+04 1.28800000e+04 1.18470000e+04
 1.10020000e+04 1.02770000e+04 9.29900000e+03 8.50700000e+03
 7.89400000e+03 7.38000000e+03 6.64900000e+03 6.09900000e+03
 5.53000000e+03 5.18200000e+03 4.85400000e+03 4.30600000e+03
 3.95800000e+03 3.50500000e+03 3.28200000e+03 2.81900000e+03
 2.64600000e+03 2.33700000e+03 2.05900000e+03 1.91800000e+03
 1.68100000e+03 1.45400000e+03 1.31300000e+03 1.04100000e+03
 9.76000000e+02 7.77000000e+02 6.59000000e+02 5.75000000e+02
 4.91000000e+02 3.93000000e+02 3.50000000e+02 2.75000000e+02
 2.14000000e+02 1.55000000e+02 1.28000000e+02 1.23000000e+02
 9.80000000e+01 6.80000000e+01 5.30000000e+01 4.80000000e+01
 4.20000000e+01 3.70000000e+01 3.30000000e+01 2.20000000e+01
 2.90000000e+01 1.00000000e+01 7.00000000e+00 7.00000000e+00
 8.00000000e+00 3.00000000e+00 3.00000000e+00 1.00000000e+00
 1.00000000e+00 0.00000000e+00 0.00000000e+00 1.00000000e+00
 0.00000000e+00 0.00000000e+00 0.00000000e+00 1.00000000e+00]
