Standard Deviation: 11.489224626256254
Skewness: 0.5834262624482681
Kurtosis: 0.06031891777154641
Median: 3.8194063625101613
Mean: 5.4561864051585225
Deciles: [-3.12889237 12.7894946 ]
Minimum: -55.33506314987376
Maximum: 76.11947054691711
Bin Edges: [-55.33506315 -54.02051781 -52.70597248 -51.39142714 -50.0768818
 -48.76233647 -47.44779113 -46.13324579 -44.81870045 -43.50415512
 -42.18960978 -40.87506444 -39.56051911 -38.24597377 -36.93142843
 -35.6168831  -34.30233776 -32.98779242 -31.67324708 -30.35870175
 -29.04415641 -27.72961107 -26.41506574 -25.1005204  -23.78597506
 -22.47142973 -21.15688439 -19.84233905 -18.52779371 -17.21324838
 -15.89870304 -14.5841577  -13.26961237 -11.95506703 -10.64052169
  -9.32597636  -8.01143102  -6.69688568  -5.38234035  -4.06779501
  -2.75324967  -1.43870433  -0.124159     1.19038634   2.50493168
   3.81947701   5.13402235   6.44856769   7.76311302   9.07765836
  10.3922037   11.70674904  13.02129437  14.33583971  15.65038505
  16.96493038  18.27947572  19.59402106  20.90856639  22.22311173
  23.53765707  24.85220241  26.16674774  27.48129308  28.79583842
  30.11038375  31.42492909  32.73947443  34.05401976  35.3685651
  36.68311044  37.99765577  39.31220111  40.62674645  41.94129179
  43.25583712  44.57038246  45.8849278   47.19947313  48.51401847
  49.82856381  51.14310914  52.45765448  53.77219982  55.08674516
  56.40129049  57.71583583  59.03038117  60.3449265   61.65947184
  62.97401718  64.28856251  65.60310785  66.91765319  68.23219853
  69.54674386  70.8612892   72.17583454  73.49037987  74.80492521
  76.11947055]
Frequencies: [6.00000000e+00 6.00000000e+00 2.20000000e+01 5.80000000e+01
 7.30000000e+01 9.20000000e+01 2.19000000e+02 3.29000000e+02
 5.30000000e+02 7.38000000e+02 9.99000000e+02 1.55300000e+03
 2.62300000e+03 4.93300000e+03 7.87500000e+03 1.29360000e+04
 2.05870000e+04 3.36080000e+04 5.29330000e+04 8.40790000e+04
 1.33020000e+05 2.09771000e+05 3.35032000e+05 5.39607000e+05
 8.95451000e+05 1.51659400e+06 2.61601900e+06 4.55093500e+06
 7.93887200e+06 1.35913350e+07 2.25725100e+07 3.59035990e+07
 5.40057340e+07 7.64837730e+07 1.02449088e+08 1.29738465e+08
 1.55932013e+08 1.79188951e+08 1.97377397e+08 2.10127268e+08
 2.17496042e+08 2.20046073e+08 2.18272968e+08 2.13095498e+08
 2.05362593e+08 1.96225431e+08 1.86154171e+08 1.75726930e+08
 1.65376741e+08 1.55055921e+08 1.44848250e+08 1.34993957e+08
 1.25497662e+08 1.16237910e+08 1.07242198e+08 9.84394080e+07
 8.99722280e+07 8.16921660e+07 7.36406780e+07 6.58398170e+07
 5.82409280e+07 5.10596700e+07 4.42581080e+07 3.78936000e+07
 3.20382370e+07 2.67540330e+07 2.20937850e+07 1.80302880e+07
 1.45627550e+07 1.15971690e+07 9.10770100e+06 7.08715000e+06
 5.44591400e+06 4.12889700e+06 3.10237200e+06 2.31248400e+06
 1.70465300e+06 1.23292200e+06 8.84874000e+05 6.33170000e+05
 4.53874000e+05 3.16376000e+05 2.19000000e+05 1.47845000e+05
 1.00880000e+05 7.02330000e+04 5.02080000e+04 3.47910000e+04
 2.38540000e+04 1.63470000e+04 1.16910000e+04 7.91600000e+03
 5.89000000e+03 3.90700000e+03 2.55400000e+03 1.32400000e+03
 8.78000000e+02 9.28000000e+02 3.98000000e+02 1.21000000e+02]
