Standard Deviation: 1.752223896546981e-07
Skewness: -1.4717245474866505
Kurtosis: 0.7251153406359552
Median: 6.089490198470861e-07
Mean: 5.284734031376645e-07
Deciles: [4.87697851e-07 6.43290487e-07]
Minimum: 3.7032761339995946e-08
Maximum: 6.582734514836436e-07
Bin Edges: [3.70327613e-08 4.32451682e-08 4.94575751e-08 5.56699820e-08
 6.18823889e-08 6.80947958e-08 7.43072027e-08 8.05196097e-08
 8.67320166e-08 9.29444235e-08 9.91568304e-08 1.05369237e-07
 1.11581644e-07 1.17794051e-07 1.24006458e-07 1.30218865e-07
 1.36431272e-07 1.42643679e-07 1.48856086e-07 1.55068492e-07
 1.61280899e-07 1.67493306e-07 1.73705713e-07 1.79918120e-07
 1.86130527e-07 1.92342934e-07 1.98555341e-07 2.04767748e-07
 2.10980155e-07 2.17192561e-07 2.23404968e-07 2.29617375e-07
 2.35829782e-07 2.42042189e-07 2.48254596e-07 2.54467003e-07
 2.60679410e-07 2.66891817e-07 2.73104224e-07 2.79316630e-07
 2.85529037e-07 2.91741444e-07 2.97953851e-07 3.04166258e-07
 3.10378665e-07 3.16591072e-07 3.22803479e-07 3.29015886e-07
 3.35228293e-07 3.41440700e-07 3.47653106e-07 3.53865513e-07
 3.60077920e-07 3.66290327e-07 3.72502734e-07 3.78715141e-07
 3.84927548e-07 3.91139955e-07 3.97352362e-07 4.03564769e-07
 4.09777175e-07 4.15989582e-07 4.22201989e-07 4.28414396e-07
 4.34626803e-07 4.40839210e-07 4.47051617e-07 4.53264024e-07
 4.59476431e-07 4.65688838e-07 4.71901244e-07 4.78113651e-07
 4.84326058e-07 4.90538465e-07 4.96750872e-07 5.02963279e-07
 5.09175686e-07 5.15388093e-07 5.21600500e-07 5.27812907e-07
 5.34025313e-07 5.40237720e-07 5.46450127e-07 5.52662534e-07
 5.58874941e-07 5.65087348e-07 5.71299755e-07 5.77512162e-07
 5.83724569e-07 5.89936976e-07 5.96149382e-07 6.02361789e-07
 6.08574196e-07 6.14786603e-07 6.20999010e-07 6.27211417e-07
 6.33423824e-07 6.39636231e-07 6.45848638e-07 6.52061045e-07
 6.58273451e-07]
Frequencies: [6.7276800e+06 1.5137280e+07 1.1773440e+07 1.6819200e+07 1.8501120e+07
 1.8501120e+07 2.0183040e+07 1.8501120e+07 1.3455360e+07 2.5228800e+07
 1.6819200e+07 2.1864960e+07 2.0183040e+07 1.5137280e+07 2.0183040e+07
 1.6819200e+07 2.5228800e+07 1.3455360e+07 2.3546880e+07 1.5137280e+07
 1.0091520e+07 2.3546880e+07 1.8501120e+07 1.6819200e+07 2.0183040e+07
 1.3455360e+07 1.8501120e+07 1.3455360e+07 2.0183040e+07 1.0091520e+07
 2.5228800e+07 1.3455360e+07 1.3455360e+07 1.6819200e+07 1.8501120e+07
 1.6819200e+07 3.3638400e+06 2.6910720e+07 1.6819200e+07 8.4096000e+06
 1.6819200e+07 1.0091520e+07 2.0183040e+07 1.6819200e+07 1.0091520e+07
 1.5137280e+07 1.6819200e+07 1.6819200e+07 1.6819200e+07 1.0091520e+07
 6.7276800e+06 2.5228800e+07 1.0091520e+07 1.6819200e+07 1.3455360e+07
 1.0091520e+07 1.3455360e+07 1.5137280e+07 1.6819200e+07 1.3455360e+07
 6.7276800e+06 1.0091520e+07 2.0183040e+07 1.3455360e+07 1.8501120e+07
 1.0091520e+07 1.3455360e+07 6.7276800e+06 6.7276800e+06 2.6910720e+07
 1.0091520e+07 1.5137280e+07 1.0091520e+07 6.7276800e+06 1.0091520e+07
 2.0183040e+07 1.6819200e+07 1.0091520e+07 1.1773440e+07 1.6819200e+07
 6.7276800e+06 6.7276800e+06 1.0091520e+07 2.3546880e+07 1.3455360e+07
 1.0091520e+07 2.8592640e+07 1.8837504e+08 1.9342080e+08 1.8501120e+08
 1.8669312e+08 1.7491968e+08 1.9510272e+08 1.9173888e+08 1.9173888e+08
 2.0183040e+08 2.2201344e+08 2.5565184e+08 3.1283712e+08 7.1313408e+08]
