Standard Deviation: 13.518998134937602
Skewness: 0.05555713610251341
Kurtosis: 2.233687354346486
Median: -0.06881650312710406
Mean: -0.0015974396857027992
Deciles: [-6.81066344  6.72705197]
Minimum: -82.93567503717055
Maximum: 96.86116138502705
Bin Edges: [-82.93567504 -81.13770667 -79.33973831 -77.54176994 -75.74380158
 -73.94583322 -72.14786485 -70.34989649 -68.55192812 -66.75395976
 -64.95599139 -63.15802303 -61.36005467 -59.5620863  -57.76411794
 -55.96614957 -54.16818121 -52.37021285 -50.57224448 -48.77427612
 -46.97630775 -45.17833939 -43.38037102 -41.58240266 -39.7844343
 -37.98646593 -36.18849757 -34.3905292  -32.59256084 -30.79459247
 -28.99662411 -27.19865575 -25.40068738 -23.60271902 -21.80475065
 -20.00678229 -18.20881393 -16.41084556 -14.6128772  -12.81490883
 -11.01694047  -9.2189721   -7.42100374  -5.62303538  -3.82506701
  -2.02709865  -0.22913028   1.56883808   3.36680645   5.16477481
   6.96274317   8.76071154  10.5586799   12.35664827  14.15461663
  15.952585    17.75055336  19.54852172  21.34649009  23.14445845
  24.94242682  26.74039518  28.53836354  30.33633191  32.13430027
  33.93226864  35.730237    37.52820537  39.32617373  41.12414209
  42.92211046  44.72007882  46.51804719  48.31601555  50.11398392
  51.91195228  53.70992064  55.50788901  57.30585737  59.10382574
  60.9017941   62.69976246  64.49773083  66.29569919  68.09366756
  69.89163592  71.68960429  73.48757265  75.28554101  77.08350938
  78.88147774  80.67944611  82.47741447  84.27538284  86.0733512
  87.87131956  89.66928793  91.46725629  93.26522466  95.06319302
  96.86116139]
Frequencies: [1.17000000e+02 3.09000000e+02 7.38000000e+02 1.74300000e+03
 4.26600000e+03 9.58900000e+03 2.07430000e+04 4.16400000e+04
 7.92190000e+04 1.39448000e+05 2.29900000e+05 3.47420000e+05
 5.13088000e+05 7.36405000e+05 1.02087800e+06 1.37363100e+06
 1.79205500e+06 2.24571000e+06 2.62363200e+06 3.13586400e+06
 3.78841400e+06 4.58798400e+06 5.54292400e+06 6.68460900e+06
 8.03090400e+06 9.63581300e+06 1.15297410e+07 1.37737890e+07
 1.64156880e+07 1.95266070e+07 2.32175980e+07 2.76098490e+07
 3.28571210e+07 3.91759310e+07 4.68276810e+07 5.61097020e+07
 6.77604740e+07 8.24352910e+07 1.01049622e+08 1.24591340e+08
 1.54499490e+08 1.91050691e+08 2.33627002e+08 2.78792265e+08
 3.19874482e+08 3.45947642e+08 3.47553850e+08 3.24134876e+08
 2.84363770e+08 2.39399101e+08 1.96239786e+08 1.59345417e+08
 1.29321858e+08 1.05187962e+08 8.60690680e+07 7.08902210e+07
 5.87083660e+07 4.88473030e+07 4.08824880e+07 3.42868640e+07
 2.88560830e+07 2.42694280e+07 2.04646100e+07 1.72719110e+07
 1.45948930e+07 1.23134150e+07 1.03681080e+07 8.71900300e+06
 7.29988700e+06 6.09619800e+06 5.07388800e+06 4.20078300e+06
 3.47085900e+06 2.85667500e+06 2.33147300e+06 1.88633600e+06
 1.51943900e+06 1.21152100e+06 9.58217000e+05 7.48675000e+05
 5.78059000e+05 4.40755000e+05 3.33270000e+05 2.46251000e+05
 1.79955000e+05 1.30179000e+05 9.31140000e+04 6.37100000e+04
 4.28010000e+04 2.74940000e+04 1.84540000e+04 1.13710000e+04
 7.42600000e+03 4.74400000e+03 2.75000000e+03 1.28900000e+03
 6.49000000e+02 2.27000000e+02 8.70000000e+01 3.40000000e+01]
