Standard Deviation: 2.0648371901188511e-10
Skewness: -0.9999999999975027
Kurtosis: -2.0000000000015894
Median: 134.73557602677516
Mean: 134.73557602698165
Deciles: [134.73557603 134.73557603]
Minimum: 134.73557602677516
Maximum: 134.73557602677516
Bin Edges: [134.23557603 134.24557603 134.25557603 134.26557603 134.27557603
 134.28557603 134.29557603 134.30557603 134.31557603 134.32557603
 134.33557603 134.34557603 134.35557603 134.36557603 134.37557603
 134.38557603 134.39557603 134.40557603 134.41557603 134.42557603
 134.43557603 134.44557603 134.45557603 134.46557603 134.47557603
 134.48557603 134.49557603 134.50557603 134.51557603 134.52557603
 134.53557603 134.54557603 134.55557603 134.56557603 134.57557603
 134.58557603 134.59557603 134.60557603 134.61557603 134.62557603
 134.63557603 134.64557603 134.65557603 134.66557603 134.67557603
 134.68557603 134.69557603 134.70557603 134.71557603 134.72557603
 134.73557603 134.74557603 134.75557603 134.76557603 134.77557603
 134.78557603 134.79557603 134.80557603 134.81557603 134.82557603
 134.83557603 134.84557603 134.85557603 134.86557603 134.87557603
 134.88557603 134.89557603 134.90557603 134.91557603 134.92557603
 134.93557603 134.94557603 134.95557603 134.96557603 134.97557603
 134.98557603 134.99557603 135.00557603 135.01557603 135.02557603
 135.03557603 135.04557603 135.05557603 135.06557603 135.07557603
 135.08557603 135.09557603 135.10557603 135.11557603 135.12557603
 135.13557603 135.14557603 135.15557603 135.16557603 135.17557603
 135.18557603 135.19557603 135.20557603 135.21557603 135.22557603
 135.23557603]
Frequencies: [0.000000e+00 0.000000e+00 0.000000e+00 0.000000e+00 0.000000e+00
 0.000000e+00 0.000000e+00 0.000000e+00 0.000000e+00 0.000000e+00
 0.000000e+00 0.000000e+00 0.000000e+00 0.000000e+00 0.000000e+00
 0.000000e+00 0.000000e+00 0.000000e+00 0.000000e+00 0.000000e+00
 0.000000e+00 0.000000e+00 0.000000e+00 0.000000e+00 0.000000e+00
 0.000000e+00 0.000000e+00 0.000000e+00 0.000000e+00 0.000000e+00
 0.000000e+00 0.000000e+00 0.000000e+00 0.000000e+00 0.000000e+00
 0.000000e+00 0.000000e+00 0.000000e+00 0.000000e+00 0.000000e+00
 0.000000e+00 0.000000e+00 0.000000e+00 0.000000e+00 0.000000e+00
 0.000000e+00 0.000000e+00 0.000000e+00 0.000000e+00 0.000000e+00
 4.541184e+09 0.000000e+00 0.000000e+00 0.000000e+00 0.000000e+00
 0.000000e+00 0.000000e+00 0.000000e+00 0.000000e+00 0.000000e+00
 0.000000e+00 0.000000e+00 0.000000e+00 0.000000e+00 0.000000e+00
 0.000000e+00 0.000000e+00 0.000000e+00 0.000000e+00 0.000000e+00
 0.000000e+00 0.000000e+00 0.000000e+00 0.000000e+00 0.000000e+00
 0.000000e+00 0.000000e+00 0.000000e+00 0.000000e+00 0.000000e+00
 0.000000e+00 0.000000e+00 0.000000e+00 0.000000e+00 0.000000e+00
 0.000000e+00 0.000000e+00 0.000000e+00 0.000000e+00 0.000000e+00
 0.000000e+00 0.000000e+00 0.000000e+00 0.000000e+00 0.000000e+00
 0.000000e+00 0.000000e+00 0.000000e+00 0.000000e+00 0.000000e+00]
