Standard Deviation: 5.118135921323205e-08
Skewness: -1.0411935522032207
Kurtosis: -0.050671299100559786
Median: 1.6724019291051448e-07
Mean: 1.5161954456663748e-07
Deciles: [1.26866446e-07 1.91593848e-07]
Minimum: 1.7314493396764986e-08
Maximum: 2.0710400781718591e-07
Bin Edges: [1.73144934e-08 1.92123885e-08 2.11102837e-08 2.30081788e-08
 2.49060740e-08 2.68039691e-08 2.87018643e-08 3.05997594e-08
 3.24976546e-08 3.43955497e-08 3.62934448e-08 3.81913400e-08
 4.00892351e-08 4.19871303e-08 4.38850254e-08 4.57829206e-08
 4.76808157e-08 4.95787108e-08 5.14766060e-08 5.33745011e-08
 5.52723963e-08 5.71702914e-08 5.90681866e-08 6.09660817e-08
 6.28639769e-08 6.47618720e-08 6.66597671e-08 6.85576623e-08
 7.04555574e-08 7.23534526e-08 7.42513477e-08 7.61492429e-08
 7.80471380e-08 7.99450332e-08 8.18429283e-08 8.37408234e-08
 8.56387186e-08 8.75366137e-08 8.94345089e-08 9.13324040e-08
 9.32302992e-08 9.51281943e-08 9.70260895e-08 9.89239846e-08
 1.00821880e-07 1.02719775e-07 1.04617670e-07 1.06515565e-07
 1.08413460e-07 1.10311355e-07 1.12209251e-07 1.14107146e-07
 1.16005041e-07 1.17902936e-07 1.19800831e-07 1.21698726e-07
 1.23596621e-07 1.25494517e-07 1.27392412e-07 1.29290307e-07
 1.31188202e-07 1.33086097e-07 1.34983992e-07 1.36881887e-07
 1.38779783e-07 1.40677678e-07 1.42575573e-07 1.44473468e-07
 1.46371363e-07 1.48269258e-07 1.50167153e-07 1.52065049e-07
 1.53962944e-07 1.55860839e-07 1.57758734e-07 1.59656629e-07
 1.61554524e-07 1.63452420e-07 1.65350315e-07 1.67248210e-07
 1.69146105e-07 1.71044000e-07 1.72941895e-07 1.74839790e-07
 1.76737686e-07 1.78635581e-07 1.80533476e-07 1.82431371e-07
 1.84329266e-07 1.86227161e-07 1.88125056e-07 1.90022952e-07
 1.91920847e-07 1.93818742e-07 1.95716637e-07 1.97614532e-07
 1.99512427e-07 2.01410322e-07 2.03308218e-07 2.05206113e-07
 2.07104008e-07]
Frequencies: [6.7276800e+06 1.1773440e+07 1.3455360e+07 1.5137280e+07 1.5137280e+07
 1.8501120e+07 2.3546880e+07 1.5137280e+07 2.0183040e+07 2.5228800e+07
 2.0183040e+07 1.8501120e+07 2.3546880e+07 2.5228800e+07 2.0183040e+07
 2.1864960e+07 2.0183040e+07 2.3546880e+07 1.8501120e+07 2.6910720e+07
 1.5137280e+07 2.3546880e+07 2.3546880e+07 1.5137280e+07 2.6910720e+07
 2.0183040e+07 2.0183040e+07 2.5228800e+07 1.6819200e+07 2.3546880e+07
 2.1864960e+07 1.0091520e+07 3.0274560e+07 2.0183040e+07 1.8501120e+07
 2.3546880e+07 1.6819200e+07 1.6819200e+07 1.8501120e+07 3.0274560e+07
 1.6819200e+07 1.3455360e+07 2.5228800e+07 1.3455360e+07 2.0183040e+07
 2.0183040e+07 1.8501120e+07 2.6910720e+07 1.6819200e+07 1.3455360e+07
 2.0183040e+07 2.1864960e+07 1.6819200e+07 1.6819200e+07 1.3455360e+07
 2.6910720e+07 1.5137280e+07 2.0183040e+07 1.6819200e+07 1.6819200e+07
 2.3546880e+07 1.3455360e+07 2.1864960e+07 1.0091520e+07 1.3455360e+07
 2.6910720e+07 2.0183040e+07 3.5320320e+07 9.2505600e+07 8.2414080e+07
 9.4187520e+07 8.9141760e+07 7.9050240e+07 7.5686400e+07 9.2505600e+07
 8.7459840e+07 8.7459840e+07 8.4096000e+07 7.0640640e+07 8.4096000e+07
 9.0823680e+07 8.4096000e+07 8.0732160e+07 7.7368320e+07 9.0823680e+07
 8.7459840e+07 9.4187520e+07 8.4096000e+07 8.0732160e+07 9.7551360e+07
 9.7551360e+07 9.7551360e+07 1.1100672e+08 1.0427904e+08 1.1437056e+08
 1.2109824e+08 1.2446208e+08 1.2782592e+08 1.8837504e+08 2.3210496e+08]
