Standard Deviation: 4.097030673830896e-08
Skewness: -0.9819298927112613
Kurtosis: -0.2222604826338781
Median: 1.2103716107655373e-07
Mean: 1.0871901435410961e-07
Deciles: [8.75906252e-08 1.40791963e-07]
Minimum: 7.540946870755647e-09
Maximum: 1.5438576616060085e-07
Bin Edges: [7.54094687e-09 9.00939506e-09 1.04778433e-08 1.19462914e-08
 1.34147396e-08 1.48831878e-08 1.63516360e-08 1.78200842e-08
 1.92885324e-08 2.07569806e-08 2.22254288e-08 2.36938770e-08
 2.51623252e-08 2.66307734e-08 2.80992216e-08 2.95676698e-08
 3.10361180e-08 3.25045662e-08 3.39730143e-08 3.54414625e-08
 3.69099107e-08 3.83783589e-08 3.98468071e-08 4.13152553e-08
 4.27837035e-08 4.42521517e-08 4.57205999e-08 4.71890481e-08
 4.86574963e-08 5.01259445e-08 5.15943927e-08 5.30628409e-08
 5.45312890e-08 5.59997372e-08 5.74681854e-08 5.89366336e-08
 6.04050818e-08 6.18735300e-08 6.33419782e-08 6.48104264e-08
 6.62788746e-08 6.77473228e-08 6.92157710e-08 7.06842192e-08
 7.21526674e-08 7.36211156e-08 7.50895637e-08 7.65580119e-08
 7.80264601e-08 7.94949083e-08 8.09633565e-08 8.24318047e-08
 8.39002529e-08 8.53687011e-08 8.68371493e-08 8.83055975e-08
 8.97740457e-08 9.12424939e-08 9.27109421e-08 9.41793903e-08
 9.56478384e-08 9.71162866e-08 9.85847348e-08 1.00053183e-07
 1.01521631e-07 1.02990079e-07 1.04458528e-07 1.05926976e-07
 1.07395424e-07 1.08863872e-07 1.10332320e-07 1.11800769e-07
 1.13269217e-07 1.14737665e-07 1.16206113e-07 1.17674561e-07
 1.19143010e-07 1.20611458e-07 1.22079906e-07 1.23548354e-07
 1.25016802e-07 1.26485250e-07 1.27953699e-07 1.29422147e-07
 1.30890595e-07 1.32359043e-07 1.33827491e-07 1.35295940e-07
 1.36764388e-07 1.38232836e-07 1.39701284e-07 1.41169732e-07
 1.42638181e-07 1.44106629e-07 1.45575077e-07 1.47043525e-07
 1.48511973e-07 1.49980422e-07 1.51448870e-07 1.52917318e-07
 1.54385766e-07]
Frequencies: [1.0091520e+07 1.5137280e+07 2.1864960e+07 2.1864960e+07 2.1864960e+07
 2.5228800e+07 2.6910720e+07 2.5228800e+07 2.8592640e+07 2.6910720e+07
 2.8592640e+07 2.0183040e+07 3.1956480e+07 1.6819200e+07 2.5228800e+07
 2.3546880e+07 2.6910720e+07 2.1864960e+07 2.6910720e+07 1.5137280e+07
 2.6910720e+07 2.0183040e+07 2.5228800e+07 2.3546880e+07 1.6819200e+07
 2.6910720e+07 2.1864960e+07 1.3455360e+07 2.6910720e+07 1.5137280e+07
 2.0183040e+07 2.6910720e+07 2.0183040e+07 1.1773440e+07 2.6910720e+07
 1.6819200e+07 2.0183040e+07 1.0091520e+07 2.8592640e+07 1.6819200e+07
 2.3546880e+07 1.0091520e+07 1.8501120e+07 2.6910720e+07 1.3455360e+07
 1.6819200e+07 1.3455360e+07 2.0183040e+07 2.5228800e+07 6.7276800e+06
 1.6819200e+07 2.0183040e+07 2.0183040e+07 1.5137280e+07 1.6819200e+07
 1.3455360e+07 1.3455360e+07 2.3546880e+07 1.6819200e+07 1.1773440e+07
 1.6819200e+07 1.3455360e+07 2.0183040e+07 2.0183040e+07 1.0091520e+07
 3.5320320e+07 8.5777920e+07 8.7459840e+07 8.9141760e+07 8.9141760e+07
 6.8958720e+07 8.5777920e+07 8.5777920e+07 8.4096000e+07 8.4096000e+07
 7.0640640e+07 8.4096000e+07 8.7459840e+07 8.0732160e+07 8.0732160e+07
 7.4004480e+07 8.4096000e+07 8.7459840e+07 7.7368320e+07 7.4004480e+07
 9.0823680e+07 8.4096000e+07 9.0823680e+07 7.7368320e+07 9.0823680e+07
 9.7551360e+07 1.0091520e+08 9.7551360e+07 1.0091520e+08 1.0427904e+08
 1.1773440e+08 1.1773440e+08 1.3455360e+08 1.3455360e+08 2.0519424e+08]
