Standard Deviation: 17.319641029298573
Skewness: -0.0158179599289371
Kurtosis: 0.9130890841054646
Median: -0.03137447288452104
Mean: -0.06209104133310628
Deciles: [-10.63507056  10.55617062]
Minimum: -128.06896959492462
Maximum: 153.1193186624762
Bin Edges: [-128.06896959 -125.25708671 -122.44520383 -119.63332095 -116.82143806
 -114.00955518 -111.1976723  -108.38578942 -105.57390653 -102.76202365
  -99.95014077  -97.13825789  -94.326375    -91.51449212  -88.70260924
  -85.89072636  -83.07884347  -80.26696059  -77.45507771  -74.64319483
  -71.83131194  -69.01942906  -66.20754618  -63.3956633   -60.58378041
  -57.77189753  -54.96001465  -52.14813177  -49.33624888  -46.524366
  -43.71248312  -40.90060024  -38.08871735  -35.27683447  -32.46495159
  -29.6530687   -26.84118582  -24.02930294  -21.21742006  -18.40553717
  -15.59365429  -12.78177141   -9.96988853   -7.15800564   -4.34612276
   -1.53423988    1.277643      4.08952589    6.90140877    9.71329165
   12.52517453   15.33705742   18.1489403    20.96082318   23.77270606
   26.58458895   29.39647183   32.20835471   35.02023759   37.83212048
   40.64400336   43.45588624   46.26776912   49.07965201   51.89153489
   54.70341777   57.51530065   60.32718354   63.13906642   65.9509493
   68.76283219   71.57471507   74.38659795   77.19848083   80.01036372
   82.8222466    85.63412948   88.44601236   91.25789525   94.06977813
   96.88166101   99.69354389  102.50542678  105.31730966  108.12919254
  110.94107542  113.75295831  116.56484119  119.37672407  122.18860695
  125.00048984  127.81237272  130.6242556   133.43613848  136.24802137
  139.05990425  141.87178713  144.68367001  147.4955529   150.30743578
  153.11931866]
Frequencies: [5.00000000e+00 3.10000000e+01 8.40000000e+01 2.27000000e+02
 5.42000000e+02 1.08100000e+03 2.13400000e+03 3.74700000e+03
 6.79500000e+03 1.17830000e+04 1.80380000e+04 2.77670000e+04
 4.09370000e+04 5.97330000e+04 8.54730000e+04 1.21477000e+05
 1.73092000e+05 2.44797000e+05 3.49061000e+05 4.95473000e+05
 6.98169000e+05 9.75519000e+05 1.35977500e+06 1.89197100e+06
 2.62694500e+06 3.63557900e+06 4.97717500e+06 6.76479300e+06
 9.15903500e+06 1.23198710e+07 1.64426500e+07 2.18493850e+07
 2.89148240e+07 3.80710170e+07 4.97967470e+07 6.47523620e+07
 8.34833170e+07 1.06517540e+08 1.34066642e+08 1.65898045e+08
 2.01149958e+08 2.37890215e+08 2.73110926e+08 3.02830639e+08
 3.23121273e+08 3.30626599e+08 3.24281002e+08 3.04968016e+08
 2.75973129e+08 2.41087308e+08 2.04351260e+08 1.68825494e+08
 1.36596970e+08 1.08648598e+08 8.51418470e+07 6.58853400e+07
 5.04888050e+07 3.83966390e+07 2.90307730e+07 2.17948960e+07
 1.62879560e+07 1.21286680e+07 8.98432300e+06 6.61950600e+06
 4.84739200e+06 3.53270500e+06 2.56401300e+06 1.83837200e+06
 1.30517800e+06 9.22628000e+05 6.46842000e+05 4.54691000e+05
 3.12049000e+05 2.15048000e+05 1.47004000e+05 1.01343000e+05
 7.07830000e+04 4.86460000e+04 3.46200000e+04 2.40330000e+04
 1.72670000e+04 1.20910000e+04 8.25400000e+03 5.47000000e+03
 3.64000000e+03 2.53700000e+03 1.81000000e+03 1.24500000e+03
 8.18000000e+02 5.69000000e+02 4.13000000e+02 2.73000000e+02
 1.72000000e+02 1.07000000e+02 9.10000000e+01 5.60000000e+01
 2.60000000e+01 1.60000000e+01 9.00000000e+00 1.10000000e+01]
