Standard Deviation: 3.229363758577431e-05
Skewness: 7.864136769911233
Kurtosis: 87.0409395547463
Median: 1.2832075358704525e-09
Mean: 8.063050689956033e-06
Deciles: [2.80453510e-28 7.90949734e-07]
Minimum: 0.0
Maximum: 0.001592497155974156
Bin Edges: [0.00000000e+00 1.59249716e-05 3.18499431e-05 4.77749147e-05
 6.36998862e-05 7.96248578e-05 9.55498294e-05 1.11474801e-04
 1.27399772e-04 1.43324744e-04 1.59249716e-04 1.75174687e-04
 1.91099659e-04 2.07024630e-04 2.22949602e-04 2.38874573e-04
 2.54799545e-04 2.70724517e-04 2.86649488e-04 3.02574460e-04
 3.18499431e-04 3.34424403e-04 3.50349374e-04 3.66274346e-04
 3.82199317e-04 3.98124289e-04 4.14049261e-04 4.29974232e-04
 4.45899204e-04 4.61824175e-04 4.77749147e-04 4.93674118e-04
 5.09599090e-04 5.25524061e-04 5.41449033e-04 5.57374005e-04
 5.73298976e-04 5.89223948e-04 6.05148919e-04 6.21073891e-04
 6.36998862e-04 6.52923834e-04 6.68848806e-04 6.84773777e-04
 7.00698749e-04 7.16623720e-04 7.32548692e-04 7.48473663e-04
 7.64398635e-04 7.80323606e-04 7.96248578e-04 8.12173550e-04
 8.28098521e-04 8.44023493e-04 8.59948464e-04 8.75873436e-04
 8.91798407e-04 9.07723379e-04 9.23648350e-04 9.39573322e-04
 9.55498294e-04 9.71423265e-04 9.87348237e-04 1.00327321e-03
 1.01919818e-03 1.03512315e-03 1.05104812e-03 1.06697309e-03
 1.08289807e-03 1.09882304e-03 1.11474801e-03 1.13067298e-03
 1.14659795e-03 1.16252292e-03 1.17844790e-03 1.19437287e-03
 1.21029784e-03 1.22622281e-03 1.24214778e-03 1.25807275e-03
 1.27399772e-03 1.28992270e-03 1.30584767e-03 1.32177264e-03
 1.33769761e-03 1.35362258e-03 1.36954755e-03 1.38547253e-03
 1.40139750e-03 1.41732247e-03 1.43324744e-03 1.44917241e-03
 1.46509738e-03 1.48102236e-03 1.49694733e-03 1.51287230e-03
 1.52879727e-03 1.54472224e-03 1.56064721e-03 1.57657218e-03
 1.59249716e-03]
Frequencies: [4.08095298e+09 1.52621455e+08 8.80896500e+07 5.68999260e+07
 3.86133450e+07 2.69662850e+07 1.92616880e+07 1.41115660e+07
 1.06748980e+07 8.32550200e+06 6.69766500e+06 5.51474500e+06
 4.62142000e+06 3.92178000e+06 3.35519300e+06 2.89657800e+06
 2.50927700e+06 2.17699000e+06 1.89215200e+06 1.63731800e+06
 1.41950200e+06 1.22629300e+06 1.05684000e+06 9.05222000e+05
 7.73064000e+05 6.58951000e+05 5.59778000e+05 4.72797000e+05
 3.97247000e+05 3.32087000e+05 2.77276000e+05 2.32235000e+05
 1.92327000e+05 1.59880000e+05 1.32841000e+05 1.10487000e+05
 9.03670000e+04 7.51580000e+04 6.23450000e+04 5.20630000e+04
 4.30110000e+04 3.57960000e+04 2.96550000e+04 2.46600000e+04
 2.05630000e+04 1.70210000e+04 1.42770000e+04 1.20500000e+04
 9.97200000e+03 8.17100000e+03 6.70900000e+03 5.64000000e+03
 4.85800000e+03 3.99700000e+03 3.36800000e+03 2.92100000e+03
 2.41900000e+03 2.00700000e+03 1.58300000e+03 1.34000000e+03
 1.19200000e+03 9.41000000e+02 7.74000000e+02 6.03000000e+02
 5.87000000e+02 4.30000000e+02 3.65000000e+02 3.09000000e+02
 2.57000000e+02 2.36000000e+02 1.78000000e+02 1.48000000e+02
 1.07000000e+02 7.90000000e+01 7.40000000e+01 7.10000000e+01
 6.90000000e+01 5.50000000e+01 4.40000000e+01 4.90000000e+01
 2.90000000e+01 3.40000000e+01 3.60000000e+01 1.90000000e+01
 1.90000000e+01 1.20000000e+01 1.20000000e+01 1.30000000e+01
 1.30000000e+01 1.10000000e+01 9.00000000e+00 8.00000000e+00
 5.00000000e+00 4.00000000e+00 2.00000000e+00 4.00000000e+00
 4.00000000e+00 2.00000000e+00 1.00000000e+00 2.00000000e+00]
