Standard Deviation: 13.88260071980294
Skewness: 0.05856649646813266
Kurtosis: 1.7805370290632014
Median: -0.1467782715629345
Mean: -0.06769550859123784
Deciles: [-7.54207224  7.28743772]
Minimum: -80.97922220258575
Maximum: 95.52444377045735
Bin Edges: [-80.9792222  -79.21418554 -77.44914888 -75.68411222 -73.91907556
 -72.1540389  -70.38900224 -68.62396558 -66.85892892 -65.09389227
 -63.32885561 -61.56381895 -59.79878229 -58.03374563 -56.26870897
 -54.50367231 -52.73863565 -50.97359899 -49.20856233 -47.44352567
 -45.67848901 -43.91345235 -42.14841569 -40.38337903 -38.61834237
 -36.85330571 -35.08826905 -33.32323239 -31.55819573 -29.79315907
 -28.02812241 -26.26308575 -24.49804909 -22.73301243 -20.96797577
 -19.20293911 -17.43790245 -15.67286579 -13.90782913 -12.14279247
 -10.37775581  -8.61271915  -6.84768249  -5.08264583  -3.31760917
  -1.55257251   0.21246415   1.9775008    3.74253746   5.50757412
   7.27261078   9.03764744  10.8026841   12.56772076  14.33275742
  16.09779408  17.86283074  19.6278674   21.39290406  23.15794072
  24.92297738  26.68801404  28.4530507   30.21808736  31.98312402
  33.74816068  35.51319734  37.278234    39.04327066  40.80830732
  42.57334398  44.33838064  46.1034173   47.86845396  49.63349062
  51.39852728  53.16356394  54.9286006   56.69363726  58.45867392
  60.22371058  61.98874724  63.7537839   65.51882056  67.28385721
  69.04889387  70.81393053  72.57896719  74.34400385  76.10904051
  77.87407717  79.63911383  81.40415049  83.16918715  84.93422381
  86.69926047  88.46429713  90.22933379  91.99437045  93.75940711
  95.52444377]
Frequencies: [8.50000000e+01 4.48000000e+02 1.27300000e+03 3.39300000e+03
 7.61700000e+03 1.55220000e+04 3.11850000e+04 5.96750000e+04
 1.07074000e+05 1.76994000e+05 2.76167000e+05 4.14281000e+05
 6.15118000e+05 8.86833000e+05 1.22110700e+06 1.62810600e+06
 2.08500300e+06 2.46851500e+06 2.91402600e+06 3.53372700e+06
 4.30339600e+06 5.22080100e+06 6.33147300e+06 7.63840300e+06
 9.20691200e+06 1.10563580e+07 1.32318380e+07 1.58046700e+07
 1.88512420e+07 2.24851930e+07 2.68521910e+07 3.21313830e+07
 3.84931730e+07 4.61839730e+07 5.56457670e+07 6.72167570e+07
 8.12788450e+07 9.84856800e+07 1.19524969e+08 1.44527903e+08
 1.73532502e+08 2.05808625e+08 2.39158821e+08 2.70548436e+08
 2.95479941e+08 3.08123591e+08 3.04532248e+08 2.85722685e+08
 2.56826897e+08 2.23502851e+08 1.89944555e+08 1.58896943e+08
 1.31951964e+08 1.09233762e+08 9.04299400e+07 7.51422220e+07
 6.26640650e+07 5.23800190e+07 4.38087780e+07 3.66895150e+07
 3.07710500e+07 2.58497710e+07 2.17659910e+07 1.82998010e+07
 1.54075320e+07 1.29462950e+07 1.08772420e+07 9.11527400e+06
 7.61585400e+06 6.33153500e+06 5.23669800e+06 4.32321700e+06
 3.54656600e+06 2.89812200e+06 2.35889900e+06 1.90646500e+06
 1.53116800e+06 1.21676400e+06 9.60808000e+05 7.50540000e+05
 5.78831000e+05 4.37932000e+05 3.28341000e+05 2.46116000e+05
 1.78845000e+05 1.29862000e+05 9.20100000e+04 6.42310000e+04
 4.39870000e+04 2.93990000e+04 1.91560000e+04 1.21080000e+04
 7.81400000e+03 4.75300000e+03 2.76100000e+03 1.44700000e+03
 7.60000000e+02 3.47000000e+02 2.07000000e+02 6.50000000e+01]
