Standard Deviation: 7.823645322756616e-07
Skewness: 0.9516558686218463
Kurtosis: -0.1973536701369314
Median: 5.081645735688168e-07
Mean: 8.457403248157881e-07
Deciles: [1.90004730e-07 1.42125647e-06]
Minimum: 5.617386868241194e-08
Maximum: 3.524285429394007e-06
Bin Edges: [5.61738687e-08 9.08549843e-08 1.25536100e-07 1.60217216e-07
 1.94898331e-07 2.29579447e-07 2.64260562e-07 2.98941678e-07
 3.33622794e-07 3.68303909e-07 4.02985025e-07 4.37666140e-07
 4.72347256e-07 5.07028372e-07 5.41709487e-07 5.76390603e-07
 6.11071718e-07 6.45752834e-07 6.80433950e-07 7.15115065e-07
 7.49796181e-07 7.84477296e-07 8.19158412e-07 8.53839528e-07
 8.88520643e-07 9.23201759e-07 9.57882874e-07 9.92563990e-07
 1.02724511e-06 1.06192622e-06 1.09660734e-06 1.13128845e-06
 1.16596957e-06 1.20065068e-06 1.23533180e-06 1.27001291e-06
 1.30469403e-06 1.33937515e-06 1.37405626e-06 1.40873738e-06
 1.44341849e-06 1.47809961e-06 1.51278072e-06 1.54746184e-06
 1.58214296e-06 1.61682407e-06 1.65150519e-06 1.68618630e-06
 1.72086742e-06 1.75554853e-06 1.79022965e-06 1.82491076e-06
 1.85959188e-06 1.89427300e-06 1.92895411e-06 1.96363523e-06
 1.99831634e-06 2.03299746e-06 2.06767857e-06 2.10235969e-06
 2.13704081e-06 2.17172192e-06 2.20640304e-06 2.24108415e-06
 2.27576527e-06 2.31044638e-06 2.34512750e-06 2.37980861e-06
 2.41448973e-06 2.44917085e-06 2.48385196e-06 2.51853308e-06
 2.55321419e-06 2.58789531e-06 2.62257642e-06 2.65725754e-06
 2.69193865e-06 2.72661977e-06 2.76130089e-06 2.79598200e-06
 2.83066312e-06 2.86534423e-06 2.90002535e-06 2.93470646e-06
 2.96938758e-06 3.00406870e-06 3.03874981e-06 3.07343093e-06
 3.10811204e-06 3.14279316e-06 3.17747427e-06 3.21215539e-06
 3.24683650e-06 3.28151762e-06 3.31619874e-06 3.35087985e-06
 3.38556097e-06 3.42024208e-06 3.45492320e-06 3.48960431e-06
 3.52428543e-06]
Frequencies: [1.01085720e+08 3.50369256e+08 4.11567816e+08 3.11779688e+08
 2.56664096e+08 1.89562136e+08 1.42298120e+08 1.14767520e+08
 9.58124160e+07 8.39116960e+07 7.58522560e+07 6.96550160e+07
 6.51974160e+07 6.17071680e+07 5.81105200e+07 5.57045680e+07
 5.28543920e+07 5.16145600e+07 4.95623760e+07 4.84072960e+07
 4.69074080e+07 4.53151680e+07 4.47710480e+07 4.33176000e+07
 4.18174560e+07 4.08372480e+07 4.03796080e+07 3.92780960e+07
 3.86809360e+07 3.81561040e+07 3.71584640e+07 3.68726880e+07
 3.64278320e+07 3.61051200e+07 3.62554960e+07 3.55782560e+07
 3.58996240e+07 3.65378400e+07 3.60866720e+07 3.64950320e+07
 3.67363600e+07 3.66356640e+07 3.67934560e+07 3.72676560e+07
 3.73639120e+07 3.75059680e+07 3.81025920e+07 3.91351280e+07
 3.97506800e+07 4.10679440e+07 4.25125200e+07 4.30313520e+07
 4.34330160e+07 4.04450720e+07 3.62972720e+07 3.26694960e+07
 3.00183360e+07 2.79927840e+07 2.57551040e+07 2.49127040e+07
 2.44766880e+07 2.38756800e+07 2.27772880e+07 2.16234320e+07
 2.10391120e+07 2.00768800e+07 1.93444480e+07 1.84296800e+07
 1.73425280e+07 1.61706000e+07 1.50754880e+07 1.42201280e+07
 1.33988960e+07 1.26630000e+07 1.19214720e+07 1.09672160e+07
 1.02409680e+07 9.57084800e+06 8.63723200e+06 8.00420000e+06
 7.41576800e+06 6.85047200e+06 6.41713600e+06 5.76094400e+06
 5.40088000e+06 4.79285600e+06 4.48500000e+06 4.16179200e+06
 3.93834400e+06 3.19667200e+06 2.76943200e+06 2.41591200e+06
 2.17356000e+06 1.61992000e+06 1.09830400e+06 8.33512000e+05
 5.85664000e+05 3.79552000e+05 1.92856000e+05 5.08960000e+04]
