Standard Deviation: 5010.505050635517
Skewness: -3.604841065252363
Kurtosis: 15.4988979435166
Median: 83736.64464725328
Mean: 81921.40634371556
Deciles: [81621.71643447 84289.47215812]
Minimum: 45551.978142096086
Maximum: 89044.11445745797
Bin Edges: [45551.9781421  45986.89950525 46421.8208684  46856.74223156
 47291.66359471 47726.58495786 48161.50632102 48596.42768417
 49031.34904733 49466.27041048 49901.19177363 50336.11313679
 50771.03449994 51205.95586309 51640.87722625 52075.7985894
 52510.71995255 52945.64131571 53380.56267886 53815.48404201
 54250.40540517 54685.32676832 55120.24813148 55555.16949463
 55990.09085778 56425.01222094 56859.93358409 57294.85494724
 57729.7763104  58164.69767355 58599.6190367  59034.54039986
 59469.46176301 59904.38312617 60339.30448932 60774.22585247
 61209.14721563 61644.06857878 62078.98994193 62513.91130509
 62948.83266824 63383.75403139 63818.67539455 64253.5967577
 64688.51812086 65123.43948401 65558.36084716 65993.28221032
 66428.20357347 66863.12493662 67298.04629978 67732.96766293
 68167.88902608 68602.81038924 69037.73175239 69472.65311555
 69907.5744787  70342.49584185 70777.41720501 71212.33856816
 71647.25993131 72082.18129447 72517.10265762 72952.02402077
 73386.94538393 73821.86674708 74256.78811023 74691.70947339
 75126.63083654 75561.5521997  75996.47356285 76431.394926
 76866.31628916 77301.23765231 77736.15901546 78171.08037862
 78606.00174177 79040.92310492 79475.84446808 79910.76583123
 80345.68719439 80780.60855754 81215.52992069 81650.45128385
 82085.372647   82520.29401015 82955.21537331 83390.13673646
 83825.05809961 84259.97946277 84694.90082592 85129.82218908
 85564.74355223 85999.66491538 86434.58627854 86869.50764169
 87304.42900484 87739.350368   88174.27173115 88609.1930943
 89044.11445746]
Frequencies: [3.24700000e+03 3.43760000e+04 2.14012000e+05 6.12063000e+05
 1.43533000e+06 2.30397700e+06 1.80202800e+06 1.15344100e+06
 7.14157000e+05 1.20462700e+06 1.22384100e+06 1.33601200e+06
 1.95257500e+06 2.31425600e+06 2.51995500e+06 2.48773000e+06
 2.11066500e+06 2.18244900e+06 2.48702500e+06 2.45461800e+06
 2.42623300e+06 3.17838500e+06 3.45430700e+06 3.28083100e+06
 3.14557500e+06 3.40240600e+06 2.82764100e+06 2.90280500e+06
 3.03415800e+06 3.03348500e+06 3.40175200e+06 3.36264500e+06
 2.61021600e+06 2.75447400e+06 2.95381700e+06 3.15654500e+06
 2.69484200e+06 2.25256500e+06 2.54093100e+06 2.69121500e+06
 2.64542100e+06 3.26721500e+06 3.11846400e+06 3.65982400e+06
 3.32332400e+06 2.83760300e+06 3.36972300e+06 3.89896600e+06
 4.07788300e+06 3.97736000e+06 4.66625500e+06 4.96991700e+06
 5.92658300e+06 6.74985100e+06 6.67534600e+06 7.58851900e+06
 7.57407800e+06 7.66260500e+06 8.11978200e+06 9.62523200e+06
 1.14691460e+07 1.23376660e+07 1.39266280e+07 1.63872500e+07
 1.89315660e+07 1.86620140e+07 1.91329730e+07 1.97260660e+07
 2.07127900e+07 2.09699570e+07 2.13203200e+07 2.08863200e+07
 2.26446040e+07 2.73754200e+07 3.06533520e+07 3.66760640e+07
 4.54878420e+07 5.31497890e+07 6.70524880e+07 8.21708750e+07
 9.96509420e+07 1.25561581e+08 1.47194028e+08 1.61996781e+08
 1.79611193e+08 2.07210758e+08 2.53269380e+08 4.68669780e+08
 9.36710193e+08 6.26285215e+08 3.58802163e+08 1.50625148e+08
 4.19595740e+07 8.46057100e+06 1.66038400e+06 3.41380000e+05
 8.73270000e+04 2.18880000e+04 5.56100000e+03 1.86000000e+03]
