Standard Deviation: 10.163145978819744
Skewness: 0.5103775812910932
Kurtosis: -0.00607284997215185
Median: 2.459556616420503
Mean: 3.728050266245287
Deciles: [-3.78100524 10.25667168]
Minimum: -56.66389196253073
Maximum: 65.62231304593124
Bin Edges: [-56.66389196 -55.44102991 -54.21816786 -52.99530581 -51.77244376
 -50.54958171 -49.32671966 -48.10385761 -46.88099556 -45.65813351
 -44.43527146 -43.21240941 -41.98954736 -40.76668531 -39.54382326
 -38.32096121 -37.09809916 -35.87523711 -34.65237506 -33.42951301
 -32.20665096 -30.98378891 -29.76092686 -28.53806481 -27.31520276
 -26.09234071 -24.86947866 -23.64661661 -22.42375456 -21.20089251
 -19.97803046 -18.75516841 -17.53230636 -16.30944431 -15.08658226
 -13.86372021 -12.64085816 -11.41799611 -10.19513406  -8.97227201
  -7.74940996  -6.52654791  -5.30368586  -4.08082381  -2.85796176
  -1.63509971  -0.41223766   0.81062439   2.03348644   3.25634849
   4.47921054   5.70207259   6.92493464   8.14779669   9.37065874
  10.59352079  11.81638284  13.03924489  14.26210694  15.48496899
  16.70783104  17.93069309  19.15355514  20.37641719  21.59927924
  22.82214129  24.04500334  25.26786539  26.49072744  27.71358949
  28.93645154  30.15931359  31.38217564  32.60503769  33.82789974
  35.05076179  36.27362384  37.49648589  38.71934794  39.94220999
  41.16507204  42.38793409  43.61079614  44.83365819  46.05652024
  47.27938229  48.50224434  49.72510639  50.94796844  52.1708305
  53.39369255  54.6165546   55.83941665  57.0622787   58.28514075
  59.5080028   60.73086485  61.9537269   63.17658895  64.399451
  65.62231305]
Frequencies: [6.00000000e+00 4.00000000e+00 9.00000000e+00 1.40000000e+01
 2.60000000e+01 5.40000000e+01 1.24000000e+02 2.20000000e+02
 4.16000000e+02 5.58000000e+02 8.48000000e+02 1.08400000e+03
 1.65000000e+03 2.47400000e+03 3.39700000e+03 4.87200000e+03
 7.56100000e+03 1.03470000e+04 1.59060000e+04 2.46780000e+04
 3.70450000e+04 5.49710000e+04 8.25960000e+04 1.25295000e+05
 1.88276000e+05 2.93097000e+05 4.63305000e+05 7.53908000e+05
 1.29455700e+06 2.26220700e+06 3.98863900e+06 6.92759800e+06
 1.16525920e+07 1.88962050e+07 2.95069680e+07 4.43171890e+07
 6.36827700e+07 8.71351640e+07 1.13361943e+08 1.40290947e+08
 1.65500740e+08 1.87398101e+08 2.04739256e+08 2.16858954e+08
 2.24270478e+08 2.26897316e+08 2.25062297e+08 2.19726607e+08
 2.11581652e+08 2.01427232e+08 1.90178142e+08 1.78655867e+08
 1.67049763e+08 1.55532676e+08 1.44253934e+08 1.33306447e+08
 1.22475995e+08 1.11957220e+08 1.01808699e+08 9.19760630e+07
 8.25917600e+07 7.35832540e+07 6.50336340e+07 5.68603020e+07
 4.91020790e+07 4.18144130e+07 3.51479320e+07 2.91007330e+07
 2.37235070e+07 1.89964190e+07 1.49854770e+07 1.16744350e+07
 8.93260600e+06 6.73145100e+06 4.98388800e+06 3.62569600e+06
 2.60149700e+06 1.82038300e+06 1.26869700e+06 8.69296000e+05
 5.87618000e+05 3.86139000e+05 2.51394000e+05 1.60146000e+05
 1.03634000e+05 6.82260000e+04 4.47320000e+04 2.92410000e+04
 1.92660000e+04 1.28980000e+04 8.73900000e+03 5.81700000e+03
 3.88800000e+03 2.75300000e+03 1.82800000e+03 1.14500000e+03
 8.61000000e+02 6.64000000e+02 4.36000000e+02 1.57000000e+02]
