Standard Deviation: 458.5194336352263
Skewness: -3.6048410652510667
Kurtosis: 15.498897943509167
Median: 24225.073409216755
Mean: 24058.958011578994
Deciles: [24031.53290252 24275.66355025]
Minimum: 20730.73272248817
Maximum: 24710.768569049487
Bin Edges: [20730.73272249 20770.53308095 20810.33343942 20850.13379789
 20889.93415635 20929.73451482 20969.53487328 21009.33523175
 21049.13559021 21088.93594868 21128.73630714 21168.53666561
 21208.33702408 21248.13738254 21287.93774101 21327.73809947
 21367.53845794 21407.3388164  21447.13917487 21486.93953333
 21526.7398918  21566.54025027 21606.34060873 21646.1409672
 21685.94132566 21725.74168413 21765.54204259 21805.34240106
 21845.14275953 21884.94311799 21924.74347646 21964.54383492
 22004.34419339 22044.14455185 22083.94491032 22123.74526878
 22163.54562725 22203.34598572 22243.14634418 22282.94670265
 22322.74706111 22362.54741958 22402.34777804 22442.14813651
 22481.94849498 22521.74885344 22561.54921191 22601.34957037
 22641.14992884 22680.9502873  22720.75064577 22760.55100423
 22800.3513627  22840.15172117 22879.95207963 22919.7524381
 22959.55279656 22999.35315503 23039.15351349 23078.95387196
 23118.75423042 23158.55458889 23198.35494736 23238.15530582
 23277.95566429 23317.75602275 23357.55638122 23397.35673968
 23437.15709815 23476.95745662 23516.75781508 23556.55817355
 23596.35853201 23636.15889048 23675.95924894 23715.75960741
 23755.55996587 23795.36032434 23835.16068281 23874.96104127
 23914.76139974 23954.5617582  23994.36211667 24034.16247513
 24073.9628336  24113.76319207 24153.56355053 24193.363909
 24233.16426746 24272.96462593 24312.76498439 24352.56534286
 24392.36570132 24432.16605979 24471.96641826 24511.76677672
 24551.56713519 24591.36749365 24631.16785212 24670.96821058
 24710.76856905]
Frequencies: [3.24700000e+03 3.43760000e+04 2.14012000e+05 6.12063000e+05
 1.43533000e+06 2.30397700e+06 1.80202800e+06 1.15344100e+06
 7.14157000e+05 1.20462700e+06 1.22384100e+06 1.33601200e+06
 1.95257500e+06 2.31425600e+06 2.51995500e+06 2.48773000e+06
 2.11066500e+06 2.18244900e+06 2.48702500e+06 2.45461800e+06
 2.42623300e+06 3.17838500e+06 3.45430700e+06 3.28083100e+06
 3.14557500e+06 3.40240600e+06 2.82764100e+06 2.90280500e+06
 3.03415800e+06 3.03348500e+06 3.40175200e+06 3.36264500e+06
 2.61021600e+06 2.75447400e+06 2.95381700e+06 3.15654500e+06
 2.69484200e+06 2.25256500e+06 2.54093100e+06 2.69121500e+06
 2.64542100e+06 3.26721500e+06 3.11846400e+06 3.65982400e+06
 3.32332400e+06 2.83760300e+06 3.36972300e+06 3.89896600e+06
 4.07788300e+06 3.97736000e+06 4.66625500e+06 4.96991700e+06
 5.92658300e+06 6.74985100e+06 6.67534600e+06 7.58851900e+06
 7.57407800e+06 7.66260500e+06 8.11978200e+06 9.62523200e+06
 1.14691460e+07 1.23376660e+07 1.39266280e+07 1.63872500e+07
 1.89315660e+07 1.86620140e+07 1.91329730e+07 1.97260660e+07
 2.07127900e+07 2.09699570e+07 2.13203200e+07 2.08863200e+07
 2.26446040e+07 2.73754200e+07 3.06533520e+07 3.66760640e+07
 4.54878420e+07 5.31497890e+07 6.70524880e+07 8.21708750e+07
 9.96509420e+07 1.25561581e+08 1.47194028e+08 1.61996781e+08
 1.79611193e+08 2.07210758e+08 2.53269380e+08 4.68669780e+08
 9.36710193e+08 6.26285215e+08 3.58802163e+08 1.50625148e+08
 4.19595740e+07 8.46057100e+06 1.66038400e+06 3.41380000e+05
 8.73270000e+04 2.18880000e+04 5.56100000e+03 1.86000000e+03]
