Standard Deviation: 6.941236136665004e-05
Skewness: 4.339483666749494
Kurtosis: 26.563004859744346
Median: 7.970505539031806e-06
Mean: 3.499401032708657e-05
Deciles: [1.12085715e-08 4.06581002e-05]
Minimum: 0.0
Maximum: 0.0010596323662561322
Bin Edges: [0.00000000e+00 1.05963237e-05 2.11926473e-05 3.17889710e-05
 4.23852947e-05 5.29816183e-05 6.35779420e-05 7.41742656e-05
 8.47705893e-05 9.53669130e-05 1.05963237e-04 1.16559560e-04
 1.27155884e-04 1.37752208e-04 1.48348531e-04 1.58944855e-04
 1.69541179e-04 1.80137502e-04 1.90733826e-04 2.01330150e-04
 2.11926473e-04 2.22522797e-04 2.33119121e-04 2.43715444e-04
 2.54311768e-04 2.64908092e-04 2.75504415e-04 2.86100739e-04
 2.96697063e-04 3.07293386e-04 3.17889710e-04 3.28486034e-04
 3.39082357e-04 3.49678681e-04 3.60275005e-04 3.70871328e-04
 3.81467652e-04 3.92063976e-04 4.02660299e-04 4.13256623e-04
 4.23852947e-04 4.34449270e-04 4.45045594e-04 4.55641917e-04
 4.66238241e-04 4.76834565e-04 4.87430888e-04 4.98027212e-04
 5.08623536e-04 5.19219859e-04 5.29816183e-04 5.40412507e-04
 5.51008830e-04 5.61605154e-04 5.72201478e-04 5.82797801e-04
 5.93394125e-04 6.03990449e-04 6.14586772e-04 6.25183096e-04
 6.35779420e-04 6.46375743e-04 6.56972067e-04 6.67568391e-04
 6.78164714e-04 6.88761038e-04 6.99357362e-04 7.09953685e-04
 7.20550009e-04 7.31146333e-04 7.41742656e-04 7.52338980e-04
 7.62935304e-04 7.73531627e-04 7.84127951e-04 7.94724275e-04
 8.05320598e-04 8.15916922e-04 8.26513246e-04 8.37109569e-04
 8.47705893e-04 8.58302217e-04 8.68898540e-04 8.79494864e-04
 8.90091188e-04 9.00687511e-04 9.11283835e-04 9.21880159e-04
 9.32476482e-04 9.43072806e-04 9.53669130e-04 9.64265453e-04
 9.74861777e-04 9.85458101e-04 9.96054424e-04 1.00665075e-03
 1.01724707e-03 1.02784340e-03 1.03843972e-03 1.04903604e-03
 1.05963237e-03]
Frequencies: [2.41591871e+09 4.49037086e+08 3.24883749e+08 2.53161574e+08
 1.97473805e+08 1.54186805e+08 1.21116968e+08 9.59084710e+07
 7.66124250e+07 6.17532700e+07 5.02652310e+07 4.13422280e+07
 3.43493930e+07 2.88204830e+07 2.44245220e+07 2.08950260e+07
 1.80442630e+07 1.57268090e+07 1.38092340e+07 1.22166060e+07
 1.08814250e+07 9.74058500e+06 8.76720100e+06 7.92722100e+06
 7.18873000e+06 6.54443000e+06 5.97584100e+06 5.47719300e+06
 5.03075600e+06 4.63028700e+06 4.26680000e+06 3.94104900e+06
 3.64200500e+06 3.37162200e+06 3.12725500e+06 2.90860700e+06
 2.70378600e+06 2.51629800e+06 2.34254200e+06 2.18615600e+06
 2.03791200e+06 1.90174900e+06 1.77363500e+06 1.65319600e+06
 1.54658300e+06 1.44396700e+06 1.34991900e+06 1.26066000e+06
 1.17782400e+06 1.09684000e+06 1.02382200e+06 9.57478000e+05
 8.94165000e+05 8.32977000e+05 7.76253000e+05 7.20250000e+05
 6.69224000e+05 6.22340000e+05 5.75041000e+05 5.34193000e+05
 4.95583000e+05 4.56844000e+05 4.21564000e+05 3.87725000e+05
 3.58371000e+05 3.29416000e+05 3.00982000e+05 2.76110000e+05
 2.52250000e+05 2.30128000e+05 2.09107000e+05 1.90106000e+05
 1.72503000e+05 1.55101000e+05 1.39637000e+05 1.24178000e+05
 1.10118000e+05 9.69960000e+04 8.55990000e+04 7.47190000e+04
 6.50450000e+04 5.59190000e+04 4.73090000e+04 3.97330000e+04
 3.29420000e+04 2.69850000e+04 2.19140000e+04 1.74210000e+04
 1.33960000e+04 1.00390000e+04 7.53600000e+03 5.38000000e+03
 3.58600000e+03 2.48100000e+03 1.46000000e+03 7.60000000e+02
 3.48000000e+02 1.35000000e+02 7.40000000e+01 2.20000000e+01]
