Standard Deviation: 12.468967928849509
Skewness: 0.7124875217456571
Kurtosis: 1.6643830775869306
Median: 240.70998870841578
Mean: 241.62415903194704
Deciles: [234.5258135  247.06660358]
Minimum: 169.39329084397644
Maximum: 321.68963107587535
Bin Edges: [169.39329084 170.91625425 172.43921765 173.96218105 175.48514445
 177.00810786 178.53107126 180.05403466 181.57699806 183.09996146
 184.62292487 186.14588827 187.66885167 189.19181507 190.71477848
 192.23774188 193.76070528 195.28366868 196.80663209 198.32959549
 199.85255889 201.37552229 202.89848569 204.4214491  205.9444125
 207.4673759  208.9903393  210.51330271 212.03626611 213.55922951
 215.08219291 216.60515632 218.12811972 219.65108312 221.17404652
 222.69700993 224.21997333 225.74293673 227.26590013 228.78886353
 230.31182694 231.83479034 233.35775374 234.88071714 236.40368055
 237.92664395 239.44960735 240.97257075 242.49553416 244.01849756
 245.54146096 247.06442436 248.58738776 250.11035117 251.63331457
 253.15627797 254.67924137 256.20220478 257.72516818 259.24813158
 260.77109498 262.29405839 263.81702179 265.33998519 266.86294859
 268.38591199 269.9088754  271.4318388  272.9548022  274.4777656
 276.00072901 277.52369241 279.04665581 280.56961921 282.09258262
 283.61554602 285.13850942 286.66147282 288.18443622 289.70739963
 291.23036303 292.75332643 294.27628983 295.79925324 297.32221664
 298.84518004 300.36814344 301.89110685 303.41407025 304.93703365
 306.45999705 307.98296046 309.50592386 311.02888726 312.55185066
 314.07481406 315.59777747 317.12074087 318.64370427 320.16666767
 321.68963108]
Frequencies: [1.40000000e+01 1.90000000e+01 3.60000000e+01 3.90000000e+01
 7.30000000e+01 3.61000000e+02 1.63600000e+03 3.81400000e+03
 5.95200000e+03 9.56500000e+03 1.31160000e+04 1.83090000e+04
 2.75700000e+04 4.21820000e+04 6.11260000e+04 9.03110000e+04
 1.32795000e+05 1.94578000e+05 2.82197000e+05 3.96208000e+05
 5.57737000e+05 8.11654000e+05 1.18547700e+06 1.72070400e+06
 2.51402200e+06 3.68882300e+06 5.35851300e+06 7.66589300e+06
 1.07313910e+07 1.47555500e+07 1.99885540e+07 2.65121350e+07
 3.42357150e+07 4.30899140e+07 5.31194200e+07 6.38312600e+07
 7.52566020e+07 8.74518740e+07 1.00877311e+08 1.17643448e+08
 1.40117382e+08 1.69392556e+08 2.04514566e+08 2.42259953e+08
 2.77308625e+08 3.03535836e+08 3.15742566e+08 3.11021098e+08
 2.90748977e+08 2.58576382e+08 2.20107477e+08 1.80788205e+08
 1.44563770e+08 1.13985079e+08 8.98866500e+07 7.20520820e+07
 5.94427750e+07 5.05391250e+07 4.42277760e+07 3.96570240e+07
 3.61770660e+07 3.33332880e+07 3.08519470e+07 2.86205170e+07
 2.65343550e+07 2.45064290e+07 2.25416280e+07 2.06077390e+07
 1.86826680e+07 1.67689770e+07 1.48711100e+07 1.30130800e+07
 1.12162330e+07 9.49904300e+06 7.88239800e+06 6.40226800e+06
 5.08164400e+06 3.95636000e+06 3.00086400e+06 2.20084300e+06
 1.57285500e+06 1.09916600e+06 7.48907000e+05 4.92445000e+05
 3.13717000e+05 1.95415000e+05 1.17936000e+05 6.83550000e+04
 3.78280000e+04 2.03390000e+04 1.10220000e+04 5.83200000e+03
 3.35300000e+03 2.11800000e+03 1.25400000e+03 6.12000000e+02
 3.19000000e+02 1.71000000e+02 7.50000000e+01 2.20000000e+01]
