Standard Deviation: 3.723162009309243e-05
Skewness: 9.089868184995321
Kurtosis: 110.85327376274611
Median: 7.62402343170489e-08
Mean: 7.932002703589646e-06
Deciles: [3.12169731e-09 8.61296207e-07]
Minimum: 0.0
Maximum: 0.0010771337124555844
Bin Edges: [0.00000000e+00 1.07713371e-05 2.15426742e-05 3.23140114e-05
 4.30853485e-05 5.38566856e-05 6.46280227e-05 7.53993599e-05
 8.61706970e-05 9.69420341e-05 1.07713371e-04 1.18484708e-04
 1.29256045e-04 1.40027383e-04 1.50798720e-04 1.61570057e-04
 1.72341394e-04 1.83112731e-04 1.93884068e-04 2.04655405e-04
 2.15426742e-04 2.26198080e-04 2.36969417e-04 2.47740754e-04
 2.58512091e-04 2.69283428e-04 2.80054765e-04 2.90826102e-04
 3.01597439e-04 3.12368777e-04 3.23140114e-04 3.33911451e-04
 3.44682788e-04 3.55454125e-04 3.66225462e-04 3.76996799e-04
 3.87768136e-04 3.98539474e-04 4.09310811e-04 4.20082148e-04
 4.30853485e-04 4.41624822e-04 4.52396159e-04 4.63167496e-04
 4.73938833e-04 4.84710171e-04 4.95481508e-04 5.06252845e-04
 5.17024182e-04 5.27795519e-04 5.38566856e-04 5.49338193e-04
 5.60109530e-04 5.70880868e-04 5.81652205e-04 5.92423542e-04
 6.03194879e-04 6.13966216e-04 6.24737553e-04 6.35508890e-04
 6.46280227e-04 6.57051565e-04 6.67822902e-04 6.78594239e-04
 6.89365576e-04 7.00136913e-04 7.10908250e-04 7.21679587e-04
 7.32450924e-04 7.43222262e-04 7.53993599e-04 7.64764936e-04
 7.75536273e-04 7.86307610e-04 7.97078947e-04 8.07850284e-04
 8.18621621e-04 8.29392959e-04 8.40164296e-04 8.50935633e-04
 8.61706970e-04 8.72478307e-04 8.83249644e-04 8.94020981e-04
 9.04792318e-04 9.15563656e-04 9.26334993e-04 9.37106330e-04
 9.47877667e-04 9.58649004e-04 9.69420341e-04 9.80191678e-04
 9.90963015e-04 1.00173435e-03 1.01250569e-03 1.02327703e-03
 1.03404836e-03 1.04481970e-03 1.05559104e-03 1.06636238e-03
 1.07713371e-03]
Frequencies: [4.08975715e+09 1.36083567e+08 7.05172500e+07 4.47216810e+07
 3.15497480e+07 2.37766130e+07 1.86595100e+07 1.50713140e+07
 1.24682760e+07 1.04910490e+07 8.94778400e+06 7.71731700e+06
 6.72827400e+06 5.90813500e+06 5.22343400e+06 4.64428500e+06
 4.15463000e+06 3.73288500e+06 3.36898900e+06 3.05331700e+06
 2.77574700e+06 2.52762100e+06 2.31168700e+06 2.11764000e+06
 1.94708500e+06 1.78511100e+06 1.64433000e+06 1.51599200e+06
 1.40093500e+06 1.29438900e+06 1.19856300e+06 1.10604500e+06
 1.02189200e+06 9.46260000e+05 8.77624000e+05 8.11751000e+05
 7.51823000e+05 6.94009000e+05 6.41037000e+05 5.93872000e+05
 5.48936000e+05 5.07851000e+05 4.67602000e+05 4.33021000e+05
 3.98396000e+05 3.66371000e+05 3.37992000e+05 3.12266000e+05
 2.86417000e+05 2.64241000e+05 2.42655000e+05 2.22837000e+05
 2.03306000e+05 1.86547000e+05 1.71559000e+05 1.58136000e+05
 1.43653000e+05 1.31487000e+05 1.20326000e+05 1.08870000e+05
 9.95820000e+04 9.03050000e+04 8.11010000e+04 7.33390000e+04
 6.66360000e+04 6.00670000e+04 5.41570000e+04 4.83180000e+04
 4.29400000e+04 3.80630000e+04 3.44100000e+04 3.11960000e+04
 2.88830000e+04 2.66550000e+04 2.47130000e+04 2.27920000e+04
 2.15360000e+04 1.96320000e+04 1.82300000e+04 1.72670000e+04
 1.60520000e+04 1.50140000e+04 1.39480000e+04 1.32010000e+04
 1.23950000e+04 1.16160000e+04 1.08020000e+04 9.71000000e+03
 8.54300000e+03 6.85000000e+03 5.50000000e+03 3.96300000e+03
 2.83800000e+03 1.55100000e+03 5.76000000e+02 3.26000000e+02
 1.43000000e+02 4.10000000e+01 8.00000000e+00 9.00000000e+00]
