Standard Deviation: 6.820300768595189e-09
Skewness: -1.0000000000088076
Kurtosis: -1.9999999999983722
Median: 1701.6828024303006
Mean: 1701.682802437121
Deciles: [1701.68280243 1701.68280243]
Minimum: 1701.6828024303006
Maximum: 1701.6828024303006
Bin Edges: [1701.18280243 1701.19280243 1701.20280243 1701.21280243 1701.22280243
 1701.23280243 1701.24280243 1701.25280243 1701.26280243 1701.27280243
 1701.28280243 1701.29280243 1701.30280243 1701.31280243 1701.32280243
 1701.33280243 1701.34280243 1701.35280243 1701.36280243 1701.37280243
 1701.38280243 1701.39280243 1701.40280243 1701.41280243 1701.42280243
 1701.43280243 1701.44280243 1701.45280243 1701.46280243 1701.47280243
 1701.48280243 1701.49280243 1701.50280243 1701.51280243 1701.52280243
 1701.53280243 1701.54280243 1701.55280243 1701.56280243 1701.57280243
 1701.58280243 1701.59280243 1701.60280243 1701.61280243 1701.62280243
 1701.63280243 1701.64280243 1701.65280243 1701.66280243 1701.67280243
 1701.68280243 1701.69280243 1701.70280243 1701.71280243 1701.72280243
 1701.73280243 1701.74280243 1701.75280243 1701.76280243 1701.77280243
 1701.78280243 1701.79280243 1701.80280243 1701.81280243 1701.82280243
 1701.83280243 1701.84280243 1701.85280243 1701.86280243 1701.87280243
 1701.88280243 1701.89280243 1701.90280243 1701.91280243 1701.92280243
 1701.93280243 1701.94280243 1701.95280243 1701.96280243 1701.97280243
 1701.98280243 1701.99280243 1702.00280243 1702.01280243 1702.02280243
 1702.03280243 1702.04280243 1702.05280243 1702.06280243 1702.07280243
 1702.08280243 1702.09280243 1702.10280243 1702.11280243 1702.12280243
 1702.13280243 1702.14280243 1702.15280243 1702.16280243 1702.17280243
 1702.18280243]
Frequencies: [0.000000e+00 0.000000e+00 0.000000e+00 0.000000e+00 0.000000e+00
 0.000000e+00 0.000000e+00 0.000000e+00 0.000000e+00 0.000000e+00
 0.000000e+00 0.000000e+00 0.000000e+00 0.000000e+00 0.000000e+00
 0.000000e+00 0.000000e+00 0.000000e+00 0.000000e+00 0.000000e+00
 0.000000e+00 0.000000e+00 0.000000e+00 0.000000e+00 0.000000e+00
 0.000000e+00 0.000000e+00 0.000000e+00 0.000000e+00 0.000000e+00
 0.000000e+00 0.000000e+00 0.000000e+00 0.000000e+00 0.000000e+00
 0.000000e+00 0.000000e+00 0.000000e+00 0.000000e+00 0.000000e+00
 0.000000e+00 0.000000e+00 0.000000e+00 0.000000e+00 0.000000e+00
 0.000000e+00 0.000000e+00 0.000000e+00 0.000000e+00 0.000000e+00
 4.541184e+09 0.000000e+00 0.000000e+00 0.000000e+00 0.000000e+00
 0.000000e+00 0.000000e+00 0.000000e+00 0.000000e+00 0.000000e+00
 0.000000e+00 0.000000e+00 0.000000e+00 0.000000e+00 0.000000e+00
 0.000000e+00 0.000000e+00 0.000000e+00 0.000000e+00 0.000000e+00
 0.000000e+00 0.000000e+00 0.000000e+00 0.000000e+00 0.000000e+00
 0.000000e+00 0.000000e+00 0.000000e+00 0.000000e+00 0.000000e+00
 0.000000e+00 0.000000e+00 0.000000e+00 0.000000e+00 0.000000e+00
 0.000000e+00 0.000000e+00 0.000000e+00 0.000000e+00 0.000000e+00
 0.000000e+00 0.000000e+00 0.000000e+00 0.000000e+00 0.000000e+00
 0.000000e+00 0.000000e+00 0.000000e+00 0.000000e+00 0.000000e+00]
