Standard Deviation: 1.1412797764559032e-08
Skewness: -4.328952269853079
Kurtosis: 19.67378328519359
Median: 4.908583856935717e-07
Mean: 4.877685155300242e-07
Deciles: [4.90858386e-07 4.90858386e-07]
Minimum: 3.9785996278461637e-07
Maximum: 4.908583856935717e-07
Bin Edges: [3.97859963e-07 3.98789947e-07 3.99719931e-07 4.00649915e-07
 4.01579900e-07 4.02509884e-07 4.03439868e-07 4.04369852e-07
 4.05299837e-07 4.06229821e-07 4.07159805e-07 4.08089789e-07
 4.09019774e-07 4.09949758e-07 4.10879742e-07 4.11809726e-07
 4.12739710e-07 4.13669695e-07 4.14599679e-07 4.15529663e-07
 4.16459647e-07 4.17389632e-07 4.18319616e-07 4.19249600e-07
 4.20179584e-07 4.21109569e-07 4.22039553e-07 4.22969537e-07
 4.23899521e-07 4.24829505e-07 4.25759490e-07 4.26689474e-07
 4.27619458e-07 4.28549442e-07 4.29479427e-07 4.30409411e-07
 4.31339395e-07 4.32269379e-07 4.33199363e-07 4.34129348e-07
 4.35059332e-07 4.35989316e-07 4.36919300e-07 4.37849285e-07
 4.38779269e-07 4.39709253e-07 4.40639237e-07 4.41569222e-07
 4.42499206e-07 4.43429190e-07 4.44359174e-07 4.45289158e-07
 4.46219143e-07 4.47149127e-07 4.48079111e-07 4.49009095e-07
 4.49939080e-07 4.50869064e-07 4.51799048e-07 4.52729032e-07
 4.53659017e-07 4.54589001e-07 4.55518985e-07 4.56448969e-07
 4.57378953e-07 4.58308938e-07 4.59238922e-07 4.60168906e-07
 4.61098890e-07 4.62028875e-07 4.62958859e-07 4.63888843e-07
 4.64818827e-07 4.65748812e-07 4.66678796e-07 4.67608780e-07
 4.68538764e-07 4.69468748e-07 4.70398733e-07 4.71328717e-07
 4.72258701e-07 4.73188685e-07 4.74118670e-07 4.75048654e-07
 4.75978638e-07 4.76908622e-07 4.77838606e-07 4.78768591e-07
 4.79698575e-07 4.80628559e-07 4.81558543e-07 4.82488528e-07
 4.83418512e-07 4.84348496e-07 4.85278480e-07 4.86208465e-07
 4.87138449e-07 4.88068433e-07 4.88998417e-07 4.89928401e-07
 4.90858386e-07]
Frequencies: [4.54400000e+03 4.58160000e+04 1.88309000e+05 4.28130000e+05
 6.51493000e+05 8.74201000e+05 9.71588000e+05 1.00992100e+06
 1.01763300e+06 1.07367900e+06 1.06654600e+06 1.09540800e+06
 1.00520600e+06 1.10161800e+06 1.12473300e+06 1.09292100e+06
 1.22450700e+06 1.28666000e+06 1.22276100e+06 1.34111100e+06
 1.25710400e+06 1.25032200e+06 1.60529700e+06 1.84269600e+06
 1.51857300e+06 1.30307300e+06 1.55446100e+06 1.89269400e+06
 1.90254700e+06 1.80623300e+06 1.84981900e+06 1.91711000e+06
 1.78472600e+06 2.35428000e+06 2.98719500e+06 3.13965200e+06
 3.45757700e+06 4.01777600e+06 4.27339100e+06 4.52491700e+06
 4.65000300e+06 4.74666900e+06 4.94156500e+06 4.88966100e+06
 4.32774900e+06 4.28982600e+06 4.88946200e+06 5.12354000e+06
 5.33010200e+06 5.04353900e+06 4.47696600e+06 4.44606300e+06
 4.71425800e+06 4.76727800e+06 4.55886200e+06 5.21072200e+06
 5.76757400e+06 5.23008400e+06 5.28380300e+06 5.10634100e+06
 4.70229100e+06 4.80525200e+06 4.99364900e+06 5.46741600e+06
 6.07093900e+06 5.94704700e+06 5.81663900e+06 6.42238200e+06
 6.13893800e+06 6.04346000e+06 6.67137300e+06 6.85836700e+06
 6.84328500e+06 6.82728000e+06 6.93401800e+06 7.46136800e+06
 7.78345000e+06 8.22347000e+06 7.88171700e+06 7.26313700e+06
 7.94819300e+06 8.22305900e+06 8.11926600e+06 8.46551300e+06
 8.87016100e+06 8.82316200e+06 8.59176700e+06 8.64649700e+06
 8.62729100e+06 9.43525800e+06 1.00307270e+07 9.68928300e+06
 8.74345000e+06 8.67003700e+06 9.30065000e+06 1.07402410e+07
 1.06394200e+07 9.53030300e+06 9.14859000e+06 4.07792536e+09]
