Standard Deviation: 17.66308579006464
Skewness: -0.1760319564800428
Kurtosis: 0.3271852377230311
Median: 14.278459240170612
Mean: 14.098726366012833
Deciles: [ 2.91436376 25.94780329]
Minimum: -62.027001523388094
Maximum: 98.71846928434837
Bin Edges: [-62.02700152 -60.41954682 -58.81209211 -57.2046374  -55.59718269
 -53.98972798 -52.38227327 -50.77481857 -49.16736386 -47.55990915
 -45.95245444 -44.34499973 -42.73754503 -41.13009032 -39.52263561
 -37.9151809  -36.30772619 -34.70027149 -33.09281678 -31.48536207
 -29.87790736 -28.27045265 -26.66299795 -25.05554324 -23.44808853
 -21.84063382 -20.23317911 -18.62572441 -17.0182697  -15.41081499
 -13.80336028 -12.19590557 -10.58845086  -8.98099616  -7.37354145
  -5.76608674  -4.15863203  -2.55117732  -0.94372262   0.66373209
   2.2711868    3.87864151   5.48609622   7.09355092   8.70100563
  10.30846034  11.91591505  13.52336976  15.13082446  16.73827917
  18.34573388  19.95318859  21.5606433   23.168098    24.77555271
  26.38300742  27.99046213  29.59791684  31.20537155  32.81282625
  34.42028096  36.02773567  37.63519038  39.24264509  40.85009979
  42.4575545   44.06500921  45.67246392  47.27991863  48.88737333
  50.49482804  52.10228275  53.70973746  55.31719217  56.92464687
  58.53210158  60.13955629  61.747011    63.35446571  64.96192041
  66.56937512  68.17682983  69.78428454  71.39173925  72.99919396
  74.60664866  76.21410337  77.82155808  79.42901279  81.0364675
  82.6439222   84.25137691  85.85883162  87.46628633  89.07374104
  90.68119574  92.28865045  93.89610516  95.50355987  97.11101458
  98.71846928]
Frequencies: [6.70000000e+01 7.17000000e+02 6.04200000e+03 2.91700000e+04
 1.00136000e+05 2.87945000e+05 7.69226000e+05 1.25450700e+06
 1.36227400e+06 1.67129500e+06 2.06808800e+06 2.50759100e+06
 3.00268600e+06 3.58680500e+06 4.28115700e+06 5.11378700e+06
 6.05551100e+06 7.14680700e+06 8.35141800e+06 9.67847700e+06
 1.11389130e+07 1.27444240e+07 1.44998360e+07 1.63965370e+07
 1.85424600e+07 2.09575240e+07 2.36841030e+07 2.68475730e+07
 3.05318330e+07 3.48316040e+07 3.98367370e+07 4.57911920e+07
 5.29162840e+07 6.14624050e+07 7.14320530e+07 8.26028480e+07
 9.50811820e+07 1.08113622e+08 1.21262419e+08 1.33205158e+08
 1.43022037e+08 1.51017552e+08 1.57148375e+08 1.61790111e+08
 1.64920140e+08 1.66959172e+08 1.67769512e+08 1.67645941e+08
 1.66579164e+08 1.64463677e+08 1.61296424e+08 1.56766154e+08
 1.51296581e+08 1.44923615e+08 1.37632982e+08 1.29377809e+08
 1.20371844e+08 1.10890481e+08 1.01255036e+08 9.15164180e+07
 8.17778730e+07 7.23568420e+07 6.33875290e+07 5.50688230e+07
 4.74131950e+07 4.05010740e+07 3.42634970e+07 2.87350400e+07
 2.39387770e+07 1.97806390e+07 1.62151870e+07 1.31712950e+07
 1.06239120e+07 8.55937000e+06 6.81213900e+06 5.37429500e+06
 4.22025800e+06 3.29281700e+06 2.53667200e+06 1.95183700e+06
 1.47090900e+06 1.10516300e+06 8.29375000e+05 6.10971000e+05
 4.39185000e+05 3.14152000e+05 2.19740000e+05 1.52714000e+05
 1.03602000e+05 6.86450000e+04 4.29650000e+04 2.55300000e+04
 1.23270000e+04 6.43900000e+03 3.32000000e+03 1.45300000e+03
 6.02000000e+02 2.84000000e+02 9.90000000e+01 1.60000000e+01]
