Standard Deviation: 2.166856924215027e-08
Skewness: 0.30491254907097787
Kurtosis: -0.9702423687912076
Median: 4.957694591023576e-08
Mean: 5.618762083610858e-08
Deciles: [3.95961597e-08 7.66239786e-08]
Minimum: 1.1540595739041738e-08
Maximum: 1.3204408347193698e-07
Bin Edges: [1.15405957e-08 1.27456306e-08 1.39506655e-08 1.51557004e-08
 1.63607352e-08 1.75657701e-08 1.87708050e-08 1.99758399e-08
 2.11808748e-08 2.23859096e-08 2.35909445e-08 2.47959794e-08
 2.60010143e-08 2.72060491e-08 2.84110840e-08 2.96161189e-08
 3.08211538e-08 3.20261887e-08 3.32312235e-08 3.44362584e-08
 3.56412933e-08 3.68463282e-08 3.80513630e-08 3.92563979e-08
 4.04614328e-08 4.16664677e-08 4.28715025e-08 4.40765374e-08
 4.52815723e-08 4.64866072e-08 4.76916421e-08 4.88966769e-08
 5.01017118e-08 5.13067467e-08 5.25117816e-08 5.37168164e-08
 5.49218513e-08 5.61268862e-08 5.73319211e-08 5.85369560e-08
 5.97419908e-08 6.09470257e-08 6.21520606e-08 6.33570955e-08
 6.45621303e-08 6.57671652e-08 6.69722001e-08 6.81772350e-08
 6.93822699e-08 7.05873047e-08 7.17923396e-08 7.29973745e-08
 7.42024094e-08 7.54074442e-08 7.66124791e-08 7.78175140e-08
 7.90225489e-08 8.02275837e-08 8.14326186e-08 8.26376535e-08
 8.38426884e-08 8.50477233e-08 8.62527581e-08 8.74577930e-08
 8.86628279e-08 8.98678628e-08 9.10728976e-08 9.22779325e-08
 9.34829674e-08 9.46880023e-08 9.58930372e-08 9.70980720e-08
 9.83031069e-08 9.95081418e-08 1.00713177e-07 1.01918212e-07
 1.03123246e-07 1.04328281e-07 1.05533316e-07 1.06738351e-07
 1.07943386e-07 1.09148421e-07 1.10353456e-07 1.11558491e-07
 1.12763525e-07 1.13968560e-07 1.15173595e-07 1.16378630e-07
 1.17583665e-07 1.18788700e-07 1.19993735e-07 1.21198770e-07
 1.22403804e-07 1.23608839e-07 1.24813874e-07 1.26018909e-07
 1.27223944e-07 1.28428979e-07 1.29634014e-07 1.30839049e-07
 1.32044083e-07]
Frequencies: [9.28589000e+05 4.89430800e+06 1.00374330e+07 1.50997160e+07
 2.22797430e+07 2.44184060e+07 2.52793900e+07 2.50740610e+07
 2.50474810e+07 2.55166280e+07 2.83089640e+07 3.73712310e+07
 5.01142760e+07 6.01472980e+07 6.40466380e+07 6.73889250e+07
 7.33055330e+07 7.90495230e+07 8.56762460e+07 9.27210130e+07
 9.72302370e+07 9.67383350e+07 9.71241600e+07 9.77449930e+07
 9.90166190e+07 1.01388456e+08 1.07162343e+08 1.14914668e+08
 1.24928808e+08 1.80106767e+08 2.40950204e+08 1.57859895e+08
 1.05331072e+08 6.97128420e+07 5.55108930e+07 4.81500930e+07
 4.28187830e+07 4.03590080e+07 3.85211810e+07 3.81454820e+07
 3.74460140e+07 3.73314890e+07 3.67630200e+07 3.57886720e+07
 3.55615820e+07 3.65076030e+07 4.00729940e+07 4.32480000e+07
 4.74090540e+07 5.05128480e+07 5.22286500e+07 5.54412170e+07
 6.05797330e+07 6.59114700e+07 7.14158470e+07 7.25760040e+07
 7.68781210e+07 8.62091540e+07 9.32887430e+07 9.31691130e+07
 8.18285730e+07 7.55718940e+07 7.22198250e+07 6.94797190e+07
 6.26582740e+07 5.09507310e+07 4.02033910e+07 3.26345370e+07
 2.62451890e+07 2.13832290e+07 1.80226150e+07 1.57169170e+07
 1.39251420e+07 1.21210620e+07 9.85955800e+06 8.32689600e+06
 6.89653500e+06 5.56259300e+06 4.13529300e+06 3.02555200e+06
 2.32243200e+06 1.96909900e+06 1.46161800e+06 1.18887900e+06
 1.04637600e+06 9.04790000e+05 8.79209000e+05 7.30548000e+05
 4.15259000e+05 2.98147000e+05 1.99682000e+05 7.82040000e+04
 6.14580000e+04 2.92830000e+04 2.77240000e+04 1.59810000e+04
 1.39970000e+04 7.90300000e+03 5.47200000e+03 8.45000000e+02]
