Standard Deviation: 7.603249221845478e-06
Skewness: 8.412561177241287
Kurtosis: 88.12843468875144
Median: 0.0
Mean: 1.4476580791620088e-06
Deciles: [0.00000000e+00 8.05680337e-13]
Minimum: 0.0
Maximum: 0.000244796597058693
Bin Edges: [0.00000000e+00 2.44796597e-06 4.89593194e-06 7.34389791e-06
 9.79186388e-06 1.22398299e-05 1.46877958e-05 1.71357618e-05
 1.95837278e-05 2.20316937e-05 2.44796597e-05 2.69276257e-05
 2.93755916e-05 3.18235576e-05 3.42715236e-05 3.67194896e-05
 3.91674555e-05 4.16154215e-05 4.40633875e-05 4.65113534e-05
 4.89593194e-05 5.14072854e-05 5.38552514e-05 5.63032173e-05
 5.87511833e-05 6.11991493e-05 6.36471152e-05 6.60950812e-05
 6.85430472e-05 7.09910131e-05 7.34389791e-05 7.58869451e-05
 7.83349111e-05 8.07828770e-05 8.32308430e-05 8.56788090e-05
 8.81267749e-05 9.05747409e-05 9.30227069e-05 9.54706729e-05
 9.79186388e-05 1.00366605e-04 1.02814571e-04 1.05262537e-04
 1.07710503e-04 1.10158469e-04 1.12606435e-04 1.15054401e-04
 1.17502367e-04 1.19950333e-04 1.22398299e-04 1.24846264e-04
 1.27294230e-04 1.29742196e-04 1.32190162e-04 1.34638128e-04
 1.37086094e-04 1.39534060e-04 1.41982026e-04 1.44429992e-04
 1.46877958e-04 1.49325924e-04 1.51773890e-04 1.54221856e-04
 1.56669822e-04 1.59117788e-04 1.61565754e-04 1.64013720e-04
 1.66461686e-04 1.68909652e-04 1.71357618e-04 1.73805584e-04
 1.76253550e-04 1.78701516e-04 1.81149482e-04 1.83597448e-04
 1.86045414e-04 1.88493380e-04 1.90941346e-04 1.93389312e-04
 1.95837278e-04 1.98285244e-04 2.00733210e-04 2.03181176e-04
 2.05629142e-04 2.08077107e-04 2.10525073e-04 2.12973039e-04
 2.15421005e-04 2.17868971e-04 2.20316937e-04 2.22764903e-04
 2.25212869e-04 2.27660835e-04 2.30108801e-04 2.32556767e-04
 2.35004733e-04 2.37452699e-04 2.39900665e-04 2.42348631e-04
 2.44796597e-04]
Frequencies: [4.22041036e+09 6.88638550e+07 4.09762380e+07 2.97032980e+07
 2.35241130e+07 1.95591250e+07 1.67193930e+07 1.44948470e+07
 1.26197310e+07 1.09818180e+07 9.52431400e+06 8.21502500e+06
 7.04649900e+06 6.01842000e+06 5.14951300e+06 4.43135300e+06
 3.84843700e+06 3.38120700e+06 2.98943600e+06 2.66768400e+06
 2.40345900e+06 2.18237400e+06 1.99196300e+06 1.83042600e+06
 1.69155600e+06 1.56525100e+06 1.45408200e+06 1.36114300e+06
 1.27477100e+06 1.20182100e+06 1.13552800e+06 1.07391800e+06
 1.02239500e+06 9.75037000e+05 9.28276000e+05 8.82214000e+05
 8.37989000e+05 7.92529000e+05 7.43383000e+05 6.88155000e+05
 6.30150000e+05 5.60021000e+05 4.87641000e+05 4.07841000e+05
 3.40286000e+05 2.78111000e+05 2.29762000e+05 1.88452000e+05
 1.55567000e+05 1.27697000e+05 1.06641000e+05 8.77360000e+04
 7.27230000e+04 6.11250000e+04 4.96080000e+04 4.12650000e+04
 3.47920000e+04 2.92150000e+04 2.39930000e+04 2.00000000e+04
 1.64840000e+04 1.38310000e+04 1.09460000e+04 9.05000000e+03
 7.29000000e+03 5.98500000e+03 5.01400000e+03 4.18900000e+03
 3.28900000e+03 2.84900000e+03 2.31300000e+03 1.80100000e+03
 1.41000000e+03 1.12600000e+03 9.74000000e+02 7.63000000e+02
 5.69000000e+02 5.00000000e+02 4.05000000e+02 3.31000000e+02
 2.91000000e+02 2.32000000e+02 1.43000000e+02 1.22000000e+02
 8.50000000e+01 7.80000000e+01 5.70000000e+01 5.50000000e+01
 5.40000000e+01 4.40000000e+01 3.50000000e+01 3.20000000e+01
 2.10000000e+01 1.70000000e+01 1.20000000e+01 1.60000000e+01
 8.00000000e+00 6.00000000e+00 3.00000000e+00 3.00000000e+00]
