Standard Deviation: 1.1062553930555657e-07
Skewness: 2.642646317647115
Kurtosis: 7.035421675681258
Median: 1.7384328739159182e-06
Mean: 1.780153611065699e-06
Deciles: [1.71570831e-06 1.79720893e-06]
Minimum: 1.6922014101717157e-06
Maximum: 2.30505244528663e-06
Bin Edges: [1.69220141e-06 1.69832992e-06 1.70445843e-06 1.71058694e-06
 1.71671545e-06 1.72284396e-06 1.72897247e-06 1.73510098e-06
 1.74122949e-06 1.74735800e-06 1.75348651e-06 1.75961502e-06
 1.76574353e-06 1.77187204e-06 1.77800056e-06 1.78412907e-06
 1.79025758e-06 1.79638609e-06 1.80251460e-06 1.80864311e-06
 1.81477162e-06 1.82090013e-06 1.82702864e-06 1.83315715e-06
 1.83928566e-06 1.84541417e-06 1.85154268e-06 1.85767119e-06
 1.86379970e-06 1.86992821e-06 1.87605672e-06 1.88218523e-06
 1.88831374e-06 1.89444225e-06 1.90057076e-06 1.90669927e-06
 1.91282778e-06 1.91895629e-06 1.92508480e-06 1.93121331e-06
 1.93734182e-06 1.94347033e-06 1.94959884e-06 1.95572736e-06
 1.96185587e-06 1.96798438e-06 1.97411289e-06 1.98024140e-06
 1.98636991e-06 1.99249842e-06 1.99862693e-06 2.00475544e-06
 2.01088395e-06 2.01701246e-06 2.02314097e-06 2.02926948e-06
 2.03539799e-06 2.04152650e-06 2.04765501e-06 2.05378352e-06
 2.05991203e-06 2.06604054e-06 2.07216905e-06 2.07829756e-06
 2.08442607e-06 2.09055458e-06 2.09668309e-06 2.10281160e-06
 2.10894011e-06 2.11506862e-06 2.12119713e-06 2.12732565e-06
 2.13345416e-06 2.13958267e-06 2.14571118e-06 2.15183969e-06
 2.15796820e-06 2.16409671e-06 2.17022522e-06 2.17635373e-06
 2.18248224e-06 2.18861075e-06 2.19473926e-06 2.20086777e-06
 2.20699628e-06 2.21312479e-06 2.21925330e-06 2.22538181e-06
 2.23151032e-06 2.23763883e-06 2.24376734e-06 2.24989585e-06
 2.25602436e-06 2.26215287e-06 2.26828138e-06 2.27440989e-06
 2.28053840e-06 2.28666691e-06 2.29279542e-06 2.29892393e-06
 2.30505245e-06]
Frequencies: [1.11635315e+08 2.33240510e+08 2.73900883e+08 6.05943830e+08
 4.42807404e+08 3.96384228e+08 1.61886426e+08 7.75243230e+07
 6.66442910e+07 2.01587429e+08 7.69866300e+07 2.57258970e+07
 6.57211120e+07 1.33383190e+08 2.28248470e+08 1.98724265e+08
 8.13340270e+07 3.16118930e+08 4.58721850e+07 1.89676920e+07
 1.36961870e+07 1.27589540e+07 1.45557570e+07 2.24442850e+07
 5.11949660e+07 1.11219881e+08 3.80703590e+07 2.32511650e+07
 2.47163070e+07 2.12991610e+07 2.02119500e+07 2.50606930e+07
 2.09336830e+07 1.72976920e+07 1.52000560e+07 9.43790600e+06
 7.93050100e+06 7.03233900e+06 5.91021900e+06 5.45428400e+06
 5.19037800e+06 4.62940600e+06 4.26529100e+06 3.95145300e+06
 3.98304600e+06 4.17503000e+06 4.58762700e+06 4.42631800e+06
 4.03887300e+06 3.98207400e+06 3.74865800e+06 3.32857600e+06
 3.10249400e+06 3.10779800e+06 2.95762200e+06 2.98607200e+06
 3.00396700e+06 2.96103700e+06 3.10238800e+06 3.22052900e+06
 3.19293700e+06 2.97704200e+06 2.72220000e+06 2.74321900e+06
 2.66431100e+06 2.65080400e+06 2.58698400e+06 2.70768000e+06
 3.00713000e+06 2.80456600e+06 3.01938300e+06 3.47891300e+06
 3.99272500e+06 4.73768000e+06 6.10734300e+06 7.65951000e+06
 9.67354900e+06 1.32215220e+07 1.92456910e+07 2.19324540e+07
 1.72153450e+07 1.58502320e+07 1.33270350e+07 8.75330200e+06
 7.52563200e+06 7.84411400e+06 7.19265400e+06 6.30178400e+06
 5.30790600e+06 4.31157900e+06 3.63680400e+06 3.58600200e+06
 3.22740400e+06 3.12826800e+06 2.36749500e+06 2.13899700e+06
 1.98833000e+06 9.98259000e+05 2.72527000e+05 2.26690000e+04]
