Standard Deviation: 6.420811386736772
Skewness: -0.23553066160221187
Kurtosis: 1.2434842186681676
Median: 0.21060022846521054
Mean: 0.0396590962488095
Deciles: [-3.79994995  4.16419414]
Minimum: -50.301097397774384
Maximum: 52.96227606793335
Bin Edges: [-50.3010974  -49.26846366 -48.23582993 -47.20319619 -46.17056246
 -45.13792872 -44.10529499 -43.07266126 -42.04002752 -41.00739379
 -39.97476005 -38.94212632 -37.90949258 -36.87685885 -35.84422511
 -34.81159138 -33.77895764 -32.74632391 -31.71369017 -30.68105644
 -29.6484227  -28.61578897 -27.58315524 -26.5505215  -25.51788777
 -24.48525403 -23.4526203  -22.41998656 -21.38735283 -20.35471909
 -19.32208536 -18.28945162 -17.25681789 -16.22418415 -15.19155042
 -14.15891668 -13.12628295 -12.09364922 -11.06101548 -10.02838175
  -8.99574801  -7.96311428  -6.93048054  -5.89784681  -4.86521307
  -3.83257934  -2.7999456   -1.76731187  -0.73467813   0.2979556
   1.33058934   2.36322307   3.3958568    4.42849054   5.46112427
   6.49375801   7.52639174   8.55902548   9.59165921  10.62429295
  11.65692668  12.68956042  13.72219415  14.75482789  15.78746162
  16.82009535  17.85272909  18.88536282  19.91799656  20.95063029
  21.98326403  23.01589776  24.0485315   25.08116523  26.11379897
  27.1464327   28.17906644  29.21170017  30.24433391  31.27696764
  32.30960137  33.34223511  34.37486884  35.40750258  36.44013631
  37.47277005  38.50540378  39.53803752  40.57067125  41.60330499
  42.63593872  43.66857246  44.70120619  45.73383993  46.76647366
  47.79910739  48.83174113  49.86437486  50.8970086   51.92964233
  52.96227607]
Frequencies: [8.00000000e+00 1.30000000e+01 1.70000000e+01 5.50000000e+01
 9.10000000e+01 1.35000000e+02 2.69000000e+02 4.31000000e+02
 7.44000000e+02 1.38100000e+03 2.46600000e+03 4.11100000e+03
 7.48200000e+03 1.37260000e+04 2.42860000e+04 3.97720000e+04
 6.66370000e+04 1.09717000e+05 1.77233000e+05 2.81061000e+05
 4.34330000e+05 6.53621000e+05 9.67171000e+05 1.39026300e+06
 1.95581800e+06 2.68211800e+06 3.60103600e+06 4.72632000e+06
 6.09433200e+06 7.72902200e+06 9.64920900e+06 1.18872080e+07
 1.45166100e+07 1.76485920e+07 2.14562350e+07 2.62586950e+07
 3.24717080e+07 4.07426070e+07 5.20746860e+07 6.79734060e+07
 9.02059930e+07 1.20061392e+08 1.57368070e+08 1.98019446e+08
 2.35996437e+08 2.66850183e+08 2.89233665e+08 3.03691527e+08
 3.09793948e+08 3.09894449e+08 3.03987069e+08 2.91095895e+08
 2.71036274e+08 2.42074446e+08 2.04287751e+08 1.62601025e+08
 1.23268242e+08 9.06211660e+07 6.53756400e+07 4.69711220e+07
 3.40754330e+07 2.50232120e+07 1.85157140e+07 1.37930850e+07
 1.03188850e+07 7.77691400e+06 5.89688400e+06 4.47891500e+06
 3.39251300e+06 2.57237600e+06 1.94021900e+06 1.46006900e+06
 1.09400200e+06 8.12356000e+05 5.91446000e+05 4.23823000e+05
 3.01828000e+05 2.11550000e+05 1.45152000e+05 9.88970000e+04
 6.65090000e+04 4.29550000e+04 2.73110000e+04 1.73900000e+04
 1.12280000e+04 7.00400000e+03 4.35400000e+03 2.70800000e+03
 1.71300000e+03 1.16800000e+03 7.47000000e+02 5.22000000e+02
 3.18000000e+02 2.14000000e+02 1.10000000e+02 5.40000000e+01
 2.20000000e+01 2.20000000e+01 9.00000000e+00 7.00000000e+00]
