Standard Deviation: 1.647575185597686e-07
Skewness: 1.4893951068953728
Kurtosis: 6.748569583933696
Median: 1.7106625340614118e-06
Mean: 1.7332525547222964e-06
Deciles: [1.63077403e-06 1.80767155e-06]
Minimum: 1.3491017237231846e-06
Maximum: 1.2787733015491267e-05
Bin Edges: [1.34910172e-06 1.46348804e-06 1.57787435e-06 1.69226066e-06
 1.80664698e-06 1.92103329e-06 2.03541960e-06 2.14980591e-06
 2.26419223e-06 2.37857854e-06 2.49296485e-06 2.60735117e-06
 2.72173748e-06 2.83612379e-06 2.95051010e-06 3.06489642e-06
 3.17928273e-06 3.29366904e-06 3.40805536e-06 3.52244167e-06
 3.63682798e-06 3.75121429e-06 3.86560061e-06 3.97998692e-06
 4.09437323e-06 4.20875955e-06 4.32314586e-06 4.43753217e-06
 4.55191849e-06 4.66630480e-06 4.78069111e-06 4.89507742e-06
 5.00946374e-06 5.12385005e-06 5.23823636e-06 5.35262268e-06
 5.46700899e-06 5.58139530e-06 5.69578161e-06 5.81016793e-06
 5.92455424e-06 6.03894055e-06 6.15332687e-06 6.26771318e-06
 6.38209949e-06 6.49648581e-06 6.61087212e-06 6.72525843e-06
 6.83964474e-06 6.95403106e-06 7.06841737e-06 7.18280368e-06
 7.29719000e-06 7.41157631e-06 7.52596262e-06 7.64034893e-06
 7.75473525e-06 7.86912156e-06 7.98350787e-06 8.09789419e-06
 8.21228050e-06 8.32666681e-06 8.44105312e-06 8.55543944e-06
 8.66982575e-06 8.78421206e-06 8.89859838e-06 9.01298469e-06
 9.12737100e-06 9.24175732e-06 9.35614363e-06 9.47052994e-06
 9.58491625e-06 9.69930257e-06 9.81368888e-06 9.92807519e-06
 1.00424615e-05 1.01568478e-05 1.02712341e-05 1.03856204e-05
 1.05000068e-05 1.06143931e-05 1.07287794e-05 1.08431657e-05
 1.09575520e-05 1.10719383e-05 1.11863246e-05 1.13007109e-05
 1.14150973e-05 1.15294836e-05 1.16438699e-05 1.17582562e-05
 1.18726425e-05 1.19870288e-05 1.21014151e-05 1.22158015e-05
 1.23301878e-05 1.24445741e-05 1.25589604e-05 1.26733467e-05
 1.27877330e-05]
Frequencies: [8.01841250e+07 5.61539482e+08 1.36996749e+09 1.38430582e+09
 6.63175208e+08 2.49080386e+08 1.31661980e+08 5.56791950e+07
 2.37550830e+07 1.03585510e+07 5.30230800e+06 2.67261600e+06
 1.39261800e+06 7.63497000e+05 4.64744000e+05 2.78361000e+05
 1.75710000e+05 1.13378000e+05 7.72450000e+04 5.35130000e+04
 3.95800000e+04 3.14000000e+04 2.51820000e+04 2.01920000e+04
 1.60240000e+04 1.16650000e+04 9.00500000e+03 7.23500000e+03
 6.39300000e+03 4.72600000e+03 3.05700000e+03 1.93000000e+03
 1.35600000e+03 9.81000000e+02 7.84000000e+02 7.61000000e+02
 6.06000000e+02 4.21000000e+02 3.35000000e+02 2.68000000e+02
 2.32000000e+02 9.40000000e+01 7.90000000e+01 4.20000000e+01
 3.40000000e+01 3.20000000e+01 3.80000000e+01 2.90000000e+01
 2.10000000e+01 2.00000000e+01 2.00000000e+01 2.10000000e+01
 1.50000000e+01 1.90000000e+01 1.70000000e+01 1.60000000e+01
 1.10000000e+01 6.00000000e+00 3.00000000e+00 3.00000000e+00
 5.00000000e+00 1.00000000e+00 3.00000000e+00 2.00000000e+00
 0.00000000e+00 3.00000000e+00 2.00000000e+00 2.00000000e+00
 4.00000000e+00 2.00000000e+00 3.00000000e+00 3.00000000e+00
 4.00000000e+00 0.00000000e+00 1.00000000e+00 1.00000000e+00
 0.00000000e+00 0.00000000e+00 0.00000000e+00 0.00000000e+00
 0.00000000e+00 0.00000000e+00 1.00000000e+00 0.00000000e+00
 0.00000000e+00 1.00000000e+00 0.00000000e+00 0.00000000e+00
 1.00000000e+00 0.00000000e+00 1.00000000e+00 0.00000000e+00
 0.00000000e+00 1.00000000e+00 0.00000000e+00 0.00000000e+00
 1.00000000e+00 0.00000000e+00 1.00000000e+00 2.00000000e+00]
