Standard Deviation: 11.543501047220103
Skewness: -0.8282417588717047
Kurtosis: -0.32147069633773073
Median: 246.81572767133696
Mean: 242.99945730722354
Deciles: [234.64447365 252.91312881]
Minimum: 197.66469427670629
Maximum: 270.02010063063744
Bin Edges: [197.66469428 198.38824834 199.1118024  199.83535647 200.55891053
 201.28246459 202.00601866 202.72957272 203.45312679 204.17668085
 204.90023491 205.62378898 206.34734304 207.0708971  207.79445117
 208.51800523 209.24155929 209.96511336 210.68866742 211.41222148
 212.13577555 212.85932961 213.58288367 214.30643774 215.0299918
 215.75354587 216.47709993 217.20065399 217.92420806 218.64776212
 219.37131618 220.09487025 220.81842431 221.54197837 222.26553244
 222.9890865  223.71264056 224.43619463 225.15974869 225.88330275
 226.60685682 227.33041088 228.05396495 228.77751901 229.50107307
 230.22462714 230.9481812  231.67173526 232.39528933 233.11884339
 233.84239745 234.56595152 235.28950558 236.01305964 236.73661371
 237.46016777 238.18372183 238.9072759  239.63082996 240.35438403
 241.07793809 241.80149215 242.52504622 243.24860028 243.97215434
 244.69570841 245.41926247 246.14281653 246.8663706  247.58992466
 248.31347872 249.03703279 249.76058685 250.48414092 251.20769498
 251.93124904 252.65480311 253.37835717 254.10191123 254.8254653
 255.54901936 256.27257342 256.99612749 257.71968155 258.44323561
 259.16678968 259.89034374 260.6138978  261.33745187 262.06100593
 262.78456    263.50811406 264.23166812 264.95522219 265.67877625
 266.40233031 267.12588438 267.84943844 268.5729925  269.29654657
 270.02010063]
Frequencies: [9.18000000e+02 3.22600000e+03 9.71200000e+03 2.65550000e+04
 6.70610000e+04 1.59414000e+05 3.32986000e+05 6.14530000e+05
 1.00778800e+06 1.46055000e+06 1.86638800e+06 2.22286700e+06
 2.52914100e+06 2.81939300e+06 3.08629000e+06 3.29423300e+06
 3.48824800e+06 3.70988800e+06 3.91968200e+06 4.24771500e+06
 4.75092600e+06 5.50214900e+06 6.64470400e+06 8.18947600e+06
 1.02005560e+07 1.26439800e+07 1.53695760e+07 1.81802170e+07
 2.10751060e+07 2.40111340e+07 2.70705190e+07 2.99395730e+07
 3.25586620e+07 3.51746590e+07 3.75790490e+07 3.98730010e+07
 4.20892660e+07 4.42257450e+07 4.63218630e+07 4.79951390e+07
 4.95296360e+07 5.07401240e+07 5.17405110e+07 5.24685750e+07
 5.29442010e+07 5.33992030e+07 5.38094750e+07 5.42390580e+07
 5.47780330e+07 5.52891930e+07 5.59676550e+07 5.67846950e+07
 5.75316160e+07 5.84344750e+07 5.94166140e+07 6.05067160e+07
 6.17566140e+07 6.32254890e+07 6.47954600e+07 6.63551490e+07
 6.79429960e+07 6.96306160e+07 7.13946690e+07 7.31288650e+07
 7.51390280e+07 7.74829020e+07 8.01093950e+07 8.37900380e+07
 8.84889140e+07 9.47614970e+07 1.03455474e+08 1.14382520e+08
 1.27410763e+08 1.44816301e+08 1.68898122e+08 2.03305926e+08
 2.52640150e+08 3.02564743e+08 2.96664717e+08 2.05610852e+08
 9.77834570e+07 3.70257140e+07 1.46511850e+07 6.65804800e+06
 3.15638500e+06 1.38328100e+06 5.53712000e+05 2.23528000e+05
 9.02300000e+04 3.75710000e+04 1.55840000e+04 6.11900000e+03
 3.29400000e+03 1.69800000e+03 7.93000000e+02 3.15000000e+02
 1.36000000e+02 4.20000000e+01 3.10000000e+01 1.20000000e+01]
