Standard Deviation: 7.226765406709463e-08
Skewness: -1.0506076168449885
Kurtosis: 0.21077434126035088
Median: 3.9426220974068564e-07
Mean: 3.7451865582289186e-07
Deciles: [3.38904209e-07 4.33782816e-07]
Minimum: 1.569842770328955e-07
Maximum: 4.514143221627662e-07
Bin Edges: [1.56984277e-07 1.59928577e-07 1.62872878e-07 1.65817178e-07
 1.68761479e-07 1.71705779e-07 1.74650080e-07 1.77594380e-07
 1.80538681e-07 1.83482981e-07 1.86427282e-07 1.89371582e-07
 1.92315882e-07 1.95260183e-07 1.98204483e-07 2.01148784e-07
 2.04093084e-07 2.07037385e-07 2.09981685e-07 2.12925986e-07
 2.15870286e-07 2.18814587e-07 2.21758887e-07 2.24703187e-07
 2.27647488e-07 2.30591788e-07 2.33536089e-07 2.36480389e-07
 2.39424690e-07 2.42368990e-07 2.45313291e-07 2.48257591e-07
 2.51201891e-07 2.54146192e-07 2.57090492e-07 2.60034793e-07
 2.62979093e-07 2.65923394e-07 2.68867694e-07 2.71811995e-07
 2.74756295e-07 2.77700596e-07 2.80644896e-07 2.83589196e-07
 2.86533497e-07 2.89477797e-07 2.92422098e-07 2.95366398e-07
 2.98310699e-07 3.01254999e-07 3.04199300e-07 3.07143600e-07
 3.10087901e-07 3.13032201e-07 3.15976501e-07 3.18920802e-07
 3.21865102e-07 3.24809403e-07 3.27753703e-07 3.30698004e-07
 3.33642304e-07 3.36586605e-07 3.39530905e-07 3.42475205e-07
 3.45419506e-07 3.48363806e-07 3.51308107e-07 3.54252407e-07
 3.57196708e-07 3.60141008e-07 3.63085309e-07 3.66029609e-07
 3.68973910e-07 3.71918210e-07 3.74862510e-07 3.77806811e-07
 3.80751111e-07 3.83695412e-07 3.86639712e-07 3.89584013e-07
 3.92528313e-07 3.95472614e-07 3.98416914e-07 4.01361214e-07
 4.04305515e-07 4.07249815e-07 4.10194116e-07 4.13138416e-07
 4.16082717e-07 4.19027017e-07 4.21971318e-07 4.24915618e-07
 4.27859919e-07 4.30804219e-07 4.33748519e-07 4.36692820e-07
 4.39637120e-07 4.42581421e-07 4.45525721e-07 4.48470022e-07
 4.51414322e-07]
Frequencies: [1.6819200e+06 5.0457600e+06 6.7276800e+06 5.0457600e+06 3.3638400e+06
 1.0091520e+07 8.4096000e+06 1.0091520e+07 1.1773440e+07 6.7276800e+06
 1.8501120e+07 3.3638400e+06 1.6819200e+07 8.4096000e+06 1.6819200e+07
 1.5137280e+07 1.3455360e+07 1.3455360e+07 2.1864960e+07 6.7276800e+06
 2.0183040e+07 1.5137280e+07 1.6819200e+07 1.6819200e+07 1.8501120e+07
 1.6819200e+07 1.3455360e+07 2.5228800e+07 1.3455360e+07 2.3546880e+07
 1.5137280e+07 2.0183040e+07 2.3546880e+07 1.3455360e+07 2.8592640e+07
 1.6819200e+07 1.6819200e+07 2.5228800e+07 1.6819200e+07 2.3546880e+07
 2.1864960e+07 2.0183040e+07 2.6910720e+07 2.3546880e+07 2.1864960e+07
 2.6910720e+07 2.0183040e+07 1.8501120e+07 2.6910720e+07 2.6910720e+07
 1.6819200e+07 3.5320320e+07 2.0183040e+07 2.3546880e+07 3.5320320e+07
 2.3546880e+07 2.0183040e+07 3.1956480e+07 2.6910720e+07 2.3546880e+07
 3.7002240e+07 2.5228800e+07 2.0183040e+07 4.3729920e+07 2.8592640e+07
 2.0183040e+07 4.0366080e+07 4.2048000e+07 7.7368320e+07 7.5686400e+07
 6.8958720e+07 7.5686400e+07 8.0732160e+07 7.9050240e+07 5.8867200e+07
 8.2414080e+07 8.0732160e+07 7.4004480e+07 6.7276800e+07 8.0732160e+07
 8.0732160e+07 6.0549120e+07 7.7368320e+07 8.7459840e+07 7.7368320e+07
 7.0640640e+07 8.4096000e+07 8.7459840e+07 8.7459840e+07 6.3912960e+07
 9.7551360e+07 9.7551360e+07 9.7551360e+07 1.0091520e+08 1.1100672e+08
 1.1773440e+08 1.2782592e+08 1.4128128e+08 2.0855808e+08 4.3057152e+08]
