Standard Deviation: 6.883974996620729
Skewness: -0.23021737716246607
Kurtosis: 1.6924953747401972
Median: 0.24529851520259793
Mean: 0.10590013061835292
Deciles: [-3.91269927  4.385205  ]
Minimum: -53.18616767583045
Maximum: 55.97347522268578
Bin Edges: [-53.18616768 -52.09457125 -51.00297482 -49.91137839 -48.81978196
 -47.72818553 -46.6365891  -45.54499267 -44.45339624 -43.36179981
 -42.27020339 -41.17860696 -40.08701053 -38.9954141  -37.90381767
 -36.81222124 -35.72062481 -34.62902838 -33.53743195 -32.44583553
 -31.3542391  -30.26264267 -29.17104624 -28.07944981 -26.98785338
 -25.89625695 -24.80466052 -23.71306409 -22.62146766 -21.52987124
 -20.43827481 -19.34667838 -18.25508195 -17.16348552 -16.07188909
 -14.98029266 -13.88869623 -12.7970998  -11.70550337 -10.61390695
  -9.52231052  -8.43071409  -7.33911766  -6.24752123  -5.1559248
  -4.06432837  -2.97273194  -1.88113551  -0.78953908   0.30205734
   1.39365377   2.4852502    3.57684663   4.66844306   5.76003949
   6.85163592   7.94323235   9.03482878  10.12642521  11.21802163
  12.30961806  13.40121449  14.49281092  15.58440735  16.67600378
  17.76760021  18.85919664  19.95079307  21.0423895   22.13398592
  23.22558235  24.31717878  25.40877521  26.50037164  27.59196807
  28.6835645   29.77516093  30.86675736  31.95835379  33.04995021
  34.14154664  35.23314307  36.3247395   37.41633593  38.50793236
  39.59952879  40.69112522  41.78272165  42.87431807  43.9659145
  45.05751093  46.14910736  47.24070379  48.33230022  49.42389665
  50.51549308  51.60708951  52.69868594  53.79028236  54.88187879
  55.97347522]
Frequencies: [1.00000000e+01 9.00000000e+00 4.40000000e+01 8.90000000e+01
 1.80000000e+02 3.34000000e+02 5.35000000e+02 1.09700000e+03
 2.38400000e+03 4.71600000e+03 9.96200000e+03 1.92600000e+04
 3.49580000e+04 5.99010000e+04 1.00360000e+05 1.63195000e+05
 2.57813000e+05 3.87879000e+05 5.55164000e+05 7.73975000e+05
 1.04023900e+06 1.35830200e+06 1.73013500e+06 2.16272900e+06
 2.65438100e+06 3.20898100e+06 3.87183900e+06 4.65906600e+06
 5.61986200e+06 6.78742900e+06 8.21588200e+06 9.99859600e+06
 1.22966490e+07 1.52549540e+07 1.91861540e+07 2.44089840e+07
 3.14740280e+07 4.09697980e+07 5.37135120e+07 7.04438520e+07
 9.19193390e+07 1.18847463e+08 1.51816636e+08 1.89151386e+08
 2.27600352e+08 2.63052956e+08 2.91798149e+08 3.11470006e+08
 3.20205385e+08 3.19235185e+08 3.09208957e+08 2.90762618e+08
 2.65477660e+08 2.33698734e+08 1.96759878e+08 1.58145779e+08
 1.22204274e+08 9.22479670e+07 6.86004740e+07 5.06422140e+07
 3.72837550e+07 2.74577470e+07 2.02690590e+07 1.49829510e+07
 1.10672240e+07 8.21079600e+06 6.14889400e+06 4.65661500e+06
 3.59638100e+06 2.82024000e+06 2.22321700e+06 1.78280300e+06
 1.42659700e+06 1.14454600e+06 9.19923000e+05 7.30621000e+05
 5.74734000e+05 4.47530000e+05 3.41981000e+05 2.55430000e+05
 1.87361000e+05 1.31958000e+05 8.97320000e+04 5.91910000e+04
 3.85000000e+04 2.53320000e+04 1.54650000e+04 9.27800000e+03
 5.69400000e+03 3.32900000e+03 1.86500000e+03 1.16500000e+03
 6.29000000e+02 3.80000000e+02 2.44000000e+02 1.06000000e+02
 3.50000000e+01 3.30000000e+01 3.00000000e+00 7.00000000e+00]
