Standard Deviation: 1.9186630684512867e-05
Skewness: 5.437529816065418
Kurtosis: 35.04423324067486
Median: 3.5858011554998547e-16
Mean: 4.960755263899667e-06
Deciles: [0.00000000e+00 3.16986123e-08]
Minimum: 0.0
Maximum: 0.0007107577642522851
Bin Edges: [0.00000000e+00 7.10757764e-06 1.42151553e-05 2.13227329e-05
 2.84303106e-05 3.55378882e-05 4.26454659e-05 4.97530435e-05
 5.68606211e-05 6.39681988e-05 7.10757764e-05 7.81833541e-05
 8.52909317e-05 9.23985094e-05 9.95060870e-05 1.06613665e-04
 1.13721242e-04 1.20828820e-04 1.27936398e-04 1.35043975e-04
 1.42151553e-04 1.49259130e-04 1.56366708e-04 1.63474286e-04
 1.70581863e-04 1.77689441e-04 1.84797019e-04 1.91904596e-04
 1.99012174e-04 2.06119752e-04 2.13227329e-04 2.20334907e-04
 2.27442485e-04 2.34550062e-04 2.41657640e-04 2.48765217e-04
 2.55872795e-04 2.62980373e-04 2.70087950e-04 2.77195528e-04
 2.84303106e-04 2.91410683e-04 2.98518261e-04 3.05625839e-04
 3.12733416e-04 3.19840994e-04 3.26948572e-04 3.34056149e-04
 3.41163727e-04 3.48271304e-04 3.55378882e-04 3.62486460e-04
 3.69594037e-04 3.76701615e-04 3.83809193e-04 3.90916770e-04
 3.98024348e-04 4.05131926e-04 4.12239503e-04 4.19347081e-04
 4.26454659e-04 4.33562236e-04 4.40669814e-04 4.47777391e-04
 4.54884969e-04 4.61992547e-04 4.69100124e-04 4.76207702e-04
 4.83315280e-04 4.90422857e-04 4.97530435e-04 5.04638013e-04
 5.11745590e-04 5.18853168e-04 5.25960746e-04 5.33068323e-04
 5.40175901e-04 5.47283478e-04 5.54391056e-04 5.61498634e-04
 5.68606211e-04 5.75713789e-04 5.82821367e-04 5.89928944e-04
 5.97036522e-04 6.04144100e-04 6.11251677e-04 6.18359255e-04
 6.25466833e-04 6.32574410e-04 6.39681988e-04 6.46789565e-04
 6.53897143e-04 6.61004721e-04 6.68112298e-04 6.75219876e-04
 6.82327454e-04 6.89435031e-04 6.96542609e-04 7.03650187e-04
 7.10757764e-04]
Frequencies: [4.08493527e+09 1.02572484e+08 6.08020150e+07 4.36385180e+07
 3.42897520e+07 2.83589080e+07 2.41340140e+07 2.08849120e+07
 1.82978440e+07 1.61749370e+07 1.43956610e+07 1.29074430e+07
 1.16352800e+07 1.05147890e+07 9.51356200e+06 8.55696300e+06
 7.58524900e+06 6.56836900e+06 5.53591800e+06 4.52916300e+06
 3.60791200e+06 2.81965900e+06 2.16551800e+06 1.64645400e+06
 1.24663000e+06 9.37886000e+05 7.03624000e+05 5.30032000e+05
 3.99038000e+05 3.01123000e+05 2.29096000e+05 1.72894000e+05
 1.33546000e+05 1.02084000e+05 7.92420000e+04 6.05930000e+04
 4.68410000e+04 3.61790000e+04 2.75380000e+04 2.17950000e+04
 1.67740000e+04 1.30210000e+04 1.02980000e+04 7.84300000e+03
 6.31200000e+03 5.02300000e+03 4.13400000e+03 3.25000000e+03
 2.67500000e+03 2.24700000e+03 1.81600000e+03 1.65100000e+03
 1.33700000e+03 1.12400000e+03 9.15000000e+02 8.20000000e+02
 6.58000000e+02 5.89000000e+02 4.99000000e+02 4.97000000e+02
 4.60000000e+02 3.84000000e+02 3.15000000e+02 2.90000000e+02
 2.66000000e+02 2.56000000e+02 2.32000000e+02 2.53000000e+02
 1.71000000e+02 1.55000000e+02 1.58000000e+02 1.11000000e+02
 9.50000000e+01 1.02000000e+02 9.90000000e+01 6.90000000e+01
 4.40000000e+01 3.10000000e+01 2.70000000e+01 2.40000000e+01
 4.50000000e+01 2.60000000e+01 1.20000000e+01 1.90000000e+01
 2.00000000e+01 1.90000000e+01 1.70000000e+01 1.40000000e+01
 1.60000000e+01 1.30000000e+01 1.20000000e+01 1.00000000e+01
 7.00000000e+00 3.00000000e+00 4.00000000e+00 2.00000000e+00
 2.00000000e+00 1.00000000e+00 0.00000000e+00 1.00000000e+00]
