Standard Deviation: 0.00029398676663290634
Skewness: 1.9549489116606635
Kurtosis: 3.9099155266319894
Median: 0.00011523201520359206
Mean: 0.00023840078042984338
Deciles: [4.35089861e-05 3.10890259e-04]
Minimum: 1.0023383531180466e-12
Maximum: 0.005223196288346792
Bin Edges: [1.00233835e-12 5.22319639e-05 1.04463927e-04 1.56695890e-04
 2.08927852e-04 2.61159815e-04 3.13391778e-04 3.65623741e-04
 4.17855704e-04 4.70087667e-04 5.22319630e-04 5.74551593e-04
 6.26783555e-04 6.79015518e-04 7.31247481e-04 7.83479444e-04
 8.35711407e-04 8.87943370e-04 9.40175333e-04 9.92407296e-04
 1.04463926e-03 1.09687122e-03 1.14910318e-03 1.20133515e-03
 1.25356711e-03 1.30579907e-03 1.35803104e-03 1.41026300e-03
 1.46249496e-03 1.51472692e-03 1.56695889e-03 1.61919085e-03
 1.67142281e-03 1.72365478e-03 1.77588674e-03 1.82811870e-03
 1.88035066e-03 1.93258263e-03 1.98481459e-03 2.03704655e-03
 2.08927852e-03 2.14151048e-03 2.19374244e-03 2.24597440e-03
 2.29820637e-03 2.35043833e-03 2.40267029e-03 2.45490226e-03
 2.50713422e-03 2.55936618e-03 2.61159814e-03 2.66383011e-03
 2.71606207e-03 2.76829403e-03 2.82052600e-03 2.87275796e-03
 2.92498992e-03 2.97722188e-03 3.02945385e-03 3.08168581e-03
 3.13391777e-03 3.18614974e-03 3.23838170e-03 3.29061366e-03
 3.34284562e-03 3.39507759e-03 3.44730955e-03 3.49954151e-03
 3.55177348e-03 3.60400544e-03 3.65623740e-03 3.70846937e-03
 3.76070133e-03 3.81293329e-03 3.86516525e-03 3.91739722e-03
 3.96962918e-03 4.02186114e-03 4.07409311e-03 4.12632507e-03
 4.17855703e-03 4.23078899e-03 4.28302096e-03 4.33525292e-03
 4.38748488e-03 4.43971685e-03 4.49194881e-03 4.54418077e-03
 4.59641273e-03 4.64864470e-03 4.70087666e-03 4.75310862e-03
 4.80534059e-03 4.85757255e-03 4.90980451e-03 4.96203647e-03
 5.01426844e-03 5.06650040e-03 5.11873236e-03 5.17096433e-03
 5.22319629e-03]
Frequencies: [1.32419389e+09 8.23591086e+08 5.00717078e+08 3.35315343e+08
 2.43282839e+08 1.86752574e+08 1.49326440e+08 1.23063317e+08
 1.04005389e+08 8.94135130e+07 7.81612890e+07 6.92157740e+07
 6.21021220e+07 5.64178750e+07 5.17233640e+07 4.78121720e+07
 4.43762870e+07 4.11597390e+07 3.78081190e+07 3.41017910e+07
 2.99245450e+07 2.53714960e+07 2.07073850e+07 1.62771300e+07
 1.23428600e+07 9.11589400e+06 6.62105900e+06 4.76377900e+06
 3.43311400e+06 2.48125500e+06 1.81843200e+06 1.34773000e+06
 1.00344900e+06 7.58714000e+05 5.81297000e+05 4.47164000e+05
 3.44045000e+05 2.68166000e+05 2.08059000e+05 1.62818000e+05
 1.27458000e+05 9.98150000e+04 7.92640000e+04 6.33040000e+04
 4.99470000e+04 4.05910000e+04 3.25680000e+04 2.64420000e+04
 2.20510000e+04 1.81740000e+04 1.50490000e+04 1.29790000e+04
 1.09580000e+04 9.26100000e+03 8.16200000e+03 6.91400000e+03
 6.05200000e+03 5.31500000e+03 4.51200000e+03 3.95300000e+03
 3.32000000e+03 2.87400000e+03 2.42100000e+03 2.02300000e+03
 1.83500000e+03 1.51700000e+03 1.31000000e+03 1.17600000e+03
 1.09600000e+03 8.38000000e+02 7.75000000e+02 6.31000000e+02
 5.44000000e+02 4.44000000e+02 3.83000000e+02 3.14000000e+02
 2.80000000e+02 2.33000000e+02 1.61000000e+02 1.37000000e+02
 1.02000000e+02 8.50000000e+01 5.30000000e+01 5.90000000e+01
 4.20000000e+01 4.60000000e+01 4.40000000e+01 1.70000000e+01
 6.00000000e+00 4.00000000e+00 9.00000000e+00 4.00000000e+00
 6.00000000e+00 5.00000000e+00 4.00000000e+00 4.00000000e+00
 2.00000000e+00 9.00000000e+00 1.30000000e+01 9.00000000e+00]
