Standard Deviation: 8.625559967920168
Skewness: 0.07985397766111146
Kurtosis: 2.4969368353202803
Median: -0.10202621718052252
Mean: -0.04467445257843706
Deciles: [-4.23700572  4.07547685]
Minimum: -68.39945670125512
Maximum: 79.79655248135086
Bin Edges: [-68.3994567  -66.91749661 -65.43553652 -63.95357643 -62.47161633
 -60.98965624 -59.50769615 -58.02573606 -56.54377597 -55.06181587
 -53.57985578 -52.09789569 -50.6159356  -49.13397551 -47.65201542
 -46.17005532 -44.68809523 -43.20613514 -41.72417505 -40.24221496
 -38.76025486 -37.27829477 -35.79633468 -34.31437459 -32.8324145
 -31.35045441 -29.86849431 -28.38653422 -26.90457413 -25.42261404
 -23.94065395 -22.45869385 -20.97673376 -19.49477367 -18.01281358
 -16.53085349 -15.0488934  -13.5669333  -12.08497321 -10.60301312
  -9.12105303  -7.63909294  -6.15713284  -4.67517275  -3.19321266
  -1.71125257  -0.22929248   1.25266761   2.73462771   4.2165878
   5.69854789   7.18050798   8.66246807  10.14442817  11.62638826
  13.10834835  14.59030844  16.07226853  17.55422862  19.03618872
  20.51814881  22.0001089   23.48206899  24.96402908  26.44598918
  27.92794927  29.40990936  30.89186945  32.37382954  33.85578963
  35.33774973  36.81970982  38.30166991  39.78363     41.26559009
  42.74755019  44.22951028  45.71147037  47.19343046  48.67539055
  50.15735064  51.63931074  53.12127083  54.60323092  56.08519101
  57.5671511   59.0491112   60.53107129  62.01303138  63.49499147
  64.97695156  66.45891165  67.94087175  69.42283184  70.90479193
  72.38675202  73.86871211  75.35067221  76.8326323   78.31459239
  79.79655248]
Frequencies: [1.10000000e+01 4.00000000e+00 1.10000000e+01 2.30000000e+01
 1.08000000e+02 3.06000000e+02 9.29000000e+02 1.93500000e+03
 3.96100000e+03 7.38400000e+03 1.26960000e+04 2.14890000e+04
 3.63620000e+04 5.73430000e+04 8.89160000e+04 1.32580000e+05
 1.99432000e+05 2.91695000e+05 4.22889000e+05 6.03696000e+05
 8.52529000e+05 1.18330400e+06 1.61038100e+06 2.17671100e+06
 2.90380500e+06 3.84083700e+06 5.04219100e+06 6.55040500e+06
 8.43796100e+06 1.07898060e+07 1.37014750e+07 1.72785930e+07
 2.16920130e+07 2.71278270e+07 3.38178720e+07 4.20667170e+07
 5.22614280e+07 6.50769360e+07 8.15701010e+07 1.03617305e+08
 1.33969635e+08 1.76768869e+08 2.36748187e+08 3.15210634e+08
 4.00859187e+08 4.62686438e+08 4.66463863e+08 4.10538684e+08
 3.26600580e+08 2.46995176e+08 1.84963670e+08 1.40518462e+08
 1.08791582e+08 8.55505590e+07 6.80804940e+07 5.45439020e+07
 4.38823980e+07 3.53783110e+07 2.85559910e+07 2.29928020e+07
 1.85106090e+07 1.48391520e+07 1.18729690e+07 9.46822000e+06
 7.52952300e+06 5.95109600e+06 4.66616400e+06 3.63410000e+06
 2.81094700e+06 2.16895100e+06 1.65666200e+06 1.24927200e+06
 9.33047000e+05 6.85299000e+05 4.94692000e+05 3.53804000e+05
 2.48941000e+05 1.73022000e+05 1.18020000e+05 7.93100000e+04
 5.30540000e+04 3.57880000e+04 2.38630000e+04 1.56490000e+04
 1.07200000e+04 7.42000000e+03 4.88500000e+03 3.28800000e+03
 2.14900000e+03 1.38200000e+03 9.60000000e+02 5.15000000e+02
 3.30000000e+02 2.43000000e+02 1.68000000e+02 1.14000000e+02
 1.13000000e+02 6.00000000e+01 5.90000000e+01 4.90000000e+01]
