Standard Deviation: 11.306159363514649
Skewness: 0.039074763615411824
Kurtosis: 2.6562331637895333
Median: 0.03203649617996948
Mean: 0.0413171132089188
Deciles: [-5.37632706  5.43813652]
Minimum: -77.71073319626568
Maximum: 93.68877192099025
Bin Edges: [-77.7107332  -75.99673815 -74.28274309 -72.56874804 -70.85475299
 -69.14075794 -67.42676289 -65.71276784 -63.99877279 -62.28477774
 -60.57078268 -58.85678763 -57.14279258 -55.42879753 -53.71480248
 -52.00080743 -50.28681238 -48.57281733 -46.85882228 -45.14482722
 -43.43083217 -41.71683712 -40.00284207 -38.28884702 -36.57485197
 -34.86085692 -33.14686187 -31.43286681 -29.71887176 -28.00487671
 -26.29088166 -24.57688661 -22.86289156 -21.14889651 -19.43490146
 -17.72090641 -16.00691135 -14.2929163  -12.57892125 -10.8649262
  -9.15093115  -7.4369361   -5.72294105  -4.008946    -2.29495094
  -0.58095589   1.13303916   2.84703421   4.56102926   6.27502431
   7.98901936   9.70301441  11.41700946  13.13100452  14.84499957
  16.55899462  18.27298967  19.98698472  21.70097977  23.41497482
  25.12896987  26.84296493  28.55695998  30.27095503  31.98495008
  33.69894513  35.41294018  37.12693523  38.84093028  40.55492533
  42.26892039  43.98291544  45.69691049  47.41090554  49.12490059
  50.83889564  52.55289069  54.26688574  55.9808808   57.69487585
  59.4088709   61.12286595  62.836861    64.55085605  66.2648511
  67.97884615  69.6928412   71.40683626  73.12083131  74.83482636
  76.54882141  78.26281646  79.97681151  81.69080656  83.40480161
  85.11879667  86.83279172  88.54678677  90.26078182  91.97477687
  93.68877192]
Frequencies: [4.40000000e+01 1.21000000e+02 4.59000000e+02 1.20900000e+03
 2.95500000e+03 6.59900000e+03 1.46030000e+04 3.00360000e+04
 5.20630000e+04 8.37490000e+04 1.32171000e+05 2.00537000e+05
 2.95927000e+05 4.23803000e+05 5.86905000e+05 7.81121000e+05
 1.00519100e+06 1.29287900e+06 1.65081200e+06 2.10067500e+06
 2.65907500e+06 3.33381900e+06 4.15179500e+06 5.14289900e+06
 6.35037900e+06 7.80792100e+06 9.55122800e+06 1.16578480e+07
 1.41908730e+07 1.72380630e+07 2.09118110e+07 2.53823300e+07
 3.07952840e+07 3.73872380e+07 4.55463490e+07 5.55734570e+07
 6.81711800e+07 8.42179830e+07 1.04942318e+08 1.32363692e+08
 1.69177194e+08 2.18611649e+08 2.81517218e+08 3.50059428e+08
 4.04231860e+08 4.20406425e+08 3.91079811e+08 3.31504277e+08
 2.64074259e+08 2.04841395e+08 1.58330192e+08 1.23571859e+08
 9.77189650e+07 7.82128450e+07 6.32775100e+07 5.15992410e+07
 4.22540970e+07 3.47338610e+07 2.85817180e+07 2.35970180e+07
 1.95301310e+07 1.61702940e+07 1.34080870e+07 1.10897900e+07
 9.15673900e+06 7.53861500e+06 6.19495900e+06 5.06292100e+06
 4.13076400e+06 3.34260700e+06 2.69144900e+06 2.16436900e+06
 1.71811200e+06 1.35980500e+06 1.06428300e+06 8.22462000e+05
 6.31235000e+05 4.78930000e+05 3.58049000e+05 2.60491000e+05
 1.84843000e+05 1.31409000e+05 9.13130000e+04 6.26290000e+04
 4.15260000e+04 2.77930000e+04 1.88590000e+04 1.21530000e+04
 8.00100000e+03 4.97000000e+03 3.22400000e+03 1.84800000e+03
 1.20500000e+03 7.48000000e+02 4.58000000e+02 2.81000000e+02
 1.78000000e+02 1.21000000e+02 8.30000000e+01 4.30000000e+01]
