Standard Deviation: 5.3022448821474245e-09
Skewness: -8.188321542098416
Kurtosis: 72.51110375409213
Median: 4.908583856935717e-07
Mean: 4.900736865330671e-07
Deciles: [4.90858386e-07 4.90858386e-07]
Minimum: 4.22668137844216e-07
Maximum: 4.908583856935717e-07
Bin Edges: [4.22668138e-07 4.23350040e-07 4.24031943e-07 4.24713845e-07
 4.25395748e-07 4.26077650e-07 4.26759553e-07 4.27441455e-07
 4.28123358e-07 4.28805260e-07 4.29487163e-07 4.30169065e-07
 4.30850968e-07 4.31532870e-07 4.32214773e-07 4.32896675e-07
 4.33578578e-07 4.34260480e-07 4.34942382e-07 4.35624285e-07
 4.36306187e-07 4.36988090e-07 4.37669992e-07 4.38351895e-07
 4.39033797e-07 4.39715700e-07 4.40397602e-07 4.41079505e-07
 4.41761407e-07 4.42443310e-07 4.43125212e-07 4.43807115e-07
 4.44489017e-07 4.45170920e-07 4.45852822e-07 4.46534725e-07
 4.47216627e-07 4.47898530e-07 4.48580432e-07 4.49262335e-07
 4.49944237e-07 4.50626139e-07 4.51308042e-07 4.51989944e-07
 4.52671847e-07 4.53353749e-07 4.54035652e-07 4.54717554e-07
 4.55399457e-07 4.56081359e-07 4.56763262e-07 4.57445164e-07
 4.58127067e-07 4.58808969e-07 4.59490872e-07 4.60172774e-07
 4.60854677e-07 4.61536579e-07 4.62218482e-07 4.62900384e-07
 4.63582287e-07 4.64264189e-07 4.64946092e-07 4.65627994e-07
 4.66309896e-07 4.66991799e-07 4.67673701e-07 4.68355604e-07
 4.69037506e-07 4.69719409e-07 4.70401311e-07 4.71083214e-07
 4.71765116e-07 4.72447019e-07 4.73128921e-07 4.73810824e-07
 4.74492726e-07 4.75174629e-07 4.75856531e-07 4.76538434e-07
 4.77220336e-07 4.77902239e-07 4.78584141e-07 4.79266044e-07
 4.79947946e-07 4.80629849e-07 4.81311751e-07 4.81993653e-07
 4.82675556e-07 4.83357458e-07 4.84039361e-07 4.84721263e-07
 4.85403166e-07 4.86085068e-07 4.86766971e-07 4.87448873e-07
 4.88130776e-07 4.88812678e-07 4.89494581e-07 4.90176483e-07
 4.90858386e-07]
Frequencies: [2.26300000e+03 1.40090000e+04 5.42140000e+04 1.40028000e+05
 2.62929000e+05 4.40080000e+05 6.09827000e+05 7.28246000e+05
 7.89253000e+05 8.09230000e+05 7.69351000e+05 7.34537000e+05
 7.24381000e+05 7.16255000e+05 7.04714000e+05 7.18367000e+05
 7.30140000e+05 7.58931000e+05 7.82333000e+05 7.96661000e+05
 8.10701000e+05 8.14184000e+05 8.04136000e+05 8.04668000e+05
 8.71180000e+05 9.63389000e+05 9.98132000e+05 1.01362300e+06
 9.75298000e+05 9.20853000e+05 9.06666000e+05 9.37652000e+05
 9.91749000e+05 1.02606800e+06 1.00203100e+06 9.70634000e+05
 9.92122000e+05 1.05929400e+06 1.11981200e+06 1.22426100e+06
 1.24882300e+06 1.21371500e+06 1.15475500e+06 1.10935800e+06
 1.02192900e+06 9.81172000e+05 1.03021200e+06 1.10477000e+06
 1.18845500e+06 1.29658500e+06 1.36864200e+06 1.42503400e+06
 1.39779500e+06 1.38317700e+06 1.44458300e+06 1.49300000e+06
 1.48677100e+06 1.43080200e+06 1.37199900e+06 1.35419400e+06
 1.35050200e+06 1.35701800e+06 1.35614000e+06 1.40145500e+06
 1.42593100e+06 1.40659900e+06 1.39506700e+06 1.35900200e+06
 1.34538700e+06 1.33985700e+06 1.33778000e+06 1.36163200e+06
 1.39799200e+06 1.44793200e+06 1.58243600e+06 1.72056400e+06
 1.85779800e+06 2.03950700e+06 2.32749000e+06 2.72258400e+06
 3.18995400e+06 3.50673700e+06 3.67126700e+06 3.73009900e+06
 3.78820500e+06 3.79176900e+06 3.74509100e+06 3.61723100e+06
 3.57663400e+06 3.48336200e+06 3.57305300e+06 3.73833700e+06
 3.84425700e+06 3.87608300e+06 3.83454900e+06 3.77504400e+06
 3.74542400e+06 3.78641500e+06 3.84479200e+06 4.38353505e+09]
