Standard Deviation: 12.697300990534776
Skewness: 0.027564087295185318
Kurtosis: 1.3156096724499884
Median: -0.1279759131991482
Mean: -0.09443694862998418
Deciles: [-7.40462928  7.15000478]
Minimum: -76.57479057884484
Maximum: 86.89676141073204
Bin Edges: [-76.57479058 -74.94007506 -73.30535954 -71.67064402 -70.0359285
 -68.40121298 -66.76649746 -65.13178194 -63.49706642 -61.8623509
 -60.22763538 -58.59291986 -56.95820434 -55.32348882 -53.6887733
 -52.05405778 -50.41934226 -48.78462674 -47.14991122 -45.5151957
 -43.88048018 -42.24576466 -40.61104914 -38.97633362 -37.3416181
 -35.70690258 -34.07218706 -32.43747154 -30.80275602 -29.1680405
 -27.53332498 -25.89860946 -24.26389394 -22.62917842 -20.9944629
 -19.35974738 -17.72503186 -16.09031634 -14.45560082 -12.8208853
 -11.18616978  -9.55145426  -7.91673874  -6.28202322  -4.6473077
  -3.01259218  -1.37787666   0.25683886   1.89155438   3.5262699
   5.16098542   6.79570094   8.43041646  10.06513198  11.6998475
  13.33456302  14.96927854  16.60399406  18.23870958  19.8734251
  21.50814061  23.14285613  24.77757165  26.41228717  28.04700269
  29.68171821  31.31643373  32.95114925  34.58586477  36.22058029
  37.85529581  39.49001133  41.12472685  42.75944237  44.39415789
  46.02887341  47.66358893  49.29830445  50.93301997  52.56773549
  54.20245101  55.83716653  57.47188205  59.10659757  60.74131309
  62.37602861  64.01074413  65.64545965  67.28017517  68.91489069
  70.54960621  72.18432173  73.81903725  75.45375277  77.08846829
  78.72318381  80.35789933  81.99261485  83.62733037  85.26204589
  86.89676141]
Frequencies: [2.30000000e+01 2.85000000e+02 1.01000000e+03 2.45600000e+03
 5.34600000e+03 1.01210000e+04 1.91300000e+04 3.25280000e+04
 5.27680000e+04 8.68080000e+04 1.40144000e+05 2.24590000e+05
 3.47413000e+05 5.04966000e+05 6.94459000e+05 9.18537000e+05
 1.10832400e+06 1.36732900e+06 1.72984700e+06 2.18284000e+06
 2.75057200e+06 3.43853900e+06 4.29080600e+06 5.33346400e+06
 6.60492700e+06 8.16593400e+06 1.01046180e+07 1.24458700e+07
 1.52731240e+07 1.87166520e+07 2.29229690e+07 2.80208200e+07
 3.41858220e+07 4.16645800e+07 5.07376910e+07 6.16154110e+07
 7.45441700e+07 9.00544700e+07 1.08351597e+08 1.29790947e+08
 1.54055946e+08 1.80567830e+08 2.08082931e+08 2.34964197e+08
 2.59046385e+08 2.77128446e+08 2.85783132e+08 2.83114573e+08
 2.69746164e+08 2.48296852e+08 2.22180341e+08 1.94230260e+08
 1.66423208e+08 1.40759115e+08 1.17982407e+08 9.83215460e+07
 8.16647000e+07 6.78172950e+07 5.62794690e+07 4.65671120e+07
 3.85211630e+07 3.17507760e+07 2.61211950e+07 2.14901970e+07
 1.76560400e+07 1.44759070e+07 1.18425760e+07 9.65513800e+06
 7.82220900e+06 6.31525500e+06 5.09142500e+06 4.09552900e+06
 3.27859800e+06 2.60635200e+06 2.07179400e+06 1.63634500e+06
 1.28104700e+06 9.99210000e+05 7.73027000e+05 5.90872000e+05
 4.49455000e+05 3.36911000e+05 2.52051000e+05 1.83586000e+05
 1.31569000e+05 9.30900000e+04 6.58050000e+04 4.56390000e+04
 3.20340000e+04 2.19510000e+04 1.49780000e+04 1.00810000e+04
 6.75500000e+03 4.74300000e+03 3.25400000e+03 1.79600000e+03
 1.02500000e+03 5.34000000e+02 2.24000000e+02 4.80000000e+01]
