Standard Deviation: 6.719340513167398e-08
Skewness: -1.112918572887542
Kurtosis: 0.2999893474822426
Median: 4.5166458310438597e-07
Mean: 4.3034128726888964e-07
Deciles: [3.96015243e-07 4.90858386e-07]
Minimum: 2.2264214582211142e-07
Maximum: 4.908583856935717e-07
Bin Edges: [2.22642146e-07 2.25324308e-07 2.28006471e-07 2.30688633e-07
 2.33370795e-07 2.36052958e-07 2.38735120e-07 2.41417283e-07
 2.44099445e-07 2.46781607e-07 2.49463770e-07 2.52145932e-07
 2.54828095e-07 2.57510257e-07 2.60192419e-07 2.62874582e-07
 2.65556744e-07 2.68238907e-07 2.70921069e-07 2.73603231e-07
 2.76285394e-07 2.78967556e-07 2.81649719e-07 2.84331881e-07
 2.87014043e-07 2.89696206e-07 2.92378368e-07 2.95060531e-07
 2.97742693e-07 3.00424855e-07 3.03107018e-07 3.05789180e-07
 3.08471343e-07 3.11153505e-07 3.13835667e-07 3.16517830e-07
 3.19199992e-07 3.21882155e-07 3.24564317e-07 3.27246479e-07
 3.29928642e-07 3.32610804e-07 3.35292967e-07 3.37975129e-07
 3.40657291e-07 3.43339454e-07 3.46021616e-07 3.48703779e-07
 3.51385941e-07 3.54068103e-07 3.56750266e-07 3.59432428e-07
 3.62114591e-07 3.64796753e-07 3.67478915e-07 3.70161078e-07
 3.72843240e-07 3.75525403e-07 3.78207565e-07 3.80889727e-07
 3.83571890e-07 3.86254052e-07 3.88936215e-07 3.91618377e-07
 3.94300539e-07 3.96982702e-07 3.99664864e-07 4.02347027e-07
 4.05029189e-07 4.07711351e-07 4.10393514e-07 4.13075676e-07
 4.15757839e-07 4.18440001e-07 4.21122163e-07 4.23804326e-07
 4.26486488e-07 4.29168651e-07 4.31850813e-07 4.34532975e-07
 4.37215138e-07 4.39897300e-07 4.42579463e-07 4.45261625e-07
 4.47943787e-07 4.50625950e-07 4.53308112e-07 4.55990275e-07
 4.58672437e-07 4.61354599e-07 4.64036762e-07 4.66718924e-07
 4.69401087e-07 4.72083249e-07 4.74765411e-07 4.77447574e-07
 4.80129736e-07 4.82811898e-07 4.85494061e-07 4.88176223e-07
 4.90858386e-07]
Frequencies: [1.68192000e+06 3.36384000e+06 5.04576000e+06 3.36384000e+06
 8.40960000e+06 6.72768000e+06 8.40960000e+06 1.00915200e+07
 3.36384000e+06 1.17734400e+07 6.72768000e+06 1.17734400e+07
 1.00915200e+07 1.34553600e+07 1.17734400e+07 1.00915200e+07
 1.34553600e+07 1.51372800e+07 1.00915200e+07 1.34553600e+07
 1.85011200e+07 6.72768000e+06 2.01830400e+07 1.51372800e+07
 1.34553600e+07 1.68192000e+07 1.00915200e+07 2.52288000e+07
 1.00915200e+07 2.35468800e+07 1.51372800e+07 1.00915200e+07
 2.35468800e+07 1.51372800e+07 2.01830400e+07 2.35468800e+07
 1.00915200e+07 2.85926400e+07 1.68192000e+07 1.68192000e+07
 2.52288000e+07 1.34553600e+07 1.68192000e+07 3.02745600e+07
 2.18649600e+07 2.01830400e+07 2.35468800e+07 1.85011200e+07
 3.02745600e+07 2.01830400e+07 1.85011200e+07 2.69107200e+07
 3.02745600e+07 1.68192000e+07 3.53203200e+07 2.01830400e+07
 2.35468800e+07 3.19564800e+07 2.69107200e+07 2.01830400e+07
 3.19564800e+07 3.02745600e+07 2.35468800e+07 3.70022400e+07
 2.85926400e+07 3.02745600e+07 3.70022400e+07 2.85926400e+07
 4.03660800e+07 3.02745600e+07 5.55033600e+07 6.89587200e+07
 6.72768000e+07 5.55033600e+07 6.89587200e+07 6.72768000e+07
 5.55033600e+07 6.39129600e+07 6.89587200e+07 5.21395200e+07
 7.73683200e+07 4.37299200e+07 7.73683200e+07 6.72768000e+07
 5.38214400e+07 7.06406400e+07 5.38214400e+07 7.06406400e+07
 6.39129600e+07 6.39129600e+07 7.06406400e+07 5.71852800e+07
 7.06406400e+07 8.07321600e+07 5.71852800e+07 7.73683200e+07
 8.07321600e+07 6.39129600e+07 8.74598400e+07 1.32198912e+09]
