Standard Deviation: 6.334073399737983
Skewness: 0.05440713708615888
Kurtosis: 1.9811851104806921
Median: -0.05944327135423327
Mean: -0.042134268547462495
Deciles: [-3.42036074  3.28095718]
Minimum: -64.04429846639404
Maximum: 69.59426074661972
Bin Edges: [-64.04429847 -62.70791287 -61.37152728 -60.03514169 -58.6987561
 -57.36237051 -56.02598491 -54.68959932 -53.35321373 -52.01682814
 -50.68044255 -49.34405695 -48.00767136 -46.67128577 -45.33490018
 -43.99851458 -42.66212899 -41.3257434  -39.98935781 -38.65297222
 -37.31658662 -35.98020103 -34.64381544 -33.30742985 -31.97104426
 -30.63465866 -29.29827307 -27.96188748 -26.62550189 -25.28911629
 -23.9527307  -22.61634511 -21.27995952 -19.94357393 -18.60718833
 -17.27080274 -15.93441715 -14.59803156 -13.26164597 -11.92526037
 -10.58887478  -9.25248919  -7.9161036   -6.579718    -5.24333241
  -3.90694682  -2.57056123  -1.23417564   0.10220996   1.43859555
   2.77498114   4.11136673   5.44775232   6.78413792   8.12052351
   9.4569091   10.79329469  12.12968029  13.46606588  14.80245147
  16.13883706  17.47522265  18.81160825  20.14799384  21.48437943
  22.82076502  24.15715061  25.49353621  26.8299218   28.16630739
  29.50269298  30.83907857  32.17546417  33.51184976  34.84823535
  36.18462094  37.52100654  38.85739213  40.19377772  41.53016331
  42.8665489   44.2029345   45.53932009  46.87570568  48.21209127
  49.54847686  50.88486246  52.22124805  53.55763364  54.89401923
  56.23040483  57.56679042  58.90317601  60.2395616   61.57594719
  62.91233279  64.24871838  65.58510397  66.92148956  68.25787515
  69.59426075]
Frequencies: [3.00000000e+00 3.00000000e+00 1.10000000e+01 1.60000000e+01
 2.10000000e+01 2.60000000e+01 3.70000000e+01 5.10000000e+01
 8.00000000e+01 1.23000000e+02 2.21000000e+02 4.43000000e+02
 8.46000000e+02 1.44000000e+03 2.40000000e+03 4.01300000e+03
 6.77800000e+03 1.11320000e+04 1.85550000e+04 2.95770000e+04
 4.77580000e+04 7.65590000e+04 1.21777000e+05 1.88625000e+05
 2.93594000e+05 4.47901000e+05 6.72041000e+05 9.94348000e+05
 1.46888400e+06 2.15284700e+06 3.12641500e+06 4.49885100e+06
 6.38744700e+06 8.97663100e+06 1.25342580e+07 1.73274580e+07
 2.37386590e+07 3.23266260e+07 4.38422660e+07 5.91595870e+07
 7.97400590e+07 1.07500393e+08 1.45507674e+08 1.97588953e+08
 2.67796206e+08 3.56345990e+08 4.49551709e+08 5.11067523e+08
 5.03524324e+08 4.31007537e+08 3.33720443e+08 2.45827143e+08
 1.79260043e+08 1.31740169e+08 9.78792210e+07 7.33432630e+07
 5.52602770e+07 4.16946930e+07 3.12862450e+07 2.32805850e+07
 1.71229430e+07 1.24651410e+07 8.96376100e+06 6.38152500e+06
 4.51529700e+06 3.15394700e+06 2.19586500e+06 1.52251700e+06
 1.05784300e+06 7.37184000e+05 5.14018000e+05 3.58574000e+05
 2.47745000e+05 1.72332000e+05 1.19595000e+05 8.28270000e+04
 5.78890000e+04 4.12080000e+04 2.89520000e+04 2.02370000e+04
 1.40490000e+04 9.41700000e+03 6.57400000e+03 4.43000000e+03
 2.89800000e+03 2.05800000e+03 1.38600000e+03 9.57000000e+02
 6.98000000e+02 4.58000000e+02 3.14000000e+02 2.11000000e+02
 1.27000000e+02 9.20000000e+01 6.00000000e+01 4.90000000e+01
 2.80000000e+01 2.60000000e+01 5.00000000e+00 5.00000000e+00]
