Standard Deviation: 1.798213527737725e-09
Skewness: 6598.7383475209235
Kurtosis: 54665971.550474845
Median: 0.0
Mean: 5.755041178679313e-13
Deciles: [0.00000000e+00 2.08335408e-40]
Minimum: 0.0
Maximum: 2.3767774908421862e-05
Bin Edges: [0.00000000e+00 2.37677749e-07 4.75355498e-07 7.13033247e-07
 9.50710996e-07 1.18838875e-06 1.42606649e-06 1.66374424e-06
 1.90142199e-06 2.13909974e-06 2.37677749e-06 2.61445524e-06
 2.85213299e-06 3.08981074e-06 3.32748849e-06 3.56516624e-06
 3.80284399e-06 4.04052173e-06 4.27819948e-06 4.51587723e-06
 4.75355498e-06 4.99123273e-06 5.22891048e-06 5.46658823e-06
 5.70426598e-06 5.94194373e-06 6.17962148e-06 6.41729923e-06
 6.65497697e-06 6.89265472e-06 7.13033247e-06 7.36801022e-06
 7.60568797e-06 7.84336572e-06 8.08104347e-06 8.31872122e-06
 8.55639897e-06 8.79407672e-06 9.03175447e-06 9.26943221e-06
 9.50710996e-06 9.74478771e-06 9.98246546e-06 1.02201432e-05
 1.04578210e-05 1.06954987e-05 1.09331765e-05 1.11708542e-05
 1.14085320e-05 1.16462097e-05 1.18838875e-05 1.21215652e-05
 1.23592430e-05 1.25969207e-05 1.28345985e-05 1.30722762e-05
 1.33099539e-05 1.35476317e-05 1.37853094e-05 1.40229872e-05
 1.42606649e-05 1.44983427e-05 1.47360204e-05 1.49736982e-05
 1.52113759e-05 1.54490537e-05 1.56867314e-05 1.59244092e-05
 1.61620869e-05 1.63997647e-05 1.66374424e-05 1.68751202e-05
 1.71127979e-05 1.73504757e-05 1.75881534e-05 1.78258312e-05
 1.80635089e-05 1.83011867e-05 1.85388644e-05 1.87765422e-05
 1.90142199e-05 1.92518977e-05 1.94895754e-05 1.97272532e-05
 1.99649309e-05 2.02026087e-05 2.04402864e-05 2.06779642e-05
 2.09156419e-05 2.11533197e-05 2.13909974e-05 2.16286752e-05
 2.18663529e-05 2.21040307e-05 2.23417084e-05 2.25793862e-05
 2.28170639e-05 2.30547417e-05 2.32924194e-05 2.35300972e-05
 2.37677749e-05]
Frequencies: [4.54118258e+09 5.58000000e+02 2.46000000e+02 1.46000000e+02
 8.90000000e+01 6.80000000e+01 4.00000000e+01 3.10000000e+01
 2.20000000e+01 1.20000000e+01 1.80000000e+01 1.10000000e+01
 1.50000000e+01 9.00000000e+00 9.00000000e+00 2.00000000e+00
 1.20000000e+01 3.00000000e+00 8.00000000e+00 9.00000000e+00
 6.00000000e+00 5.00000000e+00 3.00000000e+00 0.00000000e+00
 2.00000000e+00 4.00000000e+00 3.00000000e+00 4.00000000e+00
 2.00000000e+00 7.00000000e+00 4.00000000e+00 0.00000000e+00
 6.00000000e+00 2.00000000e+00 2.00000000e+00 2.00000000e+00
 3.00000000e+00 3.00000000e+00 1.00000000e+00 1.00000000e+00
 4.00000000e+00 5.00000000e+00 3.00000000e+00 2.00000000e+00
 2.00000000e+00 1.00000000e+00 1.00000000e+00 2.00000000e+00
 1.00000000e+00 0.00000000e+00 3.00000000e+00 4.00000000e+00
 4.00000000e+00 1.00000000e+00 2.00000000e+00 2.00000000e+00
 2.00000000e+00 0.00000000e+00 2.00000000e+00 0.00000000e+00
 1.00000000e+00 3.00000000e+00 0.00000000e+00 1.00000000e+00
 1.00000000e+00 0.00000000e+00 0.00000000e+00 0.00000000e+00
 0.00000000e+00 0.00000000e+00 1.00000000e+00 0.00000000e+00
 0.00000000e+00 0.00000000e+00 0.00000000e+00 0.00000000e+00
 0.00000000e+00 0.00000000e+00 0.00000000e+00 0.00000000e+00
 0.00000000e+00 0.00000000e+00 0.00000000e+00 1.00000000e+00
 0.00000000e+00 0.00000000e+00 0.00000000e+00 1.00000000e+00
 1.00000000e+00 1.00000000e+00 0.00000000e+00 0.00000000e+00
 1.00000000e+00 0.00000000e+00 0.00000000e+00 0.00000000e+00
 0.00000000e+00 0.00000000e+00 0.00000000e+00 1.00000000e+00]
