Standard Deviation: 18.321114303707713
Skewness: 1.2214960200119938
Kurtosis: 2.432703169358877
Median: 0.12356780792915135
Mean: 2.7769037891648622
Deciles: [-8.25933793 10.15976828]
Minimum: -68.53605347620015
Maximum: 112.46522435652766
Bin Edges: [-68.53605348 -66.7260407  -64.91602792 -63.10601514 -61.29600236
 -59.48598958 -57.67597681 -55.86596403 -54.05595125 -52.24593847
 -50.43592569 -48.62591291 -46.81590014 -45.00588736 -43.19587458
 -41.3858618  -39.57584902 -37.76583624 -35.95582347 -34.14581069
 -32.33579791 -30.52578513 -28.71577235 -26.90575957 -25.0957468
 -23.28573402 -21.47572124 -19.66570846 -17.85569568 -16.0456829
 -14.23567013 -12.42565735 -10.61564457  -8.80563179  -6.99561901
  -5.18560623  -3.37559346  -1.56558068   0.2444321    2.05444488
   3.86445766   5.67447044   7.48448321   9.29449599  11.10450877
  12.91452155  14.72453433  16.53454711  18.34455988  20.15457266
  21.96458544  23.77459822  25.584611    27.39462378  29.20463655
  31.01464933  32.82466211  34.63467489  36.44468767  38.25470045
  40.06471322  41.874726    43.68473878  45.49475156  47.30476434
  49.11477712  50.92478989  52.73480267  54.54481545  56.35482823
  58.16484101  59.97485379  61.78486656  63.59487934  65.40489212
  67.2149049   69.02491768  70.83493046  72.64494323  74.45495601
  76.26496879  78.07498157  79.88499435  81.69500712  83.5050199
  85.31503268  87.12504546  88.93505824  90.74507102  92.55508379
  94.36509657  96.17510935  97.98512213  99.79513491 101.60514769
 103.41516046 105.22517324 107.03518602 108.8451988  110.65521158
 112.46522436]
Frequencies: [7.20000000e+01 1.80000000e+02 5.31000000e+02 1.81900000e+03
 3.55000000e+03 6.09800000e+03 8.63500000e+03 1.20130000e+04
 1.46560000e+04 1.70940000e+04 1.91520000e+04 2.41740000e+04
 2.82280000e+04 3.42870000e+04 4.50460000e+04 6.60200000e+04
 1.48594000e+05 4.95733000e+05 1.73707600e+06 5.12643600e+06
 1.22928460e+07 2.35647310e+07 3.74700800e+07 5.23953820e+07
 6.53603200e+07 7.55825210e+07 8.35171190e+07 9.02309030e+07
 9.78949420e+07 1.08768800e+08 1.23292804e+08 1.41048520e+08
 1.62372469e+08 1.87752185e+08 2.19278465e+08 2.52092267e+08
 2.73431589e+08 2.74423939e+08 2.57397795e+08 2.30406333e+08
 2.06016670e+08 1.85576749e+08 1.65658607e+08 1.46191208e+08
 1.27142649e+08 1.08873276e+08 9.21330570e+07 7.74514410e+07
 6.54616330e+07 5.55982760e+07 4.76686810e+07 4.14671080e+07
 3.66307210e+07 3.28910430e+07 2.98895320e+07 2.74852200e+07
 2.55710660e+07 2.38724200e+07 2.22977740e+07 2.08163470e+07
 1.93926810e+07 1.81117300e+07 1.68929760e+07 1.58557070e+07
 1.49180220e+07 1.40477140e+07 1.31850300e+07 1.23564690e+07
 1.14853340e+07 1.06537090e+07 9.84426300e+06 9.05613700e+06
 8.31972600e+06 7.64098200e+06 6.92179700e+06 6.17878200e+06
 5.47082700e+06 4.80873600e+06 4.18855300e+06 3.58313100e+06
 3.03424900e+06 2.49657000e+06 2.01430400e+06 1.58088700e+06
 1.19960900e+06 8.85898000e+05 6.43043000e+05 4.68221000e+05
 3.21572000e+05 2.17854000e+05 1.43264000e+05 9.11540000e+04
 5.46720000e+04 3.08510000e+04 1.65470000e+04 8.54900000e+03
 4.62300000e+03 2.12700000e+03 6.82000000e+02 1.36000000e+02]
