Standard Deviation: 0.004462044030492916
Skewness: 0.23400357508318317
Kurtosis: -1.2305272843134445
Median: 0.006293736641294208
Mean: 0.006952880229945389
Deciles: [0.00299927 0.01098843]
Minimum: 1.462760536157131e-11
Maximum: 0.02233749550838325
Bin Edges: [1.46276054e-11 2.23374970e-04 4.46749925e-04 6.70124879e-04
 8.93499834e-04 1.11687479e-03 1.34024974e-03 1.56362470e-03
 1.78699965e-03 2.01037461e-03 2.23374956e-03 2.45712452e-03
 2.68049947e-03 2.90387443e-03 3.12724938e-03 3.35062434e-03
 3.57399929e-03 3.79737425e-03 4.02074920e-03 4.24412416e-03
 4.46749911e-03 4.69087407e-03 4.91424902e-03 5.13762398e-03
 5.36099893e-03 5.58437389e-03 5.80774884e-03 6.03112380e-03
 6.25449875e-03 6.47787371e-03 6.70124866e-03 6.92462362e-03
 7.14799857e-03 7.37137353e-03 7.59474848e-03 7.81812344e-03
 8.04149839e-03 8.26487335e-03 8.48824830e-03 8.71162326e-03
 8.93499821e-03 9.15837317e-03 9.38174812e-03 9.60512308e-03
 9.82849803e-03 1.00518730e-02 1.02752479e-02 1.04986229e-02
 1.07219979e-02 1.09453728e-02 1.11687478e-02 1.13921227e-02
 1.16154977e-02 1.18388726e-02 1.20622476e-02 1.22856225e-02
 1.25089975e-02 1.27323724e-02 1.29557474e-02 1.31791224e-02
 1.34024973e-02 1.36258723e-02 1.38492472e-02 1.40726222e-02
 1.42959971e-02 1.45193721e-02 1.47427470e-02 1.49661220e-02
 1.51894970e-02 1.54128719e-02 1.56362469e-02 1.58596218e-02
 1.60829968e-02 1.63063717e-02 1.65297467e-02 1.67531216e-02
 1.69764966e-02 1.71998715e-02 1.74232465e-02 1.76466215e-02
 1.78699964e-02 1.80933714e-02 1.83167463e-02 1.85401213e-02
 1.87634962e-02 1.89868712e-02 1.92102461e-02 1.94336211e-02
 1.96569960e-02 1.98803710e-02 2.01037460e-02 2.03271209e-02
 2.05504959e-02 2.07738708e-02 2.09972458e-02 2.12206207e-02
 2.14439957e-02 2.16673706e-02 2.18907456e-02 2.21141206e-02
 2.23374955e-02]
Frequencies: [5.6052863e+07 7.9239351e+07 8.2700697e+07 7.7713604e+07 7.5515995e+07
 7.8376119e+07 8.3461471e+07 8.8415280e+07 9.2239174e+07 9.4908260e+07
 9.6169379e+07 9.5947367e+07 9.4598078e+07 9.2980677e+07 9.1093399e+07
 8.9342056e+07 8.7902419e+07 8.6375968e+07 8.4493422e+07 8.2214707e+07
 7.9539198e+07 7.6319139e+07 7.2910967e+07 6.9711785e+07 6.6733010e+07
 6.4052018e+07 6.1672706e+07 5.9628781e+07 5.7844824e+07 5.6281672e+07
 5.4940914e+07 5.3836934e+07 5.2904343e+07 5.2144463e+07 5.1628662e+07
 5.1342668e+07 5.1315817e+07 5.1352847e+07 5.1445086e+07 5.1619752e+07
 5.1927561e+07 5.2339043e+07 5.2897141e+07 5.3658697e+07 5.4639677e+07
 5.5814332e+07 5.7180138e+07 5.8656010e+07 6.0079975e+07 6.1365172e+07
 6.2538547e+07 6.3532591e+07 6.4288111e+07 6.4764207e+07 6.5043755e+07
 6.5093824e+07 6.4994274e+07 6.4736208e+07 6.4490651e+07 6.4105605e+07
 6.3530670e+07 6.2342152e+07 6.0016091e+07 5.6058005e+07 5.0029443e+07
 4.2176487e+07 3.3328974e+07 2.4569143e+07 1.6980951e+07 1.1119154e+07
 7.0954750e+06 4.5576070e+06 3.0175620e+06 2.0798810e+06 1.4846270e+06
 1.0724470e+06 7.8450900e+05 5.6864200e+05 4.0517000e+05 2.8153700e+05
 1.9526100e+05 1.3120000e+05 8.8337000e+04 5.6889000e+04 3.5669000e+04
 2.3129000e+04 1.4972000e+04 9.6860000e+03 6.6240000e+03 4.3350000e+03
 2.7590000e+03 2.0160000e+03 1.3870000e+03 9.4300000e+02 5.5200000e+02
 2.0700000e+02 6.8000000e+01 2.0000000e+01 1.6000000e+01 1.2000000e+01]
