Standard Deviation: 6.508806848096411
Skewness: -0.07058564924741997
Kurtosis: 2.1411854165904884
Median: 0.18246129001223155
Mean: 0.13309792837220305
Deciles: [-3.48564361  3.83492612]
Minimum: -61.58963283923086
Maximum: 64.33294497240759
Bin Edges: [-61.58963284 -60.33040706 -59.07118128 -57.8119555  -56.55272973
 -55.29350395 -54.03427817 -52.77505239 -51.51582661 -50.25660084
 -48.99737506 -47.73814928 -46.4789235  -45.21969772 -43.96047195
 -42.70124617 -41.44202039 -40.18279461 -38.92356883 -37.66434306
 -36.40511728 -35.1458915  -33.88666572 -32.62743994 -31.36821416
 -30.10898839 -28.84976261 -27.59053683 -26.33131105 -25.07208527
 -23.8128595  -22.55363372 -21.29440794 -20.03518216 -18.77595638
 -17.51673061 -16.25750483 -14.99827905 -13.73905327 -12.47982749
 -11.22060171  -9.96137594  -8.70215016  -7.44292438  -6.1836986
  -4.92447282  -3.66524705  -2.40602127  -1.14679549   0.11243029
   1.37165607   2.63088184   3.89010762   5.1493334    6.40855918
   7.66778496   8.92701074  10.18623651  11.44546229  12.70468807
  13.96391385  15.22313963  16.4823654   17.74159118  19.00081696
  20.26004274  21.51926852  22.77849429  24.03772007  25.29694585
  26.55617163  27.81539741  29.07462319  30.33384896  31.59307474
  32.85230052  34.1115263   35.37075208  36.62997785  37.88920363
  39.14842941  40.40765519  41.66688097  42.92610674  44.18533252
  45.4445583   46.70378408  47.96300986  49.22223564  50.48146141
  51.74068719  52.99991297  54.25913875  55.51836453  56.7775903
  58.03681608  59.29604186  60.55526764  61.81449342  63.07371919
  64.33294497]
Frequencies: [5.00000000e+00 8.00000000e+00 2.90000000e+01 8.50000000e+01
 2.04000000e+02 4.02000000e+02 7.79000000e+02 1.30300000e+03
 2.50400000e+03 4.17400000e+03 6.60100000e+03 1.04010000e+04
 1.57760000e+04 2.26880000e+04 3.27020000e+04 4.50850000e+04
 6.31670000e+04 8.68930000e+04 1.17181000e+05 1.56939000e+05
 2.07368000e+05 2.73635000e+05 3.63324000e+05 4.80731000e+05
 6.32612000e+05 8.35098000e+05 1.10453300e+06 1.45975500e+06
 1.93986600e+06 2.58278600e+06 3.45197000e+06 4.61495400e+06
 6.18696600e+06 8.28878000e+06 1.11372040e+07 1.49617590e+07
 2.00884990e+07 2.69354310e+07 3.60815080e+07 4.83694430e+07
 6.48905060e+07 8.70561570e+07 1.16637728e+08 1.56089839e+08
 2.07222611e+08 2.69037810e+08 3.35120432e+08 3.92897336e+08
 4.26968222e+08 4.28800016e+08 3.98792061e+08 3.45653884e+08
 2.81771789e+08 2.18721074e+08 1.64237030e+08 1.21355140e+08
 8.91567310e+07 6.54791710e+07 4.82205050e+07 3.54731540e+07
 2.60533650e+07 1.90576440e+07 1.38630710e+07 1.00985620e+07
 7.32957800e+06 5.33538300e+06 3.89008700e+06 2.84261000e+06
 2.09270800e+06 1.55317400e+06 1.16082600e+06 8.76204000e+05
 6.68019000e+05 5.11813000e+05 3.93848000e+05 3.05484000e+05
 2.36350000e+05 1.85041000e+05 1.43779000e+05 1.11260000e+05
 8.48550000e+04 6.43150000e+04 4.92290000e+04 3.77080000e+04
 2.83480000e+04 2.10250000e+04 1.50550000e+04 1.06760000e+04
 7.11200000e+03 4.81900000e+03 3.05600000e+03 2.00800000e+03
 1.23200000e+03 6.58000000e+02 3.86000000e+02 2.04000000e+02
 1.02000000e+02 4.40000000e+01 1.50000000e+01 3.00000000e+00]
