Standard Deviation: 2.1384177341947083e-08
Skewness: 0.45350981030335663
Kurtosis: -0.6767152888213603
Median: 4.629513600692773e-08
Mean: 5.101284871986091e-08
Deciles: [3.41929228e-08 6.96610484e-08]
Minimum: 9.278096420900822e-09
Maximum: 1.4650730824413264e-07
Bin Edges: [9.27809642e-09 1.06503885e-08 1.20226807e-08 1.33949728e-08
 1.47672649e-08 1.61395570e-08 1.75118491e-08 1.88841412e-08
 2.02564334e-08 2.16287255e-08 2.30010176e-08 2.43733097e-08
 2.57456018e-08 2.71178940e-08 2.84901861e-08 2.98624782e-08
 3.12347703e-08 3.26070624e-08 3.39793545e-08 3.53516467e-08
 3.67239388e-08 3.80962309e-08 3.94685230e-08 4.08408151e-08
 4.22131073e-08 4.35853994e-08 4.49576915e-08 4.63299836e-08
 4.77022757e-08 4.90745678e-08 5.04468600e-08 5.18191521e-08
 5.31914442e-08 5.45637363e-08 5.59360284e-08 5.73083206e-08
 5.86806127e-08 6.00529048e-08 6.14251969e-08 6.27974890e-08
 6.41697812e-08 6.55420733e-08 6.69143654e-08 6.82866575e-08
 6.96589496e-08 7.10312417e-08 7.24035339e-08 7.37758260e-08
 7.51481181e-08 7.65204102e-08 7.78927023e-08 7.92649945e-08
 8.06372866e-08 8.20095787e-08 8.33818708e-08 8.47541629e-08
 8.61264550e-08 8.74987472e-08 8.88710393e-08 9.02433314e-08
 9.16156235e-08 9.29879156e-08 9.43602078e-08 9.57324999e-08
 9.71047920e-08 9.84770841e-08 9.98493762e-08 1.01221668e-07
 1.02593960e-07 1.03966253e-07 1.05338545e-07 1.06710837e-07
 1.08083129e-07 1.09455421e-07 1.10827713e-07 1.12200005e-07
 1.13572297e-07 1.14944590e-07 1.16316882e-07 1.17689174e-07
 1.19061466e-07 1.20433758e-07 1.21806050e-07 1.23178342e-07
 1.24550634e-07 1.25922926e-07 1.27295219e-07 1.28667511e-07
 1.30039803e-07 1.31412095e-07 1.32784387e-07 1.34156679e-07
 1.35528971e-07 1.36901263e-07 1.38273556e-07 1.39645848e-07
 1.41018140e-07 1.42390432e-07 1.43762724e-07 1.45135016e-07
 1.46507308e-07]
Frequencies: [2.00946100e+06 8.31403500e+06 1.54747820e+07 2.46436040e+07
 2.81177960e+07 2.99380310e+07 3.20185550e+07 3.64892270e+07
 4.29430450e+07 5.88388320e+07 8.10453350e+07 9.77318060e+07
 1.06716951e+08 1.09308014e+08 1.11558508e+08 1.13733495e+08
 1.10758873e+08 1.08948142e+08 1.07906062e+08 1.06491534e+08
 1.05972791e+08 1.08355933e+08 1.12577807e+08 1.18923491e+08
 1.27087808e+08 1.38433001e+08 2.34278199e+08 2.42393561e+08
 1.14584031e+08 7.13431480e+07 5.41566950e+07 4.95845670e+07
 4.68524210e+07 4.60707670e+07 4.55867520e+07 4.50170540e+07
 4.57398100e+07 4.65671410e+07 4.77907430e+07 4.99108840e+07
 5.09168470e+07 5.26020160e+07 5.70046390e+07 6.10535090e+07
 6.75919760e+07 7.40068840e+07 7.87280550e+07 8.14128250e+07
 8.42701850e+07 8.80904600e+07 8.64459330e+07 8.08059750e+07
 7.28847490e+07 6.41893540e+07 5.38633380e+07 4.68032230e+07
 3.68440920e+07 2.96491260e+07 2.52978620e+07 2.14679740e+07
 1.92470090e+07 1.72641460e+07 1.55232110e+07 1.44376980e+07
 1.33852590e+07 1.21390630e+07 1.03885510e+07 8.70757900e+06
 6.61068800e+06 4.92894500e+06 3.94647200e+06 3.24509400e+06
 2.62863700e+06 2.17715800e+06 1.82536400e+06 1.46739300e+06
 1.20795900e+06 8.94318000e+05 5.38386000e+05 4.12811000e+05
 2.91426000e+05 2.57258000e+05 2.32532000e+05 1.89660000e+05
 1.64725000e+05 1.55562000e+05 1.35911000e+05 1.14754000e+05
 9.55150000e+04 8.56940000e+04 7.69480000e+04 6.93770000e+04
 5.66660000e+04 3.86150000e+04 3.34860000e+04 3.14000000e+04
 1.95470000e+04 1.01250000e+04 5.32400000e+03 2.02000000e+03]
