Standard Deviation: 0.005879834192435703
Skewness: 0.1490076758964202
Kurtosis: -1.2974752244427548
Median: 0.008889889357795165
Mean: 0.00959719757737158
Deciles: [0.00434115 0.01514656]
Minimum: 8.188590223606523e-07
Maximum: 0.02474482189288481
Bin Edges: [8.18859022e-07 2.48258889e-04 4.95698920e-04 7.43138950e-04
 9.90578980e-04 1.23801901e-03 1.48545904e-03 1.73289907e-03
 1.98033910e-03 2.22777913e-03 2.47521916e-03 2.72265919e-03
 2.97009922e-03 3.21753925e-03 3.46497928e-03 3.71241931e-03
 3.95985934e-03 4.20729937e-03 4.45473941e-03 4.70217944e-03
 4.94961947e-03 5.19705950e-03 5.44449953e-03 5.69193956e-03
 5.93937959e-03 6.18681962e-03 6.43425965e-03 6.68169968e-03
 6.92913971e-03 7.17657974e-03 7.42401977e-03 7.67145980e-03
 7.91889983e-03 8.16633986e-03 8.41377989e-03 8.66121992e-03
 8.90865995e-03 9.15609998e-03 9.40354001e-03 9.65098004e-03
 9.89842007e-03 1.01458601e-02 1.03933001e-02 1.06407402e-02
 1.08881802e-02 1.11356202e-02 1.13830603e-02 1.16305003e-02
 1.18779403e-02 1.21253803e-02 1.23728204e-02 1.26202604e-02
 1.28677004e-02 1.31151405e-02 1.33625805e-02 1.36100205e-02
 1.38574606e-02 1.41049006e-02 1.43523406e-02 1.45997806e-02
 1.48472207e-02 1.50946607e-02 1.53421007e-02 1.55895408e-02
 1.58369808e-02 1.60844208e-02 1.63318609e-02 1.65793009e-02
 1.68267409e-02 1.70741810e-02 1.73216210e-02 1.75690610e-02
 1.78165010e-02 1.80639411e-02 1.83113811e-02 1.85588211e-02
 1.88062612e-02 1.90537012e-02 1.93011412e-02 1.95485813e-02
 1.97960213e-02 2.00434613e-02 2.02909013e-02 2.05383414e-02
 2.07857814e-02 2.10332214e-02 2.12806615e-02 2.15281015e-02
 2.17755415e-02 2.20229816e-02 2.22704216e-02 2.25178616e-02
 2.27653017e-02 2.30127417e-02 2.32601817e-02 2.35076217e-02
 2.37550618e-02 2.40025018e-02 2.42499418e-02 2.44973819e-02
 2.47448219e-02]
Frequencies: [7.4897247e+07 6.0551564e+07 4.9140447e+07 4.1523072e+07 3.9991611e+07
 4.1415377e+07 4.4611274e+07 4.8851806e+07 5.3765126e+07 5.9145562e+07
 6.5491618e+07 7.2516054e+07 7.9209853e+07 8.4942273e+07 9.0238383e+07
 9.5415830e+07 8.8371474e+07 8.2457269e+07 7.8276004e+07 7.4926656e+07
 7.2428601e+07 7.0239125e+07 6.8460573e+07 6.6475845e+07 6.4629694e+07
 6.2951406e+07 6.1330907e+07 5.9718237e+07 5.8061215e+07 5.6423854e+07
 5.4784778e+07 5.3262893e+07 5.1807378e+07 5.0448974e+07 4.9236209e+07
 4.8219056e+07 4.7360569e+07 4.6693613e+07 4.5995350e+07 4.5451491e+07
 4.4880211e+07 4.4430412e+07 4.3913483e+07 4.3489971e+07 4.3134186e+07
 4.2833548e+07 4.2577831e+07 4.2409689e+07 4.2284816e+07 4.2256930e+07
 4.2318492e+07 4.2480804e+07 4.2797063e+07 4.3357769e+07 4.4114350e+07
 4.4965281e+07 4.6020937e+07 4.7232488e+07 4.8496451e+07 4.9849285e+07
 5.1364818e+07 5.2896561e+07 5.4560506e+07 5.6334814e+07 5.8049668e+07
 5.9684506e+07 6.1159154e+07 6.2493561e+07 6.3850439e+07 6.5493882e+07
 6.7338498e+07 6.9299615e+07 7.0916946e+07 7.1132330e+07 6.9056618e+07
 6.3957655e+07 5.5463752e+07 4.4625923e+07 3.3139611e+07 2.2919078e+07
 1.5025789e+07 9.5762200e+06 6.1302550e+06 4.0573310e+06 2.7934780e+06
 1.9803180e+06 1.4116930e+06 9.9817700e+05 6.8857900e+05 4.5992200e+05
 3.0013500e+05 1.8336200e+05 1.0743000e+05 6.4679000e+04 3.9712000e+04
 2.7569000e+04 1.8962000e+04 1.2544000e+04 6.8550000e+03 7.9000000e+02]
