Standard Deviation: 12.49523670934358
Skewness: 0.04063906598988046
Kurtosis: 2.5318927878855124
Median: 0.025679957966264332
Mean: 0.04864920087784183
Deciles: [-6.00507058  6.07255178]
Minimum: -82.4891374413064
Maximum: 95.2062327032331
Bin Edges: [-82.48913744 -80.71218374 -78.93523004 -77.15827634 -75.38132264
 -73.60436893 -71.82741523 -70.05046153 -68.27350783 -66.49655413
 -64.71960043 -62.94264673 -61.16569302 -59.38873932 -57.61178562
 -55.83483192 -54.05787822 -52.28092452 -50.50397082 -48.72701711
 -46.95006341 -45.17310971 -43.39615601 -41.61920231 -39.84224861
 -38.06529491 -36.2883412  -34.5113875  -32.7344338  -30.9574801
 -29.1805264  -27.4035727  -25.626619   -23.84966529 -22.07271159
 -20.29575789 -18.51880419 -16.74185049 -14.96489679 -13.18794308
 -11.41098938  -9.63403568  -7.85708198  -6.08012828  -4.30317458
  -2.52622088  -0.74926717   1.02768653   2.80464023   4.58159393
   6.35854763   8.13550133   9.91245503  11.68940874  13.46636244
  15.24331614  17.02026984  18.79722354  20.57417724  22.35113094
  24.12808465  25.90503835  27.68199205  29.45894575  31.23589945
  33.01285315  34.78980685  36.56676056  38.34371426  40.12066796
  41.89762166  43.67457536  45.45152906  47.22848276  49.00543647
  50.78239017  52.55934387  54.33629757  56.11325127  57.89020497
  59.66715867  61.44411238  63.22106608  64.99801978  66.77497348
  68.55192718  70.32888088  72.10583458  73.88278829  75.65974199
  77.43669569  79.21364939  80.99060309  82.76755679  84.54451049
  86.3214642   88.0984179   89.8753716   91.6523253   93.429279
  95.2062327 ]
Frequencies: [6.00000000e+01 2.08000000e+02 4.08000000e+02 8.92000000e+02
 2.14800000e+03 5.08600000e+03 1.13550000e+04 2.45360000e+04
 4.69790000e+04 8.40410000e+04 1.37789000e+05 2.13013000e+05
 3.20052000e+05 4.64749000e+05 6.57435000e+05 9.01223000e+05
 1.19385300e+06 1.52789300e+06 1.84481300e+06 2.26219900e+06
 2.79896300e+06 3.44829600e+06 4.24183400e+06 5.19037400e+06
 6.30493300e+06 7.65549500e+06 9.24086600e+06 1.11405380e+07
 1.34007190e+07 1.60827460e+07 1.92900830e+07 2.31402550e+07
 2.77359410e+07 3.33243450e+07 4.00233700e+07 4.82278330e+07
 5.83449250e+07 7.09271240e+07 8.69964060e+07 1.07626225e+08
 1.34515401e+08 1.69913925e+08 2.15748417e+08 2.71056189e+08
 3.29174618e+08 3.74771159e+08 3.90417906e+08 3.69101371e+08
 3.21234160e+08 2.63742837e+08 2.09955897e+08 1.65675392e+08
 1.31185338e+08 1.04762639e+08 8.44492510e+07 6.87042510e+07
 5.64130860e+07 4.66134620e+07 3.86783010e+07 3.21641270e+07
 2.68279960e+07 2.24132590e+07 1.87645150e+07 1.57171510e+07
 1.31800320e+07 1.10380900e+07 9.21999700e+06 7.66429600e+06
 6.35116300e+06 5.25594300e+06 4.33975500e+06 3.56436300e+06
 2.91069100e+06 2.36250800e+06 1.90377500e+06 1.52404300e+06
 1.20982400e+06 9.57354000e+05 7.43364000e+05 5.75171000e+05
 4.34864000e+05 3.23090000e+05 2.38842000e+05 1.72370000e+05
 1.20832000e+05 8.38670000e+04 5.88120000e+04 3.96370000e+04
 2.58550000e+04 1.65920000e+04 1.10050000e+04 6.62200000e+03
 4.24600000e+03 2.89200000e+03 1.69200000e+03 1.03500000e+03
 4.16000000e+02 1.81000000e+02 9.30000000e+01 3.70000000e+01]
