Standard Deviation: 8.828608392046665e-08
Skewness: 1.717225233715647
Kurtosis: 3.220454076827582
Median: 1.0110112417566281e-07
Mean: 1.3067091648145216e-07
Deciles: [7.09077006e-08 1.60231686e-07]
Minimum: 2.8167556524522504e-08
Maximum: 7.133194693925934e-07
Bin Edges: [2.81675565e-08 3.50190757e-08 4.18705948e-08 4.87221139e-08
 5.55736330e-08 6.24251522e-08 6.92766713e-08 7.61281904e-08
 8.29797096e-08 8.98312287e-08 9.66827478e-08 1.03534267e-07
 1.10385786e-07 1.17237305e-07 1.24088824e-07 1.30940343e-07
 1.37791863e-07 1.44643382e-07 1.51494901e-07 1.58346420e-07
 1.65197939e-07 1.72049458e-07 1.78900977e-07 1.85752496e-07
 1.92604016e-07 1.99455535e-07 2.06307054e-07 2.13158573e-07
 2.20010092e-07 2.26861611e-07 2.33713130e-07 2.40564650e-07
 2.47416169e-07 2.54267688e-07 2.61119207e-07 2.67970726e-07
 2.74822245e-07 2.81673764e-07 2.88525283e-07 2.95376803e-07
 3.02228322e-07 3.09079841e-07 3.15931360e-07 3.22782879e-07
 3.29634398e-07 3.36485917e-07 3.43337436e-07 3.50188956e-07
 3.57040475e-07 3.63891994e-07 3.70743513e-07 3.77595032e-07
 3.84446551e-07 3.91298070e-07 3.98149589e-07 4.05001109e-07
 4.11852628e-07 4.18704147e-07 4.25555666e-07 4.32407185e-07
 4.39258704e-07 4.46110223e-07 4.52961743e-07 4.59813262e-07
 4.66664781e-07 4.73516300e-07 4.80367819e-07 4.87219338e-07
 4.94070857e-07 5.00922376e-07 5.07773896e-07 5.14625415e-07
 5.21476934e-07 5.28328453e-07 5.35179972e-07 5.42031491e-07
 5.48883010e-07 5.55734529e-07 5.62586049e-07 5.69437568e-07
 5.76289087e-07 5.83140606e-07 5.89992125e-07 5.96843644e-07
 6.03695163e-07 6.10546682e-07 6.17398202e-07 6.24249721e-07
 6.31101240e-07 6.37952759e-07 6.44804278e-07 6.51655797e-07
 6.58507316e-07 6.65358835e-07 6.72210355e-07 6.79061874e-07
 6.85913393e-07 6.92764912e-07 6.99616431e-07 7.06467950e-07
 7.13319469e-07]
Frequencies: [6.81870500e+07 1.53790722e+08 1.78141124e+08 1.84480006e+08
 2.16449658e+08 2.66872294e+08 2.83943808e+08 2.75820186e+08
 2.68384524e+08 2.46099490e+08 1.91124877e+08 1.57488042e+08
 1.46634416e+08 1.44784870e+08 1.36865043e+08 1.35735236e+08
 1.22106435e+08 1.11484252e+08 9.45886250e+07 7.79719580e+07
 6.70222330e+07 5.87444280e+07 5.23763580e+07 4.94047610e+07
 4.71808090e+07 4.77435100e+07 4.97676450e+07 5.15886360e+07
 5.43404510e+07 5.23296210e+07 4.60290840e+07 3.91581840e+07
 3.43382520e+07 3.07609690e+07 2.74159910e+07 2.45389570e+07
 2.26479660e+07 2.08065200e+07 1.93800060e+07 1.82652560e+07
 1.73860880e+07 1.62462400e+07 1.51725900e+07 1.42315090e+07
 1.33271640e+07 1.26597710e+07 1.20175150e+07 1.12674000e+07
 1.05073390e+07 9.89286100e+06 9.35798900e+06 8.88819300e+06
 8.49538200e+06 8.19409900e+06 7.91607600e+06 7.69913700e+06
 7.50635300e+06 7.26606700e+06 7.16821000e+06 7.28511400e+06
 7.11595400e+06 6.72655100e+06 6.29788600e+06 5.59502300e+06
 4.79358400e+06 4.10199700e+06 3.46777900e+06 2.95086400e+06
 2.41163400e+06 1.94264400e+06 1.56567900e+06 1.28770200e+06
 1.04320600e+06 8.05643000e+05 6.04412000e+05 4.68877000e+05
 3.28089000e+05 2.43838000e+05 2.03646000e+05 1.77923000e+05
 1.62277000e+05 1.51208000e+05 1.43604000e+05 1.35826000e+05
 1.32090000e+05 1.23168000e+05 1.17204000e+05 1.07918000e+05
 1.05666000e+05 9.96430000e+04 1.03296000e+05 1.01486000e+05
 9.69480000e+04 7.75380000e+04 5.81490000e+04 3.31630000e+04
 1.61110000e+04 6.04200000e+03 2.14900000e+03 2.33000000e+02]
