Standard Deviation: 2.0390269915648213e-08
Skewness: 0.5212539164965826
Kurtosis: -0.46096850051342964
Median: 4.44228856635734e-08
Mean: 4.816970014685392e-08
Deciles: [3.23709953e-08 6.43782704e-08]
Minimum: 8.336854591105162e-09
Maximum: 1.416810318873942e-07
Bin Edges: [8.33685459e-09 9.67029636e-09 1.10037381e-08 1.23371799e-08
 1.36706217e-08 1.50040635e-08 1.63375052e-08 1.76709470e-08
 1.90043888e-08 2.03378305e-08 2.16712723e-08 2.30047141e-08
 2.43381559e-08 2.56715976e-08 2.70050394e-08 2.83384812e-08
 2.96719230e-08 3.10053647e-08 3.23388065e-08 3.36722483e-08
 3.50056901e-08 3.63391318e-08 3.76725736e-08 3.90060154e-08
 4.03394571e-08 4.16728989e-08 4.30063407e-08 4.43397825e-08
 4.56732242e-08 4.70066660e-08 4.83401078e-08 4.96735496e-08
 5.10069913e-08 5.23404331e-08 5.36738749e-08 5.50073166e-08
 5.63407584e-08 5.76742002e-08 5.90076420e-08 6.03410837e-08
 6.16745255e-08 6.30079673e-08 6.43414091e-08 6.56748508e-08
 6.70082926e-08 6.83417344e-08 6.96751761e-08 7.10086179e-08
 7.23420597e-08 7.36755015e-08 7.50089432e-08 7.63423850e-08
 7.76758268e-08 7.90092686e-08 8.03427103e-08 8.16761521e-08
 8.30095939e-08 8.43430356e-08 8.56764774e-08 8.70099192e-08
 8.83433610e-08 8.96768027e-08 9.10102445e-08 9.23436863e-08
 9.36771281e-08 9.50105698e-08 9.63440116e-08 9.76774534e-08
 9.90108952e-08 1.00344337e-07 1.01677779e-07 1.03011220e-07
 1.04344662e-07 1.05678104e-07 1.07011546e-07 1.08344988e-07
 1.09678429e-07 1.11011871e-07 1.12345313e-07 1.13678755e-07
 1.15012196e-07 1.16345638e-07 1.17679080e-07 1.19012522e-07
 1.20345964e-07 1.21679405e-07 1.23012847e-07 1.24346289e-07
 1.25679731e-07 1.27013172e-07 1.28346614e-07 1.29680056e-07
 1.31013498e-07 1.32346939e-07 1.33680381e-07 1.35013823e-07
 1.36347265e-07 1.37680707e-07 1.39014148e-07 1.40347590e-07
 1.41681032e-07]
Frequencies: [1.97223200e+06 9.06167600e+06 1.57661550e+07 2.01261480e+07
 2.40906050e+07 2.91678360e+07 3.43798930e+07 4.17594760e+07
 4.81369430e+07 6.66709750e+07 9.34636720e+07 1.06910772e+08
 1.07273070e+08 1.04305589e+08 1.07261485e+08 1.09888424e+08
 1.06232932e+08 1.06281540e+08 1.04485181e+08 1.04099964e+08
 1.04550822e+08 1.07852008e+08 1.14374289e+08 1.20375269e+08
 1.30439867e+08 1.43218782e+08 1.93033826e+08 2.46078053e+08
 1.53735460e+08 9.86438110e+07 8.25606880e+07 5.51409600e+07
 5.27392030e+07 5.00971690e+07 5.00640210e+07 5.01106860e+07
 5.02108880e+07 5.00728820e+07 5.11877280e+07 5.12855580e+07
 5.30241320e+07 5.42151330e+07 5.59469300e+07 5.82079700e+07
 6.14299560e+07 6.63697790e+07 7.29218870e+07 7.56008570e+07
 7.53106750e+07 7.50782090e+07 7.61618530e+07 7.14900060e+07
 6.51019330e+07 5.46322150e+07 4.72536670e+07 4.12948180e+07
 3.38830060e+07 2.80539190e+07 2.31929820e+07 1.98395810e+07
 1.65848230e+07 1.47451070e+07 1.38758770e+07 1.32336690e+07
 1.14749270e+07 1.02732310e+07 9.55418100e+06 8.00322400e+06
 6.65212800e+06 5.44974400e+06 4.38516100e+06 3.61886900e+06
 2.98457100e+06 2.42211200e+06 2.15327000e+06 1.82514900e+06
 1.40924900e+06 1.28601600e+06 1.07214700e+06 8.54411000e+05
 5.70183000e+05 3.95015000e+05 3.95015000e+05 3.31301000e+05
 2.91100000e+05 2.24450000e+05 2.01098000e+05 1.46425000e+05
 1.17210000e+05 1.08454000e+05 9.25980000e+04 7.39010000e+04
 6.73710000e+04 6.46210000e+04 4.95840000e+04 3.48810000e+04
 2.22810000e+04 1.72930000e+04 6.89400000e+03 4.13000000e+02]
