Standard Deviation: 12.292730519320521
Skewness: -1.1245106284107769
Kurtosis: 1.1218375297237273
Median: 284.6299778343134
Mean: 280.85717666808324
Deciles: [273.37806168 290.52049797]
Minimum: 216.39743362044618
Maximum: 311.16301862355886
Bin Edges: [216.39743362 217.34508947 218.29274532 219.24040117 220.18805702
 221.13571287 222.08336872 223.03102457 223.97868042 224.92633627
 225.87399212 226.82164797 227.76930382 228.71695967 229.66461552
 230.61227137 231.55992722 232.50758307 233.45523892 234.40289477
 235.35055062 236.29820647 237.24586232 238.19351817 239.14117402
 240.08882987 241.03648572 241.98414157 242.93179742 243.87945327
 244.82710912 245.77476497 246.72242082 247.67007667 248.61773252
 249.56538837 250.51304422 251.46070007 252.40835592 253.35601177
 254.30366762 255.25132347 256.19897932 257.14663517 258.09429102
 259.04194687 259.98960272 260.93725857 261.88491442 262.83257027
 263.78022612 264.72788197 265.67553782 266.62319367 267.57084952
 268.51850537 269.46616122 270.41381707 271.36147292 272.30912877
 273.25678462 274.20444047 275.15209632 276.09975217 277.04740802
 277.99506387 278.94271972 279.89037557 280.83803142 281.78568727
 282.73334312 283.68099897 284.62865482 285.57631067 286.52396652
 287.47162237 288.41927822 289.36693407 290.31458992 291.26224577
 292.20990162 293.15755747 294.10521332 295.05286917 296.00052502
 296.94818087 297.89583672 298.84349257 299.79114842 300.73880427
 301.68646012 302.63411597 303.58177182 304.52942767 305.47708352
 306.42473937 307.37239522 308.32005107 309.26770692 310.21536277
 311.16301862]
Frequencies: [7.13000000e+02 4.47600000e+03 1.14680000e+04 2.40550000e+04
 4.60730000e+04 8.51360000e+04 1.47207000e+05 2.28727000e+05
 3.41226000e+05 4.78354000e+05 6.52201000e+05 8.48042000e+05
 1.05960000e+06 1.27570400e+06 1.49975700e+06 1.71046600e+06
 1.89674600e+06 2.08791700e+06 2.27990900e+06 2.46256700e+06
 2.63892500e+06 2.83067800e+06 3.04079900e+06 3.24804900e+06
 3.52308200e+06 3.83356500e+06 4.19702200e+06 4.63488400e+06
 5.12335000e+06 5.69860100e+06 6.43932900e+06 7.27433500e+06
 8.24085200e+06 9.25415700e+06 1.02711930e+07 1.14666400e+07
 1.26653600e+07 1.39643430e+07 1.53734720e+07 1.68151230e+07
 1.82355910e+07 1.97858450e+07 2.14016550e+07 2.33219440e+07
 2.56026120e+07 2.83582520e+07 3.16667590e+07 3.59246790e+07
 4.11832270e+07 4.68552110e+07 5.21700760e+07 5.66630940e+07
 6.02529240e+07 6.34955600e+07 6.64429600e+07 6.91695140e+07
 7.14733820e+07 7.34239750e+07 7.51279350e+07 7.70551870e+07
 7.93053870e+07 8.20981030e+07 8.49593250e+07 8.76260860e+07
 8.98025690e+07 9.22980040e+07 9.47708350e+07 9.74918600e+07
 1.00770875e+08 1.05310971e+08 1.11424133e+08 1.19276705e+08
 1.28379719e+08 1.39454794e+08 1.54276896e+08 1.75381743e+08
 2.06658210e+08 2.62424685e+08 3.52298853e+08 3.51674171e+08
 1.88568845e+08 9.49504810e+07 6.14948110e+07 4.39270070e+07
 3.19329330e+07 2.35352370e+07 1.73778520e+07 1.26406510e+07
 9.02198100e+06 6.31296900e+06 4.23618200e+06 2.69732300e+06
 1.64608300e+06 9.88956000e+05 5.39436000e+05 2.31562000e+05
 8.31250000e+04 2.44550000e+04 5.02600000e+03 6.76000000e+02]
