Standard Deviation: 17.911082102465684
Skewness: 0.6951094685826369
Kurtosis: 0.3705221692027747
Median: 10.174322304407255
Mean: 12.810292970391004
Deciles: [-0.69861456 23.84742047]
Minimum: -63.3358634616162
Maximum: 124.00793235769291
Bin Edges: [-63.33586346 -61.4624255  -59.58898755 -57.71554959 -55.84211163
 -53.96867367 -52.09523571 -50.22179775 -48.3483598  -46.47492184
 -44.60148388 -42.72804592 -40.85460796 -38.98117001 -37.10773205
 -35.23429409 -33.36085613 -31.48741817 -29.61398021 -27.74054226
 -25.8671043  -23.99366634 -22.12022838 -20.24679042 -18.37335246
 -16.49991451 -14.62647655 -12.75303859 -10.87960063  -9.00616267
  -7.13272472  -5.25928676  -3.3858488   -1.51241084   0.36102712
   2.23446508   4.10790303   5.98134099   7.85477895   9.72821691
  11.60165487  13.47509282  15.34853078  17.22196874  19.0954067
  20.96884466  22.84228262  24.71572057  26.58915853  28.46259649
  30.33603445  32.20947241  34.08291036  35.95634832  37.82978628
  39.70322424  41.5766622   43.45010016  45.32353811  47.19697607
  49.07041403  50.94385199  52.81728995  54.6907279   56.56416586
  58.43760382  60.31104178  62.18447974  64.0579177   65.93135565
  67.80479361  69.67823157  71.55166953  73.42510749  75.29854544
  77.1719834   79.04542136  80.91885932  82.79229728  84.66573524
  86.53917319  88.41261115  90.28604911  92.15948707  94.03292503
  95.90636298  97.77980094  99.6532389  101.52667686 103.40011482
 105.27355278 107.14699073 109.02042869 110.89386665 112.76730461
 114.64074257 116.51418052 118.38761848 120.26105644 122.1344944
 124.00793236]
Frequencies: [8.60000000e+01 3.80000000e+02 9.34000000e+02 2.12700000e+03
 4.09800000e+03 6.94800000e+03 1.20080000e+04 2.04780000e+04
 3.23770000e+04 4.89330000e+04 7.34760000e+04 1.07152000e+05
 1.55142000e+05 2.25409000e+05 3.32671000e+05 4.82672000e+05
 7.04944000e+05 1.03651500e+06 1.53456300e+06 2.32677000e+06
 3.63061300e+06 5.86737900e+06 9.63454700e+06 1.56947370e+07
 2.52621360e+07 3.96700740e+07 5.96598010e+07 8.51365050e+07
 1.13491263e+08 1.41529273e+08 1.65346947e+08 1.82761447e+08
 1.94060816e+08 2.00049346e+08 2.01673530e+08 2.00312174e+08
 1.96845656e+08 1.92292179e+08 1.86909626e+08 1.80963285e+08
 1.74260847e+08 1.67221365e+08 1.59527025e+08 1.51398891e+08
 1.42950868e+08 1.34250645e+08 1.25337827e+08 1.16356697e+08
 1.07428921e+08 9.86434480e+07 9.01156800e+07 8.17843350e+07
 7.39383210e+07 6.65416890e+07 5.95457120e+07 5.30215640e+07
 4.69971550e+07 4.14537790e+07 3.64067450e+07 3.17863110e+07
 2.75887220e+07 2.38782940e+07 2.05129320e+07 1.75219200e+07
 1.49099730e+07 1.26086330e+07 1.06215780e+07 8.88160400e+06
 7.36177900e+06 6.07006800e+06 4.97559700e+06 4.07143900e+06
 3.29584500e+06 2.66009800e+06 2.11946200e+06 1.67999900e+06
 1.33157200e+06 1.04783100e+06 8.14867000e+05 6.25895000e+05
 4.74040000e+05 3.52986000e+05 2.64430000e+05 2.00353000e+05
 1.45974000e+05 1.05259000e+05 7.31140000e+04 4.94930000e+04
 3.28140000e+04 2.00290000e+04 1.01760000e+04 4.74800000e+03
 2.59900000e+03 1.42400000e+03 6.75000000e+02 4.14000000e+02
 2.65000000e+02 1.82000000e+02 5.10000000e+01 2.40000000e+01]
