Standard Deviation: 8.486643626573664e-08
Skewness: 1.2962739206631366
Kurtosis: 5.827925454369945
Median: 1.7386960587466285e-06
Mean: 1.7451196009222156e-06
Deciles: [1.69406947e-06 1.79167083e-06]
Minimum: 1.397057890835498e-06
Maximum: 2.372793075144699e-06
Bin Edges: [1.39705789e-06 1.40681524e-06 1.41657259e-06 1.42632995e-06
 1.43608730e-06 1.44584465e-06 1.45560200e-06 1.46535935e-06
 1.47511671e-06 1.48487406e-06 1.49463141e-06 1.50438876e-06
 1.51414611e-06 1.52390346e-06 1.53366082e-06 1.54341817e-06
 1.55317552e-06 1.56293287e-06 1.57269022e-06 1.58244758e-06
 1.59220493e-06 1.60196228e-06 1.61171963e-06 1.62147698e-06
 1.63123434e-06 1.64099169e-06 1.65074904e-06 1.66050639e-06
 1.67026374e-06 1.68002109e-06 1.68977845e-06 1.69953580e-06
 1.70929315e-06 1.71905050e-06 1.72880785e-06 1.73856521e-06
 1.74832256e-06 1.75807991e-06 1.76783726e-06 1.77759461e-06
 1.78735196e-06 1.79710932e-06 1.80686667e-06 1.81662402e-06
 1.82638137e-06 1.83613872e-06 1.84589608e-06 1.85565343e-06
 1.86541078e-06 1.87516813e-06 1.88492548e-06 1.89468283e-06
 1.90444019e-06 1.91419754e-06 1.92395489e-06 1.93371224e-06
 1.94346959e-06 1.95322695e-06 1.96298430e-06 1.97274165e-06
 1.98249900e-06 1.99225635e-06 2.00201371e-06 2.01177106e-06
 2.02152841e-06 2.03128576e-06 2.04104311e-06 2.05080046e-06
 2.06055782e-06 2.07031517e-06 2.08007252e-06 2.08982987e-06
 2.09958722e-06 2.10934458e-06 2.11910193e-06 2.12885928e-06
 2.13861663e-06 2.14837398e-06 2.15813133e-06 2.16788869e-06
 2.17764604e-06 2.18740339e-06 2.19716074e-06 2.20691809e-06
 2.21667545e-06 2.22643280e-06 2.23619015e-06 2.24594750e-06
 2.25570485e-06 2.26546220e-06 2.27521956e-06 2.28497691e-06
 2.29473426e-06 2.30449161e-06 2.31424896e-06 2.32400632e-06
 2.33376367e-06 2.34352102e-06 2.35327837e-06 2.36303572e-06
 2.37279308e-06]
Frequencies: [7.24900000e+03 1.90810000e+04 4.68800000e+04 8.49680000e+04
 1.27022000e+05 1.69656000e+05 2.29578000e+05 3.90833000e+05
 5.46778000e+05 6.58583000e+05 7.81028000e+05 1.12013200e+06
 1.98449600e+06 4.59557800e+06 8.85847800e+06 1.35152960e+07
 1.71403820e+07 2.03280550e+07 2.36153310e+07 2.77881180e+07
 3.14842240e+07 3.41435600e+07 3.80441300e+07 4.50677940e+07
 5.49577860e+07 6.71348950e+07 8.19706560e+07 1.09125230e+08
 1.56615118e+08 2.48507286e+08 3.15586268e+08 3.38298676e+08
 2.63427477e+08 1.86699684e+08 1.74924017e+08 2.17198480e+08
 2.44212692e+08 1.99573943e+08 1.89698869e+08 1.92817029e+08
 2.17430213e+08 1.83191316e+08 1.70196266e+08 1.18398736e+08
 8.32535660e+07 7.12507430e+07 6.91660990e+07 6.20047700e+07
 4.96191100e+07 3.91650600e+07 2.64215980e+07 2.01028600e+07
 1.45620200e+07 1.08373880e+07 8.44201800e+06 6.60067300e+06
 5.12240900e+06 3.96886300e+06 3.07496800e+06 2.50250600e+06
 2.11971000e+06 1.92114700e+06 1.86311500e+06 1.93957400e+06
 1.95772900e+06 1.94244700e+06 1.85257700e+06 1.85850100e+06
 1.83311300e+06 1.92072900e+06 2.01455500e+06 2.12573700e+06
 2.27140300e+06 2.41622400e+06 2.58830800e+06 2.87206100e+06
 3.30488800e+06 4.57982200e+06 2.78788700e+06 2.78290500e+06
 3.61910200e+06 7.58325500e+06 3.11808200e+06 1.38613000e+05
 1.06238000e+05 1.09823000e+05 1.14921000e+05 1.25359000e+05
 1.23052000e+05 1.22273000e+05 1.20955000e+05 1.18164000e+05
 1.19663000e+05 1.20449000e+05 1.26730000e+05 1.32965000e+05
 1.67348000e+05 3.25680000e+05 8.65526000e+05 1.66852000e+05]
