Standard Deviation: 3.2479789774545614e-08
Skewness: -2.176181978661949
Kurtosis: 3.821266293628927
Median: 4.908583856935717e-07
Mean: 4.7497208562403995e-07
Deciles: [4.78818627e-07 4.90858386e-07]
Minimum: 3.402809637284021e-07
Maximum: 4.908583856935717e-07
Bin Edges: [3.40280964e-07 3.41786738e-07 3.43292512e-07 3.44798286e-07
 3.46304061e-07 3.47809835e-07 3.49315609e-07 3.50821383e-07
 3.52327157e-07 3.53832932e-07 3.55338706e-07 3.56844480e-07
 3.58350254e-07 3.59856029e-07 3.61361803e-07 3.62867577e-07
 3.64373351e-07 3.65879125e-07 3.67384900e-07 3.68890674e-07
 3.70396448e-07 3.71902222e-07 3.73407997e-07 3.74913771e-07
 3.76419545e-07 3.77925319e-07 3.79431093e-07 3.80936868e-07
 3.82442642e-07 3.83948416e-07 3.85454190e-07 3.86959965e-07
 3.88465739e-07 3.89971513e-07 3.91477287e-07 3.92983061e-07
 3.94488836e-07 3.95994610e-07 3.97500384e-07 3.99006158e-07
 4.00511933e-07 4.02017707e-07 4.03523481e-07 4.05029255e-07
 4.06535029e-07 4.08040804e-07 4.09546578e-07 4.11052352e-07
 4.12558126e-07 4.14063900e-07 4.15569675e-07 4.17075449e-07
 4.18581223e-07 4.20086997e-07 4.21592772e-07 4.23098546e-07
 4.24604320e-07 4.26110094e-07 4.27615868e-07 4.29121643e-07
 4.30627417e-07 4.32133191e-07 4.33638965e-07 4.35144740e-07
 4.36650514e-07 4.38156288e-07 4.39662062e-07 4.41167836e-07
 4.42673611e-07 4.44179385e-07 4.45685159e-07 4.47190933e-07
 4.48696708e-07 4.50202482e-07 4.51708256e-07 4.53214030e-07
 4.54719804e-07 4.56225579e-07 4.57731353e-07 4.59237127e-07
 4.60742901e-07 4.62248676e-07 4.63754450e-07 4.65260224e-07
 4.66765998e-07 4.68271772e-07 4.69777547e-07 4.71283321e-07
 4.72789095e-07 4.74294869e-07 4.75800643e-07 4.77306418e-07
 4.78812192e-07 4.80317966e-07 4.81823740e-07 4.83329515e-07
 4.84835289e-07 4.86341063e-07 4.87846837e-07 4.89352611e-07
 4.90858386e-07]
Frequencies: [1.68192000e+06 1.68197600e+06 2.52282400e+06 2.52297200e+06
 5.04566800e+06 1.38110200e+06 7.02849800e+06 1.63846900e+06
 6.30662100e+06 4.72796200e+06 3.51752300e+06 9.03822500e+06
 3.45393000e+06 8.84130100e+06 4.06959500e+06 6.13085400e+06
 7.15176400e+06 1.07186360e+07 3.30767900e+06 8.08931400e+06
 8.78604700e+06 6.85899700e+06 6.75017700e+06 1.15936240e+07
 6.75368200e+06 3.68443200e+06 1.22056860e+07 9.33350500e+06
 5.48877300e+06 1.13356040e+07 9.88662200e+06 7.10558200e+06
 6.31037000e+06 1.87454260e+07 4.76559000e+06 1.03716900e+07
 1.18989340e+07 6.76055200e+06 1.23015360e+07 6.25145800e+06
 1.51372970e+07 1.32451030e+07 9.97788400e+06 6.84131600e+06
 1.68192000e+07 8.40960000e+06 1.00915200e+07 1.00911880e+07
 1.68195320e+07 1.34553600e+07 8.41550600e+06 1.28080760e+07
 1.72823630e+07 1.02697350e+07 1.00915200e+07 1.51372800e+07
 1.68192000e+07 1.34553600e+07 6.72768000e+06 1.47635000e+07
 2.05568200e+07 1.34533030e+07 1.34574170e+07 1.37283420e+07
 1.65462180e+07 1.58678740e+07 9.36092600e+06 2.01930110e+07
 2.19064420e+07 9.65980700e+06 1.98340420e+07 1.87560890e+07
 1.89754090e+07 1.49523810e+07 1.36402590e+07 2.01830400e+07
 2.34514050e+07 1.35508350e+07 1.34553600e+07 3.19564800e+07
 1.68192000e+07 1.68192000e+07 1.38595940e+07 3.49160860e+07
 1.36903970e+07 2.33118430e+07 2.37557240e+07 2.85940240e+07
 1.37953650e+07 2.29966470e+07 3.26588320e+07 2.73508560e+07
 1.90405520e+07 3.39346350e+07 2.49325650e+07 2.37571330e+07
 3.85021050e+07 3.07023900e+07 2.68751720e+07 3.20868288e+09]
