Standard Deviation: 9.590928253695867e-09
Skewness: 15504.602195140362
Kurtosis: 352728892.5692614
Median: 6.133854078663653e-36
Mean: 6.865939847508192e-12
Deciles: [0.00000000e+00 4.47904679e-34]
Minimum: 0.0
Maximum: 0.0002847988778449125
Bin Edges: [0.00000000e+00 2.84798878e-06 5.69597756e-06 8.54396634e-06
 1.13919551e-05 1.42399439e-05 1.70879327e-05 1.99359214e-05
 2.27839102e-05 2.56318990e-05 2.84798878e-05 3.13278766e-05
 3.41758653e-05 3.70238541e-05 3.98718429e-05 4.27198317e-05
 4.55678205e-05 4.84158092e-05 5.12637980e-05 5.41117868e-05
 5.69597756e-05 5.98077643e-05 6.26557531e-05 6.55037419e-05
 6.83517307e-05 7.11997195e-05 7.40477082e-05 7.68956970e-05
 7.97436858e-05 8.25916746e-05 8.54396634e-05 8.82876521e-05
 9.11356409e-05 9.39836297e-05 9.68316185e-05 9.96796072e-05
 1.02527596e-04 1.05375585e-04 1.08223574e-04 1.11071562e-04
 1.13919551e-04 1.16767540e-04 1.19615529e-04 1.22463517e-04
 1.25311506e-04 1.28159495e-04 1.31007484e-04 1.33855473e-04
 1.36703461e-04 1.39551450e-04 1.42399439e-04 1.45247428e-04
 1.48095416e-04 1.50943405e-04 1.53791394e-04 1.56639383e-04
 1.59487372e-04 1.62335360e-04 1.65183349e-04 1.68031338e-04
 1.70879327e-04 1.73727315e-04 1.76575304e-04 1.79423293e-04
 1.82271282e-04 1.85119271e-04 1.87967259e-04 1.90815248e-04
 1.93663237e-04 1.96511226e-04 1.99359214e-04 2.02207203e-04
 2.05055192e-04 2.07903181e-04 2.10751170e-04 2.13599158e-04
 2.16447147e-04 2.19295136e-04 2.22143125e-04 2.24991113e-04
 2.27839102e-04 2.30687091e-04 2.33535080e-04 2.36383069e-04
 2.39231057e-04 2.42079046e-04 2.44927035e-04 2.47775024e-04
 2.50623013e-04 2.53471001e-04 2.56318990e-04 2.59166979e-04
 2.62014968e-04 2.64862956e-04 2.67710945e-04 2.70558934e-04
 2.73406923e-04 2.76254912e-04 2.79102900e-04 2.81950889e-04
 2.84798878e-04]
Frequencies: [4.54118333e+09 2.98000000e+02 1.11000000e+02 7.80000000e+01
 4.80000000e+01 2.90000000e+01 1.50000000e+01 1.40000000e+01
 1.00000000e+01 7.00000000e+00 8.00000000e+00 7.00000000e+00
 6.00000000e+00 6.00000000e+00 3.00000000e+00 4.00000000e+00
 2.00000000e+00 2.00000000e+00 0.00000000e+00 2.00000000e+00
 1.00000000e+00 0.00000000e+00 2.00000000e+00 0.00000000e+00
 1.00000000e+00 0.00000000e+00 0.00000000e+00 0.00000000e+00
 0.00000000e+00 1.00000000e+00 1.00000000e+00 1.00000000e+00
 1.00000000e+00 1.00000000e+00 0.00000000e+00 1.00000000e+00
 1.00000000e+00 1.00000000e+00 0.00000000e+00 0.00000000e+00
 0.00000000e+00 0.00000000e+00 0.00000000e+00 0.00000000e+00
 0.00000000e+00 0.00000000e+00 0.00000000e+00 0.00000000e+00
 0.00000000e+00 0.00000000e+00 0.00000000e+00 0.00000000e+00
 0.00000000e+00 1.00000000e+00 0.00000000e+00 0.00000000e+00
 0.00000000e+00 0.00000000e+00 0.00000000e+00 0.00000000e+00
 0.00000000e+00 0.00000000e+00 0.00000000e+00 0.00000000e+00
 0.00000000e+00 0.00000000e+00 0.00000000e+00 0.00000000e+00
 0.00000000e+00 0.00000000e+00 0.00000000e+00 0.00000000e+00
 0.00000000e+00 0.00000000e+00 0.00000000e+00 0.00000000e+00
 0.00000000e+00 0.00000000e+00 1.00000000e+00 0.00000000e+00
 0.00000000e+00 0.00000000e+00 1.00000000e+00 0.00000000e+00
 0.00000000e+00 0.00000000e+00 0.00000000e+00 0.00000000e+00
 0.00000000e+00 0.00000000e+00 0.00000000e+00 0.00000000e+00
 0.00000000e+00 0.00000000e+00 0.00000000e+00 0.00000000e+00
 0.00000000e+00 0.00000000e+00 0.00000000e+00 1.00000000e+00]
