Standard Deviation: 1.8972783863891226e-18
Skewness: 3.7905734341469763
Kurtosis: 15.076394172415267
Median: 1.45994249867228e-19
Mean: 7.411653337923645e-19
Deciles: [7.91211360e-20 2.62562206e-19]
Minimum: 2.3489831535894593e-26
Maximum: 6.233326222052675e-17
Bin Edges: [2.34898315e-26 6.23332645e-19 1.24666527e-18 1.86999789e-18
 2.49333051e-18 3.11666313e-18 3.73999576e-18 4.36332838e-18
 4.98666100e-18 5.60999362e-18 6.23332624e-18 6.85665887e-18
 7.47999149e-18 8.10332411e-18 8.72665673e-18 9.34998935e-18
 9.97332198e-18 1.05966546e-17 1.12199872e-17 1.18433198e-17
 1.24666525e-17 1.30899851e-17 1.37133177e-17 1.43366503e-17
 1.49599830e-17 1.55833156e-17 1.62066482e-17 1.68299808e-17
 1.74533134e-17 1.80766461e-17 1.86999787e-17 1.93233113e-17
 1.99466439e-17 2.05699765e-17 2.11933092e-17 2.18166418e-17
 2.24399744e-17 2.30633070e-17 2.36866397e-17 2.43099723e-17
 2.49333049e-17 2.55566375e-17 2.61799701e-17 2.68033028e-17
 2.74266354e-17 2.80499680e-17 2.86733006e-17 2.92966333e-17
 2.99199659e-17 3.05432985e-17 3.11666311e-17 3.17899637e-17
 3.24132964e-17 3.30366290e-17 3.36599616e-17 3.42832942e-17
 3.49066269e-17 3.55299595e-17 3.61532921e-17 3.67766247e-17
 3.73999573e-17 3.80232900e-17 3.86466226e-17 3.92699552e-17
 3.98932878e-17 4.05166205e-17 4.11399531e-17 4.17632857e-17
 4.23866183e-17 4.30099509e-17 4.36332836e-17 4.42566162e-17
 4.48799488e-17 4.55032814e-17 4.61266140e-17 4.67499467e-17
 4.73732793e-17 4.79966119e-17 4.86199445e-17 4.92432772e-17
 4.98666098e-17 5.04899424e-17 5.11132750e-17 5.17366076e-17
 5.23599403e-17 5.29832729e-17 5.36066055e-17 5.42299381e-17
 5.48532708e-17 5.54766034e-17 5.60999360e-17 5.67232686e-17
 5.73466012e-17 5.79699339e-17 5.85932665e-17 5.92165991e-17
 5.98399317e-17 6.04632644e-17 6.10865970e-17 6.17099296e-17
 6.23332622e-17]
Frequencies: [3.77345144e+09 2.74651729e+08 8.81468150e+07 4.50766060e+07
 3.78548900e+07 2.92539420e+07 2.83738590e+07 2.42193530e+07
 2.23863820e+07 2.13263230e+07 2.20005400e+07 2.52816620e+07
 3.23840310e+07 3.96171330e+07 2.89438970e+07 1.61180050e+07
 1.23597600e+07 7.70317700e+06 4.68145900e+06 2.83183800e+06
 1.59104500e+06 9.27179000e+05 5.87409000e+05 3.81045000e+05
 2.52211000e+05 1.80365000e+05 1.32902000e+05 9.75880000e+04
 7.40430000e+04 5.70170000e+04 4.44550000e+04 3.58170000e+04
 2.86710000e+04 2.32120000e+04 1.87780000e+04 1.48280000e+04
 1.19730000e+04 9.43300000e+03 7.24500000e+03 5.73700000e+03
 4.80000000e+03 4.15900000e+03 3.58100000e+03 3.00100000e+03
 2.55500000e+03 2.45000000e+03 2.19000000e+03 1.89600000e+03
 1.81200000e+03 1.52700000e+03 1.40100000e+03 1.18600000e+03
 1.05400000e+03 9.80000000e+02 8.68000000e+02 7.79000000e+02
 6.89000000e+02 6.12000000e+02 5.78000000e+02 4.79000000e+02
 4.35000000e+02 3.52000000e+02 3.30000000e+02 2.95000000e+02
 2.35000000e+02 1.91000000e+02 1.72000000e+02 1.54000000e+02
 1.42000000e+02 1.49000000e+02 1.15000000e+02 1.00000000e+02
 8.00000000e+01 7.30000000e+01 6.20000000e+01 8.10000000e+01
 4.80000000e+01 5.80000000e+01 5.20000000e+01 4.00000000e+01
 3.50000000e+01 4.30000000e+01 3.00000000e+01 2.20000000e+01
 2.70000000e+01 2.80000000e+01 2.70000000e+01 2.20000000e+01
 2.70000000e+01 3.10000000e+01 2.10000000e+01 2.20000000e+01
 2.20000000e+01 3.00000000e+01 2.90000000e+01 8.00000000e+00
 6.00000000e+00 5.00000000e+00 1.00000000e+00 4.00000000e+00]
