Standard Deviation: 2.618617145344615e-08
Skewness: 1.0000000000139746
Kurtosis: -2.000000000011758
Median: 3091.434626199533
Mean: 3091.4346261733467
Deciles: [3091.4346262 3091.4346262]
Minimum: 3091.434626199533
Maximum: 3091.434626199533
Bin Edges: [3090.9346262 3090.9446262 3090.9546262 3090.9646262 3090.9746262
 3090.9846262 3090.9946262 3091.0046262 3091.0146262 3091.0246262
 3091.0346262 3091.0446262 3091.0546262 3091.0646262 3091.0746262
 3091.0846262 3091.0946262 3091.1046262 3091.1146262 3091.1246262
 3091.1346262 3091.1446262 3091.1546262 3091.1646262 3091.1746262
 3091.1846262 3091.1946262 3091.2046262 3091.2146262 3091.2246262
 3091.2346262 3091.2446262 3091.2546262 3091.2646262 3091.2746262
 3091.2846262 3091.2946262 3091.3046262 3091.3146262 3091.3246262
 3091.3346262 3091.3446262 3091.3546262 3091.3646262 3091.3746262
 3091.3846262 3091.3946262 3091.4046262 3091.4146262 3091.4246262
 3091.4346262 3091.4446262 3091.4546262 3091.4646262 3091.4746262
 3091.4846262 3091.4946262 3091.5046262 3091.5146262 3091.5246262
 3091.5346262 3091.5446262 3091.5546262 3091.5646262 3091.5746262
 3091.5846262 3091.5946262 3091.6046262 3091.6146262 3091.6246262
 3091.6346262 3091.6446262 3091.6546262 3091.6646262 3091.6746262
 3091.6846262 3091.6946262 3091.7046262 3091.7146262 3091.7246262
 3091.7346262 3091.7446262 3091.7546262 3091.7646262 3091.7746262
 3091.7846262 3091.7946262 3091.8046262 3091.8146262 3091.8246262
 3091.8346262 3091.8446262 3091.8546262 3091.8646262 3091.8746262
 3091.8846262 3091.8946262 3091.9046262 3091.9146262 3091.9246262
 3091.9346262]
Frequencies: [0.000000e+00 0.000000e+00 0.000000e+00 0.000000e+00 0.000000e+00
 0.000000e+00 0.000000e+00 0.000000e+00 0.000000e+00 0.000000e+00
 0.000000e+00 0.000000e+00 0.000000e+00 0.000000e+00 0.000000e+00
 0.000000e+00 0.000000e+00 0.000000e+00 0.000000e+00 0.000000e+00
 0.000000e+00 0.000000e+00 0.000000e+00 0.000000e+00 0.000000e+00
 0.000000e+00 0.000000e+00 0.000000e+00 0.000000e+00 0.000000e+00
 0.000000e+00 0.000000e+00 0.000000e+00 0.000000e+00 0.000000e+00
 0.000000e+00 0.000000e+00 0.000000e+00 0.000000e+00 0.000000e+00
 0.000000e+00 0.000000e+00 0.000000e+00 0.000000e+00 0.000000e+00
 0.000000e+00 0.000000e+00 0.000000e+00 0.000000e+00 0.000000e+00
 4.541184e+09 0.000000e+00 0.000000e+00 0.000000e+00 0.000000e+00
 0.000000e+00 0.000000e+00 0.000000e+00 0.000000e+00 0.000000e+00
 0.000000e+00 0.000000e+00 0.000000e+00 0.000000e+00 0.000000e+00
 0.000000e+00 0.000000e+00 0.000000e+00 0.000000e+00 0.000000e+00
 0.000000e+00 0.000000e+00 0.000000e+00 0.000000e+00 0.000000e+00
 0.000000e+00 0.000000e+00 0.000000e+00 0.000000e+00 0.000000e+00
 0.000000e+00 0.000000e+00 0.000000e+00 0.000000e+00 0.000000e+00
 0.000000e+00 0.000000e+00 0.000000e+00 0.000000e+00 0.000000e+00
 0.000000e+00 0.000000e+00 0.000000e+00 0.000000e+00 0.000000e+00
 0.000000e+00 0.000000e+00 0.000000e+00 0.000000e+00 0.000000e+00]
