Standard Deviation: 1.9015670179213286e-08
Skewness: 0.4821884755247479
Kurtosis: -0.5168600089306423
Median: 4.348770905609072e-08
Mean: 4.6368830597622556e-08
Deciles: [3.16756576e-08 6.09040799e-08]
Minimum: 8.403858575304298e-09
Maximum: 1.3417516313623247e-07
Bin Edges: [8.40385858e-09 9.66157162e-09 1.09192847e-08 1.21769977e-08
 1.34347108e-08 1.46924238e-08 1.59501368e-08 1.72078499e-08
 1.84655629e-08 1.97232760e-08 2.09809890e-08 2.22387021e-08
 2.34964151e-08 2.47541282e-08 2.60118412e-08 2.72695543e-08
 2.85272673e-08 2.97849804e-08 3.10426934e-08 3.23004064e-08
 3.35581195e-08 3.48158325e-08 3.60735456e-08 3.73312586e-08
 3.85889717e-08 3.98466847e-08 4.11043978e-08 4.23621108e-08
 4.36198239e-08 4.48775369e-08 4.61352499e-08 4.73929630e-08
 4.86506760e-08 4.99083891e-08 5.11661021e-08 5.24238152e-08
 5.36815282e-08 5.49392413e-08 5.61969543e-08 5.74546674e-08
 5.87123804e-08 5.99700934e-08 6.12278065e-08 6.24855195e-08
 6.37432326e-08 6.50009456e-08 6.62586587e-08 6.75163717e-08
 6.87740848e-08 7.00317978e-08 7.12895109e-08 7.25472239e-08
 7.38049369e-08 7.50626500e-08 7.63203630e-08 7.75780761e-08
 7.88357891e-08 8.00935022e-08 8.13512152e-08 8.26089283e-08
 8.38666413e-08 8.51243544e-08 8.63820674e-08 8.76397804e-08
 8.88974935e-08 9.01552065e-08 9.14129196e-08 9.26706326e-08
 9.39283457e-08 9.51860587e-08 9.64437718e-08 9.77014848e-08
 9.89591979e-08 1.00216911e-07 1.01474624e-07 1.02732337e-07
 1.03990050e-07 1.05247763e-07 1.06505476e-07 1.07763189e-07
 1.09020902e-07 1.10278615e-07 1.11536328e-07 1.12794041e-07
 1.14051754e-07 1.15309467e-07 1.16567180e-07 1.17824894e-07
 1.19082607e-07 1.20340320e-07 1.21598033e-07 1.22855746e-07
 1.24113459e-07 1.25371172e-07 1.26628885e-07 1.27886598e-07
 1.29144311e-07 1.30402024e-07 1.31659737e-07 1.32917450e-07
 1.34175163e-07]
Frequencies: [1.52785200e+06 7.81281500e+06 1.39144510e+07 1.82388700e+07
 2.33729670e+07 2.80206640e+07 3.37603820e+07 3.92925150e+07
 4.63848460e+07 6.13759830e+07 8.79039270e+07 1.02021025e+08
 1.03993628e+08 1.01910292e+08 1.00808292e+08 1.04242114e+08
 1.05307255e+08 1.02600948e+08 1.04681950e+08 1.02962892e+08
 1.04251714e+08 1.05259135e+08 1.10355373e+08 1.18311447e+08
 1.21205294e+08 1.28297761e+08 1.38528546e+08 1.76457525e+08
 2.33192185e+08 1.61060210e+08 1.04200927e+08 8.87800780e+07
 6.66522690e+07 5.19548040e+07 5.14226620e+07 5.05929700e+07
 5.12424850e+07 5.21016420e+07 5.18916310e+07 5.34046030e+07
 5.52246850e+07 5.57099790e+07 5.68948170e+07 5.75590370e+07
 5.91208190e+07 5.96418530e+07 5.98004790e+07 6.21383530e+07
 6.57740080e+07 7.06280130e+07 6.94996030e+07 6.72922730e+07
 6.62470690e+07 6.42183760e+07 5.72411050e+07 5.16695400e+07
 4.27577780e+07 3.61330650e+07 3.03783770e+07 2.38527190e+07
 1.87231330e+07 1.57016540e+07 1.34625880e+07 1.12870970e+07
 9.46154400e+06 7.99251700e+06 7.32556700e+06 6.31920600e+06
 5.03960600e+06 4.25585900e+06 3.60909700e+06 2.90972100e+06
 2.44475600e+06 1.98478800e+06 1.72942400e+06 1.41477400e+06
 1.15375800e+06 1.03984700e+06 9.06633000e+05 8.29027000e+05
 6.44101000e+05 5.18917000e+05 3.81148000e+05 3.13030000e+05
 2.11715000e+05 6.82400000e+04 4.23580000e+04 5.07470000e+04
 5.18860000e+04 4.60030000e+04 3.93930000e+04 3.18910000e+04
 2.87340000e+04 2.62260000e+04 2.52170000e+04 1.89920000e+04
 7.45000000e+03 4.12300000e+03 2.26800000e+03 2.08800000e+03]
