Standard Deviation: 7.224749863611544
Skewness: 0.07818444361506702
Kurtosis: 2.1249386581896994
Median: -0.07207487153353523
Mean: -0.043093661248032454
Deciles: [-3.70028021  3.53869312]
Minimum: -56.09251082019748
Maximum: 62.068836745563964
Bin Edges: [-56.09251082 -54.91089734 -53.72928387 -52.54767039 -51.36605692
 -50.18444344 -49.00282997 -47.82121649 -46.63960301 -45.45798954
 -44.27637606 -43.09476259 -41.91314911 -40.73153564 -39.54992216
 -38.36830869 -37.18669521 -36.00508173 -34.82346826 -33.64185478
 -32.46024131 -31.27862783 -30.09701436 -28.91540088 -27.7337874
 -26.55217393 -25.37056045 -24.18894698 -23.0073335  -21.82572003
 -20.64410655 -19.46249307 -18.2808796  -17.09926612 -15.91765265
 -14.73603917 -13.5544257  -12.37281222 -11.19119875 -10.00958527
  -8.82797179  -7.64635832  -6.46474484  -5.28313137  -4.10151789
  -2.91990442  -1.73829094  -0.55667746   0.62493601   1.80654949
   2.98816296   4.16977644   5.35138991   6.53300339   7.71461687
   8.89623034  10.07784382  11.25945729  12.44107077  13.62268424
  14.80429772  15.98591119  17.16752467  18.34913815  19.53075162
  20.7123651   21.89397857  23.07559205  24.25720552  25.438819
  26.62043248  27.80204595  28.98365943  30.1652729   31.34688638
  32.52849985  33.71011333  34.89172681  36.07334028  37.25495376
  38.43656723  39.61818071  40.79979418  41.98140766  43.16302114
  44.34463461  45.52624809  46.70786156  47.88947504  49.07108851
  50.25270199  51.43431546  52.61592894  53.79754242  54.97915589
  56.16076937  57.34238284  58.52399632  59.70560979  60.88722327
  62.06883675]
Frequencies: [1.20000000e+01 2.40000000e+01 6.90000000e+01 1.77000000e+02
 4.03000000e+02 6.24000000e+02 1.18600000e+03 2.09600000e+03
 3.49700000e+03 5.80900000e+03 9.20600000e+03 1.52760000e+04
 2.42790000e+04 3.80750000e+04 5.91750000e+04 9.08440000e+04
 1.35695000e+05 2.03160000e+05 2.96924000e+05 4.31246000e+05
 6.21141000e+05 8.77882000e+05 1.21758300e+06 1.66538900e+06
 2.25565000e+06 3.02697900e+06 4.00850300e+06 5.26163200e+06
 6.84630000e+06 8.86092100e+06 1.13487860e+07 1.44286960e+07
 1.82356050e+07 2.29012550e+07 2.85950040e+07 3.55549510e+07
 4.40139760e+07 5.44532970e+07 6.74200820e+07 8.39405600e+07
 1.05164216e+08 1.33307488e+08 1.70813076e+08 2.20543805e+08
 2.83361102e+08 3.52711870e+08 4.10686745e+08 4.31370465e+08
 4.04099902e+08 3.42101140e+08 2.71088836e+08 2.08889614e+08
 1.60771759e+08 1.25127571e+08 9.87930770e+07 7.89240950e+07
 6.35769970e+07 5.15093510e+07 4.18975500e+07 3.41142260e+07
 2.77615600e+07 2.25151860e+07 1.81962910e+07 1.46449320e+07
 1.17134210e+07 9.30410200e+06 7.34666000e+06 5.75363000e+06
 4.46696300e+06 3.44800100e+06 2.64583300e+06 2.01736800e+06
 1.53326400e+06 1.14100500e+06 8.43340000e+05 6.15130000e+05
 4.47317000e+05 3.21272000e+05 2.27585000e+05 1.60200000e+05
 1.13010000e+05 7.94300000e+04 5.62420000e+04 3.98590000e+04
 2.80970000e+04 1.94280000e+04 1.31270000e+04 9.04800000e+03
 6.29200000e+03 4.31400000e+03 2.81800000e+03 1.71100000e+03
 1.11300000e+03 6.57000000e+02 3.67000000e+02 2.49000000e+02
 1.55000000e+02 8.20000000e+01 5.00000000e+01 3.70000000e+01]
