Standard Deviation: 2.606558198137854e-08
Skewness: -0.8688376605906128
Kurtosis: -0.4844759539522694
Median: 6.742049201953005e-08
Mean: 6.001596391222379e-08
Deciles: [4.48012908e-08 8.06173131e-08]
Minimum: 1.6754822232745223e-09
Maximum: 9.072327368982084e-08
Bin Edges: [1.67548222e-09 2.56596014e-09 3.45643805e-09 4.34691597e-09
 5.23739388e-09 6.12787180e-09 7.01834971e-09 7.90882763e-09
 8.79930554e-09 9.68978346e-09 1.05802614e-08 1.14707393e-08
 1.23612172e-08 1.32516951e-08 1.41421730e-08 1.50326509e-08
 1.59231289e-08 1.68136068e-08 1.77040847e-08 1.85945626e-08
 1.94850405e-08 2.03755184e-08 2.12659963e-08 2.21564743e-08
 2.30469522e-08 2.39374301e-08 2.48279080e-08 2.57183859e-08
 2.66088638e-08 2.74993417e-08 2.83898197e-08 2.92802976e-08
 3.01707755e-08 3.10612534e-08 3.19517313e-08 3.28422092e-08
 3.37326872e-08 3.46231651e-08 3.55136430e-08 3.64041209e-08
 3.72945988e-08 3.81850767e-08 3.90755546e-08 3.99660326e-08
 4.08565105e-08 4.17469884e-08 4.26374663e-08 4.35279442e-08
 4.44184221e-08 4.53089000e-08 4.61993780e-08 4.70898559e-08
 4.79803338e-08 4.88708117e-08 4.97612896e-08 5.06517675e-08
 5.15422454e-08 5.24327234e-08 5.33232013e-08 5.42136792e-08
 5.51041571e-08 5.59946350e-08 5.68851129e-08 5.77755908e-08
 5.86660688e-08 5.95565467e-08 6.04470246e-08 6.13375025e-08
 6.22279804e-08 6.31184583e-08 6.40089362e-08 6.48994142e-08
 6.57898921e-08 6.66803700e-08 6.75708479e-08 6.84613258e-08
 6.93518037e-08 7.02422817e-08 7.11327596e-08 7.20232375e-08
 7.29137154e-08 7.38041933e-08 7.46946712e-08 7.55851491e-08
 7.64756271e-08 7.73661050e-08 7.82565829e-08 7.91470608e-08
 8.00375387e-08 8.09280166e-08 8.18184945e-08 8.27089725e-08
 8.35994504e-08 8.44899283e-08 8.53804062e-08 8.62708841e-08
 8.71613620e-08 8.80518399e-08 8.89423179e-08 8.98327958e-08
 9.07232737e-08]
Frequencies: [2.5228800e+07 3.7002240e+07 4.2048000e+07 3.5320320e+07 4.2048000e+07
 3.8684160e+07 3.1956480e+07 3.5320320e+07 3.3638400e+07 3.1956480e+07
 3.0274560e+07 2.5228800e+07 3.3638400e+07 2.1864960e+07 3.0274560e+07
 2.3546880e+07 3.5320320e+07 1.6819200e+07 2.6910720e+07 2.5228800e+07
 1.3455360e+07 3.0274560e+07 2.1864960e+07 1.0091520e+07 3.3638400e+07
 1.6819200e+07 1.5137280e+07 2.3546880e+07 2.0183040e+07 2.0183040e+07
 8.4096000e+06 3.0274560e+07 1.6819200e+07 1.6819200e+07 1.3455360e+07
 2.5228800e+07 1.6819200e+07 1.6819200e+07 1.3455360e+07 1.0091520e+07
 2.0183040e+07 2.1864960e+07 1.0091520e+07 1.3455360e+07 1.3455360e+07
 2.3546880e+07 1.3455360e+07 1.8501120e+07 1.0091520e+07 1.3455360e+07
 6.7276800e+06 2.0183040e+07 2.0183040e+07 6.7276800e+06 2.1864960e+07
 6.7276800e+06 1.3455360e+07 6.7276800e+06 2.3546880e+07 1.3455360e+07
 1.3455360e+07 3.1956480e+07 8.9141760e+07 8.0732160e+07 8.5777920e+07
 7.9050240e+07 7.2322560e+07 8.2414080e+07 8.0732160e+07 7.9050240e+07
 6.3912960e+07 8.7459840e+07 8.0732160e+07 7.4004480e+07 6.3912960e+07
 8.7459840e+07 7.4004480e+07 5.7185280e+07 9.0823680e+07 7.7368320e+07
 5.7185280e+07 8.4096000e+07 7.7368320e+07 7.4004480e+07 7.7368320e+07
 8.4096000e+07 7.7368320e+07 6.7276800e+07 9.0823680e+07 8.4096000e+07
 7.7368320e+07 8.0732160e+07 9.4187520e+07 9.7551360e+07 9.4187520e+07
 9.7551360e+07 9.7551360e+07 1.0427904e+08 1.1100672e+08 1.6819200e+08]
