Standard Deviation: 6.75617363889093
Skewness: -0.24863938129561866
Kurtosis: 1.4661809128351644
Median: 0.22698834321051975
Mean: 0.057827639909718356
Deciles: [-3.92345105  4.33801931]
Minimum: -51.99536278280331
Maximum: 54.789289212745906
Bin Edges: [-51.99536278 -50.92751626 -49.85966974 -48.79182322 -47.7239767
 -46.65613018 -45.58828366 -44.52043714 -43.45259062 -42.3847441
 -41.31689758 -40.24905106 -39.18120454 -38.11335802 -37.0455115
 -35.97766498 -34.90981846 -33.84197194 -32.77412542 -31.7062789
 -30.63843238 -29.57058586 -28.50273934 -27.43489282 -26.3670463
 -25.29919978 -24.23135326 -23.16350674 -22.09566022 -21.0278137
 -19.95996718 -18.89212066 -17.82427414 -16.75642762 -15.6885811
 -14.62073458 -13.55288806 -12.48504154 -11.41719502 -10.3493485
  -9.28150198  -8.21365546  -7.14580894  -6.07796242  -5.0101159
  -3.94226938  -2.87442286  -1.80657634  -0.73872982   0.3291167
   1.39696321   2.46480973   3.53265625   4.60050277   5.66834929
   6.73619581   7.80404233   8.87188885   9.93973537  11.00758189
  12.07542841  13.14327493  14.21112145  15.27896797  16.34681449
  17.41466101  18.48250753  19.55035405  20.61820057  21.68604709
  22.75389361  23.82174013  24.88958665  25.95743317  27.02527969
  28.09312621  29.16097273  30.22881925  31.29666577  32.36451229
  33.43235881  34.50020533  35.56805185  36.63589837  37.70374489
  38.77159141  39.83943793  40.90728445  41.97513097  43.04297749
  44.11082401  45.17867053  46.24651705  47.31436357  48.38221009
  49.45005661  50.51790313  51.58574965  52.65359617  53.72144269
  54.78928921]
Frequencies: [8.00000000e+00 8.00000000e+00 3.10000000e+01 6.80000000e+01
 1.10000000e+02 2.08000000e+02 3.58000000e+02 6.07000000e+02
 1.13300000e+03 2.27100000e+03 4.22300000e+03 7.82400000e+03
 1.51060000e+04 2.67920000e+04 4.57640000e+04 7.77570000e+04
 1.29383000e+05 2.12229000e+05 3.32590000e+05 5.11721000e+05
 7.56730000e+05 1.09652000e+06 1.54916300e+06 2.11392200e+06
 2.78764000e+06 3.55964400e+06 4.44219100e+06 5.43989100e+06
 6.57739000e+06 7.89320000e+06 9.41735700e+06 1.12268800e+07
 1.34682690e+07 1.63547510e+07 2.02062040e+07 2.53506790e+07
 3.23238150e+07 4.16986500e+07 5.42968810e+07 7.11344090e+07
 9.35467120e+07 1.22384549e+08 1.56879137e+08 1.94195805e+08
 2.30849068e+08 2.63304465e+08 2.88568029e+08 3.05345775e+08
 3.12396356e+08 3.11731144e+08 3.03520603e+08 2.87673357e+08
 2.65167022e+08 2.36111541e+08 2.00626377e+08 1.61820037e+08
 1.24320857e+08 9.24263090e+07 6.75187980e+07 4.93066220e+07
 3.60155260e+07 2.62503300e+07 1.91407400e+07 1.40101140e+07
 1.03932180e+07 7.85222100e+06 6.04757100e+06 4.70864100e+06
 3.67883700e+06 2.88471500e+06 2.26469600e+06 1.78061700e+06
 1.39203600e+06 1.07527400e+06 8.23834000e+05 6.20032000e+05
 4.58228000e+05 3.29142000e+05 2.32185000e+05 1.61432000e+05
 1.08940000e+05 7.26450000e+04 4.81050000e+04 3.06110000e+04
 1.90490000e+04 1.17810000e+04 7.20500000e+03 4.44200000e+03
 2.57500000e+03 1.60500000e+03 1.05500000e+03 6.92000000e+02
 3.97000000e+02 2.81000000e+02 1.58000000e+02 7.60000000e+01
 1.70000000e+01 2.70000000e+01 3.00000000e+00 7.00000000e+00]
