Standard Deviation: 3169.244694392996
Skewness: -3.6048410652553713
Kurtosis: 15.49889794353134
Median: 59664.4471321591
Mean: 58516.272586002175
Deciles: [58326.71272222 60014.12159372]
Minimum: 35511.88157127091
Maximum: 63021.527978631595
Bin Edges: [35511.88157127 35786.97803534 36062.07449942 36337.17096349
 36612.26742757 36887.36389164 37162.46035571 37437.55681979
 37712.65328386 37987.74974793 38262.84621201 38537.94267608
 38813.03914015 39088.13560423 39363.2320683  39638.32853238
 39913.42499645 40188.52146052 40463.6179246  40738.71438867
 41013.81085274 41288.90731682 41564.00378089 41839.10024496
 42114.19670904 42389.29317311 42664.38963718 42939.48610126
 43214.58256533 43489.67902941 43764.77549348 44039.87195755
 44314.96842163 44590.0648857  44865.16134977 45140.25781385
 45415.35427792 45690.45074199 45965.54720607 46240.64367014
 46515.74013422 46790.83659829 47065.93306236 47341.02952644
 47616.12599051 47891.22245458 48166.31891866 48441.41538273
 48716.5118468  48991.60831088 49266.70477495 49541.80123902
 49816.8977031  50091.99416717 50367.09063125 50642.18709532
 50917.28355939 51192.38002347 51467.47648754 51742.57295161
 52017.66941569 52292.76587976 52567.86234383 52842.95880791
 53118.05527198 53393.15173606 53668.24820013 53943.3446642
 54218.44112828 54493.53759235 54768.63405642 55043.7305205
 55318.82698457 55593.92344864 55869.01991272 56144.11637679
 56419.21284087 56694.30930494 56969.40576901 57244.50223309
 57519.59869716 57794.69516123 58069.79162531 58344.88808938
 58619.98455345 58895.08101753 59170.1774816  59445.27394567
 59720.37040975 59995.46687382 60270.5633379  60545.65980197
 60820.75626604 61095.85273012 61370.94919419 61646.04565826
 61921.14212234 62196.23858641 62471.33505048 62746.43151456
 63021.52797863]
Frequencies: [3.24700000e+03 3.43760000e+04 2.14012000e+05 6.12063000e+05
 1.43533000e+06 2.30397700e+06 1.80202800e+06 1.15344100e+06
 7.14157000e+05 1.20462700e+06 1.22384100e+06 1.33601200e+06
 1.95257500e+06 2.31425600e+06 2.51995500e+06 2.48773000e+06
 2.11066500e+06 2.18244900e+06 2.48702500e+06 2.45461800e+06
 2.42623300e+06 3.17838500e+06 3.45430700e+06 3.28083100e+06
 3.14557500e+06 3.40240600e+06 2.82764100e+06 2.90280500e+06
 3.03415800e+06 3.03348500e+06 3.40175200e+06 3.36264500e+06
 2.61021600e+06 2.75447400e+06 2.95381700e+06 3.15654500e+06
 2.69484200e+06 2.25256500e+06 2.54093100e+06 2.69121500e+06
 2.64542100e+06 3.26721500e+06 3.11846400e+06 3.65982400e+06
 3.32332400e+06 2.83760300e+06 3.36972300e+06 3.89896600e+06
 4.07788300e+06 3.97736000e+06 4.66625500e+06 4.96991700e+06
 5.92658300e+06 6.74985100e+06 6.67534600e+06 7.58851900e+06
 7.57407800e+06 7.66260500e+06 8.11978200e+06 9.62523200e+06
 1.14691460e+07 1.23376660e+07 1.39266280e+07 1.63872500e+07
 1.89315660e+07 1.86620140e+07 1.91329730e+07 1.97260660e+07
 2.07127900e+07 2.09699570e+07 2.13203200e+07 2.08863200e+07
 2.26446040e+07 2.73754200e+07 3.06533520e+07 3.66760640e+07
 4.54878420e+07 5.31497890e+07 6.70524880e+07 8.21708750e+07
 9.96509420e+07 1.25561581e+08 1.47194028e+08 1.61996781e+08
 1.79611193e+08 2.07210758e+08 2.53269380e+08 4.68669780e+08
 9.36710193e+08 6.26285215e+08 3.58802163e+08 1.50625148e+08
 4.19595740e+07 8.46057100e+06 1.66038400e+06 3.41380000e+05
 8.73270000e+04 2.18880000e+04 5.56100000e+03 1.86000000e+03]
