Standard Deviation: 1.8013145905530038e-07
Skewness: -1.5556522749674973
Kurtosis: 1.164395595884896
Median: 7.45807267948885e-07
Mean: 6.684440705448507e-07
Deciles: [6.32589031e-07 7.87866808e-07]
Minimum: 1.0650469269306529e-07
Maximum: 8.062171190251374e-07
Bin Edges: [1.06504693e-07 1.13501817e-07 1.20498941e-07 1.27496065e-07
 1.34493190e-07 1.41490314e-07 1.48487438e-07 1.55484563e-07
 1.62481687e-07 1.69478811e-07 1.76475935e-07 1.83473060e-07
 1.90470184e-07 1.97467308e-07 2.04464432e-07 2.11461557e-07
 2.18458681e-07 2.25455805e-07 2.32452929e-07 2.39450054e-07
 2.46447178e-07 2.53444302e-07 2.60441426e-07 2.67438551e-07
 2.74435675e-07 2.81432799e-07 2.88429924e-07 2.95427048e-07
 3.02424172e-07 3.09421296e-07 3.16418421e-07 3.23415545e-07
 3.30412669e-07 3.37409793e-07 3.44406918e-07 3.51404042e-07
 3.58401166e-07 3.65398290e-07 3.72395415e-07 3.79392539e-07
 3.86389663e-07 3.93386787e-07 4.00383912e-07 4.07381036e-07
 4.14378160e-07 4.21375285e-07 4.28372409e-07 4.35369533e-07
 4.42366657e-07 4.49363782e-07 4.56360906e-07 4.63358030e-07
 4.70355154e-07 4.77352279e-07 4.84349403e-07 4.91346527e-07
 4.98343651e-07 5.05340776e-07 5.12337900e-07 5.19335024e-07
 5.26332148e-07 5.33329273e-07 5.40326397e-07 5.47323521e-07
 5.54320646e-07 5.61317770e-07 5.68314894e-07 5.75312018e-07
 5.82309143e-07 5.89306267e-07 5.96303391e-07 6.03300515e-07
 6.10297640e-07 6.17294764e-07 6.24291888e-07 6.31289012e-07
 6.38286137e-07 6.45283261e-07 6.52280385e-07 6.59277509e-07
 6.66274634e-07 6.73271758e-07 6.80268882e-07 6.87266007e-07
 6.94263131e-07 7.01260255e-07 7.08257379e-07 7.15254504e-07
 7.22251628e-07 7.29248752e-07 7.36245876e-07 7.43243001e-07
 7.50240125e-07 7.57237249e-07 7.64234373e-07 7.71231498e-07
 7.78228622e-07 7.85225746e-07 7.92222870e-07 7.99219995e-07
 8.06217119e-07]
Frequencies: [5.0457600e+06 5.0457600e+06 5.0457600e+06 1.0091520e+07 8.4096000e+06
 1.3455360e+07 1.1773440e+07 1.0091520e+07 1.1773440e+07 1.0091520e+07
 1.6819200e+07 1.5137280e+07 1.6819200e+07 1.5137280e+07 1.0091520e+07
 1.3455360e+07 1.8501120e+07 6.7276800e+06 2.3546880e+07 1.1773440e+07
 1.6819200e+07 1.6819200e+07 1.1773440e+07 2.0183040e+07 1.0091520e+07
 2.3546880e+07 1.5137280e+07 6.7276800e+06 2.3546880e+07 1.3455360e+07
 1.5137280e+07 1.6819200e+07 1.6819200e+07 1.0091520e+07 2.5228800e+07
 1.0091520e+07 1.6819200e+07 1.0091520e+07 2.5228800e+07 1.3455360e+07
 1.3455360e+07 2.3546880e+07 1.1773440e+07 1.6819200e+07 1.3455360e+07
 2.0183040e+07 1.3455360e+07 1.8501120e+07 1.0091520e+07 2.0183040e+07
 1.6819200e+07 1.6819200e+07 1.1773440e+07 2.0183040e+07 1.6819200e+07
 1.6819200e+07 1.3455360e+07 1.1773440e+07 2.3546880e+07 1.6819200e+07
 1.6819200e+07 1.0091520e+07 1.6819200e+07 2.1864960e+07 1.3455360e+07
 1.3455360e+07 1.3455360e+07 2.3546880e+07 1.8501120e+07 1.3455360e+07
 1.6819200e+07 1.3455360e+07 2.3546880e+07 1.3455360e+07 2.1864960e+07
 6.7276800e+06 1.3455360e+07 2.3546880e+07 2.3546880e+07 1.1773440e+07
 2.0183040e+07 6.7276800e+06 1.3455360e+07 2.6910720e+07 2.0183040e+07
 3.8684160e+07 1.8501120e+08 1.7996544e+08 1.7491968e+08 1.6651008e+08
 1.7491968e+08 1.5810048e+08 1.8164736e+08 1.7491968e+08 1.7491968e+08
 1.9510272e+08 2.1192192e+08 2.3883264e+08 3.0610944e+08 6.7949568e+08]
