Standard Deviation: 5.38776544270396e-05
Skewness: 4.408974329277865
Kurtosis: 28.57783232926964
Median: 4.5923916797369537e-07
Mean: 2.3284804132434122e-05
Deciles: [1.81697288e-16 1.96323026e-05]
Minimum: 0.0
Maximum: 0.0010251915085958123
Bin Edges: [0.00000000e+00 1.02519151e-05 2.05038302e-05 3.07557453e-05
 4.10076603e-05 5.12595754e-05 6.15114905e-05 7.17634056e-05
 8.20153207e-05 9.22672358e-05 1.02519151e-04 1.12771066e-04
 1.23022981e-04 1.33274896e-04 1.43526811e-04 1.53778726e-04
 1.64030641e-04 1.74282556e-04 1.84534472e-04 1.94786387e-04
 2.05038302e-04 2.15290217e-04 2.25542132e-04 2.35794047e-04
 2.46045962e-04 2.56297877e-04 2.66549792e-04 2.76801707e-04
 2.87053622e-04 2.97305537e-04 3.07557453e-04 3.17809368e-04
 3.28061283e-04 3.38313198e-04 3.48565113e-04 3.58817028e-04
 3.69068943e-04 3.79320858e-04 3.89572773e-04 3.99824688e-04
 4.10076603e-04 4.20328519e-04 4.30580434e-04 4.40832349e-04
 4.51084264e-04 4.61336179e-04 4.71588094e-04 4.81840009e-04
 4.92091924e-04 5.02343839e-04 5.12595754e-04 5.22847669e-04
 5.33099584e-04 5.43351500e-04 5.53603415e-04 5.63855330e-04
 5.74107245e-04 5.84359160e-04 5.94611075e-04 6.04862990e-04
 6.15114905e-04 6.25366820e-04 6.35618735e-04 6.45870650e-04
 6.56122566e-04 6.66374481e-04 6.76626396e-04 6.86878311e-04
 6.97130226e-04 7.07382141e-04 7.17634056e-04 7.27885971e-04
 7.38137886e-04 7.48389801e-04 7.58641716e-04 7.68893631e-04
 7.79145547e-04 7.89397462e-04 7.99649377e-04 8.09901292e-04
 8.20153207e-04 8.30405122e-04 8.40657037e-04 8.50908952e-04
 8.61160867e-04 8.71412782e-04 8.81664697e-04 8.91916612e-04
 9.02168528e-04 9.12420443e-04 9.22672358e-04 9.32924273e-04
 9.43176188e-04 9.53428103e-04 9.63680018e-04 9.73931933e-04
 9.84183848e-04 9.94435763e-04 1.00468768e-03 1.01493959e-03
 1.02519151e-03]
Frequencies: [3.12986982e+09 2.95390449e+08 1.86840480e+08 1.42666451e+08
 1.17448349e+08 9.87773960e+07 8.37039540e+07 7.10799360e+07
 6.03420370e+07 5.10169560e+07 4.29430910e+07 3.60248700e+07
 3.01784570e+07 2.52909780e+07 2.12905010e+07 1.79844060e+07
 1.52935520e+07 1.30989670e+07 1.12761840e+07 9.76096900e+06
 8.50067100e+06 7.44569700e+06 6.54950700e+06 5.79179500e+06
 5.13407200e+06 4.57315100e+06 4.08544300e+06 3.65819300e+06
 3.28323700e+06 2.95831800e+06 2.66624700e+06 2.40498100e+06
 2.17174900e+06 1.96668800e+06 1.78398200e+06 1.61856300e+06
 1.46881600e+06 1.33577400e+06 1.21633300e+06 1.10475100e+06
 1.00958200e+06 9.18777000e+05 8.39849000e+05 7.65655000e+05
 6.98466000e+05 6.37314000e+05 5.83429000e+05 5.32468000e+05
 4.85233000e+05 4.45787000e+05 4.04883000e+05 3.69398000e+05
 3.38161000e+05 3.07831000e+05 2.81461000e+05 2.57412000e+05
 2.35135000e+05 2.13170000e+05 1.94590000e+05 1.76083000e+05
 1.59955000e+05 1.44473000e+05 1.31989000e+05 1.18941000e+05
 1.07949000e+05 9.72960000e+04 8.78070000e+04 7.85680000e+04
 7.07610000e+04 6.34450000e+04 5.68410000e+04 5.03170000e+04
 4.44840000e+04 3.97330000e+04 3.53440000e+04 3.08950000e+04
 2.73830000e+04 2.37460000e+04 2.04930000e+04 1.77990000e+04
 1.53940000e+04 1.32040000e+04 1.10340000e+04 9.37400000e+03
 7.79800000e+03 6.48400000e+03 5.31700000e+03 4.17900000e+03
 3.40900000e+03 2.63700000e+03 2.06200000e+03 1.46200000e+03
 1.09200000e+03 8.10000000e+02 4.89000000e+02 2.34000000e+02
 1.60000000e+02 1.22000000e+02 5.90000000e+01 1.10000000e+01]
