Standard Deviation: 2.1425299843661707e-08
Skewness: 0.25373975944637067
Kurtosis: -0.9834361341516678
Median: 5.264256307403087e-08
Mean: 5.932957523254847e-08
Deciles: [4.35361435e-08 7.95532696e-08]
Minimum: 1.3100626307718451e-08
Maximum: 1.2936466989869088e-07
Bin Edges: [1.31006263e-08 1.42632667e-08 1.54259072e-08 1.65885476e-08
 1.77511881e-08 1.89138285e-08 2.00764689e-08 2.12391094e-08
 2.24017498e-08 2.35643902e-08 2.47270307e-08 2.58896711e-08
 2.70523115e-08 2.82149520e-08 2.93775924e-08 3.05402328e-08
 3.17028733e-08 3.28655137e-08 3.40281542e-08 3.51907946e-08
 3.63534350e-08 3.75160755e-08 3.86787159e-08 3.98413563e-08
 4.10039968e-08 4.21666372e-08 4.33292776e-08 4.44919181e-08
 4.56545585e-08 4.68171989e-08 4.79798394e-08 4.91424798e-08
 5.03051203e-08 5.14677607e-08 5.26304011e-08 5.37930416e-08
 5.49556820e-08 5.61183224e-08 5.72809629e-08 5.84436033e-08
 5.96062437e-08 6.07688842e-08 6.19315246e-08 6.30941651e-08
 6.42568055e-08 6.54194459e-08 6.65820864e-08 6.77447268e-08
 6.89073672e-08 7.00700077e-08 7.12326481e-08 7.23952885e-08
 7.35579290e-08 7.47205694e-08 7.58832098e-08 7.70458503e-08
 7.82084907e-08 7.93711312e-08 8.05337716e-08 8.16964120e-08
 8.28590525e-08 8.40216929e-08 8.51843333e-08 8.63469738e-08
 8.75096142e-08 8.86722546e-08 8.98348951e-08 9.09975355e-08
 9.21601759e-08 9.33228164e-08 9.44854568e-08 9.56480973e-08
 9.68107377e-08 9.79733781e-08 9.91360186e-08 1.00298659e-07
 1.01461299e-07 1.02623940e-07 1.03786580e-07 1.04949221e-07
 1.06111861e-07 1.07274502e-07 1.08437142e-07 1.09599782e-07
 1.10762423e-07 1.11925063e-07 1.13087704e-07 1.14250344e-07
 1.15412985e-07 1.16575625e-07 1.17738266e-07 1.18900906e-07
 1.20063546e-07 1.21226187e-07 1.22388827e-07 1.23551468e-07
 1.24714108e-07 1.25876749e-07 1.27039389e-07 1.28202029e-07
 1.29364670e-07]
Frequencies: [6.64632000e+05 3.19816500e+06 7.30537100e+06 1.25829930e+07
 1.70829760e+07 2.06293100e+07 2.20982760e+07 2.29333040e+07
 2.23633470e+07 2.19359270e+07 2.23067050e+07 2.32662780e+07
 2.81042320e+07 3.68247540e+07 4.62169850e+07 5.25014140e+07
 5.47081100e+07 5.88158930e+07 6.22900130e+07 6.52751810e+07
 6.93483700e+07 7.68283730e+07 8.47768940e+07 9.15047700e+07
 9.49534200e+07 9.86825500e+07 1.03303603e+08 1.09092722e+08
 1.17761249e+08 1.48657297e+08 2.19052112e+08 2.13901268e+08
 1.37737405e+08 1.02958937e+08 7.96999580e+07 6.77578090e+07
 6.10118470e+07 5.57601590e+07 4.92017040e+07 4.40916210e+07
 4.06876950e+07 3.85895530e+07 3.69096550e+07 3.61691060e+07
 3.54873340e+07 3.56559080e+07 3.62735020e+07 3.54745110e+07
 3.52351900e+07 3.57752270e+07 4.02124260e+07 4.78082320e+07
 5.37726500e+07 5.74395750e+07 6.36492860e+07 6.74334710e+07
 7.08192240e+07 7.39382210e+07 7.83481520e+07 8.56459010e+07
 9.31258010e+07 9.82019780e+07 8.41650200e+07 7.56659230e+07
 7.26845260e+07 7.13589100e+07 6.49027550e+07 5.81024180e+07
 5.02268070e+07 4.30161620e+07 3.52919890e+07 2.87140850e+07
 2.41918660e+07 2.01067010e+07 1.57727370e+07 1.29074610e+07
 1.14710800e+07 9.83802800e+06 8.24550100e+06 6.87791700e+06
 5.18770000e+06 4.05391600e+06 3.11427300e+06 2.59971700e+06
 1.92399400e+06 1.52162900e+06 1.28790200e+06 9.47880000e+05
 8.29687000e+05 6.34692000e+05 4.30320000e+05 4.20284000e+05
 2.99447000e+05 2.33311000e+05 1.16324000e+05 8.58840000e+04
 5.31780000e+04 3.24860000e+04 2.35480000e+04 9.41000000e+03]
