Standard Deviation: 1.7891185805798139e-07
Skewness: -1.5017646465671748
Kurtosis: 0.8705060905875972
Median: 6.550916643663193e-07
Mean: 5.745380988822148e-07
Deciles: [5.35614124e-07 6.92035330e-07]
Minimum: 5.41846815396806e-08
Maximum: 7.081536169462397e-07
Bin Edges: [5.41846815e-08 6.07243709e-08 6.72640602e-08 7.38037496e-08
 8.03434390e-08 8.68831283e-08 9.34228177e-08 9.99625070e-08
 1.06502196e-07 1.13041886e-07 1.19581575e-07 1.26121264e-07
 1.32660954e-07 1.39200643e-07 1.45740332e-07 1.52280022e-07
 1.58819711e-07 1.65359401e-07 1.71899090e-07 1.78438779e-07
 1.84978469e-07 1.91518158e-07 1.98057847e-07 2.04597537e-07
 2.11137226e-07 2.17676915e-07 2.24216605e-07 2.30756294e-07
 2.37295983e-07 2.43835673e-07 2.50375362e-07 2.56915052e-07
 2.63454741e-07 2.69994430e-07 2.76534120e-07 2.83073809e-07
 2.89613498e-07 2.96153188e-07 3.02692877e-07 3.09232566e-07
 3.15772256e-07 3.22311945e-07 3.28851634e-07 3.35391324e-07
 3.41931013e-07 3.48470702e-07 3.55010392e-07 3.61550081e-07
 3.68089771e-07 3.74629460e-07 3.81169149e-07 3.87708839e-07
 3.94248528e-07 4.00788217e-07 4.07327907e-07 4.13867596e-07
 4.20407285e-07 4.26946975e-07 4.33486664e-07 4.40026353e-07
 4.46566043e-07 4.53105732e-07 4.59645421e-07 4.66185111e-07
 4.72724800e-07 4.79264490e-07 4.85804179e-07 4.92343868e-07
 4.98883558e-07 5.05423247e-07 5.11962936e-07 5.18502626e-07
 5.25042315e-07 5.31582004e-07 5.38121694e-07 5.44661383e-07
 5.51201072e-07 5.57740762e-07 5.64280451e-07 5.70820141e-07
 5.77359830e-07 5.83899519e-07 5.90439209e-07 5.96978898e-07
 6.03518587e-07 6.10058277e-07 6.16597966e-07 6.23137655e-07
 6.29677345e-07 6.36217034e-07 6.42756723e-07 6.49296413e-07
 6.55836102e-07 6.62375791e-07 6.68915481e-07 6.75455170e-07
 6.81994860e-07 6.88534549e-07 6.95074238e-07 7.01613928e-07
 7.08153617e-07]
Frequencies: [5.0457600e+06 8.4096000e+06 1.1773440e+07 1.1773440e+07 1.5137280e+07
 1.6819200e+07 1.8501120e+07 1.6819200e+07 1.1773440e+07 2.3546880e+07
 1.5137280e+07 1.3455360e+07 2.1864960e+07 1.3455360e+07 2.0183040e+07
 1.5137280e+07 1.6819200e+07 1.6819200e+07 2.1864960e+07 1.3455360e+07
 1.6819200e+07 2.1864960e+07 1.3455360e+07 2.3546880e+07 1.3455360e+07
 1.5137280e+07 1.6819200e+07 1.6819200e+07 1.0091520e+07 2.5228800e+07
 1.3455360e+07 1.3455360e+07 1.6819200e+07 1.8501120e+07 1.3455360e+07
 1.6819200e+07 2.0183040e+07 1.1773440e+07 1.6819200e+07 1.3455360e+07
 2.0183040e+07 1.3455360e+07 1.8501120e+07 1.0091520e+07 2.0183040e+07
 1.6819200e+07 1.0091520e+07 1.1773440e+07 1.6819200e+07 1.6819200e+07
 1.6819200e+07 1.3455360e+07 1.0091520e+07 1.8501120e+07 2.0183040e+07
 1.3455360e+07 1.0091520e+07 1.3455360e+07 1.0091520e+07 2.1864960e+07
 1.6819200e+07 1.3455360e+07 6.7276800e+06 1.3455360e+07 2.0183040e+07
 1.1773440e+07 2.3546880e+07 6.7276800e+06 1.0091520e+07 1.3455360e+07
 2.3546880e+07 1.3455360e+07 1.1773440e+07 1.3455360e+07 6.7276800e+06
 1.3455360e+07 2.0183040e+07 1.6819200e+07 1.3455360e+07 1.1773440e+07
 1.3455360e+07 6.7276800e+06 1.0091520e+07 2.6910720e+07 1.3455360e+07
 1.3455360e+07 7.9050240e+07 1.8837504e+08 1.7491968e+08 1.8501120e+08
 1.9173888e+08 1.7828352e+08 1.7491968e+08 1.9173888e+08 1.9173888e+08
 2.0855808e+08 2.1528576e+08 2.4556032e+08 3.0610944e+08 7.0640640e+08]
