Standard Deviation: 1.4323538578052656e-07
Skewness: -1.3468435505952532
Kurtosis: 0.19341148450531476
Median: 4.22978740501726e-07
Mean: 3.528582181197605e-07
Deciles: [3.05552206e-07 4.46832479e-07]
Minimum: 5.545270728699139e-09
Maximum: 4.572397135710865e-07
Bin Edges: [5.54527073e-09 1.00622152e-08 1.45791596e-08 1.90961040e-08
 2.36130484e-08 2.81299929e-08 3.26469373e-08 3.71638817e-08
 4.16808262e-08 4.61977706e-08 5.07147150e-08 5.52316594e-08
 5.97486039e-08 6.42655483e-08 6.87824927e-08 7.32994372e-08
 7.78163816e-08 8.23333260e-08 8.68502704e-08 9.13672149e-08
 9.58841593e-08 1.00401104e-07 1.04918048e-07 1.09434993e-07
 1.13951937e-07 1.18468881e-07 1.22985826e-07 1.27502770e-07
 1.32019715e-07 1.36536659e-07 1.41053604e-07 1.45570548e-07
 1.50087492e-07 1.54604437e-07 1.59121381e-07 1.63638326e-07
 1.68155270e-07 1.72672215e-07 1.77189159e-07 1.81706103e-07
 1.86223048e-07 1.90739992e-07 1.95256937e-07 1.99773881e-07
 2.04290826e-07 2.08807770e-07 2.13324714e-07 2.17841659e-07
 2.22358603e-07 2.26875548e-07 2.31392492e-07 2.35909437e-07
 2.40426381e-07 2.44943325e-07 2.49460270e-07 2.53977214e-07
 2.58494159e-07 2.63011103e-07 2.67528048e-07 2.72044992e-07
 2.76561936e-07 2.81078881e-07 2.85595825e-07 2.90112770e-07
 2.94629714e-07 2.99146659e-07 3.03663603e-07 3.08180547e-07
 3.12697492e-07 3.17214436e-07 3.21731381e-07 3.26248325e-07
 3.30765270e-07 3.35282214e-07 3.39799158e-07 3.44316103e-07
 3.48833047e-07 3.53349992e-07 3.57866936e-07 3.62383881e-07
 3.66900825e-07 3.71417769e-07 3.75934714e-07 3.80451658e-07
 3.84968603e-07 3.89485547e-07 3.94002492e-07 3.98519436e-07
 4.03036380e-07 4.07553325e-07 4.12070269e-07 4.16587214e-07
 4.21104158e-07 4.25621103e-07 4.30138047e-07 4.34654991e-07
 4.39171936e-07 4.43688880e-07 4.48205825e-07 4.52722769e-07
 4.57239714e-07]
Frequencies: [3.1956480e+07 3.7002240e+07 4.0366080e+07 3.8684160e+07 3.3638400e+07
 3.8684160e+07 3.1956480e+07 2.3546880e+07 2.8592640e+07 2.6910720e+07
 2.5228800e+07 2.6910720e+07 2.1864960e+07 2.3546880e+07 2.0183040e+07
 2.1864960e+07 2.0183040e+07 1.6819200e+07 2.5228800e+07 2.0183040e+07
 1.6819200e+07 1.6819200e+07 1.6819200e+07 1.8501120e+07 1.0091520e+07
 2.3546880e+07 1.3455360e+07 1.5137280e+07 1.3455360e+07 2.0183040e+07
 1.3455360e+07 1.3455360e+07 6.7276800e+06 1.5137280e+07 1.6819200e+07
 1.6819200e+07 1.3455360e+07 6.7276800e+06 1.0091520e+07 1.5137280e+07
 2.0183040e+07 1.0091520e+07 1.0091520e+07 1.3455360e+07 6.7276800e+06
 6.7276800e+06 1.5137280e+07 2.0183040e+07 6.7276800e+06 1.3455360e+07
 6.7276800e+06 1.0091520e+07 6.7276800e+06 1.6819200e+07 1.0091520e+07
 1.1773440e+07 1.3455360e+07 3.3638400e+06 1.3455360e+07 3.3638400e+06
 1.0091520e+07 1.3455360e+07 1.3455360e+07 1.0091520e+07 5.0457600e+06
 1.6819200e+07 3.3638400e+06 3.3638400e+06 1.3455360e+07 3.3638400e+06
 1.3455360e+07 1.0091520e+07 1.3455360e+07 6.7276800e+06 6.7276800e+06
 1.1773440e+07 1.0091520e+07 3.3638400e+06 3.3638400e+06 6.7276800e+06
 6.7276800e+06 1.3455360e+07 1.3455360e+07 6.7276800e+06 1.0091520e+07
 6.7276800e+06 6.7276800e+06 1.0259712e+08 1.9846656e+08 2.0183040e+08
 1.9846656e+08 1.9173888e+08 1.9173888e+08 1.8501120e+08 2.0855808e+08
 2.1192192e+08 2.2537728e+08 2.6237952e+08 3.0610944e+08 7.5013632e+08]
