Standard Deviation: 5931.624169509047
Skewness: -3.6048410652535123
Kurtosis: 15.498897943521978
Median: 95779.13569925397
Mean: 93630.18838039893
Deciles: [93275.40420373 96433.59368141]
Minimum: 50574.692542788885
Maximum: 102062.317910827
Bin Edges: [ 50574.69254279  51089.56879647  51604.44505015  52119.32130383
  52634.19755751  53149.07381119  53663.95006487  54178.82631855
  54693.70257223  55208.57882591  55723.45507959  56238.33133327
  56753.20758695  57268.08384063  57782.96009431  58297.83634799
  58812.71260167  59327.58885536  59842.46510904  60357.34136272
  60872.2176164   61387.09387008  61901.97012376  62416.84637744
  62931.72263112  63446.5988848   63961.47513848  64476.35139216
  64991.22764584  65506.10389952  66020.9801532   66535.85640688
  67050.73266056  67565.60891424  68080.48516792  68595.3614216
  69110.23767528  69625.11392896  70139.99018264  70654.86643632
  71169.74269     71684.61894368  72199.49519736  72714.37145105
  73229.24770473  73744.12395841  74259.00021209  74773.87646577
  75288.75271945  75803.62897313  76318.50522681  76833.38148049
  77348.25773417  77863.13398785  78378.01024153  78892.88649521
  79407.76274889  79922.63900257  80437.51525625  80952.39150993
  81467.26776361  81982.14401729  82497.02027097  83011.89652465
  83526.77277833  84041.64903201  84556.52528569  85071.40153937
  85586.27779305  86101.15404674  86616.03030042  87130.9065541
  87645.78280778  88160.65906146  88675.53531514  89190.41156882
  89705.2878225   90220.16407618  90735.04032986  91249.91658354
  91764.79283722  92279.6690909   92794.54534458  93309.42159826
  93824.29785194  94339.17410562  94854.0503593   95368.92661298
  95883.80286666  96398.67912034  96913.55537402  97428.4316277
  97943.30788138  98458.18413506  98973.06038874  99487.93664243
 100002.81289611 100517.68914979 101032.56540347 101547.44165715
 102062.31791083]
Frequencies: [3.24700000e+03 3.43760000e+04 2.14012000e+05 6.12063000e+05
 1.43533000e+06 2.30397700e+06 1.80202800e+06 1.15344100e+06
 7.14157000e+05 1.20462700e+06 1.22384100e+06 1.33601200e+06
 1.95257500e+06 2.31425600e+06 2.51995500e+06 2.48773000e+06
 2.11066500e+06 2.18244900e+06 2.48702500e+06 2.45461800e+06
 2.42623300e+06 3.17838500e+06 3.45430700e+06 3.28083100e+06
 3.14557500e+06 3.40240600e+06 2.82764100e+06 2.90280500e+06
 3.03415800e+06 3.03348500e+06 3.40175200e+06 3.36264500e+06
 2.61021600e+06 2.75447400e+06 2.95381700e+06 3.15654500e+06
 2.69484200e+06 2.25256500e+06 2.54093100e+06 2.69121500e+06
 2.64542100e+06 3.26721500e+06 3.11846400e+06 3.65982400e+06
 3.32332400e+06 2.83760300e+06 3.36972300e+06 3.89896600e+06
 4.07788300e+06 3.97736000e+06 4.66625500e+06 4.96991700e+06
 5.92658300e+06 6.74985100e+06 6.67534600e+06 7.58851900e+06
 7.57407800e+06 7.66260500e+06 8.11978200e+06 9.62523200e+06
 1.14691460e+07 1.23376660e+07 1.39266280e+07 1.63872500e+07
 1.89315660e+07 1.86620140e+07 1.91329730e+07 1.97260660e+07
 2.07127900e+07 2.09699570e+07 2.13203200e+07 2.08863200e+07
 2.26446040e+07 2.73754200e+07 3.06533520e+07 3.66760640e+07
 4.54878420e+07 5.31497890e+07 6.70524880e+07 8.21708750e+07
 9.96509420e+07 1.25561581e+08 1.47194028e+08 1.61996781e+08
 1.79611193e+08 2.07210758e+08 2.53269380e+08 4.68669780e+08
 9.36710193e+08 6.26285215e+08 3.58802163e+08 1.50625148e+08
 4.19595740e+07 8.46057100e+06 1.66038400e+06 3.41380000e+05
 8.73270000e+04 2.18880000e+04 5.56100000e+03 1.86000000e+03]
