Standard Deviation: 2.1352639775001067e-08
Skewness: 0.22271780510147404
Kurtosis: -0.9347879953533251
Median: 6.15202830330286e-08
Mean: 6.674736797039482e-08
Deciles: [5.08361601e-08 8.60749820e-08]
Minimum: 1.9280404821063987e-08
Maximum: 1.4346705415716046e-07
Bin Edges: [1.92804048e-08 2.05222713e-08 2.17641378e-08 2.30060043e-08
 2.42478708e-08 2.54897373e-08 2.67316038e-08 2.79734703e-08
 2.92153368e-08 3.04572033e-08 3.16990698e-08 3.29409362e-08
 3.41828027e-08 3.54246692e-08 3.66665357e-08 3.79084022e-08
 3.91502687e-08 4.03921352e-08 4.16340017e-08 4.28758682e-08
 4.41177347e-08 4.53596012e-08 4.66014677e-08 4.78433342e-08
 4.90852007e-08 5.03270672e-08 5.15689336e-08 5.28108001e-08
 5.40526666e-08 5.52945331e-08 5.65363996e-08 5.77782661e-08
 5.90201326e-08 6.02619991e-08 6.15038656e-08 6.27457321e-08
 6.39875986e-08 6.52294651e-08 6.64713316e-08 6.77131981e-08
 6.89550646e-08 7.01969310e-08 7.14387975e-08 7.26806640e-08
 7.39225305e-08 7.51643970e-08 7.64062635e-08 7.76481300e-08
 7.88899965e-08 8.01318630e-08 8.13737295e-08 8.26155960e-08
 8.38574625e-08 8.50993290e-08 8.63411955e-08 8.75830620e-08
 8.88249284e-08 9.00667949e-08 9.13086614e-08 9.25505279e-08
 9.37923944e-08 9.50342609e-08 9.62761274e-08 9.75179939e-08
 9.87598604e-08 1.00001727e-07 1.01243593e-07 1.02485460e-07
 1.03727326e-07 1.04969193e-07 1.06211059e-07 1.07452926e-07
 1.08694792e-07 1.09936659e-07 1.11178525e-07 1.12420392e-07
 1.13662258e-07 1.14904125e-07 1.16145991e-07 1.17387858e-07
 1.18629724e-07 1.19871591e-07 1.21113457e-07 1.22355324e-07
 1.23597190e-07 1.24839057e-07 1.26080923e-07 1.27322790e-07
 1.28564656e-07 1.29806523e-07 1.31048389e-07 1.32290256e-07
 1.33532122e-07 1.34773989e-07 1.36015855e-07 1.37257722e-07
 1.38499588e-07 1.39741455e-07 1.40983321e-07 1.42225188e-07
 1.43467054e-07]
Frequencies: [1.85403200e+06 5.61008700e+06 1.01044380e+07 1.33450990e+07
 1.64421430e+07 2.01295600e+07 2.09182240e+07 2.15467400e+07
 2.15658920e+07 2.20479610e+07 2.37118870e+07 2.40190880e+07
 2.41855860e+07 2.83358690e+07 3.85435050e+07 4.68745880e+07
 5.14894460e+07 5.45635330e+07 5.85755680e+07 6.40576700e+07
 7.06398520e+07 7.71683150e+07 8.65205390e+07 1.04177524e+08
 1.48839059e+08 2.19338870e+08 2.59522408e+08 1.70390142e+08
 1.28725509e+08 1.08818396e+08 9.50335500e+07 8.45325650e+07
 7.68926190e+07 7.11573480e+07 6.65579050e+07 6.10828950e+07
 5.75244580e+07 5.47806570e+07 5.21767190e+07 4.91970890e+07
 4.68745510e+07 4.42268210e+07 4.22049430e+07 4.15902890e+07
 4.11740610e+07 4.07728880e+07 4.26852860e+07 4.56106830e+07
 5.28046470e+07 6.27906940e+07 7.44839270e+07 8.60674230e+07
 9.39957390e+07 1.02144349e+08 1.07776734e+08 1.08755627e+08
 9.91824510e+07 8.98757060e+07 7.77743000e+07 6.90043490e+07
 6.46478870e+07 6.10480440e+07 5.86032300e+07 5.70798520e+07
 5.32539980e+07 4.47892570e+07 3.68853730e+07 3.05874180e+07
 2.60840520e+07 2.29667730e+07 1.97261730e+07 1.59220430e+07
 1.21616840e+07 9.99728700e+06 8.94865400e+06 7.69747400e+06
 6.45212600e+06 5.14526300e+06 4.16393700e+06 3.31755200e+06
 2.64164500e+06 1.85758200e+06 1.50712500e+06 1.31332100e+06
 9.59128000e+05 7.19300000e+05 4.74283000e+05 3.17128000e+05
 2.66025000e+05 2.13194000e+05 1.65626000e+05 9.72260000e+04
 1.09203000e+05 9.31890000e+04 8.41310000e+04 2.98930000e+04
 2.60510000e+04 1.63220000e+04 1.48770000e+04 7.87100000e+03]
