Standard Deviation: 22.32107987888295
Skewness: 1.0470887484004838
Kurtosis: 1.8246741223470604
Median: -0.945017941992805
Mean: 2.1990749722583494
Deciles: [-11.40319372  11.65603085]
Minimum: -111.290707980313
Maximum: 140.99413929084162
Bin Edges: [-111.29070798 -108.76785951 -106.24501103 -103.72216256 -101.19931409
  -98.67646562  -96.15361714  -93.63076867  -91.1079202   -88.58507173
  -86.06222325  -83.53937478  -81.01652631  -78.49367784  -75.97082936
  -73.44798089  -70.92513242  -68.40228394  -65.87943547  -63.356587
  -60.83373853  -58.31089005  -55.78804158  -53.26519311  -50.74234464
  -48.21949616  -45.69664769  -43.17379922  -40.65095074  -38.12810227
  -35.6052538   -33.08240533  -30.55955685  -28.03670838  -25.51385991
  -22.99101144  -20.46816296  -17.94531449  -15.42246602  -12.89961754
  -10.37676907   -7.8539206    -5.33107213   -2.80822365   -0.28537518
    2.23747329    4.76032176    7.28317024    9.80601871   12.32886718
   14.85171566   17.37456413   19.8974126    22.42026107   24.94310955
   27.46595802   29.98880649   32.51165496   35.03450344   37.55735191
   40.08020038   42.60304886   45.12589733   47.6487458    50.17159427
   52.69444275   55.21729122   57.74013969   60.26298816   62.78583664
   65.30868511   67.83153358   70.35438205   72.87723053   75.400079
   77.92292747   80.44577595   82.96862442   85.49147289   88.01432136
   90.53716984   93.06001831   95.58286678   98.10571525  100.62856373
  103.1514122   105.67426067  108.19710915  110.71995762  113.24280609
  115.76565456  118.28850304  120.81135151  123.33419998  125.85704845
  128.37989693  130.9027454   133.42559387  135.94844235  138.47129082
  140.99413929]
Frequencies: [1.80000000e+01 8.00000000e+00 2.20000000e+01 2.20000000e+01
 5.20000000e+01 1.53000000e+02 2.06000000e+02 3.81000000e+02
 9.28000000e+02 1.21700000e+03 1.95800000e+03 2.05300000e+03
 2.84800000e+03 4.22900000e+03 5.34600000e+03 6.93200000e+03
 8.52300000e+03 1.07600000e+04 1.34350000e+04 1.82080000e+04
 2.36770000e+04 3.12600000e+04 5.01600000e+04 1.44957000e+05
 6.03502000e+05 2.40843300e+06 7.15692100e+06 1.55616470e+07
 2.48718060e+07 3.27903700e+07 4.19887290e+07 5.52323610e+07
 7.35700480e+07 9.35289170e+07 1.10255051e+08 1.22239112e+08
 1.32871159e+08 1.46541922e+08 1.65533913e+08 1.91633410e+08
 2.31008872e+08 2.81102935e+08 3.12650590e+08 3.06464010e+08
 2.78054905e+08 2.47375194e+08 2.18506887e+08 1.90915040e+08
 1.63819438e+08 1.38497367e+08 1.16307438e+08 9.77750990e+07
 8.28783230e+07 7.11832000e+07 6.15362770e+07 5.35713340e+07
 4.69341610e+07 4.18046460e+07 3.79367860e+07 3.47353020e+07
 3.18753630e+07 2.92990830e+07 2.69319930e+07 2.47985490e+07
 2.28261070e+07 2.10524650e+07 1.94433420e+07 1.78290560e+07
 1.62598860e+07 1.47303080e+07 1.32474400e+07 1.18909940e+07
 1.05381960e+07 9.24850100e+06 8.09970700e+06 6.90765300e+06
 5.72153800e+06 4.64261600e+06 3.79281900e+06 3.04242500e+06
 2.37281200e+06 1.82237500e+06 1.37879200e+06 1.01745500e+06
 7.44749000e+05 5.32198000e+05 3.58741000e+05 2.36264000e+05
 1.50062000e+05 9.56670000e+04 5.70790000e+04 3.45260000e+04
 1.88430000e+04 8.14600000e+03 3.17400000e+03 1.21500000e+03
 7.06000000e+02 3.59000000e+02 1.82000000e+02 1.56000000e+02]
