Standard Deviation: 9.127948928267518
Skewness: 0.5799519887167173
Kurtosis: 0.2640066759368729
Median: -0.7105221003308091
Mean: 0.3869690203224415
Deciles: [-6.41392543  5.95207662]
Minimum: -58.73178580126282
Maximum: 50.44388521582154
Bin Edges: [-58.7317858  -57.64002909 -56.54827238 -55.45651567 -54.36475896
 -53.27300225 -52.18124554 -51.08948883 -49.99773212 -48.90597541
 -47.8142187  -46.72246199 -45.63070528 -44.53894857 -43.44719186
 -42.35543515 -41.26367844 -40.17192173 -39.08016502 -37.98840831
 -36.8966516  -35.80489489 -34.71313818 -33.62138147 -32.52962476
 -31.43786805 -30.34611134 -29.25435463 -28.16259792 -27.07084121
 -25.9790845  -24.88732779 -23.79557108 -22.70381437 -21.61205766
 -20.52030095 -19.42854424 -18.33678752 -17.24503081 -16.1532741
 -15.06151739 -13.96976068 -12.87800397 -11.78624726 -10.69449055
  -9.60273384  -8.51097713  -7.41922042  -6.32746371  -5.235707
  -4.14395029  -3.05219358  -1.96043687  -0.86868016   0.22307655
   1.31483326   2.40658997   3.49834668   4.59010339   5.6818601
   6.77361681   7.86537352   8.95713023  10.04888694  11.14064365
  12.23240036  13.32415707  14.41591378  15.50767049  16.5994272
  17.69118391  18.78294062  19.87469733  20.96645404  22.05821075
  23.14996746  24.24172417  25.33348088  26.42523759  27.5169943
  28.60875101  29.70050772  30.79226443  31.88402114  32.97577785
  34.06753456  35.15929127  36.25104798  37.34280469  38.4345614
  39.52631811  40.61807482  41.70983153  42.80158824  43.89334495
  44.98510166  46.07685838  47.16861509  48.2603718   49.35212851
  50.44388522]
Frequencies: [1.60000000e+01 1.10000000e+01 1.40000000e+01 1.90000000e+01
 4.00000000e+01 5.00000000e+01 8.70000000e+01 1.08000000e+02
 2.64000000e+02 4.97000000e+02 8.06000000e+02 1.22000000e+03
 1.81600000e+03 2.81700000e+03 4.13800000e+03 6.59600000e+03
 9.47200000e+03 1.38320000e+04 2.08600000e+04 3.17650000e+04
 4.62020000e+04 6.73890000e+04 1.01380000e+05 1.45779000e+05
 2.03800000e+05 2.71008000e+05 3.54577000e+05 4.61611000e+05
 6.02683000e+05 7.89634000e+05 1.02757200e+06 1.32401800e+06
 1.69462200e+06 2.21010400e+06 2.94232900e+06 4.08339400e+06
 5.91038600e+06 9.01481900e+06 1.44721420e+07 2.38438210e+07
 3.90135990e+07 6.17217270e+07 9.24282000e+07 1.28246151e+08
 1.62356570e+08 1.87366368e+08 2.01774388e+08 2.09525596e+08
 2.14545388e+08 2.18218880e+08 2.19706071e+08 2.18947710e+08
 2.16117268e+08 2.11454800e+08 2.05401940e+08 1.97096082e+08
 1.85985617e+08 1.72330527e+08 1.57370558e+08 1.42502503e+08
 1.28581181e+08 1.15799653e+08 1.04170846e+08 9.35474130e+07
 8.36431240e+07 7.43594630e+07 6.56474870e+07 5.75668470e+07
 5.02231970e+07 4.36298930e+07 3.76302600e+07 3.22097870e+07
 2.73884370e+07 2.30921790e+07 1.93106890e+07 1.59881030e+07
 1.30628520e+07 1.05314320e+07 8.37225100e+06 6.61117600e+06
 5.18037900e+06 3.97001700e+06 2.95678900e+06 2.10899700e+06
 1.44282500e+06 9.59312000e+05 6.14722000e+05 3.73998000e+05
 2.15525000e+05 1.14375000e+05 5.76790000e+04 2.75060000e+04
 1.30060000e+04 6.15700000e+03 2.73100000e+03 1.17500000e+03
 5.13000000e+02 2.48000000e+02 1.07000000e+02 2.80000000e+01]
