Standard Deviation: 5.47007552683055e-16
Skewness: 479.5222625165413
Kurtosis: 377501.701173454
Median: 2.7974133517975335e-20
Mean: 4.510549021891307e-18
Deciles: [7.19286607e-21 1.00585799e-19]
Minimum: 3.9380493467841e-27
Maximum: 1.1644338732571403e-12
Bin Edges: [3.93804935e-27 1.16443387e-14 2.32886775e-14 3.49330162e-14
 4.65773549e-14 5.82216937e-14 6.98660324e-14 8.15103711e-14
 9.31547099e-14 1.04799049e-13 1.16443387e-13 1.28087726e-13
 1.39732065e-13 1.51376404e-13 1.63020742e-13 1.74665081e-13
 1.86309420e-13 1.97953758e-13 2.09598097e-13 2.21242436e-13
 2.32886775e-13 2.44531113e-13 2.56175452e-13 2.67819791e-13
 2.79464130e-13 2.91108468e-13 3.02752807e-13 3.14397146e-13
 3.26041485e-13 3.37685823e-13 3.49330162e-13 3.60974501e-13
 3.72618839e-13 3.84263178e-13 3.95907517e-13 4.07551856e-13
 4.19196194e-13 4.30840533e-13 4.42484872e-13 4.54129211e-13
 4.65773549e-13 4.77417888e-13 4.89062227e-13 5.00706566e-13
 5.12350904e-13 5.23995243e-13 5.35639582e-13 5.47283920e-13
 5.58928259e-13 5.70572598e-13 5.82216937e-13 5.93861275e-13
 6.05505614e-13 6.17149953e-13 6.28794292e-13 6.40438630e-13
 6.52082969e-13 6.63727308e-13 6.75371646e-13 6.87015985e-13
 6.98660324e-13 7.10304663e-13 7.21949001e-13 7.33593340e-13
 7.45237679e-13 7.56882018e-13 7.68526356e-13 7.80170695e-13
 7.91815034e-13 8.03459373e-13 8.15103711e-13 8.26748050e-13
 8.38392389e-13 8.50036727e-13 8.61681066e-13 8.73325405e-13
 8.84969744e-13 8.96614082e-13 9.08258421e-13 9.19902760e-13
 9.31547099e-13 9.43191437e-13 9.54835776e-13 9.66480115e-13
 9.78124454e-13 9.89768792e-13 1.00141313e-12 1.01305747e-12
 1.02470181e-12 1.03634615e-12 1.04799049e-12 1.05963482e-12
 1.07127916e-12 1.08292350e-12 1.09456784e-12 1.10621218e-12
 1.11785652e-12 1.12950086e-12 1.14114520e-12 1.15278953e-12
 1.16443387e-12]
Frequencies: [4.54092117e+09 1.25215000e+05 4.72360000e+04 2.49500000e+04
 1.52260000e+04 1.11500000e+04 8.25500000e+03 6.19500000e+03
 3.92500000e+03 3.14200000e+03 2.39200000e+03 1.97700000e+03
 1.76000000e+03 1.57100000e+03 1.16200000e+03 1.03300000e+03
 8.80000000e+02 7.98000000e+02 6.29000000e+02 5.81000000e+02
 4.80000000e+02 3.77000000e+02 3.84000000e+02 3.82000000e+02
 3.01000000e+02 2.80000000e+02 2.49000000e+02 2.40000000e+02
 2.23000000e+02 1.96000000e+02 1.37000000e+02 1.28000000e+02
 1.22000000e+02 1.19000000e+02 1.18000000e+02 1.01000000e+02
 1.10000000e+02 8.30000000e+01 8.90000000e+01 7.10000000e+01
 6.60000000e+01 6.00000000e+01 3.90000000e+01 4.40000000e+01
 3.30000000e+01 3.00000000e+01 3.10000000e+01 4.10000000e+01
 3.20000000e+01 2.30000000e+01 1.70000000e+01 1.30000000e+01
 7.00000000e+00 8.00000000e+00 7.00000000e+00 8.00000000e+00
 7.00000000e+00 8.00000000e+00 2.00000000e+00 4.00000000e+00
 1.10000000e+01 3.00000000e+00 4.00000000e+00 2.00000000e+00
 2.00000000e+00 3.00000000e+00 3.00000000e+00 6.00000000e+00
 4.00000000e+00 8.00000000e+00 1.00000000e+00 1.00000000e+00
 1.00000000e+00 3.00000000e+00 1.00000000e+00 3.00000000e+00
 2.00000000e+00 4.00000000e+00 6.00000000e+00 2.00000000e+00
 2.00000000e+00 0.00000000e+00 1.00000000e+00 1.00000000e+00
 0.00000000e+00 0.00000000e+00 1.00000000e+00 1.00000000e+00
 0.00000000e+00 1.00000000e+00 0.00000000e+00 1.00000000e+00
 0.00000000e+00 2.00000000e+00 1.00000000e+00 0.00000000e+00
 2.00000000e+00 0.00000000e+00 1.00000000e+00 1.00000000e+00]
