Standard Deviation: 16.355496310994464
Skewness: 0.7037240306021778
Kurtosis: 0.3742378310944958
Median: 8.439684894303397
Mean: 10.95966350352253
Deciles: [-1.38375829 21.07619794]
Minimum: -60.1142685831275
Maximum: 116.79427513930737
Bin Edges: [-6.01142686e+01 -5.83451831e+01 -5.65760977e+01 -5.48070123e+01
 -5.30379268e+01 -5.12688414e+01 -4.94997560e+01 -4.77306705e+01
 -4.59615851e+01 -4.41924996e+01 -4.24234142e+01 -4.06543288e+01
 -3.88852433e+01 -3.71161579e+01 -3.53470725e+01 -3.35779870e+01
 -3.18089016e+01 -3.00398162e+01 -2.82707307e+01 -2.65016453e+01
 -2.47325598e+01 -2.29634744e+01 -2.11943890e+01 -1.94253035e+01
 -1.76562181e+01 -1.58871327e+01 -1.41180472e+01 -1.23489618e+01
 -1.05798763e+01 -8.81079090e+00 -7.04170547e+00 -5.27262003e+00
 -3.50353459e+00 -1.73444915e+00  3.46362825e-02  1.80372172e+00
  3.57280716e+00  5.34189259e+00  7.11097803e+00  8.88006347e+00
  1.06491489e+01  1.24182343e+01  1.41873198e+01  1.59564052e+01
  1.77254907e+01  1.94945761e+01  2.12636615e+01  2.30327470e+01
  2.48018324e+01  2.65709178e+01  2.83400033e+01  3.01090887e+01
  3.18781742e+01  3.36472596e+01  3.54163450e+01  3.71854305e+01
  3.89545159e+01  4.07236013e+01  4.24926868e+01  4.42617722e+01
  4.60308577e+01  4.77999431e+01  4.95690285e+01  5.13381140e+01
  5.31071994e+01  5.48762848e+01  5.66453703e+01  5.84144557e+01
  6.01835411e+01  6.19526266e+01  6.37217120e+01  6.54907975e+01
  6.72598829e+01  6.90289683e+01  7.07980538e+01  7.25671392e+01
  7.43362246e+01  7.61053101e+01  7.78743955e+01  7.96434810e+01
  8.14125664e+01  8.31816518e+01  8.49507373e+01  8.67198227e+01
  8.84889081e+01  9.02579936e+01  9.20270790e+01  9.37961645e+01
  9.55652499e+01  9.73343353e+01  9.91034208e+01  1.00872506e+02
  1.02641592e+02  1.04410677e+02  1.06179763e+02  1.07948848e+02
  1.09717933e+02  1.11487019e+02  1.13256104e+02  1.15025190e+02
  1.16794275e+02]
Frequencies: [8.40000000e+01 3.00000000e+02 7.71000000e+02 1.59700000e+03
 3.27100000e+03 5.70000000e+03 1.03690000e+04 1.79240000e+04
 2.85910000e+04 4.15680000e+04 6.38340000e+04 9.46390000e+04
 1.38325000e+05 2.02208000e+05 2.95745000e+05 4.31764000e+05
 6.33766000e+05 9.31225000e+05 1.41179100e+06 2.20458300e+06
 3.47700000e+06 5.62258200e+06 9.19940800e+06 1.50433970e+07
 2.43750880e+07 3.88762010e+07 5.94713070e+07 8.64675960e+07
 1.17875530e+08 1.49083522e+08 1.75662077e+08 1.95014504e+08
 2.06797598e+08 2.12092343e+08 2.12310040e+08 2.08900746e+08
 2.03527400e+08 1.97004735e+08 1.89844206e+08 1.82394250e+08
 1.74466831e+08 1.66338599e+08 1.57955251e+08 1.49285058e+08
 1.40377010e+08 1.31410273e+08 1.22362336e+08 1.13199971e+08
 1.04041455e+08 9.50540840e+07 8.63660520e+07 7.80873330e+07
 7.02256210e+07 6.27449220e+07 5.57943070e+07 4.93292290e+07
 4.32634180e+07 3.76904120e+07 3.27006370e+07 2.82135040e+07
 2.41744390e+07 2.06041730e+07 1.74418810e+07 1.47045280e+07
 1.23223530e+07 1.02583390e+07 8.49156300e+06 6.98395600e+06
 5.72724400e+06 4.65204600e+06 3.75866600e+06 3.02863200e+06
 2.41347600e+06 1.91550400e+06 1.50009700e+06 1.16250500e+06
 9.06462000e+05 6.95452000e+05 5.29643000e+05 3.98762000e+05
 3.00593000e+05 2.22578000e+05 1.64133000e+05 1.19135000e+05
 8.38220000e+04 5.68890000e+04 3.95860000e+04 2.70830000e+04
 1.65350000e+04 9.70000000e+03 4.75300000e+03 2.34600000e+03
 1.11900000e+03 8.53000000e+02 4.73000000e+02 2.20000000e+02
 1.73000000e+02 1.61000000e+02 1.19000000e+02 1.20000000e+02]
