Standard Deviation: 2.5110999930901316e-05
Skewness: 5.25559114835441
Kurtosis: 34.02841308350348
Median: 6.703161424565848e-10
Mean: 7.4039014149215445e-06
Deciles: [0.00000000e+00 9.05034554e-07]
Minimum: 0.0
Maximum: 0.0007151178098123525
Bin Edges: [0.00000000e+00 7.15117810e-06 1.43023562e-05 2.14535343e-05
 2.86047124e-05 3.57558905e-05 4.29070686e-05 5.00582467e-05
 5.72094248e-05 6.43606029e-05 7.15117810e-05 7.86629591e-05
 8.58141372e-05 9.29653153e-05 1.00116493e-04 1.07267671e-04
 1.14418850e-04 1.21570028e-04 1.28721206e-04 1.35872384e-04
 1.43023562e-04 1.50174740e-04 1.57325918e-04 1.64477096e-04
 1.71628274e-04 1.78779452e-04 1.85930631e-04 1.93081809e-04
 2.00232987e-04 2.07384165e-04 2.14535343e-04 2.21686521e-04
 2.28837699e-04 2.35988877e-04 2.43140055e-04 2.50291233e-04
 2.57442412e-04 2.64593590e-04 2.71744768e-04 2.78895946e-04
 2.86047124e-04 2.93198302e-04 3.00349480e-04 3.07500658e-04
 3.14651836e-04 3.21803014e-04 3.28954193e-04 3.36105371e-04
 3.43256549e-04 3.50407727e-04 3.57558905e-04 3.64710083e-04
 3.71861261e-04 3.79012439e-04 3.86163617e-04 3.93314795e-04
 4.00465973e-04 4.07617152e-04 4.14768330e-04 4.21919508e-04
 4.29070686e-04 4.36221864e-04 4.43373042e-04 4.50524220e-04
 4.57675398e-04 4.64826576e-04 4.71977754e-04 4.79128933e-04
 4.86280111e-04 4.93431289e-04 5.00582467e-04 5.07733645e-04
 5.14884823e-04 5.22036001e-04 5.29187179e-04 5.36338357e-04
 5.43489535e-04 5.50640714e-04 5.57791892e-04 5.64943070e-04
 5.72094248e-04 5.79245426e-04 5.86396604e-04 5.93547782e-04
 6.00698960e-04 6.07850138e-04 6.15001316e-04 6.22152495e-04
 6.29303673e-04 6.36454851e-04 6.43606029e-04 6.50757207e-04
 6.57908385e-04 6.65059563e-04 6.72210741e-04 6.79361919e-04
 6.86513097e-04 6.93664276e-04 7.00815454e-04 7.07966632e-04
 7.15117810e-04]
Frequencies: [3.87549138e+09 1.70525848e+08 9.83736660e+07 6.60387550e+07
 4.80891180e+07 3.71630160e+07 3.00293590e+07 2.51092350e+07
 2.15366450e+07 1.88256150e+07 1.66880940e+07 1.49387830e+07
 1.34658290e+07 1.21987110e+07 1.10863430e+07 1.00822680e+07
 9.15479200e+06 8.26805900e+06 7.41363600e+06 6.59437000e+06
 5.80393100e+06 5.07910200e+06 4.40592200e+06 3.81102500e+06
 3.28272200e+06 2.81496600e+06 2.40200800e+06 2.04019700e+06
 1.73325800e+06 1.46610800e+06 1.23389800e+06 1.03623300e+06
 8.66347000e+05 7.22885000e+05 6.02483000e+05 5.00133000e+05
 4.12121000e+05 3.40843000e+05 2.80076000e+05 2.30699000e+05
 1.88429000e+05 1.53607000e+05 1.25805000e+05 1.03681000e+05
 8.50450000e+04 6.94310000e+04 5.71160000e+04 4.74090000e+04
 3.86130000e+04 3.18390000e+04 2.65300000e+04 2.14300000e+04
 1.78110000e+04 1.45110000e+04 1.19670000e+04 9.82400000e+03
 7.91000000e+03 6.64300000e+03 5.35400000e+03 4.49200000e+03
 3.67900000e+03 2.98400000e+03 2.40200000e+03 1.89700000e+03
 1.57900000e+03 1.21900000e+03 9.86000000e+02 6.72000000e+02
 5.71000000e+02 4.63000000e+02 3.64000000e+02 2.79000000e+02
 2.31000000e+02 1.76000000e+02 1.23000000e+02 1.05000000e+02
 6.30000000e+01 5.70000000e+01 3.60000000e+01 4.50000000e+01
 2.60000000e+01 2.20000000e+01 1.30000000e+01 2.20000000e+01
 1.50000000e+01 1.00000000e+01 6.00000000e+00 5.00000000e+00
 5.00000000e+00 4.00000000e+00 0.00000000e+00 3.00000000e+00
 1.00000000e+00 2.00000000e+00 2.00000000e+00 1.00000000e+00
 0.00000000e+00 0.00000000e+00 0.00000000e+00 1.00000000e+00]
