Standard Deviation: 5.796052382464602
Skewness: -0.21322913321493348
Kurtosis: 1.1979338611793624
Median: 0.20512027920397297
Mean: 0.06466253167508662
Deciles: [-3.35344027  3.73487664]
Minimum: -47.074955139143235
Maximum: 49.83515292699557
Bin Edges: [-47.07495514 -46.10585406 -45.13675298 -44.1676519  -43.19855082
 -42.22944974 -41.26034866 -40.29124757 -39.32214649 -38.35304541
 -37.38394433 -36.41484325 -35.44574217 -34.47664109 -33.50754001
 -32.53843893 -31.56933785 -30.60023677 -29.63113569 -28.66203461
 -27.69293353 -26.72383245 -25.75473136 -24.78563028 -23.8165292
 -22.84742812 -21.87832704 -20.90922596 -19.94012488 -18.9710238
 -18.00192272 -17.03282164 -16.06372056 -15.09461948 -14.1255184
 -13.15641732 -12.18731624 -11.21821515 -10.24911407  -9.28001299
  -8.31091191  -7.34181083  -6.37270975  -5.40360867  -4.43450759
  -3.46540651  -2.49630543  -1.52720435  -0.55810327   0.41099781
   1.38009889   2.34919997   3.31830106   4.28740214   5.25650322
   6.2256043    7.19470538   8.16380646   9.13290754  10.10200862
  11.0711097   12.04021078  13.00931186  13.97841294  14.94751402
  15.9166151   16.88571618  17.85481727  18.82391835  19.79301943
  20.76212051  21.73122159  22.70032267  23.66942375  24.63852483
  25.60762591  26.57672699  27.54582807  28.51492915  29.48403023
  30.45313131  31.42223239  32.39133348  33.36043456  34.32953564
  35.29863672  36.2677378   37.23683888  38.20593996  39.17504104
  40.14414212  41.1132432   42.08234428  43.05144536  44.02054644
  44.98964752  45.9587486   46.92784969  47.89695077  48.86605185
  49.83515293]
Frequencies: [1.60000000e+01 1.40000000e+01 2.60000000e+01 6.50000000e+01
 6.80000000e+01 1.14000000e+02 2.77000000e+02 3.63000000e+02
 6.49000000e+02 1.05800000e+03 1.70500000e+03 2.84000000e+03
 4.61100000e+03 8.09200000e+03 1.40570000e+04 2.38120000e+04
 3.91990000e+04 6.35060000e+04 1.04443000e+05 1.67775000e+05
 2.66332000e+05 4.12697000e+05 6.26950000e+05 9.34784000e+05
 1.36381500e+06 1.93726700e+06 2.69145000e+06 3.66553700e+06
 4.90905400e+06 6.44486300e+06 8.34116500e+06 1.06901690e+07
 1.35158000e+07 1.69960340e+07 2.12822050e+07 2.66216050e+07
 3.33757560e+07 4.19545740e+07 5.30084010e+07 6.75767160e+07
 8.73698800e+07 1.14531445e+08 1.50312202e+08 1.94106365e+08
 2.41204244e+08 2.82091398e+08 3.08429538e+08 3.20688462e+08
 3.23726044e+08 3.25229029e+08 3.19765286e+08 3.00915539e+08
 2.70259059e+08 2.32289709e+08 1.90952276e+08 1.49642067e+08
 1.12169442e+08 8.18013450e+07 5.90107180e+07 4.26717160e+07
 3.10360620e+07 2.26867430e+07 1.66720980e+07 1.22796980e+07
 9.04370000e+06 6.67060300e+06 4.93194600e+06 3.65088700e+06
 2.71277100e+06 2.00700500e+06 1.48561200e+06 1.09977100e+06
 8.04552000e+05 5.82214000e+05 4.11704000e+05 2.88088000e+05
 2.00800000e+05 1.38069000e+05 9.29060000e+04 6.24030000e+04
 4.09200000e+04 2.55240000e+04 1.64800000e+04 1.04620000e+04
 6.69300000e+03 4.36300000e+03 2.78900000e+03 1.88900000e+03
 1.24800000e+03 8.09000000e+02 5.68000000e+02 4.07000000e+02
 2.21000000e+02 1.76000000e+02 8.70000000e+01 3.70000000e+01
 2.50000000e+01 2.30000000e+01 1.10000000e+01 8.00000000e+00]
