Standard Deviation: 6.489030676679579
Skewness: -0.0053422647670205905
Kurtosis: 2.6235879496680807
Median: 0.01853697550696408
Mean: 0.012465666613718777
Deciles: [-3.54266378  3.56847581]
Minimum: -53.50121978977635
Maximum: 54.486293061152026
Bin Edges: [-53.50121979 -52.42134466 -51.34146953 -50.2615944  -49.18171928
 -48.10184415 -47.02196902 -45.94209389 -44.86221876 -43.78234363
 -42.7024685  -41.62259338 -40.54271825 -39.46284312 -38.38296799
 -37.30309286 -36.22321773 -35.14334261 -34.06346748 -32.98359235
 -31.90371722 -30.82384209 -29.74396696 -28.66409183 -27.58421671
 -26.50434158 -25.42446645 -24.34459132 -23.26471619 -22.18484106
 -21.10496593 -20.02509081 -18.94521568 -17.86534055 -16.78546542
 -15.70559029 -14.62571516 -13.54584003 -12.46596491 -11.38608978
 -10.30621465  -9.22633952  -8.14646439  -7.06658926  -5.98671414
  -4.90683901  -3.82696388  -2.74708875  -1.66721362  -0.58733849
   0.49253664   1.57241176   2.65228689   3.73216202   4.81203715
   5.89191228   6.97178741   8.05166254   9.13153766  10.21141279
  11.29128792  12.37116305  13.45103818  14.53091331  15.61078843
  16.69066356  17.77053869  18.85041382  19.93028895  21.01016408
  22.09003921  23.16991433  24.24978946  25.32966459  26.40953972
  27.48941485  28.56928998  29.64916511  30.72904023  31.80891536
  32.88879049  33.96866562  35.04854075  36.12841588  37.20829101
  38.28816613  39.36804126  40.44791639  41.52779152  42.60766665
  43.68754178  44.7674169   45.84729203  46.92716716  48.00704229
  49.08691742  50.16679255  51.24666768  52.3265428   53.40641793
  54.48629306]
Frequencies: [1.13000000e+02 3.77000000e+02 8.49000000e+02 2.15500000e+03
 3.68800000e+03 7.10100000e+03 1.10800000e+04 1.54800000e+04
 2.13600000e+04 3.15260000e+04 4.68460000e+04 6.50820000e+04
 8.74420000e+04 1.16783000e+05 1.50123000e+05 1.93240000e+05
 2.48018000e+05 3.20606000e+05 4.03595000e+05 5.07271000e+05
 6.36275000e+05 7.95678000e+05 9.80539000e+05 1.21011700e+06
 1.48007100e+06 1.81519400e+06 2.21036200e+06 2.69807700e+06
 3.31442100e+06 4.12192800e+06 5.16760800e+06 6.53796900e+06
 8.29723700e+06 1.06286390e+07 1.37185070e+07 1.77759280e+07
 2.31758490e+07 3.02656740e+07 3.95411520e+07 5.15257720e+07
 6.71244500e+07 8.74447220e+07 1.13574993e+08 1.46707273e+08
 1.87292991e+08 2.34739642e+08 2.85887800e+08 3.34124347e+08
 3.69979525e+08 3.84644116e+08 3.73860258e+08 3.40420257e+08
 2.93044294e+08 2.41117780e+08 1.92486684e+08 1.50565782e+08
 1.16430472e+08 8.97279940e+07 6.90647250e+07 5.31110750e+07
 4.08200340e+07 3.13540370e+07 2.39765440e+07 1.84089480e+07
 1.41923780e+07 1.09770510e+07 8.53784600e+06 6.68900400e+06
 5.27415900e+06 4.21184600e+06 3.36544200e+06 2.71331900e+06
 2.18994600e+06 1.76966500e+06 1.42574000e+06 1.15742200e+06
 9.45956000e+05 7.71761000e+05 6.19988000e+05 4.99282000e+05
 4.01912000e+05 3.23728000e+05 2.54057000e+05 2.01428000e+05
 1.55988000e+05 1.19785000e+05 9.06800000e+04 6.92050000e+04
 5.29230000e+04 3.93100000e+04 2.95930000e+04 2.18470000e+04
 1.55590000e+04 1.11310000e+04 7.53200000e+03 4.55000000e+03
 2.84000000e+03 1.68500000e+03 8.38000000e+02 1.29000000e+02]
