Standard Deviation: 31.85382869636633
Skewness: 0.4805627215615492
Kurtosis: -0.006002783590960625
Median: 8.5758750328519
Mean: 12.527029934530827
Deciles: [-10.24114042  32.54361601]
Minimum: -132.19656369137905
Maximum: 182.40524761667
Bin Edges: [-1.32196564e+02 -1.29050546e+02 -1.25904527e+02 -1.22758509e+02
 -1.19612491e+02 -1.16466473e+02 -1.13320455e+02 -1.10174437e+02
 -1.07028419e+02 -1.03882401e+02 -1.00736383e+02 -9.75903644e+01
 -9.44443463e+01 -9.12983282e+01 -8.81523101e+01 -8.50062920e+01
 -8.18602739e+01 -7.87142558e+01 -7.55682377e+01 -7.24222195e+01
 -6.92762014e+01 -6.61301833e+01 -6.29841652e+01 -5.98381471e+01
 -5.66921290e+01 -5.35461109e+01 -5.04000928e+01 -4.72540746e+01
 -4.41080565e+01 -4.09620384e+01 -3.78160203e+01 -3.46700022e+01
 -3.15239841e+01 -2.83779660e+01 -2.52319478e+01 -2.20859297e+01
 -1.89399116e+01 -1.57938935e+01 -1.26478754e+01 -9.50185728e+00
 -6.35583917e+00 -3.20982106e+00 -6.38029420e-02  3.08221517e+00
  6.22823328e+00  9.37425140e+00  1.25202695e+01  1.56662876e+01
  1.88123057e+01  2.19583238e+01  2.51043420e+01  2.82503601e+01
  3.13963782e+01  3.45423963e+01  3.76884144e+01  4.08344325e+01
  4.39804506e+01  4.71264688e+01  5.02724869e+01  5.34185050e+01
  5.65645231e+01  5.97105412e+01  6.28565593e+01  6.60025774e+01
  6.91485955e+01  7.22946137e+01  7.54406318e+01  7.85866499e+01
  8.17326680e+01  8.48786861e+01  8.80247042e+01  9.11707223e+01
  9.43167405e+01  9.74627586e+01  1.00608777e+02  1.03754795e+02
  1.06900813e+02  1.10046831e+02  1.13192849e+02  1.16338867e+02
  1.19484885e+02  1.22630903e+02  1.25776922e+02  1.28922940e+02
  1.32068958e+02  1.35214976e+02  1.38360994e+02  1.41507012e+02
  1.44653030e+02  1.47799048e+02  1.50945066e+02  1.54091085e+02
  1.57237103e+02  1.60383121e+02  1.63529139e+02  1.66675157e+02
  1.69821175e+02  1.72967193e+02  1.76113211e+02  1.79259230e+02
  1.82405248e+02]
Frequencies: [8.50000000e+01 1.82000000e+02 3.27000000e+02 7.91000000e+02
 1.10300000e+03 1.66900000e+03 2.47300000e+03 3.79300000e+03
 6.40400000e+03 1.02380000e+04 1.63970000e+04 2.49490000e+04
 3.79080000e+04 5.84750000e+04 9.50180000e+04 1.54677000e+05
 2.50173000e+05 4.01997000e+05 6.40444000e+05 1.02634200e+06
 1.61821000e+06 2.52852600e+06 3.87975300e+06 5.85588600e+06
 8.69134400e+06 1.26019600e+07 1.78302850e+07 2.45446020e+07
 3.28740010e+07 4.28674260e+07 5.44057690e+07 6.76039180e+07
 8.20291790e+07 9.73476640e+07 1.13332649e+08 1.29352238e+08
 1.44939235e+08 1.59473733e+08 1.72316239e+08 1.82657975e+08
 1.89985455e+08 1.94104388e+08 1.94769556e+08 1.92178285e+08
 1.86845847e+08 1.79190074e+08 1.69923271e+08 1.59782222e+08
 1.49321659e+08 1.39051653e+08 1.29265232e+08 1.20232637e+08
 1.12011550e+08 1.04493218e+08 9.74663880e+07 9.08672490e+07
 8.46094820e+07 7.85996070e+07 7.28339090e+07 6.72350440e+07
 6.17063250e+07 5.62906230e+07 5.10275730e+07 4.58097020e+07
 4.07832420e+07 3.59733680e+07 3.14324860e+07 2.71551080e+07
 2.31832430e+07 1.95684620e+07 1.63326240e+07 1.34322560e+07
 1.09124490e+07 8.74258700e+06 6.88192400e+06 5.32785400e+06
 4.04755400e+06 3.03273000e+06 2.23569800e+06 1.62390200e+06
 1.14495400e+06 7.92580000e+05 5.38274000e+05 3.56218000e+05
 2.31273000e+05 1.47655000e+05 9.20930000e+04 5.54180000e+04
 3.29670000e+04 1.89940000e+04 1.09230000e+04 5.90000000e+03
 3.05700000e+03 1.57800000e+03 8.15000000e+02 4.38000000e+02
 2.17000000e+02 1.29000000e+02 3.00000000e+01 1.40000000e+01]
