Standard Deviation: 3.668839788365152e-07
Skewness: 1.04254299015249
Kurtosis: 0.006269146179000984
Median: 1.9536304460322463e-07
Mean: 3.795864292615853e-07
Deciles: [8.49720437e-08 6.48315192e-07]
Minimum: 3.483852867426239e-08
Maximum: 1.6554597166861247e-06
Bin Edges: [3.48385287e-08 5.10447406e-08 6.72509524e-08 8.34571643e-08
 9.96633762e-08 1.15869588e-07 1.32075800e-07 1.48282012e-07
 1.64488224e-07 1.80694436e-07 1.96900647e-07 2.13106859e-07
 2.29313071e-07 2.45519283e-07 2.61725495e-07 2.77931707e-07
 2.94137919e-07 3.10344131e-07 3.26550343e-07 3.42756554e-07
 3.58962766e-07 3.75168978e-07 3.91375190e-07 4.07581402e-07
 4.23787614e-07 4.39993826e-07 4.56200038e-07 4.72406249e-07
 4.88612461e-07 5.04818673e-07 5.21024885e-07 5.37231097e-07
 5.53437309e-07 5.69643521e-07 5.85849733e-07 6.02055944e-07
 6.18262156e-07 6.34468368e-07 6.50674580e-07 6.66880792e-07
 6.83087004e-07 6.99293216e-07 7.15499428e-07 7.31705640e-07
 7.47911851e-07 7.64118063e-07 7.80324275e-07 7.96530487e-07
 8.12736699e-07 8.28942911e-07 8.45149123e-07 8.61355335e-07
 8.77561546e-07 8.93767758e-07 9.09973970e-07 9.26180182e-07
 9.42386394e-07 9.58592606e-07 9.74798818e-07 9.91005030e-07
 1.00721124e-06 1.02341745e-06 1.03962367e-06 1.05582988e-06
 1.07203609e-06 1.08824230e-06 1.10444851e-06 1.12065472e-06
 1.13686094e-06 1.15306715e-06 1.16927336e-06 1.18547957e-06
 1.20168578e-06 1.21789200e-06 1.23409821e-06 1.25030442e-06
 1.26651063e-06 1.28271684e-06 1.29892306e-06 1.31512927e-06
 1.33133548e-06 1.34754169e-06 1.36374790e-06 1.37995411e-06
 1.39616033e-06 1.41236654e-06 1.42857275e-06 1.44477896e-06
 1.46098517e-06 1.47719139e-06 1.49339760e-06 1.50960381e-06
 1.52581002e-06 1.54201623e-06 1.55822245e-06 1.57442866e-06
 1.59063487e-06 1.60684108e-06 1.62304729e-06 1.63925350e-06
 1.65545972e-06]
Frequencies: [1.83345120e+08 4.44611024e+08 4.67163728e+08 4.08267856e+08
 2.44436888e+08 1.60603696e+08 1.19439480e+08 9.45352720e+07
 8.20057920e+07 7.26819680e+07 6.46479360e+07 5.87952080e+07
 5.42980880e+07 5.16913920e+07 4.94522160e+07 4.76017200e+07
 4.70329840e+07 4.41408080e+07 4.27429760e+07 4.25848800e+07
 4.08180880e+07 3.95722880e+07 3.89255840e+07 3.76238720e+07
 3.71663680e+07 3.61599200e+07 3.57243760e+07 3.47942960e+07
 3.43948080e+07 3.34241280e+07 3.29897360e+07 3.26350960e+07
 3.22338880e+07 3.21053600e+07 3.26188320e+07 3.21654400e+07
 3.31448080e+07 3.43759520e+07 3.52911440e+07 3.68342160e+07
 3.87620640e+07 3.91618400e+07 3.58379920e+07 3.41192960e+07
 3.36881600e+07 3.34430640e+07 3.36049680e+07 3.40551680e+07
 3.56104880e+07 3.95402080e+07 3.90122800e+07 3.99314080e+07
 4.10890720e+07 4.12117520e+07 4.31505600e+07 3.96772960e+07
 3.58896160e+07 3.19892400e+07 2.84041040e+07 2.57677840e+07
 2.43825360e+07 2.19809600e+07 1.95875200e+07 1.89444000e+07
 1.68863280e+07 1.53324800e+07 1.41698960e+07 1.35027200e+07
 1.30360880e+07 1.23394000e+07 1.18591440e+07 1.13818960e+07
 1.11046080e+07 1.04884560e+07 1.02381200e+07 9.23180800e+06
 8.04124000e+06 7.23308000e+06 6.41884800e+06 6.22497600e+06
 6.12031200e+06 5.97533600e+06 5.77150400e+06 5.56916000e+06
 5.47932800e+06 5.30675200e+06 5.11691200e+06 4.81921600e+06
 4.47708000e+06 4.08258400e+06 3.71497600e+06 3.15217600e+06
 2.59324000e+06 2.27843200e+06 2.00892800e+06 1.74295200e+06
 1.55427200e+06 1.34000800e+06 6.27624000e+05 4.51120000e+04]
