Standard Deviation: 0.0037179449520171335
Skewness: 0.5090125221482487
Kurtosis: -0.9407052067527486
Median: 0.004209281285083797
Mean: 0.005079087568068658
Deciles: [0.00183889 0.00808352]
Minimum: 1.0603172871816473e-12
Maximum: 0.02032032189259985
Bin Edges: [1.06031729e-12 2.03203220e-04 4.06406439e-04 6.09609658e-04
 8.12812877e-04 1.01601610e-03 1.21921931e-03 1.42242253e-03
 1.62562575e-03 1.82882897e-03 2.03203219e-03 2.23523541e-03
 2.43843863e-03 2.64164185e-03 2.84484507e-03 3.04804828e-03
 3.25125150e-03 3.45445472e-03 3.65765794e-03 3.86086116e-03
 4.06406438e-03 4.26726760e-03 4.47047082e-03 4.67367404e-03
 4.87687726e-03 5.08008047e-03 5.28328369e-03 5.48648691e-03
 5.68969013e-03 5.89289335e-03 6.09609657e-03 6.29929979e-03
 6.50250301e-03 6.70570623e-03 6.90890944e-03 7.11211266e-03
 7.31531588e-03 7.51851910e-03 7.72172232e-03 7.92492554e-03
 8.12812876e-03 8.33133198e-03 8.53453520e-03 8.73773841e-03
 8.94094163e-03 9.14414485e-03 9.34734807e-03 9.55055129e-03
 9.75375451e-03 9.95695773e-03 1.01601609e-02 1.03633642e-02
 1.05665674e-02 1.07697706e-02 1.09729738e-02 1.11761770e-02
 1.13793803e-02 1.15825835e-02 1.17857867e-02 1.19889899e-02
 1.21921931e-02 1.23953964e-02 1.25985996e-02 1.28018028e-02
 1.30050060e-02 1.32082092e-02 1.34114124e-02 1.36146157e-02
 1.38178189e-02 1.40210221e-02 1.42242253e-02 1.44274285e-02
 1.46306318e-02 1.48338350e-02 1.50370382e-02 1.52402414e-02
 1.54434446e-02 1.56466479e-02 1.58498511e-02 1.60530543e-02
 1.62562575e-02 1.64594607e-02 1.66626640e-02 1.68658672e-02
 1.70690704e-02 1.72722736e-02 1.74754768e-02 1.76786800e-02
 1.78818833e-02 1.80850865e-02 1.82882897e-02 1.84914929e-02
 1.86946961e-02 1.88978994e-02 1.91011026e-02 1.93043058e-02
 1.95075090e-02 1.97107122e-02 1.99139155e-02 2.01171187e-02
 2.03203219e-02]
Frequencies: [9.21809920e+07 1.29327994e+08 1.38492487e+08 1.36492738e+08
 1.32783576e+08 1.29567225e+08 1.26739934e+08 1.23647054e+08
 1.20213467e+08 1.16249484e+08 1.12440543e+08 1.08657835e+08
 1.05085637e+08 1.01668770e+08 9.82170760e+07 9.46841270e+07
 9.14591110e+07 8.83409850e+07 8.53139440e+07 8.22263960e+07
 7.90270330e+07 7.57846710e+07 7.26371840e+07 6.95703190e+07
 6.67183350e+07 6.41306600e+07 6.18893700e+07 5.99574300e+07
 5.83231560e+07 5.69896590e+07 5.59653080e+07 5.51351320e+07
 5.45333390e+07 5.40547580e+07 5.36320630e+07 5.33294020e+07
 5.32017510e+07 5.31105900e+07 5.29344020e+07 5.27137980e+07
 5.24840930e+07 5.21595450e+07 5.18445270e+07 5.15569070e+07
 5.12708870e+07 5.09724040e+07 5.07247040e+07 5.05639470e+07
 5.03917080e+07 5.01855150e+07 5.00137720e+07 4.97814720e+07
 4.94949430e+07 4.91333520e+07 4.86122270e+07 4.77395810e+07
 4.64508810e+07 4.44970500e+07 4.17979160e+07 3.82053530e+07
 3.37498110e+07 2.86092090e+07 2.31657690e+07 1.78006650e+07
 1.30204190e+07 9.13026600e+06 6.18464100e+06 4.11606100e+06
 2.77704000e+06 1.92916200e+06 1.39455000e+06 1.03465600e+06
 7.80486000e+05 5.92064000e+05 4.42049000e+05 3.26135000e+05
 2.38884000e+05 1.73790000e+05 1.25385000e+05 8.83740000e+04
 6.07380000e+04 4.12720000e+04 2.82560000e+04 1.94940000e+04
 1.40480000e+04 9.44000000e+03 6.81500000e+03 4.85200000e+03
 3.32000000e+03 2.48400000e+03 1.77900000e+03 1.33600000e+03
 1.05300000e+03 6.20000000e+02 2.53000000e+02 1.69000000e+02
 7.90000000e+01 2.10000000e+01 1.20000000e+01 2.40000000e+01]
