Standard Deviation: 6.668642765060559e-05
Skewness: 4.5144498227734156
Kurtosis: 28.798234229068644
Median: 8.374770552392002e-06
Mean: 3.329101882378942e-05
Deciles: [2.60816325e-08 3.79082308e-05]
Minimum: 0.0
Maximum: 0.0010661459928006118
Bin Edges: [0.00000000e+00 1.06614599e-05 2.13229199e-05 3.19843798e-05
 4.26458397e-05 5.33072996e-05 6.39687596e-05 7.46302195e-05
 8.52916794e-05 9.59531394e-05 1.06614599e-04 1.17276059e-04
 1.27937519e-04 1.38598979e-04 1.49260439e-04 1.59921899e-04
 1.70583359e-04 1.81244819e-04 1.91906279e-04 2.02567739e-04
 2.13229199e-04 2.23890658e-04 2.34552118e-04 2.45213578e-04
 2.55875038e-04 2.66536498e-04 2.77197958e-04 2.87859418e-04
 2.98520878e-04 3.09182338e-04 3.19843798e-04 3.30505258e-04
 3.41166718e-04 3.51828178e-04 3.62489638e-04 3.73151097e-04
 3.83812557e-04 3.94474017e-04 4.05135477e-04 4.15796937e-04
 4.26458397e-04 4.37119857e-04 4.47781317e-04 4.58442777e-04
 4.69104237e-04 4.79765697e-04 4.90427157e-04 5.01088617e-04
 5.11750077e-04 5.22411536e-04 5.33072996e-04 5.43734456e-04
 5.54395916e-04 5.65057376e-04 5.75718836e-04 5.86380296e-04
 5.97041756e-04 6.07703216e-04 6.18364676e-04 6.29026136e-04
 6.39687596e-04 6.50349056e-04 6.61010516e-04 6.71671975e-04
 6.82333435e-04 6.92994895e-04 7.03656355e-04 7.14317815e-04
 7.24979275e-04 7.35640735e-04 7.46302195e-04 7.56963655e-04
 7.67625115e-04 7.78286575e-04 7.88948035e-04 7.99609495e-04
 8.10270955e-04 8.20932414e-04 8.31593874e-04 8.42255334e-04
 8.52916794e-04 8.63578254e-04 8.74239714e-04 8.84901174e-04
 8.95562634e-04 9.06224094e-04 9.16885554e-04 9.27547014e-04
 9.38208474e-04 9.48869934e-04 9.59531394e-04 9.70192853e-04
 9.80854313e-04 9.91515773e-04 1.00217723e-03 1.01283869e-03
 1.02350015e-03 1.03416161e-03 1.04482307e-03 1.05548453e-03
 1.06614599e-03]
Frequencies: [2.40946806e+09 4.92904508e+08 3.48626283e+08 2.62310040e+08
 1.97401614e+08 1.49401783e+08 1.14389321e+08 8.87094870e+07
 6.97280760e+07 5.55736250e+07 4.49509030e+07 3.68621680e+07
 3.06338980e+07 2.57626430e+07 2.18983900e+07 1.88189320e+07
 1.63127780e+07 1.42735020e+07 1.25635900e+07 1.11448150e+07
 9.93421400e+06 8.91572800e+06 8.02160800e+06 7.25843000e+06
 6.59510900e+06 5.99929400e+06 5.48035900e+06 5.02106600e+06
 4.60333700e+06 4.23629900e+06 3.90183100e+06 3.60131100e+06
 3.33235400e+06 3.08886200e+06 2.86809900e+06 2.66169300e+06
 2.47580500e+06 2.29960000e+06 2.14173600e+06 1.99301100e+06
 1.85588200e+06 1.72868800e+06 1.60871500e+06 1.50178600e+06
 1.39817400e+06 1.30643700e+06 1.21519300e+06 1.13538200e+06
 1.05858100e+06 9.87159000e+05 9.19962000e+05 8.58805000e+05
 7.99351000e+05 7.42445000e+05 6.92386000e+05 6.42219000e+05
 5.95327000e+05 5.52578000e+05 5.09849000e+05 4.71634000e+05
 4.33152000e+05 3.99106000e+05 3.65719000e+05 3.36410000e+05
 3.08231000e+05 2.81100000e+05 2.57238000e+05 2.33881000e+05
 2.12310000e+05 1.93120000e+05 1.75018000e+05 1.58075000e+05
 1.41779000e+05 1.26881000e+05 1.14504000e+05 1.01926000e+05
 9.05060000e+04 7.99680000e+04 7.09090000e+04 6.27060000e+04
 5.40980000e+04 4.61730000e+04 3.94550000e+04 3.37410000e+04
 2.80440000e+04 2.29480000e+04 1.90530000e+04 1.54030000e+04
 1.19340000e+04 8.91600000e+03 6.45100000e+03 4.28000000e+03
 2.87100000e+03 1.66800000e+03 9.64000000e+02 4.33000000e+02
 2.04000000e+02 8.10000000e+01 2.00000000e+01 8.00000000e+00]
