Standard Deviation: 4386.297812561863
Skewness: -3.6048410652547194
Kurtosis: 15.49889794352729
Median: 75575.90851109874
Mean: 73986.81205882337
Deciles: [73724.45742988 76059.86493408]
Minimum: 42148.27647154281
Maximum: 80222.17530126729
Bin Edges: [42148.27647154 42529.01545984 42909.75444814 43290.49343643
 43671.23242473 44051.97141303 44432.71040133 44813.44938962
 45194.18837792 45574.92736622 45955.66635452 46336.40534281
 46717.14433111 47097.88331941 47478.6223077  47859.361296
 48240.1002843  48620.8392726  49001.57826089 49382.31724919
 49763.05623749 50143.79522578 50524.53421408 50905.27320238
 51286.01219068 51666.75117897 52047.49016727 52428.22915557
 52808.96814387 53189.70713216 53570.44612046 53951.18510876
 54331.92409705 54712.66308535 55093.40207365 55474.14106195
 55854.88005024 56235.61903854 56616.35802684 56997.09701514
 57377.83600343 57758.57499173 58139.31398003 58520.05296832
 58900.79195662 59281.53094492 59662.26993322 60043.00892151
 60423.74790981 60804.48689811 61185.22588641 61565.9648747
 61946.703863   62327.4428513  62708.18183959 63088.92082789
 63469.65981619 63850.39880449 64231.13779278 64611.87678108
 64992.61576938 65373.35475767 65754.09374597 66134.83273427
 66515.57172257 66896.31071086 67277.04969916 67657.78868746
 68038.52767576 68419.26666405 68800.00565235 69180.74464065
 69561.48362894 69942.22261724 70322.96160554 70703.70059384
 71084.43958213 71465.17857043 71845.91755873 72226.65654703
 72607.39553532 72988.13452362 73368.87351192 73749.61250021
 74130.35148851 74511.09047681 74891.82946511 75272.5684534
 75653.3074417  76034.04643    76414.78541829 76795.52440659
 77176.26339489 77557.00238319 77937.74137148 78318.48035978
 78699.21934808 79079.95833638 79460.69732467 79841.43631297
 80222.17530127]
Frequencies: [3.24700000e+03 3.43760000e+04 2.14012000e+05 6.12063000e+05
 1.43533000e+06 2.30397700e+06 1.80202800e+06 1.15344100e+06
 7.14157000e+05 1.20462700e+06 1.22384100e+06 1.33601200e+06
 1.95257500e+06 2.31425600e+06 2.51995500e+06 2.48773000e+06
 2.11066500e+06 2.18244900e+06 2.48702500e+06 2.45461800e+06
 2.42623300e+06 3.17838500e+06 3.45430700e+06 3.28083100e+06
 3.14557500e+06 3.40240600e+06 2.82764100e+06 2.90280500e+06
 3.03415800e+06 3.03348500e+06 3.40175200e+06 3.36264500e+06
 2.61021600e+06 2.75447400e+06 2.95381700e+06 3.15654500e+06
 2.69484200e+06 2.25256500e+06 2.54093100e+06 2.69121500e+06
 2.64542100e+06 3.26721500e+06 3.11846400e+06 3.65982400e+06
 3.32332400e+06 2.83760300e+06 3.36972300e+06 3.89896600e+06
 4.07788300e+06 3.97736000e+06 4.66625500e+06 4.96991700e+06
 5.92658300e+06 6.74985100e+06 6.67534600e+06 7.58851900e+06
 7.57407800e+06 7.66260500e+06 8.11978200e+06 9.62523200e+06
 1.14691460e+07 1.23376660e+07 1.39266280e+07 1.63872500e+07
 1.89315660e+07 1.86620140e+07 1.91329730e+07 1.97260660e+07
 2.07127900e+07 2.09699570e+07 2.13203200e+07 2.08863200e+07
 2.26446040e+07 2.73754200e+07 3.06533520e+07 3.66760640e+07
 4.54878420e+07 5.31497890e+07 6.70524880e+07 8.21708750e+07
 9.96509420e+07 1.25561581e+08 1.47194028e+08 1.61996781e+08
 1.79611193e+08 2.07210758e+08 2.53269380e+08 4.68669780e+08
 9.36710193e+08 6.26285215e+08 3.58802163e+08 1.50625148e+08
 4.19595740e+07 8.46057100e+06 1.66038400e+06 3.41380000e+05
 8.73270000e+04 2.18880000e+04 5.56100000e+03 1.86000000e+03]
