Standard Deviation: 1.2655624260994648e-07
Skewness: 1.6604302145240313
Kurtosis: 2.731279502729002
Median: 1.0970455478009758e-07
Mean: 1.5942136057195957e-07
Deciles: [7.12729526e-08 2.12906881e-07]
Minimum: 2.8052218936424356e-08
Maximum: 8.495246107454157e-07
Bin Edges: [2.80522189e-08 3.62669429e-08 4.44816668e-08 5.26963907e-08
 6.09111146e-08 6.91258385e-08 7.73405624e-08 8.55552864e-08
 9.37700103e-08 1.01984734e-07 1.10199458e-07 1.18414182e-07
 1.26628906e-07 1.34843630e-07 1.43058354e-07 1.51273078e-07
 1.59487802e-07 1.67702526e-07 1.75917249e-07 1.84131973e-07
 1.92346697e-07 2.00561421e-07 2.08776145e-07 2.16990869e-07
 2.25205593e-07 2.33420317e-07 2.41635041e-07 2.49849765e-07
 2.58064489e-07 2.66279213e-07 2.74493936e-07 2.82708660e-07
 2.90923384e-07 2.99138108e-07 3.07352832e-07 3.15567556e-07
 3.23782280e-07 3.31997004e-07 3.40211728e-07 3.48426452e-07
 3.56641176e-07 3.64855900e-07 3.73070623e-07 3.81285347e-07
 3.89500071e-07 3.97714795e-07 4.05929519e-07 4.14144243e-07
 4.22358967e-07 4.30573691e-07 4.38788415e-07 4.47003139e-07
 4.55217863e-07 4.63432587e-07 4.71647311e-07 4.79862034e-07
 4.88076758e-07 4.96291482e-07 5.04506206e-07 5.12720930e-07
 5.20935654e-07 5.29150378e-07 5.37365102e-07 5.45579826e-07
 5.53794550e-07 5.62009274e-07 5.70223998e-07 5.78438721e-07
 5.86653445e-07 5.94868169e-07 6.03082893e-07 6.11297617e-07
 6.19512341e-07 6.27727065e-07 6.35941789e-07 6.44156513e-07
 6.52371237e-07 6.60585961e-07 6.68800685e-07 6.77015408e-07
 6.85230132e-07 6.93444856e-07 7.01659580e-07 7.09874304e-07
 7.18089028e-07 7.26303752e-07 7.34518476e-07 7.42733200e-07
 7.50947924e-07 7.59162648e-07 7.67377372e-07 7.75592095e-07
 7.83806819e-07 7.92021543e-07 8.00236267e-07 8.08450991e-07
 8.16665715e-07 8.24880439e-07 8.33095163e-07 8.41309887e-07
 8.49524611e-07]
Frequencies: [9.16752000e+07 2.01688543e+08 2.17417732e+08 2.42470680e+08
 2.98346167e+08 3.14691219e+08 2.94123731e+08 2.65065973e+08
 1.95215634e+08 1.59160074e+08 1.46430510e+08 1.31958670e+08
 1.19610355e+08 1.01540657e+08 8.78129730e+07 8.00439390e+07
 7.53023810e+07 7.28066640e+07 6.96405990e+07 6.87425420e+07
 6.96614000e+07 6.85391110e+07 6.64040110e+07 6.12805680e+07
 5.58669530e+07 5.11240450e+07 4.69339510e+07 4.46934650e+07
 4.31247390e+07 4.21556380e+07 4.13322520e+07 4.19004800e+07
 4.34021230e+07 4.43969350e+07 4.34094400e+07 4.09818710e+07
 4.00153500e+07 3.84013210e+07 3.20353760e+07 2.54037450e+07
 2.14098160e+07 1.93249460e+07 1.74902240e+07 1.62932700e+07
 1.52903850e+07 1.45657310e+07 1.37791290e+07 1.29322660e+07
 1.23680770e+07 1.19061190e+07 1.14747740e+07 1.12488500e+07
 1.09391180e+07 1.06587190e+07 1.02464370e+07 9.61793100e+06
 9.23017500e+06 8.82996000e+06 8.41942800e+06 8.00294200e+06
 7.56310900e+06 7.17982900e+06 6.81053200e+06 6.46516000e+06
 6.15937700e+06 5.84478100e+06 5.62719300e+06 5.43845400e+06
 5.20681600e+06 5.23248400e+06 5.52692300e+06 5.83233800e+06
 5.79334400e+06 5.48625600e+06 4.83113400e+06 4.11014700e+06
 3.41615500e+06 2.84690100e+06 2.32154000e+06 1.88670000e+06
 1.59808600e+06 1.38266400e+06 1.24378400e+06 1.06973600e+06
 8.81404000e+05 6.34105000e+05 4.43704000e+05 2.74505000e+05
 2.02099000e+05 1.75493000e+05 1.43939000e+05 1.10524000e+05
 1.11018000e+05 1.17972000e+05 1.15446000e+05 1.07726000e+05
 9.06880000e+04 5.22330000e+04 1.31490000e+04 1.23800000e+03]
