Standard Deviation: 1.5814293571652668e-06
Skewness: -0.506646877359763
Kurtosis: 0.09676056429782465
Median: 1.3819732091619857e-05
Mean: 1.3691808018549825e-05
Deciles: [1.26498503e-05 1.48738377e-05]
Minimum: 7.68039704691548e-06
Maximum: 1.6863241410816143e-05
Bin Edges: [7.68039705e-06 7.77222549e-06 7.86405393e-06 7.95588238e-06
 8.04771082e-06 8.13953927e-06 8.23136771e-06 8.32319615e-06
 8.41502460e-06 8.50685304e-06 8.59868148e-06 8.69050993e-06
 8.78233837e-06 8.87416681e-06 8.96599526e-06 9.05782370e-06
 9.14965215e-06 9.24148059e-06 9.33330903e-06 9.42513748e-06
 9.51696592e-06 9.60879436e-06 9.70062281e-06 9.79245125e-06
 9.88427969e-06 9.97610814e-06 1.00679366e-05 1.01597650e-05
 1.02515935e-05 1.03434219e-05 1.04352504e-05 1.05270788e-05
 1.06189072e-05 1.07107357e-05 1.08025641e-05 1.08943926e-05
 1.09862210e-05 1.10780495e-05 1.11698779e-05 1.12617063e-05
 1.13535348e-05 1.14453632e-05 1.15371917e-05 1.16290201e-05
 1.17208486e-05 1.18126770e-05 1.19045055e-05 1.19963339e-05
 1.20881623e-05 1.21799908e-05 1.22718192e-05 1.23636477e-05
 1.24554761e-05 1.25473046e-05 1.26391330e-05 1.27309614e-05
 1.28227899e-05 1.29146183e-05 1.30064468e-05 1.30982752e-05
 1.31901037e-05 1.32819321e-05 1.33737606e-05 1.34655890e-05
 1.35574174e-05 1.36492459e-05 1.37410743e-05 1.38329028e-05
 1.39247312e-05 1.40165597e-05 1.41083881e-05 1.42002165e-05
 1.42920450e-05 1.43838734e-05 1.44757019e-05 1.45675303e-05
 1.46593588e-05 1.47511872e-05 1.48430157e-05 1.49348441e-05
 1.50266725e-05 1.51185010e-05 1.52103294e-05 1.53021579e-05
 1.53939863e-05 1.54858148e-05 1.55776432e-05 1.56694716e-05
 1.57613001e-05 1.58531285e-05 1.59449570e-05 1.60367854e-05
 1.61286139e-05 1.62204423e-05 1.63122707e-05 1.64040992e-05
 1.64959276e-05 1.65877561e-05 1.66795845e-05 1.67714130e-05
 1.68632414e-05]
Frequencies: [7.66800000e+04 2.26368000e+05 4.28472000e+05 5.44264000e+05
 7.36328000e+05 8.61840000e+05 1.09124800e+06 1.21497600e+06
 1.50672800e+06 1.81632000e+06 2.08406400e+06 2.89728000e+06
 4.15602400e+06 4.84680800e+06 5.51836800e+06 5.86592000e+06
 6.40906400e+06 7.03566400e+06 7.30292800e+06 7.62632800e+06
 7.95850400e+06 8.19502400e+06 8.70472800e+06 9.31843200e+06
 9.42526400e+06 9.89440000e+06 1.00515280e+07 1.04617440e+07
 1.10836400e+07 1.16266880e+07 1.23286560e+07 1.34917920e+07
 1.43524480e+07 1.57284320e+07 1.68770400e+07 1.83495440e+07
 2.00211040e+07 2.17282400e+07 2.38918400e+07 2.61233680e+07
 2.87233760e+07 3.15317280e+07 3.51974160e+07 3.86165360e+07
 4.25540240e+07 4.65756880e+07 5.18157840e+07 5.95168800e+07
 7.05921360e+07 7.50114800e+07 7.65282320e+07 7.78075680e+07
 7.73293760e+07 7.35350640e+07 6.99427280e+07 7.15369520e+07
 7.37083120e+07 7.56258720e+07 7.84529760e+07 8.06882400e+07
 8.32611440e+07 8.74405360e+07 9.16694560e+07 9.90201200e+07
 1.11650232e+08 1.17340128e+08 1.20673536e+08 1.24214664e+08
 1.28191448e+08 1.42720600e+08 1.31407768e+08 9.99934880e+07
 8.91485440e+07 8.33216720e+07 7.80636800e+07 7.50854720e+07
 7.16241840e+07 7.13166640e+07 6.78714800e+07 6.87086080e+07
 7.02813840e+07 6.95019280e+07 7.34730720e+07 7.53087760e+07
 7.90602400e+07 8.46017440e+07 7.44321760e+07 7.77369760e+07
 7.39998720e+07 6.51445040e+07 5.78950640e+07 5.05011040e+07
 4.69253680e+07 3.28654800e+07 2.36156320e+07 2.04191760e+07
 1.88492880e+07 1.56300480e+07 8.81849600e+06 2.25179200e+06]
