Standard Deviation: 0.0028476737873892846
Skewness: 0.837287147780323
Kurtosis: -0.38900909518121995
Median: 0.002443671334371895
Mean: 0.0033458112401185576
Deciles: [0.0009542  0.00525099]
Minimum: 1.1146870942523928e-12
Maximum: 0.017749569166528024
Bin Edges: [1.11468709e-12 1.77495693e-04 3.54991384e-04 5.32487076e-04
 7.09982768e-04 8.87478459e-04 1.06497415e-03 1.24246984e-03
 1.41996553e-03 1.59746123e-03 1.77495692e-03 1.95245261e-03
 2.12994830e-03 2.30744399e-03 2.48493968e-03 2.66243538e-03
 2.83993107e-03 3.01742676e-03 3.19492245e-03 3.37241814e-03
 3.54991383e-03 3.72740953e-03 3.90490522e-03 4.08240091e-03
 4.25989660e-03 4.43739229e-03 4.61488798e-03 4.79238368e-03
 4.96987937e-03 5.14737506e-03 5.32487075e-03 5.50236644e-03
 5.67986213e-03 5.85735783e-03 6.03485352e-03 6.21234921e-03
 6.38984490e-03 6.56734059e-03 6.74483628e-03 6.92233198e-03
 7.09982767e-03 7.27732336e-03 7.45481905e-03 7.63231474e-03
 7.80981043e-03 7.98730613e-03 8.16480182e-03 8.34229751e-03
 8.51979320e-03 8.69728889e-03 8.87478458e-03 9.05228028e-03
 9.22977597e-03 9.40727166e-03 9.58476735e-03 9.76226304e-03
 9.93975873e-03 1.01172544e-02 1.02947501e-02 1.04722458e-02
 1.06497415e-02 1.08272372e-02 1.10047329e-02 1.11822286e-02
 1.13597243e-02 1.15372200e-02 1.17147157e-02 1.18922113e-02
 1.20697070e-02 1.22472027e-02 1.24246984e-02 1.26021941e-02
 1.27796898e-02 1.29571855e-02 1.31346812e-02 1.33121769e-02
 1.34896726e-02 1.36671683e-02 1.38446640e-02 1.40221596e-02
 1.41996553e-02 1.43771510e-02 1.45546467e-02 1.47321424e-02
 1.49096381e-02 1.50871338e-02 1.52646295e-02 1.54421252e-02
 1.56196209e-02 1.57971166e-02 1.59746122e-02 1.61521079e-02
 1.63296036e-02 1.65070993e-02 1.66845950e-02 1.68620907e-02
 1.70395864e-02 1.72170821e-02 1.73945778e-02 1.75720735e-02
 1.77495692e-02]
Frequencies: [1.67314860e+08 2.34196587e+08 2.36867349e+08 2.21613221e+08
 2.03605074e+08 1.84770679e+08 1.67834353e+08 1.53300795e+08
 1.41302643e+08 1.31404065e+08 1.22959246e+08 1.15860990e+08
 1.09445527e+08 1.03770444e+08 9.85713810e+07 9.36394780e+07
 8.89184020e+07 8.45163380e+07 8.03501750e+07 7.64842340e+07
 7.29082180e+07 6.96525810e+07 6.66331490e+07 6.38521730e+07
 6.13541720e+07 5.90202360e+07 5.69702800e+07 5.50742140e+07
 5.33275430e+07 5.16990860e+07 5.02173490e+07 4.88791950e+07
 4.76889390e+07 4.66118400e+07 4.56692290e+07 4.48089170e+07
 4.40958710e+07 4.34874820e+07 4.30188440e+07 4.26931170e+07
 4.23856900e+07 4.21556890e+07 4.18983540e+07 4.15970930e+07
 4.12027970e+07 4.06983270e+07 4.00360170e+07 3.92025670e+07
 3.81485230e+07 3.68489950e+07 3.52627930e+07 3.33275690e+07
 3.10339620e+07 2.83097060e+07 2.51923050e+07 2.18219320e+07
 1.83088130e+07 1.48360350e+07 1.16319110e+07 8.82616500e+06
 6.51526000e+06 4.71996500e+06 3.37603900e+06 2.41306700e+06
 1.73830400e+06 1.28013600e+06 9.55765000e+05 7.24799000e+05
 5.56480000e+05 4.29118000e+05 3.31837000e+05 2.56061000e+05
 1.94854000e+05 1.48066000e+05 1.11092000e+05 8.15010000e+04
 5.99930000e+04 4.53680000e+04 3.27410000e+04 2.41480000e+04
 1.86380000e+04 1.38830000e+04 1.07340000e+04 8.30300000e+03
 6.31300000e+03 5.00200000e+03 3.68400000e+03 2.76400000e+03
 1.94200000e+03 1.53200000e+03 1.18300000e+03 7.65000000e+02
 4.68000000e+02 3.06000000e+02 1.72000000e+02 8.50000000e+01
 4.00000000e+01 3.60000000e+01 3.00000000e+01 7.00000000e+00]
