Standard Deviation: 6.1532881558972425
Skewness: 0.029711375143577114
Kurtosis: 2.2337024456222103
Median: -0.0023575439543485847
Mean: 0.005404516468454056
Deciles: [-3.30008325  3.28040388]
Minimum: -61.908201026152106
Maximum: 70.80756344897472
Bin Edges: [-61.90820103 -60.58104338 -59.25388574 -57.92672809 -56.59957045
 -55.2724128  -53.94525516 -52.61809751 -51.29093987 -49.96378222
 -48.63662458 -47.30946693 -45.98230929 -44.65515164 -43.327994
 -42.00083635 -40.67367871 -39.34652107 -38.01936342 -36.69220578
 -35.36504813 -34.03789049 -32.71073284 -31.3835752  -30.05641755
 -28.72925991 -27.40210226 -26.07494462 -24.74778697 -23.42062933
 -22.09347168 -20.76631404 -19.43915639 -18.11199875 -16.7848411
 -15.45768346 -14.13052582 -12.80336817 -11.47621053 -10.14905288
  -8.82189524  -7.49473759  -6.16757995  -4.8404223   -3.51326466
  -2.18610701  -0.85894937   0.46820828   1.79536592   3.12252357
   4.44968121   5.77683886   7.1039965    8.43115415   9.75831179
  11.08546944  12.41262708  13.73978472  15.06694237  16.39410001
  17.72125766  19.0484153   20.37557295  21.70273059  23.02988824
  24.35704588  25.68420353  27.01136117  28.33851882  29.66567646
  30.99283411  32.31999175  33.6471494   34.97430704  36.30146469
  37.62862233  38.95577997  40.28293762  41.61009526  42.93725291
  44.26441055  45.5915682   46.91872584  48.24588349  49.57304113
  50.90019878  52.22735642  53.55451407  54.88167171  56.20882936
  57.535987    58.86314465  60.19030229  61.51745994  62.84461758
  64.17177523  65.49893287  66.82609051  68.15324816  69.4804058
  70.80756345]
Frequencies: [1.00000000e+01 3.00000000e+01 6.80000000e+01 9.00000000e+01
 1.53000000e+02 2.32000000e+02 3.89000000e+02 7.07000000e+02
 1.09100000e+03 1.74300000e+03 2.56900000e+03 3.91400000e+03
 5.90800000e+03 8.56300000e+03 1.23290000e+04 1.77890000e+04
 2.61030000e+04 3.83860000e+04 5.67990000e+04 8.28010000e+04
 1.20515000e+05 1.75089000e+05 2.57242000e+05 3.75010000e+05
 5.45088000e+05 7.83432000e+05 1.13158600e+06 1.61203300e+06
 2.29009200e+06 3.23814300e+06 4.55972600e+06 6.36447700e+06
 8.85194500e+06 1.22688200e+07 1.69871260e+07 2.33514690e+07
 3.19969500e+07 4.38289910e+07 6.00291860e+07 8.21797260e+07
 1.12941752e+08 1.56102517e+08 2.15624354e+08 2.93821730e+08
 3.86181236e+08 4.72445445e+08 5.16337603e+08 4.93388900e+08
 4.14985717e+08 3.17861753e+08 2.32749541e+08 1.68733637e+08
 1.22950816e+08 9.03588610e+07 6.67220270e+07 4.91815740e+07
 3.61171210e+07 2.63652400e+07 1.91182180e+07 1.37449540e+07
 9.80576700e+06 6.97096500e+06 4.96288300e+06 3.51610600e+06
 2.50338000e+06 1.78803200e+06 1.28421600e+06 9.29082000e+05
 6.71039000e+05 4.88292000e+05 3.52783000e+05 2.57969000e+05
 1.88663000e+05 1.38962000e+05 1.01662000e+05 7.53110000e+04
 5.60000000e+04 4.15050000e+04 3.02540000e+04 2.23770000e+04
 1.61400000e+04 1.19940000e+04 8.74000000e+03 6.39800000e+03
 4.51100000e+03 3.31900000e+03 2.37300000e+03 1.77300000e+03
 1.20600000e+03 8.96000000e+02 6.40000000e+02 4.49000000e+02
 3.51000000e+02 2.50000000e+02 1.69000000e+02 9.10000000e+01
 6.60000000e+01 3.50000000e+01 2.40000000e+01 1.10000000e+01]
