Standard Deviation: 2.4751483856570645e-05
Skewness: 5.932983551336451
Kurtosis: 47.19762292966143
Median: 4.506980083758034e-15
Mean: 6.632717634847101e-06
Deciles: [0.0000000e+00 1.6601035e-07]
Minimum: 0.0
Maximum: 0.0008753091506675421
Bin Edges: [0.00000000e+00 8.75309151e-06 1.75061830e-05 2.62592745e-05
 3.50123660e-05 4.37654575e-05 5.25185490e-05 6.12716405e-05
 7.00247321e-05 7.87778236e-05 8.75309151e-05 9.62840066e-05
 1.05037098e-04 1.13790190e-04 1.22543281e-04 1.31296373e-04
 1.40049464e-04 1.48802556e-04 1.57555647e-04 1.66308739e-04
 1.75061830e-04 1.83814922e-04 1.92568013e-04 2.01321105e-04
 2.10074196e-04 2.18827288e-04 2.27580379e-04 2.36333471e-04
 2.45086562e-04 2.53839654e-04 2.62592745e-04 2.71345837e-04
 2.80098928e-04 2.88852020e-04 2.97605111e-04 3.06358203e-04
 3.15111294e-04 3.23864386e-04 3.32617477e-04 3.41370569e-04
 3.50123660e-04 3.58876752e-04 3.67629843e-04 3.76382935e-04
 3.85136026e-04 3.93889118e-04 4.02642209e-04 4.11395301e-04
 4.20148392e-04 4.28901484e-04 4.37654575e-04 4.46407667e-04
 4.55160758e-04 4.63913850e-04 4.72666941e-04 4.81420033e-04
 4.90173124e-04 4.98926216e-04 5.07679307e-04 5.16432399e-04
 5.25185490e-04 5.33938582e-04 5.42691673e-04 5.51444765e-04
 5.60197856e-04 5.68950948e-04 5.77704039e-04 5.86457131e-04
 5.95210222e-04 6.03963314e-04 6.12716405e-04 6.21469497e-04
 6.30222588e-04 6.38975680e-04 6.47728771e-04 6.56481863e-04
 6.65234955e-04 6.73988046e-04 6.82741138e-04 6.91494229e-04
 7.00247321e-04 7.09000412e-04 7.17753504e-04 7.26506595e-04
 7.35259687e-04 7.44012778e-04 7.52765870e-04 7.61518961e-04
 7.70272053e-04 7.79025144e-04 7.87778236e-04 7.96531327e-04
 8.05284419e-04 8.14037510e-04 8.22790602e-04 8.31543693e-04
 8.40296785e-04 8.49049876e-04 8.57802968e-04 8.66556059e-04
 8.75309151e-04]
Frequencies: [4.03241497e+09 1.16548328e+08 6.74937110e+07 5.06927690e+07
 4.13596280e+07 3.47119630e+07 2.94088660e+07 2.50262030e+07
 2.13788000e+07 1.83209310e+07 1.57312380e+07 1.35131840e+07
 1.16164920e+07 9.95498300e+06 8.50362300e+06 7.20867700e+06
 6.06681200e+06 5.07351600e+06 4.21375300e+06 3.49447100e+06
 2.90341200e+06 2.41248000e+06 2.01730200e+06 1.69022000e+06
 1.42178100e+06 1.20073100e+06 1.01536400e+06 8.63194000e+05
 7.34488000e+05 6.23516000e+05 5.31920000e+05 4.54284000e+05
 3.84804000e+05 3.29637000e+05 2.79391000e+05 2.39482000e+05
 2.03927000e+05 1.73294000e+05 1.47276000e+05 1.24858000e+05
 1.05862000e+05 9.05780000e+04 7.66520000e+04 6.58330000e+04
 5.55180000e+04 4.71120000e+04 4.01530000e+04 3.38640000e+04
 2.88350000e+04 2.44930000e+04 2.06980000e+04 1.74740000e+04
 1.49080000e+04 1.27360000e+04 1.06510000e+04 8.88700000e+03
 7.35600000e+03 6.11600000e+03 5.24100000e+03 4.38100000e+03
 3.64900000e+03 3.15500000e+03 2.55400000e+03 2.08800000e+03
 1.83700000e+03 1.55400000e+03 1.25300000e+03 1.04300000e+03
 9.02000000e+02 7.05000000e+02 5.99000000e+02 5.51000000e+02
 4.33000000e+02 3.65000000e+02 3.10000000e+02 2.46000000e+02
 1.86000000e+02 1.63000000e+02 1.46000000e+02 1.31000000e+02
 9.20000000e+01 8.30000000e+01 7.40000000e+01 5.40000000e+01
 4.50000000e+01 3.20000000e+01 3.40000000e+01 2.00000000e+01
 1.60000000e+01 6.00000000e+00 1.40000000e+01 1.20000000e+01
 1.10000000e+01 3.00000000e+00 4.00000000e+00 0.00000000e+00
 2.00000000e+00 2.00000000e+00 0.00000000e+00 3.00000000e+00]
