Standard Deviation: 11.518941883779059
Skewness: -0.0002612456975709314
Kurtosis: 1.1108555156798658
Median: -0.07797439301355232
Mean: -0.08575749854218077
Deciles: [-6.87973254  6.69292702]
Minimum: -71.57234059319835
Maximum: 79.56036167332208
Bin Edges: [-71.57234059 -70.06101357 -68.54968655 -67.03835953 -65.5270325
 -64.01570548 -62.50437846 -60.99305143 -59.48172441 -57.97039739
 -56.45907037 -54.94774334 -53.43641632 -51.9250893  -50.41376228
 -48.90243525 -47.39110823 -45.87978121 -44.36845419 -42.85712716
 -41.34580014 -39.83447312 -38.32314609 -36.81181907 -35.30049205
 -33.78916503 -32.277838   -30.76651098 -29.25518396 -27.74385694
 -26.23252991 -24.72120289 -23.20987587 -21.69854885 -20.18722182
 -18.6758948  -17.16456778 -15.65324075 -14.14191373 -12.63058671
 -11.11925969  -9.60793266  -8.09660564  -6.58527862  -5.0739516
  -3.56262457  -2.05129755  -0.53997053   0.97135649   2.48268352
   3.99401054   5.50533756   7.01666459   8.52799161  10.03931863
  11.55064565  13.06197268  14.5732997   16.08462672  17.59595374
  19.10728077  20.61860779  22.12993481  23.64126183  25.15258886
  26.66391588  28.1752429   29.68656993  31.19789695  32.70922397
  34.22055099  35.73187802  37.24320504  38.75453206  40.26585908
  41.77718611  43.28851313  44.79984015  46.31116717  47.8224942
  49.33382122  50.84514824  52.35647527  53.86780229  55.37912931
  56.89045633  58.40178336  59.91311038  61.4244374   62.93576442
  64.44709145  65.95841847  67.46974549  68.98107251  70.49239954
  72.00372656  73.51505358  75.02638061  76.53770763  78.04903465
  79.56036167]
Frequencies: [1.90000000e+01 2.32000000e+02 1.17100000e+03 2.69700000e+03
 4.81800000e+03 8.34600000e+03 1.43770000e+04 2.43970000e+04
 4.28820000e+04 7.63430000e+04 1.22050000e+05 1.80087000e+05
 2.55576000e+05 3.48341000e+05 4.31709000e+05 5.44225000e+05
 7.07167000e+05 9.16798000e+05 1.18505400e+06 1.53054900e+06
 1.96743100e+06 2.51911800e+06 3.21162700e+06 4.06670200e+06
 5.17142700e+06 6.52568900e+06 8.21728400e+06 1.03328240e+07
 1.29368500e+07 1.61664250e+07 2.00838620e+07 2.48518300e+07
 3.07315860e+07 3.78914840e+07 4.65923590e+07 5.69423090e+07
 6.93227320e+07 8.38645540e+07 1.00958193e+08 1.20817338e+08
 1.43334540e+08 1.68094638e+08 1.94213039e+08 2.20547087e+08
 2.44910572e+08 2.65113138e+08 2.78424877e+08 2.82185923e+08
 2.75220721e+08 2.59198260e+08 2.36933471e+08 2.11074695e+08
 1.84012359e+08 1.57672977e+08 1.33440555e+08 1.11748938e+08
 9.30072210e+07 7.71024330e+07 6.37580680e+07 5.24816250e+07
 4.29521310e+07 3.50115000e+07 2.84669890e+07 2.30199420e+07
 1.85589150e+07 1.49247210e+07 1.19845500e+07 9.57995900e+06
 7.63889100e+06 6.05682200e+06 4.78787500e+06 3.75620200e+06
 2.93419900e+06 2.27793100e+06 1.75920700e+06 1.35622100e+06
 1.03950800e+06 7.92289000e+05 6.00355000e+05 4.46255000e+05
 3.30303000e+05 2.43836000e+05 1.77488000e+05 1.30637000e+05
 9.31360000e+04 6.62160000e+04 4.69630000e+04 3.26000000e+04
 2.34200000e+04 1.68200000e+04 1.21620000e+04 8.47000000e+03
 5.74700000e+03 3.64400000e+03 2.21200000e+03 1.29300000e+03
 5.97000000e+02 2.85000000e+02 9.10000000e+01 1.90000000e+01]
