Standard Deviation: 10.136105606676592
Skewness: 0.05455448156352472
Kurtosis: 2.6619164802300377
Median: -0.03991395138130256
Mean: -0.005812949113025621
Deciles: [-4.8612892   4.81233743]
Minimum: -71.51375270094428
Maximum: 89.72055571355732
Bin Edges: [-71.5137527  -69.90140962 -68.28906653 -66.67672345 -65.06438036
 -63.45203728 -61.8396942  -60.22735111 -58.61500803 -57.00266494
 -55.39032186 -53.77797878 -52.16563569 -50.55329261 -48.94094952
 -47.32860644 -45.71626335 -44.10392027 -42.49157719 -40.8792341
 -39.26689102 -37.65454793 -36.04220485 -34.42986177 -32.81751868
 -31.2051756  -29.59283251 -27.98048943 -26.36814634 -24.75580326
 -23.14346018 -21.53111709 -19.91877401 -18.30643092 -16.69408784
 -15.08174476 -13.46940167 -11.85705859 -10.2447155   -8.63237242
  -7.02002934  -5.40768625  -3.79534317  -2.18300008  -0.570657
   1.04168609   2.65402917   4.26637225   5.87871534   7.49105842
   9.10340151  10.71574459  12.32808767  13.94043076  15.55277384
  17.16511693  18.77746001  20.3898031   22.00214618  23.61448926
  25.22683235  26.83917543  28.45151852  30.0638616   31.67620468
  33.28854777  34.90089085  36.51323394  38.12557702  39.73792011
  41.35026319  42.96260627  44.57494936  46.18729244  47.79963553
  49.41197861  51.02432169  52.63666478  54.24900786  55.86135095
  57.47369403  59.08603711  60.6983802   62.31072328  63.92306637
  65.53540945  67.14775254  68.76009562  70.3724387   71.98478179
  73.59712487  75.20946796  76.82181104  78.43415412  80.04649721
  81.65884029  83.27118338  84.88352646  86.49586955  88.10821263
  89.72055571]
Frequencies: [5.10000000e+01 1.83000000e+02 6.56000000e+02 1.64900000e+03
 3.79200000e+03 8.72600000e+03 1.66150000e+04 2.99990000e+04
 4.83570000e+04 7.65120000e+04 1.18112000e+05 1.77831000e+05
 2.55811000e+05 3.55936000e+05 4.93467000e+05 6.70299000e+05
 9.01114000e+05 1.18865600e+06 1.55248700e+06 2.01380300e+06
 2.59987900e+06 3.31481600e+06 4.18958800e+06 5.28245400e+06
 6.62027700e+06 8.24962100e+06 1.02297690e+07 1.26742980e+07
 1.55962640e+07 1.91770410e+07 2.35017470e+07 2.88049240e+07
 3.53084340e+07 4.33156970e+07 5.32139500e+07 6.56110330e+07
 8.14517980e+07 1.02203570e+08 1.29888842e+08 1.67537855e+08
 2.19482243e+08 2.87778940e+08 3.64625149e+08 4.25615780e+08
 4.42021174e+08 4.05688004e+08 3.36942918e+08 2.63382575e+08
 2.01010526e+08 1.53845548e+08 1.19579128e+08 9.44268500e+07
 7.54467690e+07 6.07163120e+07 4.91993830e+07 4.00469920e+07
 3.26866550e+07 2.66938960e+07 2.18300710e+07 1.78796550e+07
 1.46511610e+07 1.20023830e+07 9.80850500e+06 8.00352800e+06
 6.50971400e+06 5.26048400e+06 4.23661900e+06 3.39397200e+06
 2.69577800e+06 2.14330400e+06 1.68470700e+06 1.31798800e+06
 1.01861900e+06 7.75327000e+05 5.87328000e+05 4.37653000e+05
 3.21215000e+05 2.32413000e+05 1.64188000e+05 1.14247000e+05
 7.92100000e+04 5.43810000e+04 3.63750000e+04 2.40830000e+04
 1.57320000e+04 1.02390000e+04 7.03200000e+03 4.68600000e+03
 3.02900000e+03 1.96400000e+03 1.21900000e+03 8.60000000e+02
 5.59000000e+02 3.26000000e+02 2.45000000e+02 1.50000000e+02
 1.28000000e+02 7.90000000e+01 4.60000000e+01 4.30000000e+01]
