Standard Deviation: 10.738810777116633
Skewness: 0.535292044704446
Kurtosis: 0.00948857694380667
Median: 3.1133156617897484
Mean: 4.522347426693971
Deciles: [-3.44048871 11.40593677]
Minimum: -55.47931757510851
Maximum: 70.50042308052335
Bin Edges: [-5.54793176e+01 -5.42195202e+01 -5.29597228e+01 -5.16999254e+01
 -5.04401279e+01 -4.91803305e+01 -4.79205331e+01 -4.66607357e+01
 -4.54009383e+01 -4.41411409e+01 -4.28813435e+01 -4.16215461e+01
 -4.03617487e+01 -3.91019513e+01 -3.78421539e+01 -3.65823565e+01
 -3.53225591e+01 -3.40627617e+01 -3.28029643e+01 -3.15431669e+01
 -3.02833694e+01 -2.90235720e+01 -2.77637746e+01 -2.65039772e+01
 -2.52441798e+01 -2.39843824e+01 -2.27245850e+01 -2.14647876e+01
 -2.02049902e+01 -1.89451928e+01 -1.76853954e+01 -1.64255980e+01
 -1.51658006e+01 -1.39060032e+01 -1.26462058e+01 -1.13864083e+01
 -1.01266109e+01 -8.86681353e+00 -7.60701613e+00 -6.34721872e+00
 -5.08742131e+00 -3.82762391e+00 -2.56782650e+00 -1.30802909e+00
 -4.82316866e-02  1.21156572e+00  2.47136313e+00  3.73116053e+00
  4.99095794e+00  6.25075535e+00  7.51055275e+00  8.77035016e+00
  1.00301476e+01  1.12899450e+01  1.25497424e+01  1.38095398e+01
  1.50693372e+01  1.63291346e+01  1.75889320e+01  1.88487294e+01
  2.01085268e+01  2.13683242e+01  2.26281216e+01  2.38879190e+01
  2.51477164e+01  2.64075139e+01  2.76673113e+01  2.89271087e+01
  3.01869061e+01  3.14467035e+01  3.27065009e+01  3.39662983e+01
  3.52260957e+01  3.64858931e+01  3.77456905e+01  3.90054879e+01
  4.02652853e+01  4.15250827e+01  4.27848801e+01  4.40446775e+01
  4.53044749e+01  4.65642724e+01  4.78240698e+01  4.90838672e+01
  5.03436646e+01  5.16034620e+01  5.28632594e+01  5.41230568e+01
  5.53828542e+01  5.66426516e+01  5.79024490e+01  5.91622464e+01
  6.04220438e+01  6.16818412e+01  6.29416386e+01  6.42014360e+01
  6.54612335e+01  6.67210309e+01  6.79808283e+01  6.92406257e+01
  7.05004231e+01]
Frequencies: [6.00000000e+00 7.00000000e+00 1.30000000e+01 2.50000000e+01
 3.90000000e+01 1.36000000e+02 1.84000000e+02 2.92000000e+02
 4.84000000e+02 6.92000000e+02 8.78000000e+02 1.31900000e+03
 2.03400000e+03 2.93600000e+03 4.90000000e+03 7.70500000e+03
 1.13620000e+04 1.80340000e+04 2.89360000e+04 4.45530000e+04
 6.83230000e+04 1.07575000e+05 1.67555000e+05 2.63118000e+05
 4.28026000e+05 7.19405000e+05 1.23978200e+06 2.17870000e+06
 3.86692500e+06 6.74928900e+06 1.14534820e+07 1.86373160e+07
 2.92661130e+07 4.39539470e+07 6.31614240e+07 8.64197930e+07
 1.12216910e+08 1.38708933e+08 1.63595248e+08 1.85149478e+08
 2.02116288e+08 2.13927168e+08 2.20730136e+08 2.22911016e+08
 2.20586756e+08 2.15139694e+08 2.07224909e+08 1.97572886e+08
 1.86826189e+08 1.75930857e+08 1.64831087e+08 1.53900755e+08
 1.43068630e+08 1.32710175e+08 1.22533440e+08 1.12643390e+08
 1.03089796e+08 9.39922790e+07 8.51278180e+07 7.65046530e+07
 6.82050730e+07 6.02162490e+07 5.26405030e+07 4.54235630e+07
 3.86928840e+07 3.25111190e+07 2.69360850e+07 2.19928490e+07
 1.77047320e+07 1.40266050e+07 1.09710040e+07 8.50213700e+06
 6.47213600e+06 4.83717300e+06 3.56406600e+06 2.59402800e+06
 1.86803900e+06 1.31495500e+06 9.15830000e+05 6.32509000e+05
 4.32735000e+05 2.89136000e+05 1.93198000e+05 1.29146000e+05
 8.51930000e+04 5.91280000e+04 4.13900000e+04 2.76330000e+04
 1.87200000e+04 1.31970000e+04 9.58500000e+03 6.63700000e+03
 4.47400000e+03 3.05700000e+03 2.04800000e+03 1.45900000e+03
 8.00000000e+02 5.55000000e+02 3.65000000e+02 2.06000000e+02]
