Standard Deviation: 0.0005092573711756015
Skewness: 1.9486181376394218
Kurtosis: 3.744701043506365
Median: 0.0001966708774035548
Mean: 0.00041219208043387476
Deciles: [7.62175006e-05 5.39354633e-04]
Minimum: 1.0001815783749052e-12
Maximum: 0.00705584311711558
Bin Edges: [1.00018158e-12 7.05584322e-05 1.41116863e-04 2.11675294e-04
 2.82233726e-04 3.52792157e-04 4.23350588e-04 4.93909019e-04
 5.64467450e-04 6.35025881e-04 7.05584313e-04 7.76142744e-04
 8.46701175e-04 9.17259606e-04 9.87818037e-04 1.05837647e-03
 1.12893490e-03 1.19949333e-03 1.27005176e-03 1.34061019e-03
 1.41116862e-03 1.48172706e-03 1.55228549e-03 1.62284392e-03
 1.69340235e-03 1.76396078e-03 1.83451921e-03 1.90507764e-03
 1.97563607e-03 2.04619450e-03 2.11675294e-03 2.18731137e-03
 2.25786980e-03 2.32842823e-03 2.39898666e-03 2.46954509e-03
 2.54010352e-03 2.61066195e-03 2.68122039e-03 2.75177882e-03
 2.82233725e-03 2.89289568e-03 2.96345411e-03 3.03401254e-03
 3.10457097e-03 3.17512940e-03 3.24568783e-03 3.31624627e-03
 3.38680470e-03 3.45736313e-03 3.52792156e-03 3.59847999e-03
 3.66903842e-03 3.73959685e-03 3.81015528e-03 3.88071371e-03
 3.95127215e-03 4.02183058e-03 4.09238901e-03 4.16294744e-03
 4.23350587e-03 4.30406430e-03 4.37462273e-03 4.44518116e-03
 4.51573960e-03 4.58629803e-03 4.65685646e-03 4.72741489e-03
 4.79797332e-03 4.86853175e-03 4.93909018e-03 5.00964861e-03
 5.08020704e-03 5.15076548e-03 5.22132391e-03 5.29188234e-03
 5.36244077e-03 5.43299920e-03 5.50355763e-03 5.57411606e-03
 5.64467449e-03 5.71523293e-03 5.78579136e-03 5.85634979e-03
 5.92690822e-03 5.99746665e-03 6.06802508e-03 6.13858351e-03
 6.20914194e-03 6.27970037e-03 6.35025881e-03 6.42081724e-03
 6.49137567e-03 6.56193410e-03 6.63249253e-03 6.70305096e-03
 6.77360939e-03 6.84416782e-03 6.91472625e-03 6.98528469e-03
 7.05584312e-03]
Frequencies: [1.05531002e+09 8.05134741e+08 4.99570068e+08 3.41744742e+08
 2.53939332e+08 1.99076512e+08 1.61728196e+08 1.34743869e+08
 1.14503337e+08 9.88130070e+07 8.63789240e+07 7.62989400e+07
 6.80836410e+07 6.12525160e+07 5.55533340e+07 5.07096090e+07
 4.65869930e+07 4.30236170e+07 3.99200150e+07 3.72174510e+07
 3.48235720e+07 3.26602610e+07 3.06233200e+07 2.86088060e+07
 2.64825990e+07 2.42390030e+07 2.19524020e+07 1.96231770e+07
 1.72711570e+07 1.49218590e+07 1.26274710e+07 1.04513650e+07
 8.47033500e+06 6.71695300e+06 5.21598400e+06 3.97933100e+06
 3.01342200e+06 2.26831700e+06 1.71048500e+06 1.30173100e+06
 1.00012700e+06 7.70025000e+05 5.99402000e+05 4.69677000e+05
 3.66151000e+05 2.88662000e+05 2.28263000e+05 1.80188000e+05
 1.42881000e+05 1.12975000e+05 8.94760000e+04 7.12130000e+04
 5.71350000e+04 4.49390000e+04 3.59130000e+04 2.88750000e+04
 2.38650000e+04 1.96200000e+04 1.64590000e+04 1.36870000e+04
 1.13130000e+04 9.52600000e+03 8.27100000e+03 7.15900000e+03
 6.20200000e+03 5.27700000e+03 4.29800000e+03 3.72300000e+03
 3.16400000e+03 2.71600000e+03 2.10800000e+03 1.70100000e+03
 1.41700000e+03 1.26500000e+03 1.07700000e+03 9.77000000e+02
 8.13000000e+02 6.40000000e+02 5.23000000e+02 4.49000000e+02
 3.89000000e+02 2.42000000e+02 1.78000000e+02 1.59000000e+02
 1.13000000e+02 8.20000000e+01 5.20000000e+01 5.90000000e+01
 4.40000000e+01 3.30000000e+01 1.50000000e+01 1.10000000e+01
 7.00000000e+00 5.00000000e+00 5.00000000e+00 6.00000000e+00
 1.20000000e+01 9.00000000e+00 4.00000000e+00 5.00000000e+00]
