Standard Deviation: 4.329409911889888e-05
Skewness: 7.670314228254091
Kurtosis: 80.93487793083183
Median: 1.6743446202988538e-07
Mean: 1.1046621074013074e-05
Deciles: [6.74263514e-09 1.94567499e-06]
Minimum: 0.0
Maximum: 0.0010707956246579265
Bin Edges: [0.00000000e+00 1.07079562e-05 2.14159125e-05 3.21238687e-05
 4.28318250e-05 5.35397812e-05 6.42477375e-05 7.49556937e-05
 8.56636500e-05 9.63716062e-05 1.07079562e-04 1.17787519e-04
 1.28495475e-04 1.39203431e-04 1.49911387e-04 1.60619344e-04
 1.71327300e-04 1.82035256e-04 1.92743212e-04 2.03451169e-04
 2.14159125e-04 2.24867081e-04 2.35575037e-04 2.46282994e-04
 2.56990950e-04 2.67698906e-04 2.78406862e-04 2.89114819e-04
 2.99822775e-04 3.10530731e-04 3.21238687e-04 3.31946644e-04
 3.42654600e-04 3.53362556e-04 3.64070512e-04 3.74778469e-04
 3.85486425e-04 3.96194381e-04 4.06902337e-04 4.17610294e-04
 4.28318250e-04 4.39026206e-04 4.49734162e-04 4.60442119e-04
 4.71150075e-04 4.81858031e-04 4.92565987e-04 5.03273944e-04
 5.13981900e-04 5.24689856e-04 5.35397812e-04 5.46105769e-04
 5.56813725e-04 5.67521681e-04 5.78229637e-04 5.88937594e-04
 5.99645550e-04 6.10353506e-04 6.21061462e-04 6.31769419e-04
 6.42477375e-04 6.53185331e-04 6.63893287e-04 6.74601244e-04
 6.85309200e-04 6.96017156e-04 7.06725112e-04 7.17433069e-04
 7.28141025e-04 7.38848981e-04 7.49556937e-04 7.60264894e-04
 7.70972850e-04 7.81680806e-04 7.92388762e-04 8.03096718e-04
 8.13804675e-04 8.24512631e-04 8.35220587e-04 8.45928543e-04
 8.56636500e-04 8.67344456e-04 8.78052412e-04 8.88760368e-04
 8.99468325e-04 9.10176281e-04 9.20884237e-04 9.31592193e-04
 9.42300150e-04 9.53008106e-04 9.63716062e-04 9.74424018e-04
 9.85131975e-04 9.95839931e-04 1.00654789e-03 1.01725584e-03
 1.02796380e-03 1.03867176e-03 1.04937971e-03 1.06008767e-03
 1.07079562e-03]
Frequencies: [3.91895554e+09 1.69517010e+08 9.45823240e+07 6.43367070e+07
 4.64651880e+07 3.51455470e+07 2.77310060e+07 2.25643020e+07
 1.87649480e+07 1.58458320e+07 1.35386070e+07 1.16892410e+07
 1.01649390e+07 8.90632200e+06 7.84416600e+06 6.94771600e+06
 6.19042700e+06 5.54326000e+06 4.97234900e+06 4.46696400e+06
 4.03478400e+06 3.64895900e+06 3.30359700e+06 2.99668900e+06
 2.72511400e+06 2.48181900e+06 2.26392300e+06 2.06699500e+06
 1.88937800e+06 1.73057700e+06 1.58843200e+06 1.45552600e+06
 1.33470700e+06 1.22584400e+06 1.12656300e+06 1.03672700e+06
 9.53849000e+05 8.77107000e+05 8.06113000e+05 7.42054000e+05
 6.82742000e+05 6.27910000e+05 5.77552000e+05 5.33483000e+05
 4.91233000e+05 4.51789000e+05 4.17831000e+05 3.86230000e+05
 3.56410000e+05 3.28519000e+05 3.03352000e+05 2.80906000e+05
 2.60169000e+05 2.39816000e+05 2.22819000e+05 2.05966000e+05
 1.90703000e+05 1.76380000e+05 1.62952000e+05 1.51784000e+05
 1.40528000e+05 1.30434000e+05 1.20226000e+05 1.11148000e+05
 1.02849000e+05 9.45240000e+04 8.67780000e+04 8.00890000e+04
 7.38020000e+04 6.76840000e+04 6.22420000e+04 5.71830000e+04
 5.31880000e+04 4.96740000e+04 4.60330000e+04 4.29830000e+04
 3.99920000e+04 3.68350000e+04 3.43140000e+04 3.17020000e+04
 2.90040000e+04 2.68220000e+04 2.44920000e+04 2.23320000e+04
 1.96490000e+04 1.75970000e+04 1.53720000e+04 1.35050000e+04
 1.13200000e+04 9.27200000e+03 7.15700000e+03 5.40700000e+03
 4.03300000e+03 2.73400000e+03 1.79100000e+03 9.47000000e+02
 3.97000000e+02 1.69000000e+02 6.50000000e+01 3.40000000e+01]
