Standard Deviation: 2.0574994793551482e-05
Skewness: 5.372554944592315
Kurtosis: 34.22843175417342
Median: 6.875184439927176e-13
Mean: 5.41881445734723e-06
Deciles: [0.00000000e+00 6.89048051e-08]
Minimum: 0.0
Maximum: 0.0007451011384701009
Bin Edges: [0.00000000e+00 7.45101138e-06 1.49020228e-05 2.23530342e-05
 2.98040455e-05 3.72550569e-05 4.47060683e-05 5.21570797e-05
 5.96080911e-05 6.70591025e-05 7.45101138e-05 8.19611252e-05
 8.94121366e-05 9.68631480e-05 1.04314159e-04 1.11765171e-04
 1.19216182e-04 1.26667194e-04 1.34118205e-04 1.41569216e-04
 1.49020228e-04 1.56471239e-04 1.63922250e-04 1.71373262e-04
 1.78824273e-04 1.86275285e-04 1.93726296e-04 2.01177307e-04
 2.08628319e-04 2.16079330e-04 2.23530342e-04 2.30981353e-04
 2.38432364e-04 2.45883376e-04 2.53334387e-04 2.60785398e-04
 2.68236410e-04 2.75687421e-04 2.83138433e-04 2.90589444e-04
 2.98040455e-04 3.05491467e-04 3.12942478e-04 3.20393490e-04
 3.27844501e-04 3.35295512e-04 3.42746524e-04 3.50197535e-04
 3.57648546e-04 3.65099558e-04 3.72550569e-04 3.80001581e-04
 3.87452592e-04 3.94903603e-04 4.02354615e-04 4.09805626e-04
 4.17256638e-04 4.24707649e-04 4.32158660e-04 4.39609672e-04
 4.47060683e-04 4.54511694e-04 4.61962706e-04 4.69413717e-04
 4.76864729e-04 4.84315740e-04 4.91766751e-04 4.99217763e-04
 5.06668774e-04 5.14119786e-04 5.21570797e-04 5.29021808e-04
 5.36472820e-04 5.43923831e-04 5.51374842e-04 5.58825854e-04
 5.66276865e-04 5.73727877e-04 5.81178888e-04 5.88629899e-04
 5.96080911e-04 6.03531922e-04 6.10982934e-04 6.18433945e-04
 6.25884956e-04 6.33335968e-04 6.40786979e-04 6.48237990e-04
 6.55689002e-04 6.63140013e-04 6.70591025e-04 6.78042036e-04
 6.85493047e-04 6.92944059e-04 7.00395070e-04 7.07846082e-04
 7.15297093e-04 7.22748104e-04 7.30199116e-04 7.37650127e-04
 7.45101138e-04]
Frequencies: [4.06682645e+09 1.09063948e+08 6.32965120e+07 4.48917620e+07
 3.50677480e+07 2.89103780e+07 2.46241810e+07 2.13674120e+07
 1.87928880e+07 1.66710140e+07 1.49182580e+07 1.34121280e+07
 1.21057800e+07 1.09573530e+07 9.89438300e+06 8.86448600e+06
 7.81807700e+06 6.73927400e+06 5.66173000e+06 4.64588300e+06
 3.74230700e+06 2.95558200e+06 2.31046200e+06 1.79105400e+06
 1.37849900e+06 1.05258900e+06 7.99989000e+05 6.09955000e+05
 4.65946000e+05 3.56337000e+05 2.72392000e+05 2.07727000e+05
 1.58684000e+05 1.22884000e+05 9.49290000e+04 7.31580000e+04
 5.69400000e+04 4.43320000e+04 3.44150000e+04 2.69240000e+04
 2.09860000e+04 1.64760000e+04 1.26060000e+04 9.81200000e+03
 7.83800000e+03 6.06400000e+03 4.67400000e+03 3.65000000e+03
 2.82100000e+03 2.33600000e+03 1.95200000e+03 1.58200000e+03
 1.27600000e+03 1.08200000e+03 8.90000000e+02 7.19000000e+02
 6.28000000e+02 5.54000000e+02 4.24000000e+02 3.95000000e+02
 3.17000000e+02 3.01000000e+02 2.79000000e+02 2.09000000e+02
 1.98000000e+02 1.56000000e+02 1.42000000e+02 1.19000000e+02
 9.20000000e+01 8.20000000e+01 8.90000000e+01 7.30000000e+01
 5.40000000e+01 4.90000000e+01 3.40000000e+01 2.90000000e+01
 2.20000000e+01 2.90000000e+01 2.90000000e+01 1.30000000e+01
 1.70000000e+01 1.50000000e+01 1.30000000e+01 1.80000000e+01
 1.70000000e+01 1.60000000e+01 1.00000000e+01 1.50000000e+01
 6.00000000e+00 1.00000000e+01 6.00000000e+00 7.00000000e+00
 5.00000000e+00 3.00000000e+00 3.00000000e+00 3.00000000e+00
 0.00000000e+00 0.00000000e+00 1.00000000e+00 1.00000000e+00]
