Standard Deviation: 2.3141886930573254e-07
Skewness: 3.742290591362965
Kurtosis: 90.84131810463546
Median: 1.6586895472370165e-06
Mean: 1.700213974492123e-06
Deciles: [1.55027596e-06 1.79985467e-06]
Minimum: 1.0019267137529374e-06
Maximum: 6.950712867892554e-05
Bin Edges: [1.00192671e-06 1.68697873e-06 2.37203075e-06 3.05708277e-06
 3.74213479e-06 4.42718681e-06 5.11223883e-06 5.79729085e-06
 6.48234287e-06 7.16739489e-06 7.85244691e-06 8.53749893e-06
 9.22255095e-06 9.90760297e-06 1.05926550e-05 1.12777070e-05
 1.19627590e-05 1.26478110e-05 1.33328631e-05 1.40179151e-05
 1.47029671e-05 1.53880191e-05 1.60730711e-05 1.67581232e-05
 1.74431752e-05 1.81282272e-05 1.88132792e-05 1.94983312e-05
 2.01833833e-05 2.08684353e-05 2.15534873e-05 2.22385393e-05
 2.29235913e-05 2.36086434e-05 2.42936954e-05 2.49787474e-05
 2.56637994e-05 2.63488514e-05 2.70339035e-05 2.77189555e-05
 2.84040075e-05 2.90890595e-05 2.97741115e-05 3.04591636e-05
 3.11442156e-05 3.18292676e-05 3.25143196e-05 3.31993716e-05
 3.38844237e-05 3.45694757e-05 3.52545277e-05 3.59395797e-05
 3.66246317e-05 3.73096838e-05 3.79947358e-05 3.86797878e-05
 3.93648398e-05 4.00498918e-05 4.07349439e-05 4.14199959e-05
 4.21050479e-05 4.27900999e-05 4.34751519e-05 4.41602040e-05
 4.48452560e-05 4.55303080e-05 4.62153600e-05 4.69004120e-05
 4.75854641e-05 4.82705161e-05 4.89555681e-05 4.96406201e-05
 5.03256721e-05 5.10107241e-05 5.16957762e-05 5.23808282e-05
 5.30658802e-05 5.37509322e-05 5.44359842e-05 5.51210363e-05
 5.58060883e-05 5.64911403e-05 5.71761923e-05 5.78612443e-05
 5.85462964e-05 5.92313484e-05 5.99164004e-05 6.06014524e-05
 6.12865044e-05 6.19715565e-05 6.26566085e-05 6.33416605e-05
 6.40267125e-05 6.47117645e-05 6.53968166e-05 6.60818686e-05
 6.67669206e-05 6.74519726e-05 6.81370246e-05 6.88220767e-05
 6.95071287e-05]
Frequencies: [2.54652744e+09 1.92934730e+09 5.65717830e+07 6.22478500e+06
 1.47227500e+06 5.14588000e+05 2.34599000e+05 1.20291000e+05
 6.77260000e+04 3.93170000e+04 2.28700000e+04 1.30680000e+04
 8.17800000e+03 5.24800000e+03 3.84700000e+03 2.90200000e+03
 2.22100000e+03 1.59600000e+03 1.13600000e+03 8.26000000e+02
 5.14000000e+02 2.59000000e+02 1.30000000e+02 1.28000000e+02
 1.16000000e+02 9.60000000e+01 8.00000000e+01 7.20000000e+01
 5.30000000e+01 5.80000000e+01 4.80000000e+01 3.50000000e+01
 3.10000000e+01 3.40000000e+01 3.60000000e+01 2.80000000e+01
 1.30000000e+01 2.20000000e+01 2.90000000e+01 2.10000000e+01
 1.60000000e+01 1.30000000e+01 1.50000000e+01 1.10000000e+01
 7.00000000e+00 9.00000000e+00 1.10000000e+01 1.40000000e+01
 1.00000000e+01 8.00000000e+00 1.00000000e+01 6.00000000e+00
 8.00000000e+00 3.00000000e+00 6.00000000e+00 7.00000000e+00
 4.00000000e+00 7.00000000e+00 3.00000000e+00 6.00000000e+00
 7.00000000e+00 1.00000000e+00 1.00000000e+00 0.00000000e+00
 1.00000000e+00 1.00000000e+00 1.00000000e+00 0.00000000e+00
 0.00000000e+00 2.00000000e+00 1.00000000e+00 1.00000000e+00
 1.00000000e+00 2.00000000e+00 0.00000000e+00 0.00000000e+00
 0.00000000e+00 0.00000000e+00 0.00000000e+00 0.00000000e+00
 0.00000000e+00 0.00000000e+00 1.00000000e+00 0.00000000e+00
 1.00000000e+00 0.00000000e+00 1.00000000e+00 0.00000000e+00
 1.00000000e+00 0.00000000e+00 0.00000000e+00 1.00000000e+00
 1.00000000e+00 1.00000000e+00 0.00000000e+00 0.00000000e+00
 0.00000000e+00 0.00000000e+00 0.00000000e+00 1.00000000e+00]
