Standard Deviation: 11.843877685671764
Skewness: -1.2266700661065377
Kurtosis: 1.0473140986374565
Median: 275.16391272566966
Mean: 270.4904228765116
Deciles: [263.38925559 279.80819388]
Minimum: 211.4758198271062
Maximum: 291.2231560549456
Bin Edges: [211.47581983 212.27329319 213.07076655 213.86823991 214.66571328
 215.46318664 216.26066    217.05813336 217.85560673 218.65308009
 219.45055345 220.24802681 221.04550017 221.84297354 222.6404469
 223.43792026 224.23539362 225.03286699 225.83034035 226.62781371
 227.42528707 228.22276043 229.0202338  229.81770716 230.61518052
 231.41265388 232.21012725 233.00760061 233.80507397 234.60254733
 235.4000207  236.19749406 236.99496742 237.79244078 238.58991414
 239.38738751 240.18486087 240.98233423 241.77980759 242.57728096
 243.37475432 244.17222768 244.96970104 245.76717441 246.56464777
 247.36212113 248.15959449 248.95706785 249.75454122 250.55201458
 251.34948794 252.1469613  252.94443467 253.74190803 254.53938139
 255.33685475 256.13432811 256.93180148 257.72927484 258.5267482
 259.32422156 260.12169493 260.91916829 261.71664165 262.51411501
 263.31158838 264.10906174 264.9065351  265.70400846 266.50148182
 267.29895519 268.09642855 268.89390191 269.69137527 270.48884864
 271.286322   272.08379536 272.88126872 273.67874208 274.47621545
 275.27368881 276.07116217 276.86863553 277.6661089  278.46358226
 279.26105562 280.05852898 280.85600235 281.65347571 282.45094907
 283.24842243 284.04589579 284.84336916 285.64084252 286.43831588
 287.23578924 288.03326261 288.83073597 289.62820933 290.42568269
 291.22315605]
Frequencies: [2.22700000e+03 1.03840000e+04 2.62500000e+04 5.04610000e+04
 9.25760000e+04 1.59703000e+05 2.54886000e+05 3.82909000e+05
 5.36431000e+05 6.97067000e+05 8.78976000e+05 1.07159900e+06
 1.28161200e+06 1.48213700e+06 1.66163800e+06 1.83242100e+06
 2.00986000e+06 2.16252100e+06 2.30094800e+06 2.42798200e+06
 2.55453900e+06 2.65875300e+06 2.76815200e+06 2.89553000e+06
 3.02436800e+06 3.15713300e+06 3.35134700e+06 3.57605000e+06
 3.80587600e+06 4.12196300e+06 4.49404500e+06 4.95978100e+06
 5.53515300e+06 6.28897900e+06 7.22342700e+06 8.33477400e+06
 9.62722400e+06 1.09751380e+07 1.24938400e+07 1.41908950e+07
 1.60341510e+07 1.79416750e+07 2.00141330e+07 2.22115000e+07
 2.43236560e+07 2.65375170e+07 2.85973980e+07 3.07040070e+07
 3.29806830e+07 3.52936240e+07 3.74959790e+07 3.97050310e+07
 4.22212760e+07 4.42252340e+07 4.56548090e+07 4.68974310e+07
 4.81838200e+07 4.94361570e+07 5.06720140e+07 5.19067790e+07
 5.34262740e+07 5.49836470e+07 5.66763230e+07 5.81877100e+07
 5.97337400e+07 6.11553080e+07 6.24319200e+07 6.35882180e+07
 6.48134780e+07 6.62251710e+07 6.80537860e+07 7.00860170e+07
 7.21360010e+07 7.48013150e+07 7.79581810e+07 8.20776150e+07
 8.69051130e+07 9.32281490e+07 1.01727734e+08 1.12108105e+08
 1.24199364e+08 1.39772870e+08 1.61539816e+08 1.94036805e+08
 2.58868470e+08 3.67354684e+08 4.09944051e+08 3.06000158e+08
 1.67126661e+08 7.68946220e+07 3.11961750e+07 1.12193130e+07
 3.87630500e+06 1.49016400e+06 6.14628000e+05 2.42240000e+05
 7.94870000e+04 2.23080000e+04 5.12100000e+03 5.24000000e+02]
