Standard Deviation: 12.581274334123826
Skewness: -1.1455817528555459
Kurtosis: 1.2631558008276222
Median: 286.6091867160988
Mean: 282.89171205584967
Deciles: [275.57553526 292.5705295 ]
Minimum: 215.52896347467293
Maximum: 315.8684259314262
Bin Edges: [215.52896347 216.5323581  217.53575272 218.53914735 219.54254197
 220.5459366  221.54933122 222.55272585 223.55612047 224.5595151
 225.56290972 226.56630434 227.56969897 228.57309359 229.57648822
 230.57988284 231.58327747 232.58667209 233.59006672 234.59346134
 235.59685597 236.60025059 237.60364522 238.60703984 239.61043446
 240.61382909 241.61722371 242.62061834 243.62401296 244.62740759
 245.63080221 246.63419684 247.63759146 248.64098609 249.64438071
 250.64777533 251.65116996 252.65456458 253.65795921 254.66135383
 255.66474846 256.66814308 257.67153771 258.67493233 259.67832696
 260.68172158 261.6851162  262.68851083 263.69190545 264.69530008
 265.6986947  266.70208933 267.70548395 268.70887858 269.7122732
 270.71566783 271.71906245 272.72245708 273.7258517  274.72924632
 275.73264095 276.73603557 277.7394302  278.74282482 279.74621945
 280.74961407 281.7530087  282.75640332 283.75979795 284.76319257
 285.76658719 286.76998182 287.77337644 288.77677107 289.78016569
 290.78356032 291.78695494 292.79034957 293.79374419 294.79713882
 295.80053344 296.80392806 297.80732269 298.81071731 299.81411194
 300.81750656 301.82090119 302.82429581 303.82769044 304.83108506
 305.83447969 306.83787431 307.84126893 308.84466356 309.84805818
 310.85145281 311.85484743 312.85824206 313.86163668 314.86503131
 315.86842593]
Frequencies: [1.17000000e+02 8.72000000e+02 4.37800000e+03 1.25040000e+04
 2.24720000e+04 4.30890000e+04 7.89380000e+04 1.39545000e+05
 2.19265000e+05 3.33215000e+05 4.80144000e+05 6.49326000e+05
 8.60939000e+05 1.08740400e+06 1.33811700e+06 1.55872500e+06
 1.80237100e+06 2.01444600e+06 2.20942100e+06 2.42457000e+06
 2.65403900e+06 2.89261400e+06 3.14383900e+06 3.43021000e+06
 3.74520400e+06 4.13780000e+06 4.61202300e+06 5.14733800e+06
 5.79778600e+06 6.52370000e+06 7.37267700e+06 8.34536700e+06
 9.33845300e+06 1.03315070e+07 1.14070470e+07 1.24350530e+07
 1.34977820e+07 1.46932160e+07 1.58019370e+07 1.68334110e+07
 1.79960400e+07 1.91808690e+07 2.04371430e+07 2.19972900e+07
 2.39783440e+07 2.64357900e+07 2.96357230e+07 3.39674030e+07
 4.00001050e+07 4.77836920e+07 5.53288390e+07 6.12062120e+07
 6.50233220e+07 6.70881470e+07 6.88159940e+07 7.03020000e+07
 7.18187230e+07 7.35696780e+07 7.62707000e+07 7.97856290e+07
 8.37417510e+07 8.78114760e+07 9.15854630e+07 9.53894540e+07
 9.88382780e+07 1.02282531e+08 1.06059232e+08 1.10530023e+08
 1.15877643e+08 1.22082895e+08 1.29720516e+08 1.39210287e+08
 1.51243257e+08 1.67729280e+08 1.94211226e+08 2.35983705e+08
 2.97051522e+08 3.63605423e+08 3.05700748e+08 1.25848644e+08
 6.51754550e+07 4.71746020e+07 3.68716070e+07 2.94888910e+07
 2.36249720e+07 1.87071630e+07 1.45822000e+07 1.10013790e+07
 7.94915700e+06 5.50341900e+06 3.62479000e+06 2.24410000e+06
 1.34575500e+06 7.73126000e+05 3.79973000e+05 1.36895000e+05
 4.21010000e+04 1.01300000e+04 2.13500000e+03 2.92000000e+02]
