Standard Deviation: 1.454964149161242e-09
Skewness: -1.0000000000035798
Kurtosis: -1.9999999999905567
Median: 224.47772869002048
Mean: 224.47772869147545
Deciles: [224.47772869 224.47772869]
Minimum: 224.47772869002048
Maximum: 224.47772869002048
Bin Edges: [223.97772869 223.98772869 223.99772869 224.00772869 224.01772869
 224.02772869 224.03772869 224.04772869 224.05772869 224.06772869
 224.07772869 224.08772869 224.09772869 224.10772869 224.11772869
 224.12772869 224.13772869 224.14772869 224.15772869 224.16772869
 224.17772869 224.18772869 224.19772869 224.20772869 224.21772869
 224.22772869 224.23772869 224.24772869 224.25772869 224.26772869
 224.27772869 224.28772869 224.29772869 224.30772869 224.31772869
 224.32772869 224.33772869 224.34772869 224.35772869 224.36772869
 224.37772869 224.38772869 224.39772869 224.40772869 224.41772869
 224.42772869 224.43772869 224.44772869 224.45772869 224.46772869
 224.47772869 224.48772869 224.49772869 224.50772869 224.51772869
 224.52772869 224.53772869 224.54772869 224.55772869 224.56772869
 224.57772869 224.58772869 224.59772869 224.60772869 224.61772869
 224.62772869 224.63772869 224.64772869 224.65772869 224.66772869
 224.67772869 224.68772869 224.69772869 224.70772869 224.71772869
 224.72772869 224.73772869 224.74772869 224.75772869 224.76772869
 224.77772869 224.78772869 224.79772869 224.80772869 224.81772869
 224.82772869 224.83772869 224.84772869 224.85772869 224.86772869
 224.87772869 224.88772869 224.89772869 224.90772869 224.91772869
 224.92772869 224.93772869 224.94772869 224.95772869 224.96772869
 224.97772869]
Frequencies: [0.000000e+00 0.000000e+00 0.000000e+00 0.000000e+00 0.000000e+00
 0.000000e+00 0.000000e+00 0.000000e+00 0.000000e+00 0.000000e+00
 0.000000e+00 0.000000e+00 0.000000e+00 0.000000e+00 0.000000e+00
 0.000000e+00 0.000000e+00 0.000000e+00 0.000000e+00 0.000000e+00
 0.000000e+00 0.000000e+00 0.000000e+00 0.000000e+00 0.000000e+00
 0.000000e+00 0.000000e+00 0.000000e+00 0.000000e+00 0.000000e+00
 0.000000e+00 0.000000e+00 0.000000e+00 0.000000e+00 0.000000e+00
 0.000000e+00 0.000000e+00 0.000000e+00 0.000000e+00 0.000000e+00
 0.000000e+00 0.000000e+00 0.000000e+00 0.000000e+00 0.000000e+00
 0.000000e+00 0.000000e+00 0.000000e+00 0.000000e+00 0.000000e+00
 4.541184e+09 0.000000e+00 0.000000e+00 0.000000e+00 0.000000e+00
 0.000000e+00 0.000000e+00 0.000000e+00 0.000000e+00 0.000000e+00
 0.000000e+00 0.000000e+00 0.000000e+00 0.000000e+00 0.000000e+00
 0.000000e+00 0.000000e+00 0.000000e+00 0.000000e+00 0.000000e+00
 0.000000e+00 0.000000e+00 0.000000e+00 0.000000e+00 0.000000e+00
 0.000000e+00 0.000000e+00 0.000000e+00 0.000000e+00 0.000000e+00
 0.000000e+00 0.000000e+00 0.000000e+00 0.000000e+00 0.000000e+00
 0.000000e+00 0.000000e+00 0.000000e+00 0.000000e+00 0.000000e+00
 0.000000e+00 0.000000e+00 0.000000e+00 0.000000e+00 0.000000e+00
 0.000000e+00 0.000000e+00 0.000000e+00 0.000000e+00 0.000000e+00]
