Standard Deviation: 6.452323712076679
Skewness: 0.05792960128447035
Kurtosis: 1.9570475619523018
Median: -0.059964442877224786
Mean: -0.04516039837801697
Deciles: [-3.46332255  3.3155615 ]
Minimum: -63.43600031847708
Maximum: 67.31267793409121
Bin Edges: [-63.43600032 -62.12851354 -60.82102675 -59.51353997 -58.20605319
 -56.89856641 -55.59107962 -54.28359284 -52.97610606 -51.66861928
 -50.36113249 -49.05364571 -47.74615893 -46.43867215 -45.13118536
 -43.82369858 -42.5162118  -41.20872502 -39.90123823 -38.59375145
 -37.28626467 -35.97877789 -34.6712911  -33.36380432 -32.05631754
 -30.74883076 -29.44134397 -28.13385719 -26.82637041 -25.51888363
 -24.21139684 -22.90391006 -21.59642328 -20.2889365  -18.98144971
 -17.67396293 -16.36647615 -15.05898937 -13.75150258 -12.4440158
 -11.13652902  -9.82904223  -8.52155545  -7.21406867  -5.90658189
  -4.5990951   -3.29160832  -1.98412154  -0.67663476   0.63085203
   1.93833881   3.24582559   4.55331237   5.86079916   7.16828594
   8.47577272   9.7832595   11.09074629  12.39823307  13.70571985
  15.01320663  16.32069342  17.6281802   18.93566698  20.24315376
  21.55064055  22.85812733  24.16561411  25.47310089  26.78058768
  28.08807446  29.39556124  30.70304802  32.01053481  33.31802159
  34.62550837  35.93299515  37.24048194  38.54796872  39.8554555
  41.16294228  42.47042907  43.77791585  45.08540263  46.39288941
  47.7003762   49.00786298  50.31534976  51.62283654  52.93032333
  54.23781011  55.54529689  56.85278367  58.16027046  59.46775724
  60.77524402  62.0827308   63.39021759  64.69770437  66.00519115
  67.31267793]
Frequencies: [3.00000000e+00 3.00000000e+00 9.00000000e+00 1.00000000e+01
 1.70000000e+01 2.20000000e+01 2.40000000e+01 4.80000000e+01
 6.30000000e+01 8.90000000e+01 1.49000000e+02 3.68000000e+02
 7.12000000e+02 1.30600000e+03 2.26800000e+03 3.89800000e+03
 6.68800000e+03 1.16700000e+04 1.92320000e+04 3.10200000e+04
 4.90500000e+04 8.05700000e+04 1.26237000e+05 1.97272000e+05
 3.05145000e+05 4.61086000e+05 6.86977000e+05 1.01634400e+06
 1.49224200e+06 2.17400100e+06 3.13857400e+06 4.45894000e+06
 6.26461000e+06 8.71727800e+06 1.20265020e+07 1.64450530e+07
 2.22530820e+07 2.99008710e+07 4.00553330e+07 5.32974130e+07
 7.07193900e+07 9.37240630e+07 1.24597432e+08 1.66363457e+08
 2.23055839e+08 2.97572616e+08 3.86425966e+08 4.67982055e+08
 5.02407502e+08 4.67427166e+08 3.84524836e+08 2.92848537e+08
 2.16161804e+08 1.59494762e+08 1.18849265e+08 8.95876670e+07
 6.80977410e+07 5.21155750e+07 3.99085790e+07 3.04516780e+07
 2.30442540e+07 1.72643560e+07 1.27851250e+07 9.36653100e+06
 6.79022500e+06 4.87219400e+06 3.46045500e+06 2.44009600e+06
 1.70183100e+06 1.19285400e+06 8.36725000e+05 5.81220000e+05
 4.03607000e+05 2.79649000e+05 1.92097000e+05 1.33773000e+05
 9.17760000e+04 6.33490000e+04 4.46610000e+04 3.12800000e+04
 2.23260000e+04 1.50040000e+04 1.00040000e+04 6.98500000e+03
 4.71200000e+03 2.99600000e+03 1.99600000e+03 1.30300000e+03
 8.76000000e+02 5.38000000e+02 4.04000000e+02 2.00000000e+02
 1.69000000e+02 1.12000000e+02 8.20000000e+01 5.50000000e+01
 3.30000000e+01 2.00000000e+01 1.60000000e+01 2.00000000e+00]
