Standard Deviation: 14.933009824566213
Skewness: 0.6866584818890654
Kurtosis: 0.31168648236693564
Median: 6.947423795298638
Mean: 9.27502038888162
Deciles: [-2.00200604 18.6040803 ]
Minimum: -56.333660165256134
Maximum: 105.18039977089106
Bin Edges: [-56.33366017 -54.71851957 -53.10337897 -51.48823837 -49.87309777
 -48.25795717 -46.64281657 -45.02767597 -43.41253537 -41.79739477
 -40.18225417 -38.56711357 -36.95197297 -35.33683237 -33.72169177
 -32.10655117 -30.49141058 -28.87626998 -27.26112938 -25.64598878
 -24.03084818 -22.41570758 -20.80056698 -19.18542638 -17.57028578
 -15.95514518 -14.34000458 -12.72486398 -11.10972338  -9.49458278
  -7.87944218  -6.26430159  -4.64916099  -3.03402039  -1.41887979
   0.19626081   1.81140141   3.42654201   5.04168261   6.65682321
   8.27196381   9.88710441  11.50224501  13.11738561  14.73252621
  16.34766681  17.96280741  19.577948    21.1930886   22.8082292
  24.4233698   26.0385104   27.653651    29.2687916   30.8839322
  32.4990728   34.1142134   35.729354    37.3444946   38.9596352
  40.5747758   42.1899164   43.805057    45.42019759  47.03533819
  48.65047879  50.26561939  51.88075999  53.49590059  55.11104119
  56.72618179  58.34132239  59.95646299  61.57160359  63.18674419
  64.80188479  66.41702539  68.03216599  69.64730658  71.26244718
  72.87758778  74.49272838  76.10786898  77.72300958  79.33815018
  80.95329078  82.56843138  84.18357198  85.79871258  87.41385318
  89.02899378  90.64413438  92.25927498  93.87441558  95.48955617
  97.10469677  98.71983737 100.33497797 101.95011857 103.56525917
 105.18039977]
Frequencies: [3.00000000e+01 1.79000000e+02 3.89000000e+02 9.30000000e+02
 1.72200000e+03 3.38600000e+03 6.34400000e+03 1.17560000e+04
 1.92480000e+04 2.94600000e+04 4.51550000e+04 6.89430000e+04
 1.02482000e+05 1.51135000e+05 2.19566000e+05 3.29730000e+05
 4.99070000e+05 7.70430000e+05 1.20182300e+06 1.89425300e+06
 3.01089900e+06 4.81062000e+06 7.76877800e+06 1.26008050e+07
 2.03139040e+07 3.23255110e+07 5.00299330e+07 7.38741120e+07
 1.03047770e+08 1.34425953e+08 1.63834280e+08 1.86940806e+08
 2.02566623e+08 2.11192628e+08 2.13592634e+08 2.11514022e+08
 2.06655943e+08 2.00129924e+08 1.92723282e+08 1.84949024e+08
 1.76667062e+08 1.68270763e+08 1.59819334e+08 1.51482560e+08
 1.42813711e+08 1.34247328e+08 1.25606052e+08 1.16928931e+08
 1.08220468e+08 9.94945480e+07 9.09658610e+07 8.28508030e+07
 7.49728800e+07 6.73386950e+07 6.01421480e+07 5.33712180e+07
 4.69300260e+07 4.09916150e+07 3.55362230e+07 3.05718800e+07
 2.61857730e+07 2.22788250e+07 1.88285600e+07 1.57825970e+07
 1.31537870e+07 1.09098700e+07 8.98461500e+06 7.38992700e+06
 6.02073200e+06 4.87735900e+06 3.91736200e+06 3.12774700e+06
 2.48777400e+06 1.96032200e+06 1.53544200e+06 1.19384700e+06
 9.23747000e+05 7.06419000e+05 5.36896000e+05 4.08610000e+05
 3.07841000e+05 2.28159000e+05 1.68417000e+05 1.20052000e+05
 8.59400000e+04 6.21710000e+04 4.25140000e+04 2.83080000e+04
 1.81880000e+04 1.18640000e+04 6.96300000e+03 3.72800000e+03
 1.77900000e+03 9.75000000e+02 4.31000000e+02 2.14000000e+02
 2.20000000e+02 1.89000000e+02 1.62000000e+02 8.60000000e+01]
