Standard Deviation: 5.010150021793376e-06
Skewness: 2.267797800303771
Kurtosis: 10.38575276596535
Median: 3.360735573006701e-06
Mean: 5.408325656503164e-06
Deciles: [1.94162459e-06 7.35835108e-06]
Minimum: 2.5530068420739825e-09
Maximum: 0.000313735616486759
Bin Edges: [2.55300684e-09 3.13988364e-06 6.27721428e-06 9.41454491e-06
 1.25518755e-05 1.56892062e-05 1.88265368e-05 2.19638675e-05
 2.51011981e-05 2.82385287e-05 3.13758594e-05 3.45131900e-05
 3.76505206e-05 4.07878513e-05 4.39251819e-05 4.70625125e-05
 5.01998432e-05 5.33371738e-05 5.64745044e-05 5.96118351e-05
 6.27491657e-05 6.58864963e-05 6.90238270e-05 7.21611576e-05
 7.52984882e-05 7.84358189e-05 8.15731495e-05 8.47104801e-05
 8.78478108e-05 9.09851414e-05 9.41224721e-05 9.72598027e-05
 1.00397133e-04 1.03534464e-04 1.06671795e-04 1.09809125e-04
 1.12946456e-04 1.16083786e-04 1.19221117e-04 1.22358448e-04
 1.25495778e-04 1.28633109e-04 1.31770440e-04 1.34907770e-04
 1.38045101e-04 1.41182432e-04 1.44319762e-04 1.47457093e-04
 1.50594423e-04 1.53731754e-04 1.56869085e-04 1.60006415e-04
 1.63143746e-04 1.66281077e-04 1.69418407e-04 1.72555738e-04
 1.75693069e-04 1.78830399e-04 1.81967730e-04 1.85105060e-04
 1.88242391e-04 1.91379722e-04 1.94517052e-04 1.97654383e-04
 2.00791714e-04 2.03929044e-04 2.07066375e-04 2.10203706e-04
 2.13341036e-04 2.16478367e-04 2.19615697e-04 2.22753028e-04
 2.25890359e-04 2.29027689e-04 2.32165020e-04 2.35302351e-04
 2.38439681e-04 2.41577012e-04 2.44714343e-04 2.47851673e-04
 2.50989004e-04 2.54126334e-04 2.57263665e-04 2.60400996e-04
 2.63538326e-04 2.66675657e-04 2.69812988e-04 2.72950318e-04
 2.76087649e-04 2.79224980e-04 2.82362310e-04 2.85499641e-04
 2.88636971e-04 2.91774302e-04 2.94911633e-04 2.98048963e-04
 3.01186294e-04 3.04323625e-04 3.07460955e-04 3.10598286e-04
 3.13735616e-04]
Frequencies: [2.15653307e+09 1.03624621e+09 5.34737758e+08 3.71253578e+08
 2.36467753e+08 1.09489595e+08 4.62840960e+07 2.16846720e+07
 1.13592930e+07 6.47619500e+06 3.88155000e+06 2.39972400e+06
 1.50371300e+06 9.61519000e+05 6.24172000e+05 4.05497000e+05
 2.66382000e+05 1.76004000e+05 1.17645000e+05 8.10890000e+04
 5.68320000e+04 4.06560000e+04 2.94340000e+04 2.16540000e+04
 1.64550000e+04 1.25990000e+04 9.88600000e+03 7.75100000e+03
 6.10000000e+03 5.02600000e+03 3.94900000e+03 3.38200000e+03
 3.00100000e+03 2.52600000e+03 2.16600000e+03 1.80100000e+03
 1.44100000e+03 1.30400000e+03 1.04600000e+03 9.65000000e+02
 8.62000000e+02 7.83000000e+02 6.58000000e+02 5.61000000e+02
 4.89000000e+02 4.21000000e+02 3.58000000e+02 2.94000000e+02
 2.61000000e+02 2.13000000e+02 2.18000000e+02 1.62000000e+02
 1.54000000e+02 1.19000000e+02 1.04000000e+02 9.70000000e+01
 8.20000000e+01 7.70000000e+01 5.50000000e+01 6.00000000e+01
 4.80000000e+01 3.70000000e+01 3.30000000e+01 4.40000000e+01
 3.80000000e+01 3.40000000e+01 2.90000000e+01 2.70000000e+01
 1.40000000e+01 1.70000000e+01 2.50000000e+01 1.20000000e+01
 1.00000000e+01 1.40000000e+01 1.30000000e+01 1.40000000e+01
 1.10000000e+01 9.00000000e+00 9.00000000e+00 8.00000000e+00
 3.00000000e+00 2.00000000e+00 5.00000000e+00 2.00000000e+00
 2.00000000e+00 1.00000000e+00 1.00000000e+00 2.00000000e+00
 0.00000000e+00 2.00000000e+00 1.00000000e+00 1.00000000e+00
 3.00000000e+00 1.00000000e+00 4.00000000e+00 1.00000000e+00
 1.00000000e+00 2.00000000e+00 2.00000000e+00 2.00000000e+00]
