Standard Deviation: 6153.055867630485
Skewness: -3.6048410652528005
Kurtosis: 15.498897943518578
Median: 98674.08075969084
Mean: 96444.91172745716
Deciles: [96076.88320819 99352.97011818]
Minimum: 51782.12397715603
Maximum: 105191.81857811888
Bin Edges: [ 51782.12397716  52316.22092317  52850.31786918  53384.41481518
  53918.51176119  54452.6087072   54986.70565321  55520.80259922
  56054.89954523  56588.99649124  57123.09343725  57657.19038326
  58191.28732927  58725.38427528  59259.48122129  59793.5781673
  60327.67511331  60861.77205932  61395.86900533  61929.96595134
  62464.06289735  62998.15984336  63532.25678937  64066.35373538
  64600.45068139  65134.5476274   65668.64457341  66202.74151942
  66736.83846543  67270.93541144  67805.03235744  68339.12930345
  68873.22624946  69407.32319547  69941.42014148  70475.51708749
  71009.6140335   71543.71097951  72077.80792552  72611.90487153
  73146.00181754  73680.09876355  74214.19570956  74748.29265557
  75282.38960158  75816.48654759  76350.5834936   76884.68043961
  77418.77738562  77952.87433163  78486.97127764  79021.06822365
  79555.16516966  80089.26211567  80623.35906168  81157.45600769
  81691.5529537   82225.6498997   82759.74684571  83293.84379172
  83827.94073773  84362.03768374  84896.13462975  85430.23157576
  85964.32852177  86498.42546778  87032.52241379  87566.6193598
  88100.71630581  88634.81325182  89168.91019783  89703.00714384
  90237.10408985  90771.20103586  91305.29798187  91839.39492788
  92373.49187389  92907.5888199   93441.68576591  93975.78271192
  94509.87965793  95043.97660394  95578.07354995  96112.17049596
  96646.26744196  97180.36438797  97714.46133398  98248.55827999
  98782.655226    99316.75217201  99850.84911802 100384.94606403
 100919.04301004 101453.13995605 101987.23690206 102521.33384807
 103055.43079408 103589.52774009 104123.6246861  104657.72163211
 105191.81857812]
Frequencies: [3.24700000e+03 3.43760000e+04 2.14012000e+05 6.12063000e+05
 1.43533000e+06 2.30397700e+06 1.80202800e+06 1.15344100e+06
 7.14157000e+05 1.20462700e+06 1.22384100e+06 1.33601200e+06
 1.95257500e+06 2.31425600e+06 2.51995500e+06 2.48773000e+06
 2.11066500e+06 2.18244900e+06 2.48702500e+06 2.45461800e+06
 2.42623300e+06 3.17838500e+06 3.45430700e+06 3.28083100e+06
 3.14557500e+06 3.40240600e+06 2.82764100e+06 2.90280500e+06
 3.03415800e+06 3.03348500e+06 3.40175200e+06 3.36264500e+06
 2.61021600e+06 2.75447400e+06 2.95381700e+06 3.15654500e+06
 2.69484200e+06 2.25256500e+06 2.54093100e+06 2.69121500e+06
 2.64542100e+06 3.26721500e+06 3.11846400e+06 3.65982400e+06
 3.32332400e+06 2.83760300e+06 3.36972300e+06 3.89896600e+06
 4.07788300e+06 3.97736000e+06 4.66625500e+06 4.96991700e+06
 5.92658300e+06 6.74985100e+06 6.67534600e+06 7.58851900e+06
 7.57407800e+06 7.66260500e+06 8.11978200e+06 9.62523200e+06
 1.14691460e+07 1.23376660e+07 1.39266280e+07 1.63872500e+07
 1.89315660e+07 1.86620140e+07 1.91329730e+07 1.97260660e+07
 2.07127900e+07 2.09699570e+07 2.13203200e+07 2.08863200e+07
 2.26446040e+07 2.73754200e+07 3.06533520e+07 3.66760640e+07
 4.54878420e+07 5.31497890e+07 6.70524880e+07 8.21708750e+07
 9.96509420e+07 1.25561581e+08 1.47194028e+08 1.61996781e+08
 1.79611193e+08 2.07210758e+08 2.53269380e+08 4.68669780e+08
 9.36710193e+08 6.26285215e+08 3.58802163e+08 1.50625148e+08
 4.19595740e+07 8.46057100e+06 1.66038400e+06 3.41380000e+05
 8.73270000e+04 2.18880000e+04 5.56100000e+03 1.86000000e+03]
