Standard Deviation: 2.641845851262185e-11
Skewness: -155.1425910756387
Kurtosis: 28150.033583027915
Median: 4.908583856935717e-07
Mean: 4.90858167096647e-07
Deciles: [4.90858386e-07 4.90858386e-07]
Minimum: 4.819014137562003e-07
Maximum: 4.908583856935717e-07
Bin Edges: [4.81901414e-07 4.81990983e-07 4.82080553e-07 4.82170123e-07
 4.82259693e-07 4.82349262e-07 4.82438832e-07 4.82528402e-07
 4.82617972e-07 4.82707541e-07 4.82797111e-07 4.82886681e-07
 4.82976250e-07 4.83065820e-07 4.83155390e-07 4.83244960e-07
 4.83334529e-07 4.83424099e-07 4.83513669e-07 4.83603238e-07
 4.83692808e-07 4.83782378e-07 4.83871948e-07 4.83961517e-07
 4.84051087e-07 4.84140657e-07 4.84230226e-07 4.84319796e-07
 4.84409366e-07 4.84498936e-07 4.84588505e-07 4.84678075e-07
 4.84767645e-07 4.84857214e-07 4.84946784e-07 4.85036354e-07
 4.85125924e-07 4.85215493e-07 4.85305063e-07 4.85394633e-07
 4.85484203e-07 4.85573772e-07 4.85663342e-07 4.85752912e-07
 4.85842481e-07 4.85932051e-07 4.86021621e-07 4.86111191e-07
 4.86200760e-07 4.86290330e-07 4.86379900e-07 4.86469469e-07
 4.86559039e-07 4.86648609e-07 4.86738179e-07 4.86827748e-07
 4.86917318e-07 4.87006888e-07 4.87096457e-07 4.87186027e-07
 4.87275597e-07 4.87365167e-07 4.87454736e-07 4.87544306e-07
 4.87633876e-07 4.87723446e-07 4.87813015e-07 4.87902585e-07
 4.87992155e-07 4.88081724e-07 4.88171294e-07 4.88260864e-07
 4.88350434e-07 4.88440003e-07 4.88529573e-07 4.88619143e-07
 4.88708712e-07 4.88798282e-07 4.88887852e-07 4.88977422e-07
 4.89066991e-07 4.89156561e-07 4.89246131e-07 4.89335700e-07
 4.89425270e-07 4.89514840e-07 4.89604410e-07 4.89693979e-07
 4.89783549e-07 4.89873119e-07 4.89962688e-07 4.90052258e-07
 4.90141828e-07 4.90231398e-07 4.90320967e-07 4.90410537e-07
 4.90500107e-07 4.90589677e-07 4.90679246e-07 4.90768816e-07
 4.90858386e-07]
Frequencies: [2.40000000e+01 1.30000000e+01 1.20000000e+01 1.00000000e+01
 4.90000000e+01 6.60000000e+01 1.18000000e+02 6.70000000e+01
 6.60000000e+01 4.00000000e+01 1.33000000e+02 1.87000000e+02
 1.31000000e+02 1.28000000e+02 1.38000000e+02 2.09000000e+02
 1.99000000e+02 2.44000000e+02 2.78000000e+02 2.82000000e+02
 2.96000000e+02 2.72000000e+02 3.26000000e+02 4.20000000e+02
 4.20000000e+02 4.61000000e+02 4.68000000e+02 5.56000000e+02
 5.94000000e+02 8.59000000e+02 7.94000000e+02 8.71000000e+02
 9.53000000e+02 9.50000000e+02 1.19900000e+03 1.24800000e+03
 1.26000000e+03 1.55000000e+03 1.57000000e+03 1.68200000e+03
 1.45700000e+03 1.69700000e+03 1.91300000e+03 2.02600000e+03
 2.25600000e+03 2.41700000e+03 2.34300000e+03 2.35700000e+03
 2.65600000e+03 2.83100000e+03 2.87900000e+03 2.87100000e+03
 3.12700000e+03 3.29100000e+03 3.72700000e+03 4.24000000e+03
 4.30900000e+03 4.35000000e+03 4.43800000e+03 4.52200000e+03
 4.64400000e+03 5.40200000e+03 5.42100000e+03 5.97600000e+03
 5.62000000e+03 6.30900000e+03 6.19600000e+03 6.41700000e+03
 7.13000000e+03 7.74100000e+03 7.96300000e+03 7.92300000e+03
 8.38900000e+03 8.69200000e+03 8.47100000e+03 8.82100000e+03
 9.14700000e+03 9.59400000e+03 9.35900000e+03 9.84700000e+03
 1.02310000e+04 1.10080000e+04 1.16280000e+04 1.13930000e+04
 1.15660000e+04 1.28030000e+04 1.32590000e+04 1.32570000e+04
 1.35890000e+04 1.43810000e+04 1.45340000e+04 1.48750000e+04
 1.47950000e+04 1.53520000e+04 1.53850000e+04 1.68950000e+04
 1.69730000e+04 1.68850000e+04 1.72330000e+04 4.54069005e+09]
