Standard Deviation: 2.651066025815174e-33
Skewness: 56415.8293975504
Kurtosis: 3461377343.921015
Median: 0.0
Mean: 7.38600609080296e-38
Deciles: [0. 0.]
Minimum: 0.0
Maximum: 1.6658895314095898e-28
Bin Edges: [0.00000000e+00 1.66588953e-30 3.33177906e-30 4.99766859e-30
 6.66355813e-30 8.32944766e-30 9.99533719e-30 1.16612267e-29
 1.33271163e-29 1.49930058e-29 1.66588953e-29 1.83247848e-29
 1.99906744e-29 2.16565639e-29 2.33224534e-29 2.49883430e-29
 2.66542325e-29 2.83201220e-29 2.99860116e-29 3.16519011e-29
 3.33177906e-29 3.49836802e-29 3.66495697e-29 3.83154592e-29
 3.99813488e-29 4.16472383e-29 4.33131278e-29 4.49790173e-29
 4.66449069e-29 4.83107964e-29 4.99766859e-29 5.16425755e-29
 5.33084650e-29 5.49743545e-29 5.66402441e-29 5.83061336e-29
 5.99720231e-29 6.16379127e-29 6.33038022e-29 6.49696917e-29
 6.66355813e-29 6.83014708e-29 6.99673603e-29 7.16332499e-29
 7.32991394e-29 7.49650289e-29 7.66309184e-29 7.82968080e-29
 7.99626975e-29 8.16285870e-29 8.32944766e-29 8.49603661e-29
 8.66262556e-29 8.82921452e-29 8.99580347e-29 9.16239242e-29
 9.32898138e-29 9.49557033e-29 9.66215928e-29 9.82874824e-29
 9.99533719e-29 1.01619261e-28 1.03285151e-28 1.04951040e-28
 1.06616930e-28 1.08282820e-28 1.09948709e-28 1.11614599e-28
 1.13280488e-28 1.14946378e-28 1.16612267e-28 1.18278157e-28
 1.19944046e-28 1.21609936e-28 1.23275825e-28 1.24941715e-28
 1.26607604e-28 1.28273494e-28 1.29939383e-28 1.31605273e-28
 1.33271163e-28 1.34937052e-28 1.36602942e-28 1.38268831e-28
 1.39934721e-28 1.41600610e-28 1.43266500e-28 1.44932389e-28
 1.46598279e-28 1.48264168e-28 1.49930058e-28 1.51595947e-28
 1.53261837e-28 1.54927726e-28 1.56593616e-28 1.58259505e-28
 1.59925395e-28 1.61591285e-28 1.63257174e-28 1.64923064e-28
 1.66588953e-28]
Frequencies: [4.54118399e+09 3.00000000e+00 1.00000000e+00 0.00000000e+00
 2.00000000e+00 0.00000000e+00 2.00000000e+00 0.00000000e+00
 0.00000000e+00 1.00000000e+00 0.00000000e+00 1.00000000e+00
 0.00000000e+00 0.00000000e+00 0.00000000e+00 0.00000000e+00
 0.00000000e+00 1.00000000e+00 0.00000000e+00 0.00000000e+00
 0.00000000e+00 0.00000000e+00 0.00000000e+00 0.00000000e+00
 0.00000000e+00 0.00000000e+00 0.00000000e+00 0.00000000e+00
 1.00000000e+00 0.00000000e+00 0.00000000e+00 0.00000000e+00
 0.00000000e+00 0.00000000e+00 0.00000000e+00 0.00000000e+00
 0.00000000e+00 0.00000000e+00 0.00000000e+00 0.00000000e+00
 0.00000000e+00 0.00000000e+00 0.00000000e+00 0.00000000e+00
 0.00000000e+00 0.00000000e+00 0.00000000e+00 0.00000000e+00
 0.00000000e+00 0.00000000e+00 0.00000000e+00 0.00000000e+00
 0.00000000e+00 0.00000000e+00 0.00000000e+00 0.00000000e+00
 0.00000000e+00 0.00000000e+00 0.00000000e+00 0.00000000e+00
 0.00000000e+00 0.00000000e+00 0.00000000e+00 0.00000000e+00
 0.00000000e+00 0.00000000e+00 0.00000000e+00 0.00000000e+00
 0.00000000e+00 0.00000000e+00 0.00000000e+00 0.00000000e+00
 0.00000000e+00 0.00000000e+00 0.00000000e+00 0.00000000e+00
 0.00000000e+00 0.00000000e+00 0.00000000e+00 0.00000000e+00
 0.00000000e+00 0.00000000e+00 0.00000000e+00 0.00000000e+00
 0.00000000e+00 0.00000000e+00 0.00000000e+00 0.00000000e+00
 0.00000000e+00 0.00000000e+00 0.00000000e+00 0.00000000e+00
 0.00000000e+00 0.00000000e+00 0.00000000e+00 0.00000000e+00
 0.00000000e+00 0.00000000e+00 0.00000000e+00 1.00000000e+00]
