Standard Deviation: 1.021230802247738e-05
Skewness: 6.473435955387333
Kurtosis: 52.48628282670939
Median: 0.0
Mean: 2.3699539103531916e-06
Deciles: [0.00000000e+00 8.16028227e-12]
Minimum: 0.0
Maximum: 0.0002867613745513898
Bin Edges: [0.00000000e+00 2.86761375e-06 5.73522749e-06 8.60284124e-06
 1.14704550e-05 1.43380687e-05 1.72056825e-05 2.00732962e-05
 2.29409100e-05 2.58085237e-05 2.86761375e-05 3.15437512e-05
 3.44113649e-05 3.72789787e-05 4.01465924e-05 4.30142062e-05
 4.58818199e-05 4.87494337e-05 5.16170474e-05 5.44846612e-05
 5.73522749e-05 6.02198887e-05 6.30875024e-05 6.59551161e-05
 6.88227299e-05 7.16903436e-05 7.45579574e-05 7.74255711e-05
 8.02931849e-05 8.31607986e-05 8.60284124e-05 8.88960261e-05
 9.17636399e-05 9.46312536e-05 9.74988673e-05 1.00366481e-04
 1.03234095e-04 1.06101709e-04 1.08969322e-04 1.11836936e-04
 1.14704550e-04 1.17572164e-04 1.20439777e-04 1.23307391e-04
 1.26175005e-04 1.29042619e-04 1.31910232e-04 1.34777846e-04
 1.37645460e-04 1.40513074e-04 1.43380687e-04 1.46248301e-04
 1.49115915e-04 1.51983529e-04 1.54851142e-04 1.57718756e-04
 1.60586370e-04 1.63453983e-04 1.66321597e-04 1.69189211e-04
 1.72056825e-04 1.74924438e-04 1.77792052e-04 1.80659666e-04
 1.83527280e-04 1.86394893e-04 1.89262507e-04 1.92130121e-04
 1.94997735e-04 1.97865348e-04 2.00732962e-04 2.03600576e-04
 2.06468190e-04 2.09335803e-04 2.12203417e-04 2.15071031e-04
 2.17938645e-04 2.20806258e-04 2.23673872e-04 2.26541486e-04
 2.29409100e-04 2.32276713e-04 2.35144327e-04 2.38011941e-04
 2.40879555e-04 2.43747168e-04 2.46614782e-04 2.49482396e-04
 2.52350010e-04 2.55217623e-04 2.58085237e-04 2.60952851e-04
 2.63820465e-04 2.66688078e-04 2.69555692e-04 2.72423306e-04
 2.75290920e-04 2.78158533e-04 2.81026147e-04 2.83893761e-04
 2.86761375e-04]
Frequencies: [4.11546176e+09 7.58163730e+07 4.82521780e+07 3.69401770e+07
 3.06295050e+07 2.63707260e+07 2.31037740e+07 2.04353930e+07
 1.81277370e+07 1.60941960e+07 1.42978680e+07 1.27087200e+07
 1.13036270e+07 1.00481600e+07 8.92914500e+06 7.92765600e+06
 7.04196200e+06 6.24508300e+06 5.53459800e+06 4.89680500e+06
 4.34035700e+06 3.84360300e+06 3.41627800e+06 3.03677600e+06
 2.71247600e+06 2.43225500e+06 2.18603300e+06 1.97386500e+06
 1.79732800e+06 1.64526700e+06 1.51102700e+06 1.39135600e+06
 1.28813600e+06 1.18975100e+06 1.09735500e+06 9.94377000e+05
 8.87171000e+05 7.79495000e+05 6.73755000e+05 5.80191000e+05
 4.99986000e+05 4.29876000e+05 3.66808000e+05 3.12662000e+05
 2.62781000e+05 2.22125000e+05 1.86898000e+05 1.56280000e+05
 1.29182000e+05 1.09641000e+05 9.14330000e+04 7.69160000e+04
 6.42270000e+04 5.37410000e+04 4.57930000e+04 3.85060000e+04
 3.25660000e+04 2.70600000e+04 2.25640000e+04 1.85470000e+04
 1.54960000e+04 1.28100000e+04 1.10610000e+04 9.50000000e+03
 7.96100000e+03 6.57600000e+03 5.39700000e+03 4.66000000e+03
 3.58000000e+03 2.88600000e+03 2.42200000e+03 2.18500000e+03
 1.85000000e+03 1.47100000e+03 1.10900000e+03 9.08000000e+02
 6.95000000e+02 5.86000000e+02 5.24000000e+02 4.51000000e+02
 3.99000000e+02 3.00000000e+02 2.75000000e+02 2.06000000e+02
 1.61000000e+02 1.32000000e+02 1.23000000e+02 8.30000000e+01
 8.20000000e+01 5.80000000e+01 3.30000000e+01 3.20000000e+01
 2.30000000e+01 2.10000000e+01 1.80000000e+01 8.00000000e+00
 1.20000000e+01 7.00000000e+00 5.00000000e+00 6.00000000e+00]
