Standard Deviation: 3.068393330857422e-05
Skewness: 5.107376590615561
Kurtosis: 34.0888098933362
Median: 1.2738490427983011e-09
Mean: 9.538281012765342e-06
Deciles: [0.00000000e+00 1.27833308e-06]
Minimum: 0.0
Maximum: 0.0010399853199230154
Bin Edges: [0.00000000e+00 1.03998532e-05 2.07997064e-05 3.11995596e-05
 4.15994128e-05 5.19992660e-05 6.23991192e-05 7.27989724e-05
 8.31988256e-05 9.35986788e-05 1.03998532e-04 1.14398385e-04
 1.24798238e-04 1.35198092e-04 1.45597945e-04 1.55997798e-04
 1.66397651e-04 1.76797504e-04 1.87197358e-04 1.97597211e-04
 2.07997064e-04 2.18396917e-04 2.28796770e-04 2.39196624e-04
 2.49596477e-04 2.59996330e-04 2.70396183e-04 2.80796036e-04
 2.91195890e-04 3.01595743e-04 3.11995596e-04 3.22395449e-04
 3.32795302e-04 3.43195156e-04 3.53595009e-04 3.63994862e-04
 3.74394715e-04 3.84794568e-04 3.95194422e-04 4.05594275e-04
 4.15994128e-04 4.26393981e-04 4.36793834e-04 4.47193688e-04
 4.57593541e-04 4.67993394e-04 4.78393247e-04 4.88793100e-04
 4.99192954e-04 5.09592807e-04 5.19992660e-04 5.30392513e-04
 5.40792366e-04 5.51192220e-04 5.61592073e-04 5.71991926e-04
 5.82391779e-04 5.92791632e-04 6.03191486e-04 6.13591339e-04
 6.23991192e-04 6.34391045e-04 6.44790898e-04 6.55190752e-04
 6.65590605e-04 6.75990458e-04 6.86390311e-04 6.96790164e-04
 7.07190018e-04 7.17589871e-04 7.27989724e-04 7.38389577e-04
 7.48789430e-04 7.59189284e-04 7.69589137e-04 7.79988990e-04
 7.90388843e-04 8.00788696e-04 8.11188550e-04 8.21588403e-04
 8.31988256e-04 8.42388109e-04 8.52787962e-04 8.63187816e-04
 8.73587669e-04 8.83987522e-04 8.94387375e-04 9.04787228e-04
 9.15187082e-04 9.25586935e-04 9.35986788e-04 9.46386641e-04
 9.56786494e-04 9.67186348e-04 9.77586201e-04 9.87986054e-04
 9.98385907e-04 1.00878576e-03 1.01918561e-03 1.02958547e-03
 1.03998532e-03]
Frequencies: [3.88887963e+09 1.51771954e+08 9.28798440e+07 6.93297620e+07
 5.51079550e+07 4.52151840e+07 3.78368740e+07 3.20396180e+07
 2.73123770e+07 2.33403000e+07 1.98617990e+07 1.67362920e+07
 1.39200320e+07 1.14180090e+07 9.28596500e+06 7.56634400e+06
 6.21955600e+06 5.16538500e+06 4.31648200e+06 3.63061600e+06
 3.06929200e+06 2.59728800e+06 2.20448500e+06 1.86737400e+06
 1.58120300e+06 1.33648800e+06 1.13251000e+06 9.55790000e+05
 8.07331000e+05 6.77026000e+05 5.63892000e+05 4.70305000e+05
 3.91173000e+05 3.22917000e+05 2.66156000e+05 2.18316000e+05
 1.77352000e+05 1.44614000e+05 1.16412000e+05 9.43400000e+04
 7.53660000e+04 6.02980000e+04 4.76940000e+04 3.82010000e+04
 3.00970000e+04 2.35310000e+04 1.85590000e+04 1.43180000e+04
 1.13220000e+04 8.80000000e+03 6.72100000e+03 5.31100000e+03
 3.99700000e+03 3.10000000e+03 2.34400000e+03 1.69100000e+03
 1.28100000e+03 9.32000000e+02 7.23000000e+02 4.99000000e+02
 3.18000000e+02 2.19000000e+02 1.31000000e+02 9.80000000e+01
 7.50000000e+01 4.40000000e+01 2.20000000e+01 1.50000000e+01
 1.50000000e+01 7.00000000e+00 3.00000000e+00 7.00000000e+00
 3.00000000e+00 6.00000000e+00 1.00000000e+00 2.00000000e+00
 2.00000000e+00 0.00000000e+00 0.00000000e+00 0.00000000e+00
 1.00000000e+00 1.00000000e+00 1.00000000e+00 1.00000000e+00
 0.00000000e+00 0.00000000e+00 0.00000000e+00 1.00000000e+00
 0.00000000e+00 0.00000000e+00 0.00000000e+00 0.00000000e+00
 0.00000000e+00 0.00000000e+00 0.00000000e+00 0.00000000e+00
 0.00000000e+00 0.00000000e+00 0.00000000e+00 1.00000000e+00]
