Standard Deviation: 2.0742165977215338e-08
Skewness: 0.5142193519357129
Kurtosis: -0.4908553760837324
Median: 4.484848223020753e-08
Mean: 4.8803202711442813e-08
Deciles: [3.26505997e-08 6.55568442e-08]
Minimum: 8.437802692839006e-09
Maximum: 1.4452424704898685e-07
Bin Edges: [8.43780269e-09 9.79866714e-09 1.11595316e-08 1.25203960e-08
 1.38812605e-08 1.52421249e-08 1.66029894e-08 1.79638538e-08
 1.93247182e-08 2.06855827e-08 2.20464471e-08 2.34073116e-08
 2.47681760e-08 2.61290405e-08 2.74899049e-08 2.88507693e-08
 3.02116338e-08 3.15724982e-08 3.29333627e-08 3.42942271e-08
 3.56550916e-08 3.70159560e-08 3.83768205e-08 3.97376849e-08
 4.10985493e-08 4.24594138e-08 4.38202782e-08 4.51811427e-08
 4.65420071e-08 4.79028716e-08 4.92637360e-08 5.06246004e-08
 5.19854649e-08 5.33463293e-08 5.47071938e-08 5.60680582e-08
 5.74289227e-08 5.87897871e-08 6.01506515e-08 6.15115160e-08
 6.28723804e-08 6.42332449e-08 6.55941093e-08 6.69549738e-08
 6.83158382e-08 6.96767027e-08 7.10375671e-08 7.23984315e-08
 7.37592960e-08 7.51201604e-08 7.64810249e-08 7.78418893e-08
 7.92027538e-08 8.05636182e-08 8.19244826e-08 8.32853471e-08
 8.46462115e-08 8.60070760e-08 8.73679404e-08 8.87288049e-08
 9.00896693e-08 9.14505338e-08 9.28113982e-08 9.41722626e-08
 9.55331271e-08 9.68939915e-08 9.82548560e-08 9.96157204e-08
 1.00976585e-07 1.02337449e-07 1.03698314e-07 1.05059178e-07
 1.06420043e-07 1.07780907e-07 1.09141772e-07 1.10502636e-07
 1.11863500e-07 1.13224365e-07 1.14585229e-07 1.15946094e-07
 1.17306958e-07 1.18667823e-07 1.20028687e-07 1.21389552e-07
 1.22750416e-07 1.24111280e-07 1.25472145e-07 1.26833009e-07
 1.28193874e-07 1.29554738e-07 1.30915603e-07 1.32276467e-07
 1.33637332e-07 1.34998196e-07 1.36359060e-07 1.37719925e-07
 1.39080789e-07 1.40441654e-07 1.41802518e-07 1.43163383e-07
 1.44524247e-07]
Frequencies: [2.25329100e+06 9.58742500e+06 1.67933300e+07 2.13572840e+07
 2.50806690e+07 3.01327420e+07 3.49721150e+07 4.19103970e+07
 4.79349400e+07 6.73690970e+07 9.52954390e+07 1.10682506e+08
 1.10325442e+08 1.06586983e+08 1.11095281e+08 1.10234491e+08
 1.08390056e+08 1.07226038e+08 1.06330699e+08 1.03325243e+08
 1.06107117e+08 1.09201816e+08 1.13495288e+08 1.22624636e+08
 1.33626126e+08 1.53661567e+08 2.32361970e+08 2.26206042e+08
 1.17877915e+08 9.48773150e+07 5.92129290e+07 5.41005110e+07
 5.19664280e+07 4.97004790e+07 5.07143020e+07 5.02426220e+07
 5.04613030e+07 5.08079160e+07 5.10058060e+07 5.25072100e+07
 5.40014890e+07 5.58090540e+07 5.71826970e+07 6.03027830e+07
 6.60742800e+07 7.26497410e+07 7.74103890e+07 7.76383260e+07
 7.70350780e+07 7.89594590e+07 7.55408100e+07 7.05100340e+07
 5.99811040e+07 5.12320060e+07 4.45071490e+07 3.71627430e+07
 3.04598900e+07 2.51662950e+07 2.17011980e+07 1.84420870e+07
 1.63211020e+07 1.53319650e+07 1.42060380e+07 1.28592820e+07
 1.18049650e+07 1.09055500e+07 9.33328300e+06 7.85456500e+06
 6.26287500e+06 4.80065900e+06 4.04952100e+06 3.34632000e+06
 2.76065100e+06 2.34415800e+06 1.92019500e+06 1.48669500e+06
 1.26633600e+06 9.47636000e+05 7.88898000e+05 4.64079000e+05
 3.94984000e+05 4.06689000e+05 3.36544000e+05 2.80561000e+05
 2.27972000e+05 2.11342000e+05 1.62804000e+05 1.25392000e+05
 1.15204000e+05 9.28950000e+04 7.45890000e+04 6.82790000e+04
 6.56010000e+04 5.50850000e+04 3.94180000e+04 2.56650000e+04
 1.75050000e+04 1.04700000e+04 6.19800000e+03 2.65200000e+03]
