Standard Deviation: 1.7750311303197161e-07
Skewness: -1.576907195085578
Kurtosis: 1.3050333680646151
Median: 7.897586191481314e-07
Mean: 7.156720838133949e-07
Deciles: [6.80815316e-07 8.34296781e-07]
Minimum: 1.4353177541459176e-07
Maximum: 8.537284979884581e-07
Bin Edges: [1.43531775e-07 1.50633743e-07 1.57735710e-07 1.64837677e-07
 1.71939644e-07 1.79041612e-07 1.86143579e-07 1.93245546e-07
 2.00347513e-07 2.07449480e-07 2.14551448e-07 2.21653415e-07
 2.28755382e-07 2.35857349e-07 2.42959317e-07 2.50061284e-07
 2.57163251e-07 2.64265218e-07 2.71367185e-07 2.78469153e-07
 2.85571120e-07 2.92673087e-07 2.99775054e-07 3.06877022e-07
 3.13978989e-07 3.21080956e-07 3.28182923e-07 3.35284891e-07
 3.42386858e-07 3.49488825e-07 3.56590792e-07 3.63692759e-07
 3.70794727e-07 3.77896694e-07 3.84998661e-07 3.92100628e-07
 3.99202596e-07 4.06304563e-07 4.13406530e-07 4.20508497e-07
 4.27610464e-07 4.34712432e-07 4.41814399e-07 4.48916366e-07
 4.56018333e-07 4.63120301e-07 4.70222268e-07 4.77324235e-07
 4.84426202e-07 4.91528169e-07 4.98630137e-07 5.05732104e-07
 5.12834071e-07 5.19936038e-07 5.27038006e-07 5.34139973e-07
 5.41241940e-07 5.48343907e-07 5.55445875e-07 5.62547842e-07
 5.69649809e-07 5.76751776e-07 5.83853743e-07 5.90955711e-07
 5.98057678e-07 6.05159645e-07 6.12261612e-07 6.19363580e-07
 6.26465547e-07 6.33567514e-07 6.40669481e-07 6.47771448e-07
 6.54873416e-07 6.61975383e-07 6.69077350e-07 6.76179317e-07
 6.83281285e-07 6.90383252e-07 6.97485219e-07 7.04587186e-07
 7.11689153e-07 7.18791121e-07 7.25893088e-07 7.32995055e-07
 7.40097022e-07 7.47198990e-07 7.54300957e-07 7.61402924e-07
 7.68504891e-07 7.75606859e-07 7.82708826e-07 7.89810793e-07
 7.96912760e-07 8.04014727e-07 8.11116695e-07 8.18218662e-07
 8.25320629e-07 8.32422596e-07 8.39524564e-07 8.46626531e-07
 8.53728498e-07]
Frequencies: [5.0457600e+06 1.6819200e+06 6.7276800e+06 8.4096000e+06 6.7276800e+06
 8.4096000e+06 1.0091520e+07 1.1773440e+07 1.0091520e+07 1.1773440e+07
 1.0091520e+07 1.6819200e+07 8.4096000e+06 1.6819200e+07 6.7276800e+06
 1.8501120e+07 1.0091520e+07 1.3455360e+07 1.5137280e+07 1.3455360e+07
 1.6819200e+07 1.1773440e+07 1.6819200e+07 1.6819200e+07 1.1773440e+07
 2.0183040e+07 1.0091520e+07 1.6819200e+07 1.5137280e+07 1.3455360e+07
 2.0183040e+07 1.3455360e+07 1.5137280e+07 1.3455360e+07 2.0183040e+07
 1.3455360e+07 1.5137280e+07 1.6819200e+07 1.6819200e+07 1.3455360e+07
 1.8501120e+07 1.6819200e+07 1.6819200e+07 1.0091520e+07 2.0183040e+07
 1.8501120e+07 6.7276800e+06 2.6910720e+07 1.6819200e+07 1.1773440e+07
 1.6819200e+07 2.0183040e+07 1.6819200e+07 1.6819200e+07 1.1773440e+07
 2.0183040e+07 1.6819200e+07 1.6819200e+07 1.3455360e+07 1.8501120e+07
 2.0183040e+07 2.0183040e+07 1.0091520e+07 1.3455360e+07 3.1956480e+07
 1.3455360e+07 1.3455360e+07 1.3455360e+07 2.3546880e+07 2.1864960e+07
 1.6819200e+07 1.3455360e+07 1.3455360e+07 3.0274560e+07 1.8501120e+07
 1.3455360e+07 1.6819200e+07 2.0183040e+07 2.3546880e+07 1.5137280e+07
 2.0183040e+07 1.0091520e+07 2.6910720e+07 2.0183040e+07 1.6819200e+07
 1.3455360e+08 1.8164736e+08 1.7323776e+08 1.5137280e+08 1.7491968e+08
 1.4800896e+08 1.7491968e+08 1.6146432e+08 1.6819200e+08 1.8164736e+08
 1.7155584e+08 2.0855808e+08 2.2874112e+08 3.0610944e+08 6.6940416e+08]
