Standard Deviation: 1.2039240249201072e-07
Skewness: -1.2887074388053814
Kurtosis: -0.025817202894596214
Median: 3.352913737253403e-07
Mean: 2.7488672097133425e-07
Deciles: [2.26791221e-07 3.54200014e-07]
Minimum: 1.6526452705331097e-09
Maximum: 3.6244973329671427e-07
Bin Edges: [1.65264527e-09 5.26061615e-09 8.86858703e-09 1.24765579e-08
 1.60845288e-08 1.96924997e-08 2.33004706e-08 2.69084414e-08
 3.05164123e-08 3.41243832e-08 3.77323541e-08 4.13403250e-08
 4.49482958e-08 4.85562667e-08 5.21642376e-08 5.57722085e-08
 5.93801794e-08 6.29881502e-08 6.65961211e-08 7.02040920e-08
 7.38120629e-08 7.74200338e-08 8.10280046e-08 8.46359755e-08
 8.82439464e-08 9.18519173e-08 9.54598882e-08 9.90678590e-08
 1.02675830e-07 1.06283801e-07 1.09891772e-07 1.13499743e-07
 1.17107713e-07 1.20715684e-07 1.24323655e-07 1.27931626e-07
 1.31539597e-07 1.35147568e-07 1.38755539e-07 1.42363510e-07
 1.45971480e-07 1.49579451e-07 1.53187422e-07 1.56795393e-07
 1.60403364e-07 1.64011335e-07 1.67619306e-07 1.71227277e-07
 1.74835248e-07 1.78443218e-07 1.82051189e-07 1.85659160e-07
 1.89267131e-07 1.92875102e-07 1.96483073e-07 2.00091044e-07
 2.03699015e-07 2.07306985e-07 2.10914956e-07 2.14522927e-07
 2.18130898e-07 2.21738869e-07 2.25346840e-07 2.28954811e-07
 2.32562782e-07 2.36170752e-07 2.39778723e-07 2.43386694e-07
 2.46994665e-07 2.50602636e-07 2.54210607e-07 2.57818578e-07
 2.61426549e-07 2.65034520e-07 2.68642490e-07 2.72250461e-07
 2.75858432e-07 2.79466403e-07 2.83074374e-07 2.86682345e-07
 2.90290316e-07 2.93898287e-07 2.97506257e-07 3.01114228e-07
 3.04722199e-07 3.08330170e-07 3.11938141e-07 3.15546112e-07
 3.19154083e-07 3.22762054e-07 3.26370024e-07 3.29977995e-07
 3.33585966e-07 3.37193937e-07 3.40801908e-07 3.44409879e-07
 3.48017850e-07 3.51625821e-07 3.55233792e-07 3.58841762e-07
 3.62449733e-07]
Frequencies: [6.8958720e+07 6.3912960e+07 5.7185280e+07 4.8775680e+07 3.7002240e+07
 3.8684160e+07 3.8684160e+07 3.0274560e+07 2.8592640e+07 3.3638400e+07
 1.8501120e+07 2.6910720e+07 2.0183040e+07 2.8592640e+07 1.6819200e+07
 1.6819200e+07 2.6910720e+07 1.8501120e+07 1.0091520e+07 2.6910720e+07
 1.3455360e+07 1.8501120e+07 1.0091520e+07 2.0183040e+07 1.6819200e+07
 1.3455360e+07 8.4096000e+06 2.0183040e+07 1.0091520e+07 2.0183040e+07
 1.0091520e+07 1.0091520e+07 6.7276800e+06 2.1864960e+07 1.3455360e+07
 1.3455360e+07 6.7276800e+06 1.0091520e+07 1.0091520e+07 3.3638400e+06
 1.8501120e+07 1.6819200e+07 6.7276800e+06 6.7276800e+06 1.0091520e+07
 1.3455360e+07 3.3638400e+06 1.6819200e+07 1.0091520e+07 5.0457600e+06
 1.6819200e+07 6.7276800e+06 6.7276800e+06 1.0091520e+07 3.3638400e+06
 1.0091520e+07 3.3638400e+06 2.0183040e+07 6.7276800e+06 6.7276800e+06
 1.1773440e+07 1.0091520e+07 3.3638400e+06 3.3638400e+06 6.7276800e+06
 6.7276800e+06 6.7276800e+06 1.3455360e+07 6.7276800e+06 1.3455360e+07
 6.7276800e+06 6.7276800e+06 5.0457600e+06 6.7276800e+06 1.0091520e+07
 3.3638400e+06 3.3638400e+06 3.3638400e+06 1.0091520e+07 0.0000000e+00
 1.3455360e+07 1.3455360e+07 3.3638400e+06 1.0091520e+07 6.7276800e+06
 6.7276800e+06 3.3638400e+06 8.9141760e+07 2.0183040e+08 1.9846656e+08
 1.9846656e+08 1.9173888e+08 1.8837504e+08 1.9846656e+08 2.0519424e+08
 2.1192192e+08 2.2874112e+08 2.6237952e+08 3.0947328e+08 7.5013632e+08]
