Standard Deviation: 1.2631283808133591e-08
Skewness: -8.314932353507785
Kurtosis: 75.31855149920099
Median: 9.986058137126286e-07
Mean: 9.967463088095252e-07
Deciles: [9.98605814e-07 9.98605814e-07]
Minimum: 8.295157459836727e-07
Maximum: 9.986058137126286e-07
Bin Edges: [8.29515746e-07 8.31206647e-07 8.32897547e-07 8.34588448e-07
 8.36279349e-07 8.37970249e-07 8.39661150e-07 8.41352051e-07
 8.43042951e-07 8.44733852e-07 8.46424753e-07 8.48115653e-07
 8.49806554e-07 8.51497455e-07 8.53188355e-07 8.54879256e-07
 8.56570157e-07 8.58261057e-07 8.59951958e-07 8.61642859e-07
 8.63333760e-07 8.65024660e-07 8.66715561e-07 8.68406462e-07
 8.70097362e-07 8.71788263e-07 8.73479164e-07 8.75170064e-07
 8.76860965e-07 8.78551866e-07 8.80242766e-07 8.81933667e-07
 8.83624568e-07 8.85315468e-07 8.87006369e-07 8.88697270e-07
 8.90388170e-07 8.92079071e-07 8.93769972e-07 8.95460872e-07
 8.97151773e-07 8.98842674e-07 9.00533574e-07 9.02224475e-07
 9.03915376e-07 9.05606276e-07 9.07297177e-07 9.08988078e-07
 9.10678978e-07 9.12369879e-07 9.14060780e-07 9.15751681e-07
 9.17442581e-07 9.19133482e-07 9.20824383e-07 9.22515283e-07
 9.24206184e-07 9.25897085e-07 9.27587985e-07 9.29278886e-07
 9.30969787e-07 9.32660687e-07 9.34351588e-07 9.36042489e-07
 9.37733389e-07 9.39424290e-07 9.41115191e-07 9.42806091e-07
 9.44496992e-07 9.46187893e-07 9.47878793e-07 9.49569694e-07
 9.51260595e-07 9.52951495e-07 9.54642396e-07 9.56333297e-07
 9.58024197e-07 9.59715098e-07 9.61405999e-07 9.63096899e-07
 9.64787800e-07 9.66478701e-07 9.68169602e-07 9.69860502e-07
 9.71551403e-07 9.73242304e-07 9.74933204e-07 9.76624105e-07
 9.78315006e-07 9.80005906e-07 9.81696807e-07 9.83387708e-07
 9.85078608e-07 9.86769509e-07 9.88460410e-07 9.90151310e-07
 9.91842211e-07 9.93533112e-07 9.95224012e-07 9.96914913e-07
 9.98605814e-07]
Frequencies: [5.68000000e+02 3.41600000e+03 1.43200000e+04 4.85450000e+04
 1.23360000e+05 2.33887000e+05 3.91940000e+05 5.61039000e+05
 6.88993000e+05 7.41605000e+05 7.46627000e+05 7.11816000e+05
 6.80281000e+05 6.47241000e+05 6.34729000e+05 6.36638000e+05
 6.93561000e+05 7.15807000e+05 7.17930000e+05 6.95456000e+05
 6.96562000e+05 7.02666000e+05 7.20109000e+05 7.08589000e+05
 7.33635000e+05 7.91295000e+05 8.49201000e+05 8.74305000e+05
 9.23700000e+05 9.31432000e+05 9.15877000e+05 8.94702000e+05
 8.76504000e+05 9.03627000e+05 9.69018000e+05 9.70341000e+05
 9.70716000e+05 9.24301000e+05 9.18593000e+05 1.00365000e+06
 1.12728600e+06 1.19783200e+06 1.23933000e+06 1.25156200e+06
 1.21304200e+06 1.12106200e+06 1.05339600e+06 1.01714300e+06
 9.75025000e+05 9.96141000e+05 1.08318800e+06 1.22622800e+06
 1.36993400e+06 1.54840000e+06 1.60917000e+06 1.61429000e+06
 1.52169600e+06 1.43330600e+06 1.39626200e+06 1.38248700e+06
 1.36113900e+06 1.37291400e+06 1.40847800e+06 1.41623700e+06
 1.41564700e+06 1.42906400e+06 1.49049600e+06 1.49847400e+06
 1.53438800e+06 1.54048200e+06 1.54492200e+06 1.48121600e+06
 1.39266900e+06 1.40923900e+06 1.51034200e+06 1.72682900e+06
 1.91571100e+06 2.23002900e+06 2.51518900e+06 2.80264500e+06
 3.14270800e+06 3.50445800e+06 3.76036500e+06 3.82366100e+06
 3.80275900e+06 3.81591300e+06 3.83269500e+06 3.74735300e+06
 3.69609400e+06 3.59754400e+06 3.57290100e+06 3.68720700e+06
 3.91140100e+06 4.00963900e+06 4.07562800e+06 4.01647600e+06
 3.96276500e+06 4.00774100e+06 4.08415800e+06 4.38379306e+09]
