Standard Deviation: 9.725480302532956e-08
Skewness: -1.2385493115142674
Kurtosis: -0.20340487706614496
Median: 2.5893203821947046e-07
Mean: 2.091567148523914e-07
Deciles: [1.62785689e-07 2.73534420e-07]
Minimum: 4.2987734865500117e-10
Maximum: 2.799053466597695e-07
Bin Edges: [4.29877349e-10 3.22463204e-09 6.01938673e-09 8.81414143e-09
 1.16088961e-08 1.44036508e-08 1.71984055e-08 1.99931602e-08
 2.27879149e-08 2.55826696e-08 2.83774243e-08 3.11721790e-08
 3.39669337e-08 3.67616884e-08 3.95564431e-08 4.23511977e-08
 4.51459524e-08 4.79407071e-08 5.07354618e-08 5.35302165e-08
 5.63249712e-08 5.91197259e-08 6.19144806e-08 6.47092353e-08
 6.75039900e-08 7.02987447e-08 7.30934994e-08 7.58882541e-08
 7.86830088e-08 8.14777634e-08 8.42725181e-08 8.70672728e-08
 8.98620275e-08 9.26567822e-08 9.54515369e-08 9.82462916e-08
 1.01041046e-07 1.03835801e-07 1.06630556e-07 1.09425310e-07
 1.12220065e-07 1.15014820e-07 1.17809574e-07 1.20604329e-07
 1.23399084e-07 1.26193839e-07 1.28988593e-07 1.31783348e-07
 1.34578103e-07 1.37372857e-07 1.40167612e-07 1.42962367e-07
 1.45757121e-07 1.48551876e-07 1.51346631e-07 1.54141385e-07
 1.56936140e-07 1.59730895e-07 1.62525650e-07 1.65320404e-07
 1.68115159e-07 1.70909914e-07 1.73704668e-07 1.76499423e-07
 1.79294178e-07 1.82088932e-07 1.84883687e-07 1.87678442e-07
 1.90473196e-07 1.93267951e-07 1.96062706e-07 1.98857461e-07
 2.01652215e-07 2.04446970e-07 2.07241725e-07 2.10036479e-07
 2.12831234e-07 2.15625989e-07 2.18420743e-07 2.21215498e-07
 2.24010253e-07 2.26805007e-07 2.29599762e-07 2.32394517e-07
 2.35189272e-07 2.37984026e-07 2.40778781e-07 2.43573536e-07
 2.46368290e-07 2.49163045e-07 2.51957800e-07 2.54752554e-07
 2.57547309e-07 2.60342064e-07 2.63136819e-07 2.65931573e-07
 2.68726328e-07 2.71521083e-07 2.74315837e-07 2.77110592e-07
 2.79905347e-07]
Frequencies: [1.3287168e+08 9.0823680e+07 6.0549120e+07 5.3821440e+07 4.5411840e+07
 3.8684160e+07 3.3638400e+07 3.1956480e+07 3.0274560e+07 3.5320320e+07
 1.6819200e+07 2.3546880e+07 2.5228800e+07 1.3455360e+07 2.6910720e+07
 1.6819200e+07 1.5137280e+07 1.3455360e+07 2.6910720e+07 1.3455360e+07
 1.0091520e+07 1.5137280e+07 1.6819200e+07 2.0183040e+07 1.0091520e+07
 1.0091520e+07 6.7276800e+06 2.1864960e+07 1.3455360e+07 1.3455360e+07
 6.7276800e+06 1.0091520e+07 1.0091520e+07 6.7276800e+06 1.5137280e+07
 1.6819200e+07 6.7276800e+06 6.7276800e+06 1.0091520e+07 1.0091520e+07
 3.3638400e+06 1.0091520e+07 1.3455360e+07 1.0091520e+07 1.1773440e+07
 1.3455360e+07 3.3638400e+06 3.3638400e+06 1.0091520e+07 3.3638400e+06
 1.0091520e+07 3.3638400e+06 1.6819200e+07 1.0091520e+07 6.7276800e+06
 1.6819200e+06 1.0091520e+07 1.0091520e+07 3.3638400e+06 3.3638400e+06
 3.3638400e+06 1.0091520e+07 3.3638400e+06 1.0091520e+07 1.0091520e+07
 1.0091520e+07 6.7276800e+06 6.7276800e+06 6.7276800e+06 0.0000000e+00
 1.1773440e+07 6.7276800e+06 6.7276800e+06 0.0000000e+00 3.3638400e+06
 3.3638400e+06 1.0091520e+07 0.0000000e+00 3.3638400e+06 1.6819200e+07
 6.7276800e+06 3.3638400e+06 1.0091520e+07 6.7276800e+06 3.3638400e+06
 3.3638400e+06 3.3638400e+06 7.5686400e+07 2.0519424e+08 2.0855808e+08
 1.9173888e+08 1.8837504e+08 1.9510272e+08 2.0183040e+08 2.0183040e+08
 2.1528576e+08 2.2874112e+08 2.6237952e+08 3.0947328e+08 7.5013632e+08]
