Standard Deviation: 9.389685503962786
Skewness: 0.5277692223141348
Kurtosis: 0.1855450699033856
Median: 0.1566869017439793
Mean: 1.2582194208646427
Deciles: [-5.5484926   7.03516974]
Minimum: -63.44678070129144
Maximum: 63.68135874021201
Bin Edges: [-63.4467807  -62.17549931 -60.90421791 -59.63293652 -58.36165512
 -57.09037373 -55.81909233 -54.54781094 -53.27652955 -52.00524815
 -50.73396676 -49.46268536 -48.19140397 -46.92012257 -45.64884118
 -44.37755979 -43.10627839 -41.834997   -40.5637156  -39.29243421
 -38.02115281 -36.74987142 -35.47859002 -34.20730863 -32.93602724
 -31.66474584 -30.39346445 -29.12218305 -27.85090166 -26.57962026
 -25.30833887 -24.03705747 -22.76577608 -21.49449469 -20.22321329
 -18.9519319  -17.6806505  -16.40936911 -15.13808771 -13.86680632
 -12.59552492 -11.32424353 -10.05296214  -8.78168074  -7.51039935
  -6.23911795  -4.96783656  -3.69655516  -2.42527377  -1.15399237
   0.11728902   1.38857041   2.65985181   3.9311332    5.2024146
   6.47369599   7.74497739   9.01625878  10.28754017  11.55882157
  12.83010296  14.10138436  15.37266575  16.64394715  17.91522854
  19.18650994  20.45779133  21.72907272  23.00035412  24.27163551
  25.54291691  26.8141983   28.0854797   29.35676109  30.62804249
  31.89932388  33.17060527  34.44188667  35.71316806  36.98444946
  38.25573085  39.52701225  40.79829364  42.06957504  43.34085643
  44.61213782  45.88341922  47.15470061  48.42598201  49.6972634
  50.9685448   52.23982619  53.51110758  54.78238898  56.05367037
  57.32495177  58.59623316  59.86751456  61.13879595  62.41007735
  63.68135874]
Frequencies: [9.00000000e+00 1.10000000e+01 2.10000000e+01 4.00000000e+01
 5.80000000e+01 8.30000000e+01 1.32000000e+02 2.78000000e+02
 4.31000000e+02 7.09000000e+02 1.14400000e+03 1.66100000e+03
 2.45300000e+03 3.76800000e+03 5.36500000e+03 8.07700000e+03
 1.05600000e+04 1.50280000e+04 2.03250000e+04 2.88950000e+04
 4.12340000e+04 5.68580000e+04 7.86030000e+04 1.10362000e+05
 1.50594000e+05 2.09007000e+05 2.83520000e+05 3.88053000e+05
 5.30660000e+05 7.20629000e+05 1.00075200e+06 1.44103500e+06
 2.17938500e+06 3.52910300e+06 5.94968700e+06 1.02938310e+07
 1.77692720e+07 2.97090940e+07 4.72014250e+07 7.11574700e+07
 1.01307126e+08 1.34550900e+08 1.66797359e+08 1.95139252e+08
 2.18220105e+08 2.36101461e+08 2.48761528e+08 2.55998280e+08
 2.58107550e+08 2.54920221e+08 2.46264659e+08 2.32753380e+08
 2.15565723e+08 1.97010450e+08 1.78407365e+08 1.60605163e+08
 1.44077798e+08 1.29023791e+08 1.15243079e+08 1.02649515e+08
 9.10458680e+07 8.03140770e+07 7.02410300e+07 6.07389520e+07
 5.18238930e+07 4.36183520e+07 3.61066180e+07 2.93411740e+07
 2.34206320e+07 1.83688040e+07 1.41521040e+07 1.06852440e+07
 7.94351700e+06 5.78182100e+06 4.14959700e+06 2.92212900e+06
 2.03855200e+06 1.39916700e+06 9.50361000e+05 6.32130000e+05
 4.14699000e+05 2.68165000e+05 1.68236000e+05 1.03514000e+05
 6.20060000e+04 3.72830000e+04 2.21880000e+04 1.33420000e+04
 7.49600000e+03 4.34000000e+03 2.38900000e+03 1.14600000e+03
 4.77000000e+02 1.90000000e+02 1.08000000e+02 5.50000000e+01
 9.00000000e+00 4.00000000e+00 2.00000000e+00 2.00000000e+00]
