Standard Deviation: 13.784670506574802
Skewness: 0.7471636377193971
Kurtosis: 1.2913681777267785
Median: 5.152496645615649
Mean: 6.666915461519206
Deciles: [-2.29945408 13.95532628]
Minimum: -49.939831369232145
Maximum: 88.24463438719154
Bin Edges: [-49.93983137 -48.55798671 -47.17614205 -45.7942974  -44.41245274
 -43.03060808 -41.64876342 -40.26691877 -38.88507411 -37.50322945
 -36.12138479 -34.73954014 -33.35769548 -31.97585082 -30.59400616
 -29.21216151 -27.83031685 -26.44847219 -25.06662753 -23.68478288
 -22.30293822 -20.92109356 -19.5392489  -18.15740425 -16.77555959
 -15.39371493 -14.01187027 -12.63002561 -11.24818096  -9.8663363
  -8.48449164  -7.10264698  -5.72080233  -4.33895767  -2.95711301
  -1.57526835  -0.1934237    1.18842096   2.57026562   3.95211028
   5.33395493   6.71579959   8.09764425   9.47948891  10.86133356
  12.24317822  13.62502288  15.00686754  16.38871219  17.77055685
  19.15240151  20.53424617  21.91609082  23.29793548  24.67978014
  26.0616248   27.44346945  28.82531411  30.20715877  31.58900343
  32.97084808  34.35269274  35.7345374   37.11638206  38.49822671
  39.88007137  41.26191603  42.64376069  44.02560535  45.40745
  46.78929466  48.17113932  49.55298398  50.93482863  52.31667329
  53.69851795  55.08036261  56.46220726  57.84405192  59.22589658
  60.60774124  61.98958589  63.37143055  64.75327521  66.13511987
  67.51696452  68.89880918  70.28065384  71.6624985   73.04434315
  74.42618781  75.80803247  77.18987713  78.57172178  79.95356644
  81.3354111   82.71725576  84.09910041  85.48094507  86.86278973
  88.24463439]
Frequencies: [3.50000000e+01 3.00000000e+01 2.20000000e+02 8.41000000e+02
 1.92600000e+03 4.49700000e+03 1.11440000e+04 2.55500000e+04
 5.43230000e+04 1.23736000e+05 2.67464000e+05 5.21114000e+05
 9.24758000e+05 1.48945800e+06 2.26198400e+06 3.24284000e+06
 4.42754800e+06 5.85157200e+06 7.52007500e+06 9.53773300e+06
 1.21097960e+07 1.56429280e+07 2.05773150e+07 2.73165050e+07
 3.58562680e+07 4.58519370e+07 5.68792420e+07 6.87716150e+07
 8.17568960e+07 9.58803630e+07 1.11615244e+08 1.28788812e+08
 1.46908850e+08 1.65709515e+08 1.84023165e+08 2.00123990e+08
 2.11896096e+08 2.18350573e+08 2.19098622e+08 2.15038171e+08
 2.07261488e+08 1.97072690e+08 1.85735420e+08 1.73678962e+08
 1.61321601e+08 1.48717792e+08 1.35670190e+08 1.22129611e+08
 1.08794683e+08 9.61017430e+07 8.41211100e+07 7.32599400e+07
 6.37873470e+07 5.57323140e+07 4.88023170e+07 4.27519140e+07
 3.74232830e+07 3.29105910e+07 2.91505690e+07 2.59303450e+07
 2.31352980e+07 2.07803880e+07 1.87466060e+07 1.70155700e+07
 1.54680820e+07 1.41384740e+07 1.28996170e+07 1.16726670e+07
 1.05495050e+07 9.51865900e+06 8.53502100e+06 7.67453000e+06
 6.80173700e+06 6.00539400e+06 5.27441400e+06 4.59243400e+06
 3.93857300e+06 3.31393700e+06 2.76959000e+06 2.28731500e+06
 1.85684700e+06 1.48023100e+06 1.13929500e+06 8.41389000e+05
 6.18179000e+05 4.41683000e+05 3.12555000e+05 2.18269000e+05
 1.44553000e+05 9.08560000e+04 5.06460000e+04 2.81290000e+04
 1.42660000e+04 6.73100000e+03 2.75500000e+03 1.34900000e+03
 8.48000000e+02 5.37000000e+02 3.06000000e+02 1.04000000e+02]
