Standard Deviation: 17.116055003990923
Skewness: 0.7040036529036903
Kurtosis: 0.38321903380591626
Median: 9.277233321393766
Mean: 11.869241342637379
Deciles: [-1.04697977 22.42359449]
Minimum: -61.88008474437724
Maximum: 118.94885749254951
Bin Edges: [-61.88008474 -60.07179532 -58.2635059  -56.45521648 -54.64692705
 -52.83863763 -51.03034821 -49.22205879 -47.41376937 -45.60547994
 -43.79719052 -41.9889011  -40.18061168 -38.37232225 -36.56403283
 -34.75574341 -32.94745399 -31.13916456 -29.33087514 -27.52258572
 -25.7142963  -23.90600687 -22.09771745 -20.28942803 -18.48113861
 -16.67284919 -14.86455976 -13.05627034 -11.24798092  -9.4396915
  -7.63140207  -5.82311265  -4.01482323  -2.20653381  -0.39824438
   1.41004504   3.21833446   5.02662388   6.83491331   8.64320273
  10.45149215  12.25978157  14.068071    15.87636042  17.68464984
  19.49293926  21.30122868  23.10951811  24.91780753  26.72609695
  28.53438637  30.3426758   32.15096522  33.95925464  35.76754406
  37.57583349  39.38412291  41.19241233  43.00070175  44.80899118
  46.6172806   48.42557002  50.23385944  52.04214886  53.85043829
  55.65872771  57.46701713  59.27530655  61.08359598  62.8918854
  64.70017482  66.50846424  68.31675367  70.12504309  71.93333251
  73.74162193  75.54991136  77.35820078  79.1664902   80.97477962
  82.78306905  84.59135847  86.39964789  88.20793731  90.01622673
  91.82451616  93.63280558  95.441095    97.24938442  99.05767385
 100.86596327 102.67425269 104.48254211 106.29083154 108.09912096
 109.90741038 111.7156998  113.52398923 115.33227865 117.14056807
 118.94885749]
Frequencies: [8.20000000e+01 3.35000000e+02 8.76000000e+02 1.94200000e+03
 3.55200000e+03 6.11200000e+03 1.10920000e+04 1.82530000e+04
 2.97670000e+04 4.40860000e+04 6.50570000e+04 9.71220000e+04
 1.40930000e+05 2.01146000e+05 2.94800000e+05 4.25197000e+05
 6.18807000e+05 9.01620000e+05 1.33130100e+06 2.00831400e+06
 3.10741000e+06 5.00095900e+06 8.13879200e+06 1.32119930e+07
 2.13533550e+07 3.40420410e+07 5.24745500e+07 7.69820490e+07
 1.05994304e+08 1.35987858e+08 1.62740005e+08 1.83140452e+08
 1.96634927e+08 2.03914564e+08 2.06208088e+08 2.04777454e+08
 2.00738556e+08 1.95560257e+08 1.89460878e+08 1.82999484e+08
 1.76023538e+08 1.68604732e+08 1.60777901e+08 1.52632533e+08
 1.44131580e+08 1.35401047e+08 1.26592392e+08 1.17705958e+08
 1.08770681e+08 9.99283200e+07 9.12772150e+07 8.29013710e+07
 7.49332630e+07 6.74277740e+07 6.03567400e+07 5.37459410e+07
 4.75980030e+07 4.19182760e+07 3.67016630e+07 3.19981210e+07
 2.77378070e+07 2.38997430e+07 2.04642090e+07 1.74502270e+07
 1.48083680e+07 1.25054860e+07 1.04913350e+07 8.73502800e+06
 7.23790800e+06 5.95900900e+06 4.88383100e+06 3.98662200e+06
 3.22958100e+06 2.59808600e+06 2.07121200e+06 1.63431300e+06
 1.29132100e+06 1.01250300e+06 7.83740000e+05 6.05814000e+05
 4.61266000e+05 3.42471000e+05 2.58080000e+05 1.92040000e+05
 1.40567000e+05 1.04671000e+05 7.33600000e+04 4.97030000e+04
 3.31560000e+04 2.13520000e+04 1.24440000e+04 6.70100000e+03
 2.68700000e+03 1.67000000e+03 9.73000000e+02 4.43000000e+02
 2.63000000e+02 2.61000000e+02 1.96000000e+02 1.37000000e+02]
