Standard Deviation: 10.990535939219425
Skewness: 0.5157793866489253
Kurtosis: -1.0552030006292428
Median: 201.7207290226441
Mean: 204.79448631799067
Deciles: [194.8640432  214.28388045]
Minimum: 176.0310492767405
Maximum: 238.94601571182167
Bin Edges: [176.03104928 176.66019894 177.28934861 177.91849827 178.54764793
 179.1767976  179.80594726 180.43509693 181.06424659 181.69339626
 182.32254592 182.95169558 183.58084525 184.20999491 184.83914458
 185.46829424 186.09744391 186.72659357 187.35574324 187.9848929
 188.61404256 189.24319223 189.87234189 190.50149156 191.13064122
 191.75979089 192.38894055 193.01809021 193.64723988 194.27638954
 194.90553921 195.53468887 196.16383854 196.7929882  197.42213786
 198.05128753 198.68043719 199.30958686 199.93873652 200.56788619
 201.19703585 201.82618552 202.45533518 203.08448484 203.71363451
 204.34278417 204.97193384 205.6010835  206.23023317 206.85938283
 207.48853249 208.11768216 208.74683182 209.37598149 210.00513115
 210.63428082 211.26343048 211.89258014 212.52172981 213.15087947
 213.78002914 214.4091788  215.03832847 215.66747813 216.2966278
 216.92577746 217.55492712 218.18407679 218.81322645 219.44237612
 220.07152578 220.70067545 221.32982511 221.95897477 222.58812444
 223.2172741  223.84642377 224.47557343 225.1047231  225.73387276
 226.36302242 226.99217209 227.62132175 228.25047142 228.87962108
 229.50877075 230.13792041 230.76707008 231.39621974 232.0253694
 232.65451907 233.28366873 233.9128184  234.54196806 235.17111773
 235.80026739 236.42941705 237.05856672 237.68771638 238.31686605
 238.94601571]
Frequencies: [2.01000000e+02 4.17000000e+02 5.05000000e+02 5.62000000e+02
 6.43000000e+02 7.63000000e+02 9.06000000e+02 1.24600000e+03
 1.70300000e+03 2.66000000e+03 3.73300000e+03 7.03600000e+03
 1.08160000e+04 1.77660000e+04 2.74010000e+04 4.81440000e+04
 8.07260000e+04 1.37572000e+05 3.03790000e+05 9.35440000e+05
 2.79616800e+06 8.00893800e+06 2.14105470e+07 4.86975550e+07
 9.07195300e+07 1.39456659e+08 1.84581495e+08 2.16074227e+08
 2.24267815e+08 2.10907857e+08 1.86211261e+08 1.59506193e+08
 1.35376824e+08 1.15249254e+08 9.95908350e+07 8.77316590e+07
 7.92047790e+07 7.30300560e+07 6.85272110e+07 6.52699330e+07
 6.27548660e+07 6.08122230e+07 5.92644240e+07 5.80024430e+07
 5.68394670e+07 5.58831010e+07 5.50919290e+07 5.45133230e+07
 5.42448650e+07 5.42309090e+07 5.43910340e+07 5.47142030e+07
 5.51121080e+07 5.55707680e+07 5.60967450e+07 5.66997970e+07
 5.74086400e+07 5.81554810e+07 5.91121830e+07 6.00295940e+07
 6.09560300e+07 6.16417100e+07 6.22780540e+07 6.28259130e+07
 6.31169650e+07 6.32250200e+07 6.28559550e+07 6.20393430e+07
 6.08287830e+07 5.93951430e+07 5.74524940e+07 5.53269290e+07
 5.28506200e+07 4.99521410e+07 4.71110980e+07 4.41606200e+07
 4.09640680e+07 3.75269630e+07 3.42172510e+07 3.07253010e+07
 2.70660650e+07 2.34319130e+07 1.97854590e+07 1.58372920e+07
 1.17507740e+07 7.81498800e+06 4.47563000e+06 2.29935200e+06
 1.05334600e+06 5.10182000e+05 2.69737000e+05 1.39449000e+05
 7.31600000e+04 4.27510000e+04 2.59820000e+04 1.43830000e+04
 7.82300000e+03 4.59200000e+03 1.41400000e+03 3.78000000e+02]
