Standard Deviation: 9.088964765514168
Skewness: 0.07360210527490203
Kurtosis: 2.5718018355033756
Median: -0.09568377194288977
Mean: -0.03901218028613116
Deciles: [-4.42779609  4.28726235]
Minimum: -69.96215891231328
Maximum: 83.32014500043432
Bin Edges: [-69.96215891 -68.42933587 -66.89651283 -65.36368979 -63.83086676
 -62.29804372 -60.76522068 -59.23239764 -57.6995746  -56.16675156
 -54.63392852 -53.10110548 -51.56828244 -50.0354594  -48.50263636
 -46.96981333 -45.43699029 -43.90416725 -42.37134421 -40.83852117
 -39.30569813 -37.77287509 -36.24005205 -34.70722901 -33.17440597
 -31.64158293 -30.10875989 -28.57593686 -27.04311382 -25.51029078
 -23.97746774 -22.4446447  -20.91182166 -19.37899862 -17.84617558
 -16.31335254 -14.7805295  -13.24770646 -11.71488343 -10.18206039
  -8.64923735  -7.11641431  -5.58359127  -4.05076823  -2.51794519
  -0.98512215   0.54770089   2.08052393   3.61334697   5.14617
   6.67899304   8.21181608   9.74463912  11.27746216  12.8102852
  14.34310824  15.87593128  17.40875432  18.94157736  20.4744004
  22.00722344  23.54004647  25.07286951  26.60569255  28.13851559
  29.67133863  31.20416167  32.73698471  34.26980775  35.80263079
  37.33545383  38.86827687  40.4010999   41.93392294  43.46674598
  44.99956902  46.53239206  48.0652151   49.59803814  51.13086118
  52.66368422  54.19650726  55.7293303   57.26215334  58.79497637
  60.32779941  61.86062245  63.39344549  64.92626853  66.45909157
  67.99191461  69.52473765  71.05756069  72.59038373  74.12320677
  75.6560298   77.18885284  78.72167588  80.25449892  81.78732196
  83.320145  ]
Frequencies: [1.10000000e+01 3.00000000e+00 2.40000000e+01 1.00000000e+02
 3.19000000e+02 9.08000000e+02 2.02400000e+03 4.33500000e+03
 8.24800000e+03 1.48750000e+04 2.54700000e+04 4.24060000e+04
 6.73090000e+04 1.03056000e+05 1.51507000e+05 2.22508000e+05
 3.22950000e+05 4.60059000e+05 6.48590000e+05 8.92705000e+05
 1.21875400e+06 1.63473400e+06 2.17470200e+06 2.87341800e+06
 3.76055200e+06 4.87158400e+06 6.26482400e+06 7.98612000e+06
 1.01518360e+07 1.28031200e+07 1.60773370e+07 2.00581210e+07
 2.49558370e+07 3.09997490e+07 3.84168500e+07 4.76319900e+07
 5.90438720e+07 7.36051560e+07 9.26020830e+07 1.18298977e+08
 1.53928762e+08 2.04311598e+08 2.73249708e+08 3.56574156e+08
 4.33190480e+08 4.67080941e+08 4.38650305e+08 3.66048733e+08
 2.83681141e+08 2.13475680e+08 1.61418313e+08 1.24098188e+08
 9.70035940e+07 7.69305320e+07 6.14777580e+07 4.94651140e+07
 3.99470070e+07 3.22995950e+07 2.61189690e+07 2.11214550e+07
 1.70502200e+07 1.37658370e+07 1.10699280e+07 8.88843200e+06
 7.11483000e+06 5.65909400e+06 4.47649400e+06 3.51786000e+06
 2.74327200e+06 2.13413800e+06 1.64769700e+06 1.25546200e+06
 9.46928000e+05 7.04883000e+05 5.18378000e+05 3.73649000e+05
 2.65693000e+05 1.86657000e+05 1.29931000e+05 8.85440000e+04
 5.88680000e+04 3.96160000e+04 2.60180000e+04 1.71010000e+04
 1.16570000e+04 7.92500000e+03 5.38300000e+03 3.67000000e+03
 2.45000000e+03 1.42900000e+03 9.86000000e+02 6.62000000e+02
 4.05000000e+02 2.73000000e+02 1.78000000e+02 1.28000000e+02
 9.50000000e+01 7.60000000e+01 5.20000000e+01 4.90000000e+01]
