Standard Deviation: 2.1030037031667153e-08
Skewness: 0.5026474731893453
Kurtosis: -0.5294274848274543
Median: 4.523262021632785e-08
Mean: 4.936584386735544e-08
Deciles: [3.29173951e-08 6.66436385e-08]
Minimum: 8.53761362506813e-09
Maximum: 1.4538245774408042e-07
Bin Edges: [8.53761363e-09 9.90606207e-09 1.12745105e-08 1.26429589e-08
 1.40114074e-08 1.53798558e-08 1.67483043e-08 1.81167527e-08
 1.94852012e-08 2.08536496e-08 2.22220980e-08 2.35905465e-08
 2.49589949e-08 2.63274434e-08 2.76958918e-08 2.90643402e-08
 3.04327887e-08 3.18012371e-08 3.31696856e-08 3.45381340e-08
 3.59065824e-08 3.72750309e-08 3.86434793e-08 4.00119278e-08
 4.13803762e-08 4.27488247e-08 4.41172731e-08 4.54857215e-08
 4.68541700e-08 4.82226184e-08 4.95910669e-08 5.09595153e-08
 5.23279637e-08 5.36964122e-08 5.50648606e-08 5.64333091e-08
 5.78017575e-08 5.91702059e-08 6.05386544e-08 6.19071028e-08
 6.32755513e-08 6.46439997e-08 6.60124482e-08 6.73808966e-08
 6.87493450e-08 7.01177935e-08 7.14862419e-08 7.28546904e-08
 7.42231388e-08 7.55915872e-08 7.69600357e-08 7.83284841e-08
 7.96969326e-08 8.10653810e-08 8.24338294e-08 8.38022779e-08
 8.51707263e-08 8.65391748e-08 8.79076232e-08 8.92760717e-08
 9.06445201e-08 9.20129685e-08 9.33814170e-08 9.47498654e-08
 9.61183139e-08 9.74867623e-08 9.88552107e-08 1.00223659e-07
 1.01592108e-07 1.02960556e-07 1.04329005e-07 1.05697453e-07
 1.07065901e-07 1.08434350e-07 1.09802798e-07 1.11171247e-07
 1.12539695e-07 1.13908144e-07 1.15276592e-07 1.16645040e-07
 1.18013489e-07 1.19381937e-07 1.20750386e-07 1.22118834e-07
 1.23487283e-07 1.24855731e-07 1.26224180e-07 1.27592628e-07
 1.28961076e-07 1.30329525e-07 1.31697973e-07 1.33066422e-07
 1.34434870e-07 1.35803319e-07 1.37171767e-07 1.38540216e-07
 1.39908664e-07 1.41277112e-07 1.42645561e-07 1.44014009e-07
 1.45382458e-07]
Frequencies: [2.49049000e+06 9.89797100e+06 1.72996540e+07 2.21932230e+07
 2.56392470e+07 2.99697730e+07 3.44304560e+07 4.10171590e+07
 4.64437240e+07 6.32130400e+07 9.27741790e+07 1.10538739e+08
 1.12718270e+08 1.07866647e+08 1.11776392e+08 1.10456193e+08
 1.08536075e+08 1.07476569e+08 1.05984178e+08 1.03172918e+08
 1.05937212e+08 1.07736177e+08 1.12443218e+08 1.19948603e+08
 1.31311316e+08 1.49378397e+08 2.33016112e+08 2.34002821e+08
 1.15028740e+08 8.63801850e+07 5.68183020e+07 5.26775440e+07
 5.01640090e+07 4.91369850e+07 4.95909240e+07 4.94479540e+07
 4.99779910e+07 5.04197940e+07 5.06403750e+07 5.18666610e+07
 5.38757360e+07 5.59851920e+07 5.73509880e+07 6.02344770e+07
 6.59682030e+07 7.33558950e+07 7.79427520e+07 7.82847600e+07
 7.90130880e+07 8.07589290e+07 7.70674140e+07 7.28007620e+07
 6.25158770e+07 5.35951520e+07 4.61446300e+07 3.88270370e+07
 3.13550560e+07 2.58010280e+07 2.26355900e+07 1.93905110e+07
 1.73288160e+07 1.62139780e+07 1.48642830e+07 1.37000880e+07
 1.27402140e+07 1.13633910e+07 9.86940700e+06 8.35947900e+06
 6.59376400e+06 5.13796100e+06 4.12847300e+06 3.44161400e+06
 2.87619400e+06 2.36302800e+06 1.93208500e+06 1.49947800e+06
 1.12064900e+06 9.95673000e+05 6.72062000e+05 4.59701000e+05
 4.18475000e+05 3.89187000e+05 3.50536000e+05 2.75534000e+05
 2.28606000e+05 2.11661000e+05 1.76734000e+05 1.39463000e+05
 1.23547000e+05 9.88680000e+04 7.85850000e+04 6.91620000e+04
 6.69640000e+04 5.54270000e+04 4.19660000e+04 3.30760000e+04
 2.24900000e+04 1.30530000e+04 6.25200000e+03 2.78200000e+03]
