Standard Deviation: 0.00020998612172330844
Skewness: 1.9447122723943606
Kurtosis: 4.035471869467222
Median: 8.533791419783495e-05
Mean: 0.00017249948627432734
Deciles: [3.15106489e-05 2.27390299e-04]
Minimum: 1.0006268896048186e-12
Maximum: 0.004274046309734818
Bin Edges: [1.00062689e-12 4.27404641e-05 8.54809272e-05 1.28221390e-04
 1.70961853e-04 2.13702316e-04 2.56442780e-04 2.99183243e-04
 3.41923706e-04 3.84664169e-04 4.27404632e-04 4.70145095e-04
 5.12885558e-04 5.55626021e-04 5.98366484e-04 6.41106947e-04
 6.83847410e-04 7.26587873e-04 7.69328337e-04 8.12068800e-04
 8.54809263e-04 8.97549726e-04 9.40290189e-04 9.83030652e-04
 1.02577112e-03 1.06851158e-03 1.11125204e-03 1.15399250e-03
 1.19673297e-03 1.23947343e-03 1.28221389e-03 1.32495436e-03
 1.36769482e-03 1.41043528e-03 1.45317575e-03 1.49591621e-03
 1.53865667e-03 1.58139714e-03 1.62413760e-03 1.66687806e-03
 1.70961852e-03 1.75235899e-03 1.79509945e-03 1.83783991e-03
 1.88058038e-03 1.92332084e-03 1.96606130e-03 2.00880177e-03
 2.05154223e-03 2.09428269e-03 2.13702316e-03 2.17976362e-03
 2.22250408e-03 2.26524454e-03 2.30798501e-03 2.35072547e-03
 2.39346593e-03 2.43620640e-03 2.47894686e-03 2.52168732e-03
 2.56442779e-03 2.60716825e-03 2.64990871e-03 2.69264918e-03
 2.73538964e-03 2.77813010e-03 2.82087056e-03 2.86361103e-03
 2.90635149e-03 2.94909195e-03 2.99183242e-03 3.03457288e-03
 3.07731334e-03 3.12005381e-03 3.16279427e-03 3.20553473e-03
 3.24827520e-03 3.29101566e-03 3.33375612e-03 3.37649658e-03
 3.41923705e-03 3.46197751e-03 3.50471797e-03 3.54745844e-03
 3.59019890e-03 3.63293936e-03 3.67567983e-03 3.71842029e-03
 3.76116075e-03 3.80390122e-03 3.84664168e-03 3.88938214e-03
 3.93212261e-03 3.97486307e-03 4.01760353e-03 4.06034399e-03
 4.10308446e-03 4.14582492e-03 4.18856538e-03 4.23130585e-03
 4.27404631e-03]
Frequencies: [1.45351380e+09 8.19150779e+08 4.97187192e+08 3.32540250e+08
 2.39846591e+08 1.83185750e+08 1.46213588e+08 1.20314010e+08
 1.01683167e+08 8.78672270e+07 7.74070640e+07 6.93252840e+07
 6.28969480e+07 5.74769500e+07 5.24871920e+07 4.74767970e+07
 4.20104910e+07 3.59675680e+07 2.95642550e+07 2.32391220e+07
 1.74467420e+07 1.26144530e+07 8.89315200e+06 6.23330100e+06
 4.39953700e+06 3.13359400e+06 2.26465900e+06 1.66317200e+06
 1.22738700e+06 9.16114000e+05 6.92363000e+05 5.24499000e+05
 4.00088000e+05 3.06143000e+05 2.34440000e+05 1.81238000e+05
 1.40704000e+05 1.07886000e+05 8.54160000e+04 6.72050000e+04
 5.19410000e+04 4.23850000e+04 3.31900000e+04 2.62440000e+04
 2.15910000e+04 1.77740000e+04 1.49660000e+04 1.27080000e+04
 1.07230000e+04 8.95700000e+03 7.94700000e+03 6.75200000e+03
 5.80700000e+03 5.07300000e+03 4.34200000e+03 3.87000000e+03
 3.38000000e+03 2.81200000e+03 2.39500000e+03 2.02100000e+03
 1.78900000e+03 1.55100000e+03 1.34000000e+03 1.16200000e+03
 1.06800000e+03 9.16000000e+02 7.92000000e+02 6.64000000e+02
 5.99000000e+02 5.13000000e+02 4.37000000e+02 3.46000000e+02
 3.15000000e+02 2.74000000e+02 2.47000000e+02 1.84000000e+02
 1.58000000e+02 1.27000000e+02 9.80000000e+01 7.00000000e+01
 5.50000000e+01 6.50000000e+01 5.20000000e+01 3.90000000e+01
 3.30000000e+01 1.80000000e+01 1.30000000e+01 7.00000000e+00
 2.00000000e+00 4.00000000e+00 5.00000000e+00 5.00000000e+00
 7.00000000e+00 6.00000000e+00 7.00000000e+00 3.00000000e+00
 6.00000000e+00 1.00000000e+01 6.00000000e+00 1.30000000e+01]
