Standard Deviation: 4.944323407905603e-06
Skewness: 13.851320518230224
Kurtosis: 272.13800458099087
Median: 2.4574335374144633e-40
Mean: 6.410413200651104e-07
Deciles: [0.0000000e+00 1.0787818e-17]
Minimum: 0.0
Maximum: 0.0003318814693849013
Bin Edges: [0.00000000e+00 3.31881469e-06 6.63762939e-06 9.95644408e-06
 1.32752588e-05 1.65940735e-05 1.99128882e-05 2.32317029e-05
 2.65505176e-05 2.98693322e-05 3.31881469e-05 3.65069616e-05
 3.98257763e-05 4.31445910e-05 4.64634057e-05 4.97822204e-05
 5.31010351e-05 5.64198498e-05 5.97386645e-05 6.30574792e-05
 6.63762939e-05 6.96951086e-05 7.30139233e-05 7.63327380e-05
 7.96515527e-05 8.29703673e-05 8.62891820e-05 8.96079967e-05
 9.29268114e-05 9.62456261e-05 9.95644408e-05 1.02883256e-04
 1.06202070e-04 1.09520885e-04 1.12839700e-04 1.16158514e-04
 1.19477329e-04 1.22796144e-04 1.26114958e-04 1.29433773e-04
 1.32752588e-04 1.36071402e-04 1.39390217e-04 1.42709032e-04
 1.46027847e-04 1.49346661e-04 1.52665476e-04 1.55984291e-04
 1.59303105e-04 1.62621920e-04 1.65940735e-04 1.69259549e-04
 1.72578364e-04 1.75897179e-04 1.79215993e-04 1.82534808e-04
 1.85853623e-04 1.89172438e-04 1.92491252e-04 1.95810067e-04
 1.99128882e-04 2.02447696e-04 2.05766511e-04 2.09085326e-04
 2.12404140e-04 2.15722955e-04 2.19041770e-04 2.22360584e-04
 2.25679399e-04 2.28998214e-04 2.32317029e-04 2.35635843e-04
 2.38954658e-04 2.42273473e-04 2.45592287e-04 2.48911102e-04
 2.52229917e-04 2.55548731e-04 2.58867546e-04 2.62186361e-04
 2.65505176e-04 2.68823990e-04 2.72142805e-04 2.75461620e-04
 2.78780434e-04 2.82099249e-04 2.85418064e-04 2.88736878e-04
 2.92055693e-04 2.95374508e-04 2.98693322e-04 3.02012137e-04
 3.05330952e-04 3.08649767e-04 3.11968581e-04 3.15287396e-04
 3.18606211e-04 3.21925025e-04 3.25243840e-04 3.28562655e-04
 3.31881469e-04]
Frequencies: [4.40518473e+09 3.60731700e+07 2.05928520e+07 1.44547920e+07
 1.09484930e+07 8.64342600e+06 6.99949600e+06 5.75595500e+06
 4.79058400e+06 4.02434800e+06 3.39927800e+06 2.88265600e+06
 2.45252400e+06 2.09367400e+06 1.78415000e+06 1.52499000e+06
 1.30701500e+06 1.12093300e+06 9.62730000e+05 8.23601000e+05
 7.07112000e+05 6.08263000e+05 5.22933000e+05 4.49687000e+05
 3.86391000e+05 3.35149000e+05 2.88750000e+05 2.48544000e+05
 2.15385000e+05 1.86618000e+05 1.63285000e+05 1.41874000e+05
 1.24590000e+05 1.09114000e+05 9.63870000e+04 8.52840000e+04
 7.48170000e+04 6.68520000e+04 5.95740000e+04 5.31320000e+04
 4.75600000e+04 4.26770000e+04 3.82090000e+04 3.47240000e+04
 3.08030000e+04 2.77400000e+04 2.51020000e+04 2.26850000e+04
 2.03190000e+04 1.83430000e+04 1.62620000e+04 1.45420000e+04
 1.31810000e+04 1.17370000e+04 1.02880000e+04 9.23200000e+03
 8.10900000e+03 7.08600000e+03 6.28600000e+03 5.30600000e+03
 4.64900000e+03 4.05200000e+03 3.50700000e+03 3.07900000e+03
 2.68700000e+03 2.13000000e+03 1.85500000e+03 1.56100000e+03
 1.30900000e+03 1.03000000e+03 8.44000000e+02 6.84000000e+02
 5.98000000e+02 5.16000000e+02 4.35000000e+02 3.36000000e+02
 2.56000000e+02 2.15000000e+02 1.64000000e+02 1.31000000e+02
 1.29000000e+02 1.06000000e+02 9.60000000e+01 6.80000000e+01
 4.80000000e+01 3.30000000e+01 3.80000000e+01 1.90000000e+01
 1.50000000e+01 1.90000000e+01 1.60000000e+01 1.40000000e+01
 9.00000000e+00 9.00000000e+00 7.00000000e+00 1.00000000e+00
 7.00000000e+00 0.00000000e+00 2.00000000e+00 1.00000000e+00]
