Standard Deviation: 2.811515508542865e-05
Skewness: 11.624789940225119
Kurtosis: 177.1114981168189
Median: 3.926439133104556e-08
Mean: 4.827058805087305e-06
Deciles: [1.47734596e-09 4.24507160e-07]
Minimum: 0.0
Maximum: 0.0010496970356391885
Bin Edges: [0.00000000e+00 1.04969704e-05 2.09939407e-05 3.14909111e-05
 4.19878814e-05 5.24848518e-05 6.29818221e-05 7.34787925e-05
 8.39757629e-05 9.44727332e-05 1.04969704e-04 1.15466674e-04
 1.25963644e-04 1.36460615e-04 1.46957585e-04 1.57454555e-04
 1.67951526e-04 1.78448496e-04 1.88945466e-04 1.99442437e-04
 2.09939407e-04 2.20436377e-04 2.30933348e-04 2.41430318e-04
 2.51927289e-04 2.62424259e-04 2.72921229e-04 2.83418200e-04
 2.93915170e-04 3.04412140e-04 3.14909111e-04 3.25406081e-04
 3.35903051e-04 3.46400022e-04 3.56896992e-04 3.67393962e-04
 3.77890933e-04 3.88387903e-04 3.98884874e-04 4.09381844e-04
 4.19878814e-04 4.30375785e-04 4.40872755e-04 4.51369725e-04
 4.61866696e-04 4.72363666e-04 4.82860636e-04 4.93357607e-04
 5.03854577e-04 5.14351547e-04 5.24848518e-04 5.35345488e-04
 5.45842459e-04 5.56339429e-04 5.66836399e-04 5.77333370e-04
 5.87830340e-04 5.98327310e-04 6.08824281e-04 6.19321251e-04
 6.29818221e-04 6.40315192e-04 6.50812162e-04 6.61309132e-04
 6.71806103e-04 6.82303073e-04 6.92800044e-04 7.03297014e-04
 7.13793984e-04 7.24290955e-04 7.34787925e-04 7.45284895e-04
 7.55781866e-04 7.66278836e-04 7.76775806e-04 7.87272777e-04
 7.97769747e-04 8.08266717e-04 8.18763688e-04 8.29260658e-04
 8.39757629e-04 8.50254599e-04 8.60751569e-04 8.71248540e-04
 8.81745510e-04 8.92242480e-04 9.02739451e-04 9.13236421e-04
 9.23733391e-04 9.34230362e-04 9.44727332e-04 9.55224302e-04
 9.65721273e-04 9.76218243e-04 9.86715214e-04 9.97212184e-04
 1.00770915e-03 1.01820612e-03 1.02870309e-03 1.03920007e-03
 1.04969704e-03]
Frequencies: [4.24952204e+09 9.92346930e+07 4.58785280e+07 2.82137020e+07
 1.95181450e+07 1.44434840e+07 1.11640520e+07 8.88875600e+06
 7.25882700e+06 6.04803200e+06 5.11367000e+06 4.38663400e+06
 3.81334200e+06 3.33651300e+06 2.94542100e+06 2.62046800e+06
 2.34883000e+06 2.11116800e+06 1.91499400e+06 1.74205000e+06
 1.58604600e+06 1.45083100e+06 1.33416100e+06 1.22890900e+06
 1.13365900e+06 1.04781400e+06 9.69000000e+05 8.98175000e+05
 8.32617000e+05 7.72994000e+05 7.17488000e+05 6.67833000e+05
 6.19407000e+05 5.77459000e+05 5.39129000e+05 5.03300000e+05
 4.69750000e+05 4.36937000e+05 4.07023000e+05 3.77335000e+05
 3.51068000e+05 3.26590000e+05 3.02036000e+05 2.78910000e+05
 2.59845000e+05 2.37698000e+05 2.19018000e+05 2.03107000e+05
 1.87624000e+05 1.71121000e+05 1.55940000e+05 1.42987000e+05
 1.30844000e+05 1.19882000e+05 1.08032000e+05 9.86920000e+04
 8.84950000e+04 7.96730000e+04 7.27590000e+04 6.57850000e+04
 5.99240000e+04 5.40550000e+04 4.94890000e+04 4.40040000e+04
 3.92580000e+04 3.47320000e+04 3.12270000e+04 2.77260000e+04
 2.46740000e+04 2.13790000e+04 1.87260000e+04 1.61830000e+04
 1.40380000e+04 1.15770000e+04 9.37200000e+03 7.87800000e+03
 6.46600000e+03 5.20500000e+03 4.40100000e+03 3.92800000e+03
 3.42900000e+03 3.00500000e+03 2.71200000e+03 2.20900000e+03
 2.10100000e+03 1.97500000e+03 1.83800000e+03 1.63200000e+03
 1.40500000e+03 1.34800000e+03 1.05200000e+03 9.35000000e+02
 8.08000000e+02 7.47000000e+02 4.77000000e+02 3.32000000e+02
 1.66000000e+02 1.28000000e+02 1.01000000e+02 3.50000000e+01]
