Standard Deviation: 2.255190872773438e-08
Skewness: 0.3135462865201675
Kurtosis: -0.7372404815293012
Median: 7.053463131763778e-08
Mean: 7.488983501411804e-08
Deciles: [5.64891176e-08 9.27638894e-08]
Minimum: 2.3754204228164935e-08
Maximum: 1.5426705963051864e-07
Bin Edges: [2.37542042e-08 2.50593328e-08 2.63644613e-08 2.76695899e-08
 2.89747184e-08 3.02798470e-08 3.15849756e-08 3.28901041e-08
 3.41952327e-08 3.55003612e-08 3.68054898e-08 3.81106183e-08
 3.94157469e-08 4.07208754e-08 4.20260040e-08 4.33311325e-08
 4.46362611e-08 4.59413896e-08 4.72465182e-08 4.85516468e-08
 4.98567753e-08 5.11619039e-08 5.24670324e-08 5.37721610e-08
 5.50772895e-08 5.63824181e-08 5.76875466e-08 5.89926752e-08
 6.02978037e-08 6.16029323e-08 6.29080608e-08 6.42131894e-08
 6.55183180e-08 6.68234465e-08 6.81285751e-08 6.94337036e-08
 7.07388322e-08 7.20439607e-08 7.33490893e-08 7.46542178e-08
 7.59593464e-08 7.72644749e-08 7.85696035e-08 7.98747321e-08
 8.11798606e-08 8.24849892e-08 8.37901177e-08 8.50952463e-08
 8.64003748e-08 8.77055034e-08 8.90106319e-08 9.03157605e-08
 9.16208890e-08 9.29260176e-08 9.42311461e-08 9.55362747e-08
 9.68414033e-08 9.81465318e-08 9.94516604e-08 1.00756789e-07
 1.02061917e-07 1.03367046e-07 1.04672175e-07 1.05977303e-07
 1.07282432e-07 1.08587560e-07 1.09892689e-07 1.11197817e-07
 1.12502946e-07 1.13808074e-07 1.15113203e-07 1.16418332e-07
 1.17723460e-07 1.19028589e-07 1.20333717e-07 1.21638846e-07
 1.22943974e-07 1.24249103e-07 1.25554231e-07 1.26859360e-07
 1.28164489e-07 1.29469617e-07 1.30774746e-07 1.32079874e-07
 1.33385003e-07 1.34690131e-07 1.35995260e-07 1.37300388e-07
 1.38605517e-07 1.39910646e-07 1.41215774e-07 1.42520903e-07
 1.43826031e-07 1.45131160e-07 1.46436288e-07 1.47741417e-07
 1.49046545e-07 1.50351674e-07 1.51656803e-07 1.52961931e-07
 1.54267060e-07]
Frequencies: [1.00855400e+06 3.98299300e+06 8.23634400e+06 9.76294700e+06
 1.22644310e+07 1.45932500e+07 1.58432840e+07 1.81182010e+07
 2.08031560e+07 2.15021790e+07 2.25883210e+07 2.26663820e+07
 2.30323240e+07 2.37444380e+07 2.40301980e+07 2.46746970e+07
 2.62966550e+07 3.40023220e+07 4.37141480e+07 5.38011110e+07
 6.61661200e+07 8.83047220e+07 1.38643195e+08 1.99903308e+08
 2.02486717e+08 1.70203381e+08 1.41844692e+08 1.30164952e+08
 1.18526747e+08 1.08270633e+08 9.85592050e+07 8.96541740e+07
 8.36318400e+07 7.73555490e+07 7.30620950e+07 6.97957610e+07
 6.51145120e+07 6.15808590e+07 5.82431660e+07 5.50058010e+07
 5.20568510e+07 5.21364820e+07 5.42616200e+07 5.45681850e+07
 5.59927340e+07 6.11328460e+07 6.20794790e+07 6.73489150e+07
 7.22424360e+07 8.05182310e+07 9.20387270e+07 9.41821850e+07
 9.84267110e+07 9.53037360e+07 8.48156040e+07 7.42833870e+07
 6.67083540e+07 6.08685190e+07 5.62732010e+07 5.26482980e+07
 5.05484410e+07 5.03802200e+07 4.97216430e+07 4.82704390e+07
 4.67589060e+07 4.49565440e+07 4.18658620e+07 3.86452480e+07
 3.57315410e+07 3.32470900e+07 3.01550000e+07 2.74822680e+07
 2.33556650e+07 2.00738410e+07 1.65383720e+07 1.32283060e+07
 1.08480050e+07 9.27955000e+06 7.42575700e+06 6.05169000e+06
 5.06033000e+06 4.27212200e+06 3.88590000e+06 3.41703400e+06
 2.68415700e+06 2.02294600e+06 1.52158700e+06 1.18459200e+06
 9.89411000e+05 7.26168000e+05 4.92633000e+05 3.35312000e+05
 2.48272000e+05 1.78437000e+05 1.54123000e+05 1.32949000e+05
 9.09470000e+04 8.53080000e+04 4.79480000e+04 1.95710000e+04]
