Standard Deviation: 1.5343912881094526e-07
Skewness: -1.3777908767173266
Kurtosis: 0.3166221881594167
Median: 4.691291495218615e-07
Mean: 3.9506142579430337e-07
Deciles: [3.48972421e-07 4.95585524e-07]
Minimum: 9.511953136708867e-09
Maximum: 5.07128272453561e-07
Bin Edges: [9.51195314e-09 1.44881163e-08 1.94642795e-08 2.44404427e-08
 2.94166059e-08 3.43927691e-08 3.93689323e-08 4.43450955e-08
 4.93212587e-08 5.42974219e-08 5.92735851e-08 6.42497483e-08
 6.92259115e-08 7.42020746e-08 7.91782378e-08 8.41544010e-08
 8.91305642e-08 9.41067274e-08 9.90828906e-08 1.04059054e-07
 1.09035217e-07 1.14011380e-07 1.18987543e-07 1.23963707e-07
 1.28939870e-07 1.33916033e-07 1.38892196e-07 1.43868359e-07
 1.48844523e-07 1.53820686e-07 1.58796849e-07 1.63773012e-07
 1.68749175e-07 1.73725339e-07 1.78701502e-07 1.83677665e-07
 1.88653828e-07 1.93629991e-07 1.98606154e-07 2.03582318e-07
 2.08558481e-07 2.13534644e-07 2.18510807e-07 2.23486970e-07
 2.28463134e-07 2.33439297e-07 2.38415460e-07 2.43391623e-07
 2.48367786e-07 2.53343950e-07 2.58320113e-07 2.63296276e-07
 2.68272439e-07 2.73248602e-07 2.78224766e-07 2.83200929e-07
 2.88177092e-07 2.93153255e-07 2.98129418e-07 3.03105582e-07
 3.08081745e-07 3.13057908e-07 3.18034071e-07 3.23010234e-07
 3.27986397e-07 3.32962561e-07 3.37938724e-07 3.42914887e-07
 3.47891050e-07 3.52867213e-07 3.57843377e-07 3.62819540e-07
 3.67795703e-07 3.72771866e-07 3.77748029e-07 3.82724193e-07
 3.87700356e-07 3.92676519e-07 3.97652682e-07 4.02628845e-07
 4.07605009e-07 4.12581172e-07 4.17557335e-07 4.22533498e-07
 4.27509661e-07 4.32485825e-07 4.37461988e-07 4.42438151e-07
 4.47414314e-07 4.52390477e-07 4.57366641e-07 4.62342804e-07
 4.67318967e-07 4.72295130e-07 4.77271293e-07 4.82247456e-07
 4.87223620e-07 4.92199783e-07 4.97175946e-07 5.02152109e-07
 5.07128272e-07]
Frequencies: [2.1864960e+07 2.8592640e+07 3.3638400e+07 3.1956480e+07 2.3546880e+07
 3.5320320e+07 2.8592640e+07 2.6910720e+07 2.5228800e+07 2.3546880e+07
 2.5228800e+07 2.6910720e+07 2.5228800e+07 2.3546880e+07 1.6819200e+07
 1.8501120e+07 2.6910720e+07 1.3455360e+07 2.5228800e+07 1.6819200e+07
 1.6819200e+07 1.8501120e+07 2.0183040e+07 1.6819200e+07 1.6819200e+07
 1.6819200e+07 1.8501120e+07 6.7276800e+06 2.3546880e+07 1.6819200e+07
 8.4096000e+06 2.0183040e+07 6.7276800e+06 2.0183040e+07 1.6819200e+07
 1.0091520e+07 1.1773440e+07 2.0183040e+07 1.6819200e+07 6.7276800e+06
 1.3455360e+07 1.0091520e+07 1.5137280e+07 2.0183040e+07 6.7276800e+06
 1.3455360e+07 1.3455360e+07 6.7276800e+06 6.7276800e+06 1.8501120e+07
 1.6819200e+07 1.0091520e+07 1.3455360e+07 3.3638400e+06 1.0091520e+07
 1.0091520e+07 2.0183040e+07 8.4096000e+06 1.6819200e+07 6.7276800e+06
 3.3638400e+06 1.0091520e+07 1.3455360e+07 1.3455360e+07 1.3455360e+07
 1.0091520e+07 1.1773440e+07 1.0091520e+07 6.7276800e+06 3.3638400e+06
 1.0091520e+07 6.7276800e+06 1.6819200e+07 1.3455360e+07 1.0091520e+07
 6.7276800e+06 1.1773440e+07 1.0091520e+07 3.3638400e+06 3.3638400e+06
 1.3455360e+07 3.3638400e+06 2.0183040e+07 6.7276800e+06 1.3455360e+07
 6.7276800e+06 6.7276800e+06 1.1773440e+08 2.0183040e+08 2.0183040e+08
 1.9342080e+08 1.9173888e+08 1.9173888e+08 1.8164736e+08 2.0519424e+08
 2.1192192e+08 2.2537728e+08 2.5901568e+08 3.0947328e+08 7.4340864e+08]
