Standard Deviation: 8.556298780604266e-09
Skewness: 1.0000000000100226
Kurtosis: -1.9999999999913178
Median: 1214.4489352066294
Mean: 1214.448935198073
Deciles: [1214.44893521 1214.44893521]
Minimum: 1214.4489352066294
Maximum: 1214.4489352066294
Bin Edges: [1213.94893521 1213.95893521 1213.96893521 1213.97893521 1213.98893521
 1213.99893521 1214.00893521 1214.01893521 1214.02893521 1214.03893521
 1214.04893521 1214.05893521 1214.06893521 1214.07893521 1214.08893521
 1214.09893521 1214.10893521 1214.11893521 1214.12893521 1214.13893521
 1214.14893521 1214.15893521 1214.16893521 1214.17893521 1214.18893521
 1214.19893521 1214.20893521 1214.21893521 1214.22893521 1214.23893521
 1214.24893521 1214.25893521 1214.26893521 1214.27893521 1214.28893521
 1214.29893521 1214.30893521 1214.31893521 1214.32893521 1214.33893521
 1214.34893521 1214.35893521 1214.36893521 1214.37893521 1214.38893521
 1214.39893521 1214.40893521 1214.41893521 1214.42893521 1214.43893521
 1214.44893521 1214.45893521 1214.46893521 1214.47893521 1214.48893521
 1214.49893521 1214.50893521 1214.51893521 1214.52893521 1214.53893521
 1214.54893521 1214.55893521 1214.56893521 1214.57893521 1214.58893521
 1214.59893521 1214.60893521 1214.61893521 1214.62893521 1214.63893521
 1214.64893521 1214.65893521 1214.66893521 1214.67893521 1214.68893521
 1214.69893521 1214.70893521 1214.71893521 1214.72893521 1214.73893521
 1214.74893521 1214.75893521 1214.76893521 1214.77893521 1214.78893521
 1214.79893521 1214.80893521 1214.81893521 1214.82893521 1214.83893521
 1214.84893521 1214.85893521 1214.86893521 1214.87893521 1214.88893521
 1214.89893521 1214.90893521 1214.91893521 1214.92893521 1214.93893521
 1214.94893521]
Frequencies: [0.000000e+00 0.000000e+00 0.000000e+00 0.000000e+00 0.000000e+00
 0.000000e+00 0.000000e+00 0.000000e+00 0.000000e+00 0.000000e+00
 0.000000e+00 0.000000e+00 0.000000e+00 0.000000e+00 0.000000e+00
 0.000000e+00 0.000000e+00 0.000000e+00 0.000000e+00 0.000000e+00
 0.000000e+00 0.000000e+00 0.000000e+00 0.000000e+00 0.000000e+00
 0.000000e+00 0.000000e+00 0.000000e+00 0.000000e+00 0.000000e+00
 0.000000e+00 0.000000e+00 0.000000e+00 0.000000e+00 0.000000e+00
 0.000000e+00 0.000000e+00 0.000000e+00 0.000000e+00 0.000000e+00
 0.000000e+00 0.000000e+00 0.000000e+00 0.000000e+00 0.000000e+00
 0.000000e+00 0.000000e+00 0.000000e+00 0.000000e+00 0.000000e+00
 4.541184e+09 0.000000e+00 0.000000e+00 0.000000e+00 0.000000e+00
 0.000000e+00 0.000000e+00 0.000000e+00 0.000000e+00 0.000000e+00
 0.000000e+00 0.000000e+00 0.000000e+00 0.000000e+00 0.000000e+00
 0.000000e+00 0.000000e+00 0.000000e+00 0.000000e+00 0.000000e+00
 0.000000e+00 0.000000e+00 0.000000e+00 0.000000e+00 0.000000e+00
 0.000000e+00 0.000000e+00 0.000000e+00 0.000000e+00 0.000000e+00
 0.000000e+00 0.000000e+00 0.000000e+00 0.000000e+00 0.000000e+00
 0.000000e+00 0.000000e+00 0.000000e+00 0.000000e+00 0.000000e+00
 0.000000e+00 0.000000e+00 0.000000e+00 0.000000e+00 0.000000e+00
 0.000000e+00 0.000000e+00 0.000000e+00 0.000000e+00 0.000000e+00]
