Standard Deviation: 18.72912811631791
Skewness: 0.6752502940791357
Kurtosis: 0.33538298482866136
Median: 11.133021900390617
Mean: 13.773268695692723
Deciles: [-0.32659679 25.3403379 ]
Minimum: -65.34955192010335
Maximum: 127.67084336494501
Bin Edges: [-65.34955192 -63.41934797 -61.48914401 -59.55894006 -57.62873611
 -55.69853216 -53.7683282  -51.83812425 -49.9079203  -47.97771634
 -46.04751239 -44.11730844 -42.18710449 -40.25690053 -38.32669658
 -36.39649263 -34.46628867 -32.53608472 -30.60588077 -28.67567682
 -26.74547286 -24.81526891 -22.88506496 -20.954861   -19.02465705
 -17.0944531  -15.16424915 -13.23404519 -11.30384124  -9.37363729
  -7.44343333  -5.51322938  -3.58302543  -1.65282148   0.27738248
   2.20758643   4.13779038   6.06799434   7.99819829   9.92840224
  11.85860619  13.78881015  15.7190141   17.64921805  19.57942201
  21.50962596  23.43982991  25.37003386  27.30023782  29.23044177
  31.16064572  33.09084968  35.02105363  36.95125758  38.88146153
  40.81166549  42.74186944  44.67207339  46.60227735  48.5324813
  50.46268525  52.3928892   54.32309316  56.25329711  58.18350106
  60.11370502  62.04390897  63.97411292  65.90431687  67.83452083
  69.76472478  71.69492873  73.62513269  75.55533664  77.48554059
  79.41574454  81.3459485   83.27615245  85.2063564   87.13656036
  89.06676431  90.99696826  92.92717221  94.85737617  96.78758012
  98.71778407 100.64798803 102.57819198 104.50839593 106.43859988
 108.36880384 110.29900779 112.22921174 114.15941569 116.08961965
 118.0198236  119.95002755 121.88023151 123.81043546 125.74063941
 127.67084336]
Frequencies: [2.40000000e+01 1.51000000e+02 5.43000000e+02 1.37000000e+03
 3.27700000e+03 5.87100000e+03 1.01380000e+04 1.66700000e+04
 2.60590000e+04 4.17220000e+04 6.44100000e+04 9.52270000e+04
 1.41776000e+05 2.09444000e+05 3.09116000e+05 4.58956000e+05
 6.79112000e+05 1.00507800e+06 1.50919500e+06 2.31854300e+06
 3.68601600e+06 5.99915800e+06 9.88299400e+06 1.60604430e+07
 2.55523830e+07 3.95314750e+07 5.84115630e+07 8.17214730e+07
 1.07776272e+08 1.33667948e+08 1.56347014e+08 1.73349736e+08
 1.84951820e+08 1.92063201e+08 1.95218181e+08 1.95373237e+08
 1.93662154e+08 1.90604112e+08 1.86200648e+08 1.81025781e+08
 1.75178245e+08 1.68645357e+08 1.61472997e+08 1.53697559e+08
 1.45529163e+08 1.37082381e+08 1.28204407e+08 1.19413075e+08
 1.10623965e+08 1.01801310e+08 9.31871970e+07 8.49328860e+07
 7.70261670e+07 6.95572750e+07 6.24935690e+07 5.58358490e+07
 4.96989300e+07 4.39730620e+07 3.87275350e+07 3.39725480e+07
 2.96667810e+07 2.57837010e+07 2.22924390e+07 1.91489200e+07
 1.63711020e+07 1.39487230e+07 1.17966870e+07 9.92843600e+06
 8.27255200e+06 6.86469500e+06 5.65597100e+06 4.62775800e+06
 3.77415000e+06 3.05587800e+06 2.44997700e+06 1.95227200e+06
 1.55446800e+06 1.23595700e+06 9.59297000e+05 7.39524000e+05
 5.60400000e+05 4.21360000e+05 3.21606000e+05 2.40600000e+05
 1.75460000e+05 1.24094000e+05 8.50180000e+04 5.73360000e+04
 3.75230000e+04 2.19070000e+04 1.19950000e+04 6.23000000e+03
 2.91900000e+03 1.13500000e+03 7.32000000e+02 3.35000000e+02
 1.38000000e+02 8.30000000e+01 4.50000000e+01 2.80000000e+01]
