Standard Deviation: 5497.5662242110675
Skewness: -3.604841065254742
Kurtosis: 15.498897943527911
Median: 90104.36593799664
Mean: 88112.67194995472
Deciles: [87783.84978409 90710.93270539]
Minimum: 48207.84438177257
Maximum: 95927.764272043
Bin Edges: [48207.84438177 48685.04358068 49162.24277958 49639.44197848
 50116.64117738 50593.84037629 51071.03957519 51548.23877409
 52025.43797299 52502.6371719  52979.8363708  53457.0355697
 53934.23476861 54411.43396751 54888.63316641 55365.83236531
 55843.03156422 56320.23076312 56797.42996202 57274.62916092
 57751.82835983 58229.02755873 58706.22675763 59183.42595653
 59660.62515544 60137.82435434 60615.02355324 61092.22275215
 61569.42195105 62046.62114995 62523.82034885 63001.01954776
 63478.21874666 63955.41794556 64432.61714446 64909.81634337
 65387.01554227 65864.21474117 66341.41394008 66818.61313898
 67295.81233788 67773.01153678 68250.21073569 68727.40993459
 69204.60913349 69681.80833239 70159.0075313  70636.2067302
 71113.4059291  71590.60512801 72067.80432691 72545.00352581
 73022.20272471 73499.40192362 73976.60112252 74453.80032142
 74930.99952032 75408.19871923 75885.39791813 76362.59711703
 76839.79631593 77316.99551484 77794.19471374 78271.39391264
 78748.59311155 79225.79231045 79702.99150935 80180.19070825
 80657.38990716 81134.58910606 81611.78830496 82088.98750386
 82566.18670277 83043.38590167 83520.58510057 83997.78429948
 84474.98349838 84952.18269728 85429.38189618 85906.58109509
 86383.78029399 86860.97949289 87338.17869179 87815.3778907
 88292.5770896  88769.7762885  89246.97548741 89724.17468631
 90201.37388521 90678.57308411 91155.77228302 91632.97148192
 92110.17068082 92587.36987972 93064.56907863 93541.76827753
 94018.96747643 94496.16667533 94973.36587424 95450.56507314
 95927.76427204]
Frequencies: [3.24700000e+03 3.43760000e+04 2.14012000e+05 6.12063000e+05
 1.43533000e+06 2.30397700e+06 1.80202800e+06 1.15344100e+06
 7.14157000e+05 1.20462700e+06 1.22384100e+06 1.33601200e+06
 1.95257500e+06 2.31425600e+06 2.51995500e+06 2.48773000e+06
 2.11066500e+06 2.18244900e+06 2.48702500e+06 2.45461800e+06
 2.42623300e+06 3.17838500e+06 3.45430700e+06 3.28083100e+06
 3.14557500e+06 3.40240600e+06 2.82764100e+06 2.90280500e+06
 3.03415800e+06 3.03348500e+06 3.40175200e+06 3.36264500e+06
 2.61021600e+06 2.75447400e+06 2.95381700e+06 3.15654500e+06
 2.69484200e+06 2.25256500e+06 2.54093100e+06 2.69121500e+06
 2.64542100e+06 3.26721500e+06 3.11846400e+06 3.65982400e+06
 3.32332400e+06 2.83760300e+06 3.36972300e+06 3.89896600e+06
 4.07788300e+06 3.97736000e+06 4.66625500e+06 4.96991700e+06
 5.92658300e+06 6.74985100e+06 6.67534600e+06 7.58851900e+06
 7.57407800e+06 7.66260500e+06 8.11978200e+06 9.62523200e+06
 1.14691460e+07 1.23376660e+07 1.39266280e+07 1.63872500e+07
 1.89315660e+07 1.86620140e+07 1.91329730e+07 1.97260660e+07
 2.07127900e+07 2.09699570e+07 2.13203200e+07 2.08863200e+07
 2.26446040e+07 2.73754200e+07 3.06533520e+07 3.66760640e+07
 4.54878420e+07 5.31497890e+07 6.70524880e+07 8.21708750e+07
 9.96509420e+07 1.25561581e+08 1.47194028e+08 1.61996781e+08
 1.79611193e+08 2.07210758e+08 2.53269380e+08 4.68669780e+08
 9.36710193e+08 6.26285215e+08 3.58802163e+08 1.50625148e+08
 4.19595740e+07 8.46057100e+06 1.66038400e+06 3.41380000e+05
 8.73270000e+04 2.18880000e+04 5.56100000e+03 1.86000000e+03]
