Standard Deviation: 1.818012232292353e-08
Skewness: -0.7865148574905239
Kurtosis: -0.6373714160701254
Median: 4.363897604460556e-08
Mean: 3.8777182259034106e-08
Deciles: [2.72168265e-08 5.32616762e-08]
Minimum: 5.47631307614796e-10
Maximum: 6.110498307749462e-08
Bin Edges: [5.47631308e-10 1.15320483e-09 1.75877834e-09 2.36435186e-09
 2.96992538e-09 3.57549890e-09 4.18107241e-09 4.78664593e-09
 5.39221945e-09 5.99779297e-09 6.60336648e-09 7.20894000e-09
 7.81451352e-09 8.42008704e-09 9.02566056e-09 9.63123407e-09
 1.02368076e-08 1.08423811e-08 1.14479546e-08 1.20535281e-08
 1.26591017e-08 1.32646752e-08 1.38702487e-08 1.44758222e-08
 1.50813957e-08 1.56869693e-08 1.62925428e-08 1.68981163e-08
 1.75036898e-08 1.81092633e-08 1.87148368e-08 1.93204104e-08
 1.99259839e-08 2.05315574e-08 2.11371309e-08 2.17427044e-08
 2.23482779e-08 2.29538515e-08 2.35594250e-08 2.41649985e-08
 2.47705720e-08 2.53761455e-08 2.59817191e-08 2.65872926e-08
 2.71928661e-08 2.77984396e-08 2.84040131e-08 2.90095866e-08
 2.96151602e-08 3.02207337e-08 3.08263072e-08 3.14318807e-08
 3.20374542e-08 3.26430277e-08 3.32486013e-08 3.38541748e-08
 3.44597483e-08 3.50653218e-08 3.56708953e-08 3.62764689e-08
 3.68820424e-08 3.74876159e-08 3.80931894e-08 3.86987629e-08
 3.93043364e-08 3.99099100e-08 4.05154835e-08 4.11210570e-08
 4.17266305e-08 4.23322040e-08 4.29377775e-08 4.35433511e-08
 4.41489246e-08 4.47544981e-08 4.53600716e-08 4.59656451e-08
 4.65712187e-08 4.71767922e-08 4.77823657e-08 4.83879392e-08
 4.89935127e-08 4.95990862e-08 5.02046598e-08 5.08102333e-08
 5.14158068e-08 5.20213803e-08 5.26269538e-08 5.32325273e-08
 5.38381009e-08 5.44436744e-08 5.50492479e-08 5.56548214e-08
 5.62603949e-08 5.68659685e-08 5.74715420e-08 5.80771155e-08
 5.86826890e-08 5.92882625e-08 5.98938360e-08 6.04994096e-08
 6.11049831e-08]
Frequencies: [4.7093760e+07 6.0549120e+07 5.7185280e+07 5.2139520e+07 4.8775680e+07
 3.8684160e+07 4.2048000e+07 3.7002240e+07 3.1956480e+07 4.0366080e+07
 3.1956480e+07 2.0183040e+07 3.5320320e+07 2.6910720e+07 3.0274560e+07
 2.5228800e+07 2.0183040e+07 3.0274560e+07 1.8501120e+07 2.3546880e+07
 2.3546880e+07 1.5137280e+07 2.6910720e+07 2.3546880e+07 1.3455360e+07
 1.3455360e+07 3.1956480e+07 1.6819200e+07 1.6819200e+07 1.0091520e+07
 1.8501120e+07 2.6910720e+07 6.7276800e+06 2.0183040e+07 1.0091520e+07
 2.3546880e+07 1.5137280e+07 1.3455360e+07 1.6819200e+07 1.0091520e+07
 1.6819200e+07 1.6819200e+07 1.1773440e+07 1.6819200e+07 6.7276800e+06
 1.3455360e+07 1.0091520e+07 2.3546880e+07 1.3455360e+07 6.7276800e+06
 1.8501120e+07 6.7276800e+06 6.7276800e+06 1.0091520e+07 2.3546880e+07
 1.6819200e+07 1.0091520e+07 6.7276800e+06 4.8775680e+07 7.9050240e+07
 8.5777920e+07 8.4096000e+07 6.8958720e+07 7.2322560e+07 8.2414080e+07
 7.7368320e+07 7.2322560e+07 6.7276800e+07 8.0732160e+07 7.4004480e+07
 5.7185280e+07 8.0732160e+07 7.4004480e+07 6.3912960e+07 7.4004480e+07
 7.0640640e+07 6.3912960e+07 7.7368320e+07 7.0640640e+07 6.0549120e+07
 8.0732160e+07 6.7276800e+07 6.7276800e+07 8.0732160e+07 6.0549120e+07
 7.7368320e+07 7.4004480e+07 6.3912960e+07 8.0732160e+07 8.4096000e+07
 7.4004480e+07 7.4004480e+07 9.0823680e+07 8.4096000e+07 6.0549120e+07
 9.7551360e+07 1.0091520e+08 9.7551360e+07 1.0427904e+08 1.2782592e+08]
