Standard Deviation: 3.0739213346896586e-08
Skewness: -0.9087298647580684
Kurtosis: -0.3997050878117592
Median: 8.288547907933912e-08
Mean: 7.394481946728838e-08
Deciles: [5.67609081e-08 9.81494414e-08]
Minimum: 2.849035084393626e-09
Maximum: 1.0944703211846513e-07
Bin Edges: [2.84903508e-09 3.91501505e-09 4.98099503e-09 6.04697500e-09
 7.11295497e-09 8.17893494e-09 9.24491491e-09 1.03108949e-08
 1.13768748e-08 1.24428548e-08 1.35088348e-08 1.45748148e-08
 1.56407947e-08 1.67067747e-08 1.77727547e-08 1.88387346e-08
 1.99047146e-08 2.09706946e-08 2.20366746e-08 2.31026545e-08
 2.41686345e-08 2.52346145e-08 2.63005944e-08 2.73665744e-08
 2.84325544e-08 2.94985343e-08 3.05645143e-08 3.16304943e-08
 3.26964743e-08 3.37624542e-08 3.48284342e-08 3.58944142e-08
 3.69603941e-08 3.80263741e-08 3.90923541e-08 4.01583340e-08
 4.12243140e-08 4.22902940e-08 4.33562740e-08 4.44222539e-08
 4.54882339e-08 4.65542139e-08 4.76201938e-08 4.86861738e-08
 4.97521538e-08 5.08181337e-08 5.18841137e-08 5.29500937e-08
 5.40160737e-08 5.50820536e-08 5.61480336e-08 5.72140136e-08
 5.82799935e-08 5.93459735e-08 6.04119535e-08 6.14779335e-08
 6.25439134e-08 6.36098934e-08 6.46758734e-08 6.57418533e-08
 6.68078333e-08 6.78738133e-08 6.89397932e-08 7.00057732e-08
 7.10717532e-08 7.21377332e-08 7.32037131e-08 7.42696931e-08
 7.53356731e-08 7.64016530e-08 7.74676330e-08 7.85336130e-08
 7.95995929e-08 8.06655729e-08 8.17315529e-08 8.27975329e-08
 8.38635128e-08 8.49294928e-08 8.59954728e-08 8.70614527e-08
 8.81274327e-08 8.91934127e-08 9.02593927e-08 9.13253726e-08
 9.23913526e-08 9.34573326e-08 9.45233125e-08 9.55892925e-08
 9.66552725e-08 9.77212524e-08 9.87872324e-08 9.98532124e-08
 1.00919192e-07 1.01985172e-07 1.03051152e-07 1.04117132e-07
 1.05183112e-07 1.06249092e-07 1.07315072e-07 1.08381052e-07
 1.09447032e-07]
Frequencies: [1.8501120e+07 2.8592640e+07 3.1956480e+07 3.3638400e+07 3.0274560e+07
 3.5320320e+07 3.1956480e+07 2.8592640e+07 3.3638400e+07 3.1956480e+07
 3.3638400e+07 2.1864960e+07 3.3638400e+07 1.8501120e+07 3.3638400e+07
 1.8501120e+07 3.0274560e+07 2.3546880e+07 2.5228800e+07 2.0183040e+07
 3.0274560e+07 2.1864960e+07 1.0091520e+07 3.3638400e+07 1.6819200e+07
 2.1864960e+07 2.0183040e+07 2.3546880e+07 1.3455360e+07 2.5228800e+07
 2.0183040e+07 1.6819200e+07 1.3455360e+07 2.5228800e+07 1.6819200e+07
 1.6819200e+07 1.6819200e+07 1.6819200e+07 2.5228800e+07 1.3455360e+07
 1.3455360e+07 1.3455360e+07 2.0183040e+07 2.1864960e+07 1.3455360e+07
 1.6819200e+07 1.0091520e+07 2.0183040e+07 1.6819200e+07 1.5137280e+07
 1.3455360e+07 1.3455360e+07 1.0091520e+07 2.0183040e+07 2.0183040e+07
 1.1773440e+07 1.6819200e+07 6.7276800e+06 1.3455360e+07 2.0183040e+07
 1.3455360e+07 1.6819200e+07 6.7276800e+06 8.5777920e+07 7.9050240e+07
 6.8958720e+07 9.2505600e+07 8.9141760e+07 8.0732160e+07 8.2414080e+07
 6.5594880e+07 8.0732160e+07 9.0823680e+07 7.7368320e+07 6.3912960e+07
 8.7459840e+07 7.4004480e+07 7.7368320e+07 7.0640640e+07 8.4096000e+07
 7.7368320e+07 6.0549120e+07 9.0823680e+07 8.0732160e+07 7.7368320e+07
 7.4004480e+07 8.7459840e+07 8.0732160e+07 8.4096000e+07 7.7368320e+07
 9.4187520e+07 9.0823680e+07 9.4187520e+07 9.0823680e+07 8.0732160e+07
 1.1100672e+08 1.0764288e+08 1.1100672e+08 1.1100672e+08 2.0183040e+08]
