Standard Deviation: 6.781200885360285
Skewness: -0.145043173246529
Kurtosis: 1.948350654599853
Median: 0.2441819257215182
Mean: 0.16149203306017862
Deciles: [-3.73637624  4.2176244 ]
Minimum: -58.34043839690351
Maximum: 58.98960385154015
Bin Edges: [-58.3404384  -57.16713797 -55.99383755 -54.82053713 -53.64723671
 -52.47393628 -51.30063586 -50.12733544 -48.95403502 -47.78073459
 -46.60743417 -45.43413375 -44.26083333 -43.0875329  -41.91423248
 -40.74093206 -39.56763164 -38.39433121 -37.22103079 -36.04773037
 -34.87442995 -33.70112952 -32.5278291  -31.35452868 -30.18122826
 -29.00792783 -27.83462741 -26.66132699 -25.48802657 -24.31472614
 -23.14142572 -21.9681253  -20.79482488 -19.62152445 -18.44822403
 -17.27492361 -16.10162319 -14.92832276 -13.75502234 -12.58172192
 -11.4084215  -10.23512108  -9.06182065  -7.88852023  -6.71521981
  -5.54191939  -4.36861896  -3.19531854  -2.02201812  -0.8487177
   0.32458273   1.49788315   2.67118357   3.84448399   5.01778442
   6.19108484   7.36438526   8.53768568   9.71098611  10.88428653
  12.05758695  13.23088737  14.4041878   15.57748822  16.75078864
  17.92408906  19.09738949  20.27068991  21.44399033  22.61729075
  23.79059118  24.9638916   26.13719202  27.31049244  28.48379287
  29.65709329  30.83039371  32.00369413  33.17699456  34.35029498
  35.5235954   36.69689582  37.87019625  39.04349667  40.21679709
  41.39009751  42.56339794  43.73669836  44.90999878  46.0832992
  47.25659963  48.42990005  49.60320047  50.77650089  51.94980132
  53.12310174  54.29640216  55.46970258  56.64300301  57.81630343
  58.98960385]
Frequencies: [5.00000000e+00 2.00000000e+00 1.90000000e+01 4.40000000e+01
 1.05000000e+02 2.57000000e+02 5.85000000e+02 1.39200000e+03
 3.09500000e+03 6.03800000e+03 1.10190000e+04 1.87570000e+04
 2.97750000e+04 4.69080000e+04 7.08630000e+04 1.01977000e+05
 1.41734000e+05 1.89442000e+05 2.51594000e+05 3.29336000e+05
 4.27645000e+05 5.48392000e+05 7.00379000e+05 8.84724000e+05
 1.11609600e+06 1.39987700e+06 1.75779500e+06 2.20589300e+06
 2.77275600e+06 3.49366100e+06 4.39864700e+06 5.58181500e+06
 7.10895800e+06 9.13763500e+06 1.17977600e+07 1.54211680e+07
 2.03100550e+07 2.68582560e+07 3.55215730e+07 4.68455620e+07
 6.16353940e+07 8.09112230e+07 1.06101334e+08 1.38889542e+08
 1.79855509e+08 2.26511078e+08 2.73932998e+08 3.16559180e+08
 3.48207618e+08 3.63535350e+08 3.61333978e+08 3.43636346e+08
 3.13487844e+08 2.74030836e+08 2.28310041e+08 1.81524699e+08
 1.38912286e+08 1.04105045e+08 7.73950820e+07 5.75260160e+07
 4.27823370e+07 3.16820330e+07 2.33575170e+07 1.71769470e+07
 1.26276960e+07 9.30520600e+06 6.85999600e+06 5.08749800e+06
 3.78982500e+06 2.85166600e+06 2.17554400e+06 1.66410200e+06
 1.28407100e+06 1.00006900e+06 7.86211000e+05 6.23256000e+05
 4.94717000e+05 3.96388000e+05 3.14444000e+05 2.48109000e+05
 1.97181000e+05 1.55165000e+05 1.21234000e+05 9.21790000e+04
 6.89180000e+04 4.93600000e+04 3.49880000e+04 2.42110000e+04
 1.60590000e+04 1.00190000e+04 6.18800000e+03 3.59500000e+03
 2.18500000e+03 1.20000000e+03 4.97000000e+02 2.29000000e+02
 1.04000000e+02 3.80000000e+01 2.00000000e+01 5.00000000e+00]
