Standard Deviation: 8.58842013071646
Skewness: -1.1527336112018907
Kurtosis: 2.0814996391169753
Median: 262.00574478757665
Mean: 260.148351295587
Deciles: [256.73849448 265.57824697]
Minimum: 197.3193631817269
Maximum: 316.939495346805
Bin Edges: [197.31936318 198.5155645  199.71176583 200.90796715 202.10416847
 203.30036979 204.49657111 205.69277243 206.88897375 208.08517508
 209.2813764  210.47757772 211.67377904 212.86998036 214.06618168
 215.26238301 216.45858433 217.65478565 218.85098697 220.04718829
 221.24338961 222.43959094 223.63579226 224.83199358 226.0281949
 227.22439622 228.42059754 229.61679887 230.81300019 232.00920151
 233.20540283 234.40160415 235.59780547 236.7940068  237.99020812
 239.18640944 240.38261076 241.57881208 242.7750134  243.97121473
 245.16741605 246.36361737 247.55981869 248.75602001 249.95222133
 251.14842266 252.34462398 253.5408253  254.73702662 255.93322794
 257.12942926 258.32563059 259.52183191 260.71803323 261.91423455
 263.11043587 264.30663719 265.50283852 266.69903984 267.89524116
 269.09144248 270.2876438  271.48384512 272.68004645 273.87624777
 275.07244909 276.26865041 277.46485173 278.66105305 279.85725438
 281.0534557  282.24965702 283.44585834 284.64205966 285.83826098
 287.03446231 288.23066363 289.42686495 290.62306627 291.81926759
 293.01546891 294.21167024 295.40787156 296.60407288 297.8002742
 298.99647552 300.19267684 301.38887817 302.58507949 303.78128081
 304.97748213 306.17368345 307.36988477 308.5660861  309.76228742
 310.95848874 312.15469006 313.35089138 314.5470927  315.74329403
 316.93949535]
Frequencies: [6.10000000e+01 4.47000000e+02 7.67000000e+02 1.66400000e+03
 2.89300000e+03 4.83900000e+03 7.27600000e+03 1.13490000e+04
 1.51100000e+04 1.99010000e+04 2.78180000e+04 4.06470000e+04
 6.37290000e+04 1.00589000e+05 1.52762000e+05 2.29306000e+05
 3.37091000e+05 4.82200000e+05 6.65949000e+05 9.04554000e+05
 1.20982300e+06 1.59033800e+06 2.05852100e+06 2.65616200e+06
 3.40667000e+06 4.33635300e+06 5.47209000e+06 6.83976800e+06
 8.45120000e+06 1.03144070e+07 1.24728640e+07 1.49146620e+07
 1.76412280e+07 2.07107010e+07 2.41095300e+07 2.77715770e+07
 3.17598320e+07 3.60313770e+07 4.06043340e+07 4.55119840e+07
 5.06414830e+07 5.59508950e+07 6.14659000e+07 6.73986430e+07
 7.40481180e+07 8.19695620e+07 9.21957510e+07 1.06043507e+08
 1.25489881e+08 1.52543171e+08 1.89222816e+08 2.35621884e+08
 2.88771661e+08 3.40441451e+08 3.77968083e+08 3.90647446e+08
 3.72386733e+08 3.24951983e+08 2.59789840e+08 1.91166828e+08
 1.31504073e+08 8.62984220e+07 5.52975750e+07 3.51638460e+07
 2.24363270e+07 1.45149200e+07 9.61797300e+06 6.58151000e+06
 4.73216000e+06 3.53788300e+06 2.73264500e+06 2.13629600e+06
 1.67137500e+06 1.31036600e+06 1.01727300e+06 7.82247000e+05
 5.85420000e+05 4.31872000e+05 3.21003000e+05 2.38042000e+05
 1.76228000e+05 1.29993000e+05 9.55190000e+04 6.85670000e+04
 4.91940000e+04 3.38540000e+04 2.34410000e+04 1.61000000e+04
 1.01710000e+04 6.84100000e+03 4.68800000e+03 3.28200000e+03
 2.32600000e+03 1.49300000e+03 1.13500000e+03 7.47000000e+02
 5.54000000e+02 3.49000000e+02 2.00000000e+02 8.10000000e+01]
