Standard Deviation: 6.067193680777255e-08
Skewness: 1.0000000000171256
Kurtosis: -1.9999999999872402
Median: 4027.7580662953574
Mean: 4027.7580662346854
Deciles: [4027.7580663 4027.7580663]
Minimum: 4027.7580662953574
Maximum: 4027.7580662953574
Bin Edges: [4027.2580663 4027.2680663 4027.2780663 4027.2880663 4027.2980663
 4027.3080663 4027.3180663 4027.3280663 4027.3380663 4027.3480663
 4027.3580663 4027.3680663 4027.3780663 4027.3880663 4027.3980663
 4027.4080663 4027.4180663 4027.4280663 4027.4380663 4027.4480663
 4027.4580663 4027.4680663 4027.4780663 4027.4880663 4027.4980663
 4027.5080663 4027.5180663 4027.5280663 4027.5380663 4027.5480663
 4027.5580663 4027.5680663 4027.5780663 4027.5880663 4027.5980663
 4027.6080663 4027.6180663 4027.6280663 4027.6380663 4027.6480663
 4027.6580663 4027.6680663 4027.6780663 4027.6880663 4027.6980663
 4027.7080663 4027.7180663 4027.7280663 4027.7380663 4027.7480663
 4027.7580663 4027.7680663 4027.7780663 4027.7880663 4027.7980663
 4027.8080663 4027.8180663 4027.8280663 4027.8380663 4027.8480663
 4027.8580663 4027.8680663 4027.8780663 4027.8880663 4027.8980663
 4027.9080663 4027.9180663 4027.9280663 4027.9380663 4027.9480663
 4027.9580663 4027.9680663 4027.9780663 4027.9880663 4027.9980663
 4028.0080663 4028.0180663 4028.0280663 4028.0380663 4028.0480663
 4028.0580663 4028.0680663 4028.0780663 4028.0880663 4028.0980663
 4028.1080663 4028.1180663 4028.1280663 4028.1380663 4028.1480663
 4028.1580663 4028.1680663 4028.1780663 4028.1880663 4028.1980663
 4028.2080663 4028.2180663 4028.2280663 4028.2380663 4028.2480663
 4028.2580663]
Frequencies: [0.000000e+00 0.000000e+00 0.000000e+00 0.000000e+00 0.000000e+00
 0.000000e+00 0.000000e+00 0.000000e+00 0.000000e+00 0.000000e+00
 0.000000e+00 0.000000e+00 0.000000e+00 0.000000e+00 0.000000e+00
 0.000000e+00 0.000000e+00 0.000000e+00 0.000000e+00 0.000000e+00
 0.000000e+00 0.000000e+00 0.000000e+00 0.000000e+00 0.000000e+00
 0.000000e+00 0.000000e+00 0.000000e+00 0.000000e+00 0.000000e+00
 0.000000e+00 0.000000e+00 0.000000e+00 0.000000e+00 0.000000e+00
 0.000000e+00 0.000000e+00 0.000000e+00 0.000000e+00 0.000000e+00
 0.000000e+00 0.000000e+00 0.000000e+00 0.000000e+00 0.000000e+00
 0.000000e+00 0.000000e+00 0.000000e+00 0.000000e+00 0.000000e+00
 4.541184e+09 0.000000e+00 0.000000e+00 0.000000e+00 0.000000e+00
 0.000000e+00 0.000000e+00 0.000000e+00 0.000000e+00 0.000000e+00
 0.000000e+00 0.000000e+00 0.000000e+00 0.000000e+00 0.000000e+00
 0.000000e+00 0.000000e+00 0.000000e+00 0.000000e+00 0.000000e+00
 0.000000e+00 0.000000e+00 0.000000e+00 0.000000e+00 0.000000e+00
 0.000000e+00 0.000000e+00 0.000000e+00 0.000000e+00 0.000000e+00
 0.000000e+00 0.000000e+00 0.000000e+00 0.000000e+00 0.000000e+00
 0.000000e+00 0.000000e+00 0.000000e+00 0.000000e+00 0.000000e+00
 0.000000e+00 0.000000e+00 0.000000e+00 0.000000e+00 0.000000e+00
 0.000000e+00 0.000000e+00 0.000000e+00 0.000000e+00 0.000000e+00]
