Standard Deviation: 2.871495795309264e-35
Skewness: 9.030067520599165
Kurtosis: 110.40313041487333
Median: 1.738866237932419e-39
Mean: 6.244258119371746e-36
Deciles: [6.63757063e-42 3.86984523e-37]
Minimum: 1.0939965053549118e-45
Maximum: 7.553389165385879e-34
Bin Edges: [1.09399651e-45 7.55338917e-36 1.51067783e-35 2.26601675e-35
 3.02135567e-35 3.77669458e-35 4.53203350e-35 5.28737242e-35
 6.04271133e-35 6.79805025e-35 7.55338917e-35 8.30872808e-35
 9.06406700e-35 9.81940592e-35 1.05747448e-34 1.13300837e-34
 1.20854227e-34 1.28407616e-34 1.35961005e-34 1.43514394e-34
 1.51067783e-34 1.58621172e-34 1.66174562e-34 1.73727951e-34
 1.81281340e-34 1.88834729e-34 1.96388118e-34 2.03941507e-34
 2.11494897e-34 2.19048286e-34 2.26601675e-34 2.34155064e-34
 2.41708453e-34 2.49261842e-34 2.56815232e-34 2.64368621e-34
 2.71922010e-34 2.79475399e-34 2.87028788e-34 2.94582177e-34
 3.02135567e-34 3.09688956e-34 3.17242345e-34 3.24795734e-34
 3.32349123e-34 3.39902512e-34 3.47455902e-34 3.55009291e-34
 3.62562680e-34 3.70116069e-34 3.77669458e-34 3.85222847e-34
 3.92776237e-34 4.00329626e-34 4.07883015e-34 4.15436404e-34
 4.22989793e-34 4.30543182e-34 4.38096572e-34 4.45649961e-34
 4.53203350e-34 4.60756739e-34 4.68310128e-34 4.75863517e-34
 4.83416907e-34 4.90970296e-34 4.98523685e-34 5.06077074e-34
 5.13630463e-34 5.21183852e-34 5.28737242e-34 5.36290631e-34
 5.43844020e-34 5.51397409e-34 5.58950798e-34 5.66504187e-34
 5.74057577e-34 5.81610966e-34 5.89164355e-34 5.96717744e-34
 6.04271133e-34 6.11824522e-34 6.19377912e-34 6.26931301e-34
 6.34484690e-34 6.42038079e-34 6.49591468e-34 6.57144857e-34
 6.64698247e-34 6.72251636e-34 6.79805025e-34 6.87358414e-34
 6.94911803e-34 7.02465192e-34 7.10018582e-34 7.17571971e-34
 7.25125360e-34 7.32678749e-34 7.40232138e-34 7.47785527e-34
 7.55338917e-34]
Frequencies: [4.06469836e+09 1.24142554e+08 7.36044620e+07 5.01240190e+07
 3.57292270e+07 2.41261290e+07 1.83598340e+07 1.49746960e+07
 1.33092050e+07 1.27560840e+07 1.22057310e+07 1.14746420e+07
 1.00020550e+07 8.79855500e+06 7.04411800e+06 5.71821800e+06
 4.86168300e+06 4.40893500e+06 3.98920900e+06 3.58273000e+06
 3.22162400e+06 2.90905200e+06 2.60229400e+06 2.36427100e+06
 2.13353400e+06 1.92324700e+06 1.73937300e+06 1.56081800e+06
 1.39158200e+06 1.25720600e+06 1.15546200e+06 1.05317700e+06
 9.74098000e+05 8.91479000e+05 7.90497000e+05 7.07011000e+05
 6.31098000e+05 5.60405000e+05 5.01337000e+05 4.52067000e+05
 4.11934000e+05 3.80461000e+05 3.53870000e+05 3.32370000e+05
 3.14367000e+05 3.02403000e+05 2.95844000e+05 3.01428000e+05
 2.92803000e+05 2.72914000e+05 2.65806000e+05 2.57330000e+05
 2.53109000e+05 2.47557000e+05 2.37836000e+05 2.18240000e+05
 2.16185000e+05 2.10288000e+05 2.09882000e+05 2.10691000e+05
 2.43787000e+05 2.49732000e+05 2.22530000e+05 2.19015000e+05
 2.13887000e+05 2.14134000e+05 2.17472000e+05 2.26606000e+05
 2.32751000e+05 2.62571000e+05 1.90987000e+05 1.51842000e+05
 8.23880000e+04 2.54930000e+04 1.25870000e+04 1.08270000e+04
 9.90400000e+03 9.17900000e+03 8.75200000e+03 7.76300000e+03
 7.13100000e+03 6.43600000e+03 5.83400000e+03 5.26200000e+03
 4.99300000e+03 4.19800000e+03 3.85100000e+03 3.44000000e+03
 2.97400000e+03 2.39800000e+03 2.14700000e+03 1.89600000e+03
 1.93700000e+03 1.31500000e+03 7.94000000e+02 5.74000000e+02
 5.00000000e+02 3.93000000e+02 2.44000000e+02 8.30000000e+01]
