Standard Deviation: 6.118511398423388
Skewness: -0.6811504757627685
Kurtosis: 4.616378489064572
Median: 215.03161635637355
Mean: 215.43701990767022
Deciles: [213.05920998 217.93717689]
Minimum: 179.52162658632784
Maximum: 266.1829100464497
Bin Edges: [179.52162659 180.38823942 181.25485226 182.12146509 182.98807792
 183.85469076 184.72130359 185.58791643 186.45452926 187.3211421
 188.18775493 189.05436777 189.9209806  190.78759344 191.65420627
 192.52081911 193.38743194 194.25404477 195.12065761 195.98727044
 196.85388328 197.72049611 198.58710895 199.45372178 200.32033462
 201.18694745 202.05356029 202.92017312 203.78678596 204.65339879
 205.52001162 206.38662446 207.25323729 208.11985013 208.98646296
 209.8530758  210.71968863 211.58630147 212.4529143  213.31952714
 214.18613997 215.0527528  215.91936564 216.78597847 217.65259131
 218.51920414 219.38581698 220.25242981 221.11904265 221.98565548
 222.85226832 223.71888115 224.58549399 225.45210682 226.31871965
 227.18533249 228.05194532 228.91855816 229.78517099 230.65178383
 231.51839666 232.3850095  233.25162233 234.11823517 234.984848
 235.85146084 236.71807367 237.5846865  238.45129934 239.31791217
 240.18452501 241.05113784 241.91775068 242.78436351 243.65097635
 244.51758918 245.38420202 246.25081485 247.11742769 247.98404052
 248.85065335 249.71726619 250.58387902 251.45049186 252.31710469
 253.18371753 254.05033036 254.9169432  255.78355603 256.65016887
 257.5167817  258.38339454 259.25000737 260.1166202  260.98323304
 261.84984587 262.71645871 263.58307154 264.44968438 265.31629721
 266.18291005]
Frequencies: [5.32200000e+03 2.20870000e+04 5.32600000e+04 1.86569000e+05
 6.03478000e+05 1.29784600e+06 2.10481500e+06 2.94134000e+06
 3.57145900e+06 4.00842800e+06 4.42662000e+06 5.02472400e+06
 5.71734100e+06 6.33007100e+06 6.79193000e+06 7.28938900e+06
 7.77397800e+06 8.19182500e+06 8.57977400e+06 8.89891700e+06
 9.27147300e+06 9.72655800e+06 1.02074700e+07 1.07490540e+07
 1.12889010e+07 1.18891880e+07 1.25107780e+07 1.32378220e+07
 1.41807260e+07 1.53682980e+07 1.70491260e+07 1.98382780e+07
 2.48922330e+07 3.52448850e+07 5.62475540e+07 9.48376560e+07
 1.60708794e+08 2.63463915e+08 3.91932674e+08 4.97049858e+08
 5.19217889e+08 4.51343168e+08 3.45964797e+08 2.56135017e+08
 1.96241946e+08 1.58914636e+08 1.32615538e+08 1.12456810e+08
 9.64443170e+07 8.34481050e+07 7.18665830e+07 6.18037680e+07
 5.30029190e+07 4.54987010e+07 3.91709360e+07 3.25077260e+07
 2.58299510e+07 1.99703020e+07 1.60004440e+07 1.34446010e+07
 1.15896410e+07 9.90509400e+06 7.57548100e+06 5.15413900e+06
 3.34921600e+06 2.15079000e+06 1.51649100e+06 1.12605500e+06
 8.29367000e+05 6.25799000e+05 4.81076000e+05 3.67300000e+05
 2.78092000e+05 2.15060000e+05 1.61066000e+05 1.19776000e+05
 9.09240000e+04 6.80250000e+04 5.05830000e+04 3.92070000e+04
 3.03280000e+04 2.04690000e+04 1.24920000e+04 8.20500000e+03
 5.49500000e+03 3.80700000e+03 2.80300000e+03 2.40800000e+03
 2.02200000e+03 1.67600000e+03 1.47900000e+03 1.40100000e+03
 1.25300000e+03 1.02600000e+03 9.95000000e+02 8.09000000e+02
 6.36000000e+02 4.66000000e+02 3.47000000e+02 1.33000000e+02]
