Standard Deviation: 4.169461056894228e-17
Skewness: 62425.90754107908
Kurtosis: 4072611563.6276298
Median: 0.0
Mean: 1.0353411328146527e-21
Deciles: [0.00000000e+00 4.70807107e-54]
Minimum: 0.0
Maximum: 2.7338241917725952e-12
Bin Edges: [0.00000000e+00 2.73382419e-14 5.46764838e-14 8.20147258e-14
 1.09352968e-13 1.36691210e-13 1.64029452e-13 1.91367693e-13
 2.18705935e-13 2.46044177e-13 2.73382419e-13 3.00720661e-13
 3.28058903e-13 3.55397145e-13 3.82735387e-13 4.10073629e-13
 4.37411871e-13 4.64750113e-13 4.92088355e-13 5.19426596e-13
 5.46764838e-13 5.74103080e-13 6.01441322e-13 6.28779564e-13
 6.56117806e-13 6.83456048e-13 7.10794290e-13 7.38132532e-13
 7.65470774e-13 7.92809016e-13 8.20147258e-13 8.47485499e-13
 8.74823741e-13 9.02161983e-13 9.29500225e-13 9.56838467e-13
 9.84176709e-13 1.01151495e-12 1.03885319e-12 1.06619143e-12
 1.09352968e-12 1.12086792e-12 1.14820616e-12 1.17554440e-12
 1.20288264e-12 1.23022089e-12 1.25755913e-12 1.28489737e-12
 1.31223561e-12 1.33957385e-12 1.36691210e-12 1.39425034e-12
 1.42158858e-12 1.44892682e-12 1.47626506e-12 1.50360331e-12
 1.53094155e-12 1.55827979e-12 1.58561803e-12 1.61295627e-12
 1.64029452e-12 1.66763276e-12 1.69497100e-12 1.72230924e-12
 1.74964748e-12 1.77698572e-12 1.80432397e-12 1.83166221e-12
 1.85900045e-12 1.88633869e-12 1.91367693e-12 1.94101518e-12
 1.96835342e-12 1.99569166e-12 2.02302990e-12 2.05036814e-12
 2.07770639e-12 2.10504463e-12 2.13238287e-12 2.15972111e-12
 2.18705935e-12 2.21439760e-12 2.24173584e-12 2.26907408e-12
 2.29641232e-12 2.32375056e-12 2.35108880e-12 2.37842705e-12
 2.40576529e-12 2.43310353e-12 2.46044177e-12 2.48778001e-12
 2.51511826e-12 2.54245650e-12 2.56979474e-12 2.59713298e-12
 2.62447122e-12 2.65180947e-12 2.67914771e-12 2.70648595e-12
 2.73382419e-12]
Frequencies: [4.54118399e+09 2.00000000e+00 0.00000000e+00 0.00000000e+00
 0.00000000e+00 4.00000000e+00 0.00000000e+00 1.00000000e+00
 0.00000000e+00 1.00000000e+00 1.00000000e+00 0.00000000e+00
 0.00000000e+00 0.00000000e+00 1.00000000e+00 0.00000000e+00
 0.00000000e+00 0.00000000e+00 0.00000000e+00 0.00000000e+00
 0.00000000e+00 0.00000000e+00 0.00000000e+00 0.00000000e+00
 0.00000000e+00 0.00000000e+00 0.00000000e+00 0.00000000e+00
 0.00000000e+00 0.00000000e+00 0.00000000e+00 0.00000000e+00
 0.00000000e+00 0.00000000e+00 0.00000000e+00 0.00000000e+00
 0.00000000e+00 0.00000000e+00 0.00000000e+00 0.00000000e+00
 0.00000000e+00 0.00000000e+00 0.00000000e+00 0.00000000e+00
 0.00000000e+00 0.00000000e+00 0.00000000e+00 0.00000000e+00
 0.00000000e+00 0.00000000e+00 0.00000000e+00 0.00000000e+00
 0.00000000e+00 0.00000000e+00 0.00000000e+00 0.00000000e+00
 0.00000000e+00 0.00000000e+00 0.00000000e+00 0.00000000e+00
 0.00000000e+00 0.00000000e+00 0.00000000e+00 0.00000000e+00
 0.00000000e+00 0.00000000e+00 0.00000000e+00 0.00000000e+00
 0.00000000e+00 0.00000000e+00 0.00000000e+00 0.00000000e+00
 0.00000000e+00 0.00000000e+00 0.00000000e+00 0.00000000e+00
 0.00000000e+00 0.00000000e+00 0.00000000e+00 0.00000000e+00
 0.00000000e+00 0.00000000e+00 0.00000000e+00 0.00000000e+00
 0.00000000e+00 0.00000000e+00 0.00000000e+00 0.00000000e+00
 0.00000000e+00 0.00000000e+00 0.00000000e+00 0.00000000e+00
 0.00000000e+00 0.00000000e+00 0.00000000e+00 0.00000000e+00
 0.00000000e+00 0.00000000e+00 0.00000000e+00 1.00000000e+00]
