Standard Deviation: 8.882238944352139e-09
Skewness: 1.0000000000007543
Kurtosis: -2.000000000007234
Median: 840.3253219853444
Mean: 840.3253219764622
Deciles: [840.32532199 840.32532199]
Minimum: 840.3253219853444
Maximum: 840.3253219853444
Bin Edges: [839.82532199 839.83532199 839.84532199 839.85532199 839.86532199
 839.87532199 839.88532199 839.89532199 839.90532199 839.91532199
 839.92532199 839.93532199 839.94532199 839.95532199 839.96532199
 839.97532199 839.98532199 839.99532199 840.00532199 840.01532199
 840.02532199 840.03532199 840.04532199 840.05532199 840.06532199
 840.07532199 840.08532199 840.09532199 840.10532199 840.11532199
 840.12532199 840.13532199 840.14532199 840.15532199 840.16532199
 840.17532199 840.18532199 840.19532199 840.20532199 840.21532199
 840.22532199 840.23532199 840.24532199 840.25532199 840.26532199
 840.27532199 840.28532199 840.29532199 840.30532199 840.31532199
 840.32532199 840.33532199 840.34532199 840.35532199 840.36532199
 840.37532199 840.38532199 840.39532199 840.40532199 840.41532199
 840.42532199 840.43532199 840.44532199 840.45532199 840.46532199
 840.47532199 840.48532199 840.49532199 840.50532199 840.51532199
 840.52532199 840.53532199 840.54532199 840.55532199 840.56532199
 840.57532199 840.58532199 840.59532199 840.60532199 840.61532199
 840.62532199 840.63532199 840.64532199 840.65532199 840.66532199
 840.67532199 840.68532199 840.69532199 840.70532199 840.71532199
 840.72532199 840.73532199 840.74532199 840.75532199 840.76532199
 840.77532199 840.78532199 840.79532199 840.80532199 840.81532199
 840.82532199]
Frequencies: [0.000000e+00 0.000000e+00 0.000000e+00 0.000000e+00 0.000000e+00
 0.000000e+00 0.000000e+00 0.000000e+00 0.000000e+00 0.000000e+00
 0.000000e+00 0.000000e+00 0.000000e+00 0.000000e+00 0.000000e+00
 0.000000e+00 0.000000e+00 0.000000e+00 0.000000e+00 0.000000e+00
 0.000000e+00 0.000000e+00 0.000000e+00 0.000000e+00 0.000000e+00
 0.000000e+00 0.000000e+00 0.000000e+00 0.000000e+00 0.000000e+00
 0.000000e+00 0.000000e+00 0.000000e+00 0.000000e+00 0.000000e+00
 0.000000e+00 0.000000e+00 0.000000e+00 0.000000e+00 0.000000e+00
 0.000000e+00 0.000000e+00 0.000000e+00 0.000000e+00 0.000000e+00
 0.000000e+00 0.000000e+00 0.000000e+00 0.000000e+00 0.000000e+00
 4.541184e+09 0.000000e+00 0.000000e+00 0.000000e+00 0.000000e+00
 0.000000e+00 0.000000e+00 0.000000e+00 0.000000e+00 0.000000e+00
 0.000000e+00 0.000000e+00 0.000000e+00 0.000000e+00 0.000000e+00
 0.000000e+00 0.000000e+00 0.000000e+00 0.000000e+00 0.000000e+00
 0.000000e+00 0.000000e+00 0.000000e+00 0.000000e+00 0.000000e+00
 0.000000e+00 0.000000e+00 0.000000e+00 0.000000e+00 0.000000e+00
 0.000000e+00 0.000000e+00 0.000000e+00 0.000000e+00 0.000000e+00
 0.000000e+00 0.000000e+00 0.000000e+00 0.000000e+00 0.000000e+00
 0.000000e+00 0.000000e+00 0.000000e+00 0.000000e+00 0.000000e+00
 0.000000e+00 0.000000e+00 0.000000e+00 0.000000e+00 0.000000e+00]
