Standard Deviation: 6.64999810304173
Skewness: -0.10574342790234235
Kurtosis: 2.0472584839805856
Median: 0.22158486172484498
Mean: 0.15498764786548666
Deciles: [-3.60919686  4.03640558]
Minimum: -61.33720485149797
Maximum: 61.957094798735874
Bin Edges: [-61.33720485 -60.10426185 -58.87131886 -57.63837586 -56.40543287
 -55.17248987 -53.93954687 -52.70660388 -51.47366088 -50.24071788
 -49.00777489 -47.77483189 -46.54188889 -45.3089459  -44.0760029
 -42.8430599  -41.61011691 -40.37717391 -39.14423091 -37.91128792
 -36.67834492 -35.44540192 -34.21245893 -32.97951593 -31.74657294
 -30.51362994 -29.28068694 -28.04774395 -26.81480095 -25.58185795
 -24.34891496 -23.11597196 -21.88302896 -20.65008597 -19.41714297
 -18.18419997 -16.95125698 -15.71831398 -14.48537098 -13.25242799
 -12.01948499 -10.78654199  -9.553599    -8.320656    -7.08771301
  -5.85477001  -4.62182701  -3.38888402  -2.15594102  -0.92299802
   0.30994497   1.54288797   2.77583097   4.00877396   5.24171696
   6.47465996   7.70760295   8.94054595  10.17348895  11.40643194
  12.63937494  13.87231794  15.10526093  16.33820393  17.57114692
  18.80408992  20.03703292  21.26997591  22.50291891  23.73586191
  24.9688049   26.2017479   27.4346909   28.66763389  29.90057689
  31.13351989  32.36646288  33.59940588  34.83234888  36.06529187
  37.29823487  38.53117787  39.76412086  40.99706386  42.23000685
  43.46294985  44.69589285  45.92883584  47.16177884  48.39472184
  49.62766483  50.86060783  52.09355083  53.32649382  54.55943682
  55.79237982  57.02532281  58.25826581  59.49120881  60.7241518
  61.9570948 ]
Frequencies: [2.00000000e+00 6.00000000e+00 8.00000000e+00 2.40000000e+01
 5.20000000e+01 1.51000000e+02 3.86000000e+02 9.67000000e+02
 1.95700000e+03 3.49300000e+03 6.02200000e+03 1.02360000e+04
 1.65840000e+04 2.47550000e+04 3.69860000e+04 5.32420000e+04
 7.46190000e+04 1.02969000e+05 1.38836000e+05 1.85275000e+05
 2.45773000e+05 3.21437000e+05 4.17507000e+05 5.41152000e+05
 6.97635000e+05 8.99767000e+05 1.16072900e+06 1.49786100e+06
 1.94216800e+06 2.51522500e+06 3.27084800e+06 4.26140800e+06
 5.58630500e+06 7.34471900e+06 9.73396400e+06 1.29200970e+07
 1.72328950e+07 2.30549190e+07 3.07721450e+07 4.09903200e+07
 5.45700120e+07 7.26862880e+07 9.67240090e+07 1.28611679e+08
 1.70341582e+08 2.21732833e+08 2.78506010e+08 3.33448912e+08
 3.77110172e+08 3.99668330e+08 3.97446450e+08 3.72309091e+08
 3.29858375e+08 2.76848098e+08 2.20704149e+08 1.68656165e+08
 1.25712126e+08 9.25815270e+07 6.80416160e+07 5.01900230e+07
 3.70093380e+07 2.71990140e+07 1.99241100e+07 1.45254990e+07
 1.05777910e+07 7.72662300e+06 5.64224600e+06 4.13886500e+06
 3.04001400e+06 2.26405200e+06 1.69611300e+06 1.28411100e+06
 9.81153000e+05 7.55543000e+05 5.85862000e+05 4.56980000e+05
 3.59185000e+05 2.81653000e+05 2.22269000e+05 1.74180000e+05
 1.35446000e+05 1.04571000e+05 7.88950000e+04 5.97000000e+04
 4.48340000e+04 3.34900000e+04 2.44620000e+04 1.73130000e+04
 1.15380000e+04 7.62700000e+03 4.66600000e+03 2.73300000e+03
 1.62100000e+03 9.03000000e+02 4.26000000e+02 1.82000000e+02
 6.30000000e+01 2.70000000e+01 9.00000000e+00 2.00000000e+00]
