Standard Deviation: 14.223120538430821
Skewness: 1.086976295048058
Kurtosis: 2.198726624712865
Median: 3.137750037074368
Mean: 4.954040123842612
Deciles: [-3.65503185 10.98936335]
Minimum: -55.46769673372842
Maximum: 87.82667585015304
Bin Edges: [-55.46769673 -54.03475301 -52.60180928 -51.16886556 -49.73592183
 -48.3029781  -46.87003438 -45.43709065 -44.00414693 -42.5712032
 -41.13825948 -39.70531575 -38.27237202 -36.8394283  -35.40648457
 -33.97354085 -32.54059712 -31.10765339 -29.67470967 -28.24176594
 -26.80882222 -25.37587849 -23.94293477 -22.50999104 -21.07704731
 -19.64410359 -18.21115986 -16.77821614 -15.34527241 -13.91232868
 -12.47938496 -11.04644123  -9.61349751  -8.18055378  -6.74761006
  -5.31466633  -3.8817226   -2.44877888  -1.01583515   0.41710857
   1.8500523    3.28299603   4.71593975   6.14888348   7.5818272
   9.01477093  10.44771465  11.88065838  13.31360211  14.74654583
  16.17948956  17.61243328  19.04537701  20.47832074  21.91126446
  23.34420819  24.77715191  26.21009564  27.64303936  29.07598309
  30.50892682  31.94187054  33.37481427  34.80775799  36.24070172
  37.67364545  39.10658917  40.5395329   41.97247662  43.40542035
  44.83836407  46.2713078   47.70425153  49.13719525  50.57013898
  52.0030827   53.43602643  54.86897016  56.30191388  57.73485761
  59.16780133  60.60074506  62.03368879  63.46663251  64.89957624
  66.33251996  67.76546369  69.19840741  70.63135114  72.06429487
  73.49723859  74.93018232  76.36312604  77.79606977  79.2290135
  80.66195722  82.09490095  83.52784467  84.9607884   86.39373212
  87.82667585]
Frequencies: [9.40000000e+01 1.86000000e+02 2.91000000e+02 4.77000000e+02
 9.99000000e+02 1.74200000e+03 2.68600000e+03 3.20800000e+03
 4.22900000e+03 5.39900000e+03 6.48800000e+03 9.61900000e+03
 1.38580000e+04 1.97570000e+04 3.85080000e+04 9.65160000e+04
 2.58039000e+05 6.45862000e+05 1.42622400e+06 2.76755200e+06
 4.86334600e+06 7.88339100e+06 1.22791190e+07 1.85695550e+07
 2.70603940e+07 3.73811350e+07 4.83761180e+07 5.85583200e+07
 6.74152600e+07 7.59518060e+07 8.52802410e+07 9.66311230e+07
 1.10619847e+08 1.27907163e+08 1.48439321e+08 1.72898696e+08
 2.00843185e+08 2.27405064e+08 2.47884994e+08 2.58173465e+08
 2.56501011e+08 2.45920767e+08 2.30273551e+08 2.12022135e+08
 1.92322573e+08 1.70602876e+08 1.47674221e+08 1.25710087e+08
 1.06366163e+08 9.03582490e+07 7.73727800e+07 6.66937760e+07
 5.77618030e+07 5.03409360e+07 4.41310760e+07 3.91262650e+07
 3.51090100e+07 3.16688670e+07 2.86728510e+07 2.61422630e+07
 2.39126830e+07 2.20042240e+07 2.03107800e+07 1.87857870e+07
 1.74342690e+07 1.61570070e+07 1.49465590e+07 1.38325210e+07
 1.28462040e+07 1.19855320e+07 1.11093520e+07 1.02368480e+07
 9.40972100e+06 8.60410000e+06 7.82140900e+06 7.06762000e+06
 6.32328000e+06 5.59507600e+06 4.93651400e+06 4.33352500e+06
 3.75678100e+06 3.22508200e+06 2.72372100e+06 2.27344800e+06
 1.84310400e+06 1.46528900e+06 1.12249600e+06 8.32538000e+05
 6.05557000e+05 4.33780000e+05 3.02014000e+05 2.01379000e+05
 1.22533000e+05 6.93220000e+04 3.58860000e+04 1.46060000e+04
 5.73000000e+03 2.30300000e+03 7.95000000e+02 8.80000000e+01]
