Standard Deviation: 6.245884857239869e-05
Skewness: 4.736533076449094
Kurtosis: 31.810256181930235
Median: 7.357662811399948e-06
Mean: 3.022373528950009e-05
Deciles: [4.23903331e-08 3.31951533e-05]
Minimum: 0.0
Maximum: 0.0010798070442233814
Bin Edges: [0.00000000e+00 1.07980704e-05 2.15961409e-05 3.23942113e-05
 4.31922818e-05 5.39903522e-05 6.47884227e-05 7.55864931e-05
 8.63845635e-05 9.71826340e-05 1.07980704e-04 1.18778775e-04
 1.29576845e-04 1.40374916e-04 1.51172986e-04 1.61971057e-04
 1.72769127e-04 1.83567198e-04 1.94365268e-04 2.05163338e-04
 2.15961409e-04 2.26759479e-04 2.37557550e-04 2.48355620e-04
 2.59153691e-04 2.69951761e-04 2.80749831e-04 2.91547902e-04
 3.02345972e-04 3.13144043e-04 3.23942113e-04 3.34740184e-04
 3.45538254e-04 3.56336325e-04 3.67134395e-04 3.77932465e-04
 3.88730536e-04 3.99528606e-04 4.10326677e-04 4.21124747e-04
 4.31922818e-04 4.42720888e-04 4.53518959e-04 4.64317029e-04
 4.75115099e-04 4.85913170e-04 4.96711240e-04 5.07509311e-04
 5.18307381e-04 5.29105452e-04 5.39903522e-04 5.50701593e-04
 5.61499663e-04 5.72297733e-04 5.83095804e-04 5.93893874e-04
 6.04691945e-04 6.15490015e-04 6.26288086e-04 6.37086156e-04
 6.47884227e-04 6.58682297e-04 6.69480367e-04 6.80278438e-04
 6.91076508e-04 7.01874579e-04 7.12672649e-04 7.23470720e-04
 7.34268790e-04 7.45066861e-04 7.55864931e-04 7.66663001e-04
 7.77461072e-04 7.88259142e-04 7.99057213e-04 8.09855283e-04
 8.20653354e-04 8.31451424e-04 8.42249494e-04 8.53047565e-04
 8.63845635e-04 8.74643706e-04 8.85441776e-04 8.96239847e-04
 9.07037917e-04 9.17835988e-04 9.28634058e-04 9.39432128e-04
 9.50230199e-04 9.61028269e-04 9.71826340e-04 9.82624410e-04
 9.93422481e-04 1.00422055e-03 1.01501862e-03 1.02581669e-03
 1.03661476e-03 1.04741283e-03 1.05821090e-03 1.06900897e-03
 1.07980704e-03]
Frequencies: [2.50645820e+09 5.23396835e+08 3.54208043e+08 2.53418819e+08
 1.82915767e+08 1.34223662e+08 1.00393702e+08 7.65179130e+07
 5.94844490e+07 4.71439280e+07 3.81096860e+07 3.13283070e+07
 2.61820940e+07 2.21441340e+07 1.89428360e+07 1.63652360e+07
 1.42579840e+07 1.25039600e+07 1.10434540e+07 9.81790900e+06
 8.75980800e+06 7.85396500e+06 7.07708800e+06 6.39454900e+06
 5.79788400e+06 5.27328400e+06 4.80435800e+06 4.38860300e+06
 4.01836400e+06 3.69089700e+06 3.38874100e+06 3.12459800e+06
 2.87826600e+06 2.65755000e+06 2.46117900e+06 2.27657800e+06
 2.10880600e+06 1.95130900e+06 1.81022200e+06 1.67734600e+06
 1.55754500e+06 1.44594800e+06 1.34392800e+06 1.24824300e+06
 1.15751200e+06 1.07523500e+06 9.97604000e+05 9.24433000e+05
 8.59046000e+05 7.97567000e+05 7.39734000e+05 6.84459000e+05
 6.35254000e+05 5.87521000e+05 5.44443000e+05 5.03313000e+05
 4.64314000e+05 4.27135000e+05 3.91790000e+05 3.60581000e+05
 3.30835000e+05 3.02197000e+05 2.75838000e+05 2.51484000e+05
 2.27543000e+05 2.06671000e+05 1.86613000e+05 1.69132000e+05
 1.51783000e+05 1.36078000e+05 1.21884000e+05 1.09982000e+05
 9.82330000e+04 8.77400000e+04 7.76330000e+04 6.87880000e+04
 6.06150000e+04 5.28100000e+04 4.61910000e+04 4.02500000e+04
 3.46100000e+04 2.95970000e+04 2.51380000e+04 2.13840000e+04
 1.77250000e+04 1.44700000e+04 1.17070000e+04 9.32100000e+03
 7.11900000e+03 5.42300000e+03 3.70200000e+03 2.48100000e+03
 1.57200000e+03 8.00000000e+02 4.13000000e+02 1.93000000e+02
 7.50000000e+01 3.30000000e+01 1.20000000e+01 1.20000000e+01]
