Standard Deviation: 1.0110884926946366e-06
Skewness: 0.38191802908836364
Kurtosis: -0.872257650676211
Median: 4.8162716059941695e-06
Mean: 4.860243192376317e-06
Deciles: [3.91748060e-06 5.60249707e-06]
Minimum: 3.1691826929837762e-06
Maximum: 7.761812363279433e-06
Bin Edges: [3.16918269e-06 3.21510899e-06 3.26103529e-06 3.30696158e-06
 3.35288788e-06 3.39881418e-06 3.44474047e-06 3.49066677e-06
 3.53659307e-06 3.58251936e-06 3.62844566e-06 3.67437196e-06
 3.72029825e-06 3.76622455e-06 3.81215085e-06 3.85807714e-06
 3.90400344e-06 3.94992974e-06 3.99585603e-06 4.04178233e-06
 4.08770863e-06 4.13363492e-06 4.17956122e-06 4.22548752e-06
 4.27141381e-06 4.31734011e-06 4.36326641e-06 4.40919270e-06
 4.45511900e-06 4.50104530e-06 4.54697159e-06 4.59289789e-06
 4.63882419e-06 4.68475048e-06 4.73067678e-06 4.77660308e-06
 4.82252937e-06 4.86845567e-06 4.91438197e-06 4.96030826e-06
 5.00623456e-06 5.05216086e-06 5.09808715e-06 5.14401345e-06
 5.18993975e-06 5.23586604e-06 5.28179234e-06 5.32771864e-06
 5.37364493e-06 5.41957123e-06 5.46549753e-06 5.51142382e-06
 5.55735012e-06 5.60327642e-06 5.64920271e-06 5.69512901e-06
 5.74105531e-06 5.78698161e-06 5.83290790e-06 5.87883420e-06
 5.92476050e-06 5.97068679e-06 6.01661309e-06 6.06253939e-06
 6.10846568e-06 6.15439198e-06 6.20031828e-06 6.24624457e-06
 6.29217087e-06 6.33809717e-06 6.38402346e-06 6.42994976e-06
 6.47587606e-06 6.52180235e-06 6.56772865e-06 6.61365495e-06
 6.65958124e-06 6.70550754e-06 6.75143384e-06 6.79736013e-06
 6.84328643e-06 6.88921273e-06 6.93513902e-06 6.98106532e-06
 7.02699162e-06 7.07291791e-06 7.11884421e-06 7.16477051e-06
 7.21069680e-06 7.25662310e-06 7.30254940e-06 7.34847569e-06
 7.39440199e-06 7.44032829e-06 7.48625458e-06 7.53218088e-06
 7.57810718e-06 7.62403347e-06 7.66995977e-06 7.71588607e-06
 7.76181236e-06]
Frequencies: [2.31347200e+06 5.56977600e+06 1.12680240e+07 1.73267120e+07
 2.60901280e+07 3.80798320e+07 5.41556800e+07 7.78278960e+07
 9.05002080e+07 1.03460528e+08 1.06640312e+08 1.07461416e+08
 1.45496144e+08 1.43605872e+08 1.07205680e+08 7.77332560e+07
 6.93636000e+07 6.81713600e+07 7.46340320e+07 8.33263520e+07
 9.19974720e+07 9.27269680e+07 6.99752640e+07 4.97281680e+07
 4.67882800e+07 4.46680880e+07 4.31819920e+07 4.27186400e+07
 4.30355520e+07 4.26337840e+07 4.37511360e+07 4.55627360e+07
 4.76756320e+07 5.16852320e+07 5.51920080e+07 5.67938640e+07
 5.72629360e+07 5.80216800e+07 5.93810800e+07 6.06640880e+07
 6.26880640e+07 6.66986240e+07 6.88856720e+07 7.08321840e+07
 7.21374640e+07 7.33440800e+07 7.55494880e+07 7.62490000e+07
 7.26190000e+07 6.87383760e+07 6.43348800e+07 6.18841200e+07
 5.92316880e+07 5.64012560e+07 5.45088160e+07 5.22303680e+07
 5.00886720e+07 4.91526240e+07 4.76409520e+07 4.62560960e+07
 4.47268720e+07 4.31317360e+07 4.21259120e+07 4.05883760e+07
 3.90926480e+07 3.83242160e+07 3.68732800e+07 3.62331280e+07
 3.50129840e+07 3.43809040e+07 3.25106800e+07 2.93436960e+07
 2.73530080e+07 2.56386480e+07 2.37956160e+07 2.27335680e+07
 2.15137680e+07 2.07313120e+07 1.97013520e+07 1.90414560e+07
 1.82926080e+07 1.73387600e+07 1.63464320e+07 1.55190240e+07
 1.39690000e+07 1.22048000e+07 1.10848800e+07 1.00309520e+07
 7.89208800e+06 5.71731200e+06 4.15342400e+06 3.33976000e+06
 2.84827200e+06 2.36929600e+06 1.94659200e+06 1.04944800e+06
 5.52144000e+05 3.15056000e+05 1.63448000e+05 5.12400000e+04]
