Standard Deviation: 9.773149505389582e-08
Skewness: -2.0986861106286376
Kurtosis: 3.59306735895524
Median: 9.986058137126286e-07
Mean: 9.460535371406952e-07
Deciles: [9.43159195e-07 9.98605814e-07]
Minimum: 5.392820080530935e-07
Maximum: 9.986058137126286e-07
Bin Edges: [5.39282008e-07 5.43875246e-07 5.48468484e-07 5.53061722e-07
 5.57654960e-07 5.62248198e-07 5.66841436e-07 5.71434674e-07
 5.76027913e-07 5.80621151e-07 5.85214389e-07 5.89807627e-07
 5.94400865e-07 5.98994103e-07 6.03587341e-07 6.08180579e-07
 6.12773817e-07 6.17367055e-07 6.21960293e-07 6.26553531e-07
 6.31146769e-07 6.35740007e-07 6.40333245e-07 6.44926483e-07
 6.49519721e-07 6.54112959e-07 6.58706198e-07 6.63299436e-07
 6.67892674e-07 6.72485912e-07 6.77079150e-07 6.81672388e-07
 6.86265626e-07 6.90858864e-07 6.95452102e-07 7.00045340e-07
 7.04638578e-07 7.09231816e-07 7.13825054e-07 7.18418292e-07
 7.23011530e-07 7.27604768e-07 7.32198006e-07 7.36791244e-07
 7.41384483e-07 7.45977721e-07 7.50570959e-07 7.55164197e-07
 7.59757435e-07 7.64350673e-07 7.68943911e-07 7.73537149e-07
 7.78130387e-07 7.82723625e-07 7.87316863e-07 7.91910101e-07
 7.96503339e-07 8.01096577e-07 8.05689815e-07 8.10283053e-07
 8.14876291e-07 8.19469530e-07 8.24062768e-07 8.28656006e-07
 8.33249244e-07 8.37842482e-07 8.42435720e-07 8.47028958e-07
 8.51622196e-07 8.56215434e-07 8.60808672e-07 8.65401910e-07
 8.69995148e-07 8.74588386e-07 8.79181624e-07 8.83774862e-07
 8.88368100e-07 8.92961338e-07 8.97554576e-07 9.02147815e-07
 9.06741053e-07 9.11334291e-07 9.15927529e-07 9.20520767e-07
 9.25114005e-07 9.29707243e-07 9.34300481e-07 9.38893719e-07
 9.43486957e-07 9.48080195e-07 9.52673433e-07 9.57266671e-07
 9.61859909e-07 9.66453147e-07 9.71046385e-07 9.75639623e-07
 9.80232861e-07 9.84826100e-07 9.89419338e-07 9.94012576e-07
 9.98605814e-07]
Frequencies: [1.68192000e+06 3.36384000e+06 0.00000000e+00 1.68192000e+06
 6.72768000e+06 0.00000000e+00 5.04576000e+06 3.36384000e+06
 3.36384000e+06 6.72768000e+06 5.04576000e+06 3.36384000e+06
 6.72768000e+06 5.04576000e+06 1.00915200e+07 3.36384000e+06
 6.72768000e+06 6.72768000e+06 8.40960000e+06 3.36384000e+06
 1.00915200e+07 6.72768000e+06 8.40960000e+06 6.72768000e+06
 1.00915200e+07 6.72768000e+06 8.40960000e+06 1.00915200e+07
 6.72768000e+06 1.00915200e+07 6.72768000e+06 1.51372800e+07
 6.72768000e+06 6.72768000e+06 1.34553600e+07 6.72768000e+06
 8.40960000e+06 1.34553600e+07 1.34553600e+07 6.72768000e+06
 8.40960000e+06 1.68192000e+07 6.72768000e+06 1.00915200e+07
 1.34553600e+07 1.51372800e+07 1.34553600e+07 3.36384000e+06
 2.35468800e+07 1.00915200e+07 1.17734400e+07 6.72768000e+06
 1.68192000e+07 1.68192000e+07 1.00915200e+07 1.51372800e+07
 1.68192000e+07 1.34553600e+07 1.00915200e+07 1.68192000e+07
 2.52288000e+07 3.36384000e+06 1.68192000e+07 2.01830400e+07
 1.85011200e+07 1.34553600e+07 1.68192000e+07 2.01830400e+07
 1.34553600e+07 2.18649600e+07 2.01830400e+07 2.01830400e+07
 1.34553600e+07 2.18649600e+07 2.69107200e+07 1.68192000e+07
 1.68192000e+07 3.19564800e+07 2.01830400e+07 2.01830400e+07
 2.52288000e+07 2.69107200e+07 2.69107200e+07 2.69107200e+07
 3.19564800e+07 2.01830400e+07 4.03660800e+07 3.19564800e+07
 2.35468800e+07 4.70937600e+07 2.85926400e+07 4.70937600e+07
 5.21395200e+07 8.91417600e+07 8.40960000e+07 9.58694400e+07
 8.24140800e+07 7.56864000e+07 8.24140800e+07 2.69611776e+09]
