Standard Deviation: 6.247326973633625
Skewness: -1.3619150710831647
Kurtosis: 5.680943907132914
Median: 218.77353948075296
Mean: 218.4140707918168
Deciles: [216.65349268 221.09059062]
Minimum: 180.34168706986972
Maximum: 275.53060637888757
Bin Edges: [180.34168707 181.29357626 182.24546546 183.19735465 184.14924384
 185.10113304 186.05302223 187.00491142 187.95680061 188.90868981
 189.860579   190.81246819 191.76435739 192.71624658 193.66813577
 194.62002497 195.57191416 196.52380335 197.47569255 198.42758174
 199.37947093 200.33136012 201.28324932 202.23513851 203.1870277
 204.1389169  205.09080609 206.04269528 206.99458448 207.94647367
 208.89836286 209.85025206 210.80214125 211.75403044 212.70591963
 213.65780883 214.60969802 215.56158721 216.51347641 217.4653656
 218.41725479 219.36914399 220.32103318 221.27292237 222.22481157
 223.17670076 224.12858995 225.08047915 226.03236834 226.98425753
 227.93614672 228.88803592 229.83992511 230.7918143  231.7437035
 232.69559269 233.64748188 234.59937108 235.55126027 236.50314946
 237.45503866 238.40692785 239.35881704 240.31070623 241.26259543
 242.21448462 243.16637381 244.11826301 245.0701522  246.02204139
 246.97393059 247.92581978 248.87770897 249.82959817 250.78148736
 251.73337655 252.68526574 253.63715494 254.58904413 255.54093332
 256.49282252 257.44471171 258.3966009  259.3484901  260.30037929
 261.25226848 262.20415768 263.15604687 264.10793606 265.05982525
 266.01171445 266.96360364 267.91549283 268.86738203 269.81927122
 270.77116041 271.72304961 272.6749388  273.62682799 274.57871719
 275.53060638]
Frequencies: [8.14000000e+02 7.56700000e+03 3.10610000e+04 8.39500000e+04
 2.90978000e+05 9.05022000e+05 1.87407200e+06 2.96179400e+06
 4.11639700e+06 5.20673800e+06 6.15153500e+06 7.06279900e+06
 7.84480000e+06 8.48673000e+06 9.03998800e+06 9.61111100e+06
 1.00849800e+07 1.06425840e+07 1.11753770e+07 1.18214000e+07
 1.23721300e+07 1.29688120e+07 1.36157070e+07 1.43837400e+07
 1.52512540e+07 1.61313740e+07 1.70938300e+07 1.82544740e+07
 1.97782950e+07 2.17618230e+07 2.45071010e+07 2.85378940e+07
 3.51505090e+07 4.79805190e+07 7.25740910e+07 1.16573024e+08
 1.88924848e+08 2.97135795e+08 4.33026703e+08 5.43288646e+08
 5.61473438e+08 4.83891858e+08 3.64311129e+08 2.56229670e+08
 1.83082906e+08 1.36870924e+08 1.06169491e+08 8.34369980e+07
 6.69149230e+07 5.41414150e+07 4.36438300e+07 3.32821450e+07
 2.45632680e+07 1.88021910e+07 1.55728620e+07 1.31648760e+07
 1.12058180e+07 8.08533900e+06 5.54600400e+06 3.57511800e+06
 2.54520900e+06 1.90095300e+06 1.47111800e+06 1.12694800e+06
 8.55786000e+05 6.34711000e+05 4.76458000e+05 3.62678000e+05
 2.80612000e+05 2.09918000e+05 1.57519000e+05 1.16072000e+05
 8.69110000e+04 6.42640000e+04 4.89100000e+04 3.55350000e+04
 2.91540000e+04 2.10350000e+04 1.56230000e+04 1.21090000e+04
 9.95500000e+03 8.32200000e+03 6.73400000e+03 5.63700000e+03
 4.74900000e+03 4.03100000e+03 3.46100000e+03 3.15600000e+03
 2.51500000e+03 1.57800000e+03 1.40000000e+03 1.12700000e+03
 1.13000000e+03 8.82000000e+02 8.28000000e+02 7.07000000e+02
 6.08000000e+02 5.28000000e+02 4.01000000e+02 2.59000000e+02]
