Standard Deviation: 5.3907226217535085
Skewness: 0.07207414560266873
Kurtosis: 1.898824302031402
Median: 213.04029890192285
Mean: 213.4240678078037
Deciles: [211.15777954 215.47538362]
Minimum: 182.94460600099967
Maximum: 239.92368505219983
Bin Edges: [182.944606   183.51439679 184.08418758 184.65397837 185.22376916
 185.79355995 186.36335074 186.93314153 187.50293233 188.07272312
 188.64251391 189.2123047  189.78209549 190.35188628 190.92167707
 191.49146786 192.06125865 192.63104944 193.20084023 193.77063102
 194.34042181 194.9102126  195.48000339 196.04979418 196.61958497
 197.18937576 197.75916655 198.32895734 198.89874814 199.46853893
 200.03832972 200.60812051 201.1779113  201.74770209 202.31749288
 202.88728367 203.45707446 204.02686525 204.59665604 205.16644683
 205.73623762 206.30602841 206.8758192  207.44560999 208.01540078
 208.58519157 209.15498236 209.72477316 210.29456395 210.86435474
 211.43414553 212.00393632 212.57372711 213.1435179  213.71330869
 214.28309948 214.85289027 215.42268106 215.99247185 216.56226264
 217.13205343 217.70184422 218.27163501 218.8414258  219.41121659
 219.98100738 220.55079817 221.12058897 221.69037976 222.26017055
 222.82996134 223.39975213 223.96954292 224.53933371 225.1091245
 225.67891529 226.24870608 226.81849687 227.38828766 227.95807845
 228.52786924 229.09766003 229.66745082 230.23724161 230.8070324
 231.37682319 231.94661399 232.51640478 233.08619557 233.65598636
 234.22577715 234.79556794 235.36535873 235.93514952 236.50494031
 237.0747311  237.64452189 238.21431268 238.78410347 239.35389426
 239.92368505]
Frequencies: [7.70000000e+01 2.08000000e+02 1.14600000e+03 5.99500000e+03
 1.66090000e+04 3.09050000e+04 4.92580000e+04 7.99010000e+04
 1.28421000e+05 1.98516000e+05 2.87789000e+05 4.00870000e+05
 5.53712000e+05 7.21232000e+05 9.35567000e+05 1.20539800e+06
 1.54596900e+06 1.94347900e+06 2.39013100e+06 2.87868800e+06
 3.40968200e+06 3.96800600e+06 4.54383600e+06 5.11184500e+06
 5.67368500e+06 6.25450400e+06 6.90459300e+06 7.62075400e+06
 8.47136300e+06 9.47389900e+06 1.07537880e+07 1.22592350e+07
 1.40485200e+07 1.60702750e+07 1.84033620e+07 2.11344750e+07
 2.42779550e+07 2.79853030e+07 3.22804530e+07 3.71213800e+07
 4.27719170e+07 4.91188340e+07 5.63337580e+07 6.45207120e+07
 7.39279410e+07 8.49414900e+07 9.90588080e+07 1.19764294e+08
 1.54613272e+08 2.14471622e+08 3.00135477e+08 3.82317883e+08
 4.13349224e+08 3.75131840e+08 2.95742809e+08 2.17483838e+08
 1.60305607e+08 1.24882956e+08 1.03434166e+08 8.94415210e+07
 7.95400070e+07 7.19738620e+07 6.59542640e+07 6.08081280e+07
 5.61861230e+07 5.18605320e+07 4.76679210e+07 4.38305320e+07
 4.03923840e+07 3.72261010e+07 3.44507440e+07 3.20546670e+07
 2.97800900e+07 2.74765030e+07 2.51990380e+07 2.29685360e+07
 2.06320480e+07 1.80992510e+07 1.54208960e+07 1.27055580e+07
 1.01339190e+07 7.84638300e+06 5.88487800e+06 4.23499700e+06
 2.91385100e+06 1.94555700e+06 1.27408300e+06 7.90492000e+05
 4.66597000e+05 2.68217000e+05 1.52486000e+05 7.67070000e+04
 4.00490000e+04 2.17560000e+04 1.02650000e+04 4.41600000e+03
 2.22300000e+03 9.04000000e+02 2.14000000e+02 6.80000000e+01]
