Standard Deviation: 1.1850367847655178e-06
Skewness: 0.3792545889566843
Kurtosis: -1.02226669309278
Median: 3.1010159095009616e-06
Mean: 3.2853657872912137e-06
Deciles: [2.18923111e-06 4.29499390e-06]
Minimum: 1.5164827646168407e-06
Maximum: 6.6770229615116184e-06
Bin Edges: [1.51648276e-06 1.56808817e-06 1.61969357e-06 1.67129897e-06
 1.72290437e-06 1.77450977e-06 1.82611518e-06 1.87772058e-06
 1.92932598e-06 1.98093138e-06 2.03253678e-06 2.08414219e-06
 2.13574759e-06 2.18735299e-06 2.23895839e-06 2.29056379e-06
 2.34216920e-06 2.39377460e-06 2.44538000e-06 2.49698540e-06
 2.54859080e-06 2.60019621e-06 2.65180161e-06 2.70340701e-06
 2.75501241e-06 2.80661781e-06 2.85822322e-06 2.90982862e-06
 2.96143402e-06 3.01303942e-06 3.06464482e-06 3.11625023e-06
 3.16785563e-06 3.21946103e-06 3.27106643e-06 3.32267183e-06
 3.37427724e-06 3.42588264e-06 3.47748804e-06 3.52909344e-06
 3.58069884e-06 3.63230425e-06 3.68390965e-06 3.73551505e-06
 3.78712045e-06 3.83872585e-06 3.89033126e-06 3.94193666e-06
 3.99354206e-06 4.04514746e-06 4.09675286e-06 4.14835827e-06
 4.19996367e-06 4.25156907e-06 4.30317447e-06 4.35477987e-06
 4.40638527e-06 4.45799068e-06 4.50959608e-06 4.56120148e-06
 4.61280688e-06 4.66441228e-06 4.71601769e-06 4.76762309e-06
 4.81922849e-06 4.87083389e-06 4.92243929e-06 4.97404470e-06
 5.02565010e-06 5.07725550e-06 5.12886090e-06 5.18046630e-06
 5.23207171e-06 5.28367711e-06 5.33528251e-06 5.38688791e-06
 5.43849331e-06 5.49009872e-06 5.54170412e-06 5.59330952e-06
 5.64491492e-06 5.69652032e-06 5.74812573e-06 5.79973113e-06
 5.85133653e-06 5.90294193e-06 5.95454733e-06 6.00615274e-06
 6.05775814e-06 6.10936354e-06 6.16096894e-06 6.21257434e-06
 6.26417975e-06 6.31578515e-06 6.36739055e-06 6.41899595e-06
 6.47060135e-06 6.52220676e-06 6.57381216e-06 6.62541756e-06
 6.67702296e-06]
Frequencies: [7.76204800e+06 3.97885440e+07 6.09692160e+07 6.04018000e+07
 6.84379760e+07 8.47896480e+07 1.13996264e+08 1.27826344e+08
 1.27367072e+08 1.25320792e+08 1.21366904e+08 1.00666920e+08
 9.33868480e+07 8.69893200e+07 8.45824720e+07 8.21588560e+07
 8.13716800e+07 7.96091760e+07 7.69615920e+07 7.42781360e+07
 6.78210160e+07 6.27868720e+07 5.90325280e+07 5.63843120e+07
 5.31498480e+07 5.17818160e+07 4.89486880e+07 4.82332400e+07
 4.70532960e+07 4.56911040e+07 4.52779280e+07 4.41394560e+07
 4.40250080e+07 4.45222400e+07 4.30474800e+07 4.36906960e+07
 4.40046000e+07 4.40061520e+07 4.46162000e+07 4.47268640e+07
 4.50694400e+07 4.57841760e+07 4.61266240e+07 4.62976720e+07
 4.72853280e+07 4.78673600e+07 4.92100400e+07 5.01260240e+07
 5.12053920e+07 5.41721040e+07 5.68533440e+07 5.97736800e+07
 6.59874400e+07 7.02366320e+07 7.04358880e+07 7.19763680e+07
 7.38035440e+07 6.82016800e+07 6.19417760e+07 5.50700720e+07
 5.09162160e+07 4.69434320e+07 4.40901120e+07 4.22011840e+07
 4.03366960e+07 3.90141600e+07 3.77447680e+07 3.63418720e+07
 3.48688800e+07 3.11105600e+07 2.80760400e+07 2.59356560e+07
 2.41960400e+07 2.26928400e+07 2.13608480e+07 2.00273680e+07
 1.87543360e+07 1.82404400e+07 1.69039360e+07 1.61678320e+07
 1.48711200e+07 1.37494400e+07 1.27321680e+07 1.13082880e+07
 9.97584000e+06 8.56980800e+06 6.69480000e+06 4.94244800e+06
 4.33880000e+06 3.91728800e+06 3.56180800e+06 3.08764000e+06
 2.58891200e+06 2.24344800e+06 1.64408000e+06 1.15574400e+06
 7.60888000e+05 4.46024000e+05 2.16720000e+05 5.99840000e+04]
