Standard Deviation: 2.1860259634806194e-08
Skewness: -0.8278663285920906
Kurtosis: -0.5640574133470473
Median: 5.439457320895061e-08
Mean: 4.835664269713065e-08
Deciles: [3.50319657e-08 6.57031670e-08]
Minimum: 9.648422751005927e-10
Maximum: 7.46462911728014e-08
Bin Edges: [9.64842275e-10 1.70165676e-09 2.43847125e-09 3.17528574e-09
 3.91210023e-09 4.64891472e-09 5.38572921e-09 6.12254370e-09
 6.85935819e-09 7.59617268e-09 8.33298716e-09 9.06980165e-09
 9.80661614e-09 1.05434306e-08 1.12802451e-08 1.20170596e-08
 1.27538741e-08 1.34906886e-08 1.42275031e-08 1.49643176e-08
 1.57011321e-08 1.64379465e-08 1.71747610e-08 1.79115755e-08
 1.86483900e-08 1.93852045e-08 2.01220190e-08 2.08588335e-08
 2.15956480e-08 2.23324625e-08 2.30692769e-08 2.38060914e-08
 2.45429059e-08 2.52797204e-08 2.60165349e-08 2.67533494e-08
 2.74901639e-08 2.82269784e-08 2.89637929e-08 2.97006073e-08
 3.04374218e-08 3.11742363e-08 3.19110508e-08 3.26478653e-08
 3.33846798e-08 3.41214943e-08 3.48583088e-08 3.55951233e-08
 3.63319377e-08 3.70687522e-08 3.78055667e-08 3.85423812e-08
 3.92791957e-08 4.00160102e-08 4.07528247e-08 4.14896392e-08
 4.22264537e-08 4.29632681e-08 4.37000826e-08 4.44368971e-08
 4.51737116e-08 4.59105261e-08 4.66473406e-08 4.73841551e-08
 4.81209696e-08 4.88577841e-08 4.95945985e-08 5.03314130e-08
 5.10682275e-08 5.18050420e-08 5.25418565e-08 5.32786710e-08
 5.40154855e-08 5.47523000e-08 5.54891145e-08 5.62259289e-08
 5.69627434e-08 5.76995579e-08 5.84363724e-08 5.91731869e-08
 5.99100014e-08 6.06468159e-08 6.13836304e-08 6.21204449e-08
 6.28572593e-08 6.35940738e-08 6.43308883e-08 6.50677028e-08
 6.58045173e-08 6.65413318e-08 6.72781463e-08 6.80149608e-08
 6.87517753e-08 6.94885897e-08 7.02254042e-08 7.09622187e-08
 7.16990332e-08 7.24358477e-08 7.31726622e-08 7.39094767e-08
 7.46462912e-08]
Frequencies: [3.3638400e+07 5.0457600e+07 4.8775680e+07 4.2048000e+07 4.8775680e+07
 3.5320320e+07 4.2048000e+07 3.7002240e+07 2.5228800e+07 3.5320320e+07
 4.0366080e+07 1.6819200e+07 3.5320320e+07 2.6910720e+07 3.5320320e+07
 1.6819200e+07 3.0274560e+07 2.1864960e+07 2.3546880e+07 2.3546880e+07
 2.1864960e+07 2.6910720e+07 1.6819200e+07 1.6819200e+07 2.5228800e+07
 2.3546880e+07 1.6819200e+07 1.3455360e+07 2.5228800e+07 1.3455360e+07
 2.0183040e+07 1.3455360e+07 2.0183040e+07 2.5228800e+07 1.0091520e+07
 1.3455360e+07 1.3455360e+07 2.3546880e+07 1.1773440e+07 2.3546880e+07
 6.7276800e+06 1.3455360e+07 1.0091520e+07 2.6910720e+07 1.0091520e+07
 2.1864960e+07 6.7276800e+06 1.3455360e+07 1.0091520e+07 2.0183040e+07
 1.6819200e+07 6.7276800e+06 2.1864960e+07 6.7276800e+06 3.3638400e+06
 1.3455360e+07 2.3546880e+07 1.3455360e+07 1.0091520e+07 1.1773440e+07
 8.4096000e+07 7.5686400e+07 6.8958720e+07 8.9141760e+07 8.0732160e+07
 8.2414080e+07 6.8958720e+07 7.5686400e+07 8.4096000e+07 7.4004480e+07
 6.0549120e+07 8.0732160e+07 8.0732160e+07 6.3912960e+07 7.0640640e+07
 8.4096000e+07 6.3912960e+07 7.4004480e+07 7.7368320e+07 7.0640640e+07
 6.7276800e+07 7.7368320e+07 7.0640640e+07 7.0640640e+07 8.0732160e+07
 7.4004480e+07 7.0640640e+07 8.4096000e+07 7.7368320e+07 6.7276800e+07
 9.0823680e+07 8.7459840e+07 7.7368320e+07 7.7368320e+07 9.7551360e+07
 1.0091520e+08 1.0091520e+08 9.7551360e+07 1.0427904e+08 1.4464512e+08]
