Standard Deviation: 2.1360002491322362e-08
Skewness: 0.22744238926482485
Kurtosis: -0.975003407390501
Median: 5.4773941124343175e-08
Mean: 6.108740803384597e-08
Deciles: [4.56523339e-08 8.11780735e-08]
Minimum: 1.4025153430771776e-08
Maximum: 1.3235093479494737e-07
Bin Edges: [1.40251534e-08 1.52084112e-08 1.63916691e-08 1.75749269e-08
 1.87581847e-08 1.99414425e-08 2.11247003e-08 2.23079581e-08
 2.34912159e-08 2.46744738e-08 2.58577316e-08 2.70409894e-08
 2.82242472e-08 2.94075050e-08 3.05907628e-08 3.17740206e-08
 3.29572784e-08 3.41405363e-08 3.53237941e-08 3.65070519e-08
 3.76903097e-08 3.88735675e-08 4.00568253e-08 4.12400831e-08
 4.24233410e-08 4.36065988e-08 4.47898566e-08 4.59731144e-08
 4.71563722e-08 4.83396300e-08 4.95228878e-08 5.07061457e-08
 5.18894035e-08 5.30726613e-08 5.42559191e-08 5.54391769e-08
 5.66224347e-08 5.78056925e-08 5.89889503e-08 6.01722082e-08
 6.13554660e-08 6.25387238e-08 6.37219816e-08 6.49052394e-08
 6.60884972e-08 6.72717550e-08 6.84550129e-08 6.96382707e-08
 7.08215285e-08 7.20047863e-08 7.31880441e-08 7.43713019e-08
 7.55545597e-08 7.67378176e-08 7.79210754e-08 7.91043332e-08
 8.02875910e-08 8.14708488e-08 8.26541066e-08 8.38373644e-08
 8.50206222e-08 8.62038801e-08 8.73871379e-08 8.85703957e-08
 8.97536535e-08 9.09369113e-08 9.21201691e-08 9.33034269e-08
 9.44866848e-08 9.56699426e-08 9.68532004e-08 9.80364582e-08
 9.92197160e-08 1.00402974e-07 1.01586232e-07 1.02769489e-07
 1.03952747e-07 1.05136005e-07 1.06319263e-07 1.07502521e-07
 1.08685779e-07 1.09869036e-07 1.11052294e-07 1.12235552e-07
 1.13418810e-07 1.14602068e-07 1.15785325e-07 1.16968583e-07
 1.18151841e-07 1.19335099e-07 1.20518357e-07 1.21701614e-07
 1.22884872e-07 1.24068130e-07 1.25251388e-07 1.26434646e-07
 1.27617904e-07 1.28801161e-07 1.29984419e-07 1.31167677e-07
 1.32350935e-07]
Frequencies: [6.71901000e+05 3.09085800e+06 7.03297900e+06 1.25534680e+07
 1.61003630e+07 1.99147960e+07 2.16840030e+07 2.22584870e+07
 2.20011670e+07 2.17517890e+07 2.14172290e+07 2.24032640e+07
 2.58148650e+07 3.29109370e+07 4.19212800e+07 4.87170570e+07
 5.24533640e+07 5.57090010e+07 5.90841620e+07 6.20038730e+07
 6.54537500e+07 7.05832340e+07 7.77547790e+07 8.43613170e+07
 9.11690290e+07 9.84130040e+07 1.08449889e+08 1.17813859e+08
 1.45754862e+08 2.17189265e+08 2.34747054e+08 1.50994129e+08
 1.11222289e+08 9.14600390e+07 7.80476610e+07 6.71582630e+07
 6.09243250e+07 5.60390310e+07 5.23607720e+07 4.85380300e+07
 4.49634720e+07 4.21854700e+07 3.99558510e+07 3.73851210e+07
 3.75096920e+07 3.74760600e+07 3.73675430e+07 3.79131100e+07
 3.78025490e+07 3.70714380e+07 3.96404100e+07 4.89713100e+07
 5.71457920e+07 6.58949740e+07 7.08987780e+07 7.52679580e+07
 8.09246510e+07 8.51294750e+07 9.10052710e+07 9.88201790e+07
 1.00957864e+08 8.71066720e+07 7.73336170e+07 7.47746820e+07
 7.00668330e+07 6.49988700e+07 5.88191590e+07 5.18943850e+07
 4.40423670e+07 3.68360660e+07 3.12683810e+07 2.63764550e+07
 2.24534470e+07 1.73686310e+07 1.34492930e+07 1.15835780e+07
 1.01270740e+07 8.59321400e+06 7.24209400e+06 5.55216800e+06
 4.16448400e+06 3.11972700e+06 2.58010100e+06 2.12965500e+06
 1.73292700e+06 1.39983500e+06 1.05335500e+06 7.80990000e+05
 5.00921000e+05 3.81521000e+05 3.33499000e+05 2.76202000e+05
 2.02328000e+05 1.76319000e+05 8.33110000e+04 6.39500000e+04
 4.47510000e+04 2.55990000e+04 2.30860000e+04 8.06100000e+03]
