Standard Deviation: 2474.3955154709056
Skewness: -3.6048410652547833
Kurtosis: 15.498897943528263
Median: 50580.155157097775
Mean: 49683.71508321605
Deciles: [49535.7157578  50853.16434477]
Minimum: 31722.980759452734
Maximum: 53201.20420587625
Bin Edges: [31722.98075945 31937.76299392 32152.54522838 32367.32746285
 32582.10969731 32796.89193177 33011.67416624 33226.4564007
 33441.23863517 33656.02086963 33870.8031041  34085.58533856
 34300.36757302 34515.14980749 34729.93204195 34944.71427642
 35159.49651088 35374.27874534 35589.06097981 35803.84321427
 36018.62544874 36233.4076832  36448.18991767 36662.97215213
 36877.75438659 37092.53662106 37307.31885552 37522.10108999
 37736.88332445 37951.66555892 38166.44779338 38381.23002784
 38596.01226231 38810.79449677 39025.57673124 39240.3589657
 39455.14120017 39669.92343463 39884.70566909 40099.48790356
 40314.27013802 40529.05237249 40743.83460695 40958.61684141
 41173.39907588 41388.18131034 41602.96354481 41817.74577927
 42032.52801374 42247.3102482  42462.09248266 42676.87471713
 42891.65695159 43106.43918606 43321.22142052 43536.00365499
 43750.78588945 43965.56812391 44180.35035838 44395.13259284
 44609.91482731 44824.69706177 45039.47929624 45254.2615307
 45469.04376516 45683.82599963 45898.60823409 46113.39046856
 46328.17270302 46542.95493748 46757.73717195 46972.51940641
 47187.30164088 47402.08387534 47616.86610981 47831.64834427
 48046.43057873 48261.2128132  48475.99504766 48690.77728213
 48905.55951659 49120.34175106 49335.12398552 49549.90621998
 49764.68845445 49979.47068891 50194.25292338 50409.03515784
 50623.81739231 50838.59962677 51053.38186123 51268.1640957
 51482.94633016 51697.72856463 51912.51079909 52127.29303356
 52342.07526802 52556.85750248 52771.63973695 52986.42197141
 53201.20420588]
Frequencies: [3.24700000e+03 3.43760000e+04 2.14012000e+05 6.12063000e+05
 1.43533000e+06 2.30397700e+06 1.80202800e+06 1.15344100e+06
 7.14157000e+05 1.20462700e+06 1.22384100e+06 1.33601200e+06
 1.95257500e+06 2.31425600e+06 2.51995500e+06 2.48773000e+06
 2.11066500e+06 2.18244900e+06 2.48702500e+06 2.45461800e+06
 2.42623300e+06 3.17838500e+06 3.45430700e+06 3.28083100e+06
 3.14557500e+06 3.40240600e+06 2.82764100e+06 2.90280500e+06
 3.03415800e+06 3.03348500e+06 3.40175200e+06 3.36264500e+06
 2.61021600e+06 2.75447400e+06 2.95381700e+06 3.15654500e+06
 2.69484200e+06 2.25256500e+06 2.54093100e+06 2.69121500e+06
 2.64542100e+06 3.26721500e+06 3.11846400e+06 3.65982400e+06
 3.32332400e+06 2.83760300e+06 3.36972300e+06 3.89896600e+06
 4.07788300e+06 3.97736000e+06 4.66625500e+06 4.96991700e+06
 5.92658300e+06 6.74985100e+06 6.67534600e+06 7.58851900e+06
 7.57407800e+06 7.66260500e+06 8.11978200e+06 9.62523200e+06
 1.14691460e+07 1.23376660e+07 1.39266280e+07 1.63872500e+07
 1.89315660e+07 1.86620140e+07 1.91329730e+07 1.97260660e+07
 2.07127900e+07 2.09699570e+07 2.13203200e+07 2.08863200e+07
 2.26446040e+07 2.73754200e+07 3.06533520e+07 3.66760640e+07
 4.54878420e+07 5.31497890e+07 6.70524880e+07 8.21708750e+07
 9.96509420e+07 1.25561581e+08 1.47194028e+08 1.61996781e+08
 1.79611193e+08 2.07210758e+08 2.53269380e+08 4.68669780e+08
 9.36710193e+08 6.26285215e+08 3.58802163e+08 1.50625148e+08
 4.19595740e+07 8.46057100e+06 1.66038400e+06 3.41380000e+05
 8.73270000e+04 2.18880000e+04 5.56100000e+03 1.86000000e+03]
