Standard Deviation: 4208.141352692869
Skewness: -3.604841065253897
Kurtosis: 15.498897943523485
Median: 73246.73356524331
Mean: 71722.18079203875
Deciles: [71470.48211349 73711.03332862]
Minimum: 41176.81795089586
Maximum: 77704.28484216679
Bin Edges: [41176.8179509  41542.09261981 41907.36728872 42272.64195763
 42637.91662655 43003.19129546 43368.46596437 43733.74063328
 44099.0153022  44464.28997111 44829.56464002 45194.83930894
 45560.11397785 45925.38864676 46290.66331567 46655.93798459
 47021.2126535  47386.48732241 47751.76199132 48117.03666024
 48482.31132915 48847.58599806 49212.86066698 49578.13533589
 49943.4100048  50308.68467371 50673.95934263 51039.23401154
 51404.50868045 51769.78334936 52135.05801828 52500.33268719
 52865.6073561  53230.88202502 53596.15669393 53961.43136284
 54326.70603175 54691.98070067 55057.25536958 55422.53003849
 55787.8047074  56153.07937632 56518.35404523 56883.62871414
 57248.90338306 57614.17805197 57979.45272088 58344.72738979
 58710.00205871 59075.27672762 59440.55139653 59805.82606544
 60171.10073436 60536.37540327 60901.65007218 61266.92474109
 61632.19941001 61997.47407892 62362.74874783 62728.02341675
 63093.29808566 63458.57275457 63823.84742348 64189.1220924
 64554.39676131 64919.67143022 65284.94609913 65650.22076805
 66015.49543696 66380.77010587 66746.04477479 67111.3194437
 67476.59411261 67841.86878152 68207.14345044 68572.41811935
 68937.69278826 69302.96745717 69668.24212609 70033.516795
 70398.79146391 70764.06613283 71129.34080174 71494.61547065
 71859.89013956 72225.16480848 72590.43947739 72955.7141463
 73320.98881521 73686.26348413 74051.53815304 74416.81282195
 74782.08749087 75147.36215978 75512.63682869 75877.9114976
 76243.18616652 76608.46083543 76973.73550434 77339.01017325
 77704.28484217]
Frequencies: [3.24700000e+03 3.43760000e+04 2.14012000e+05 6.12063000e+05
 1.43533000e+06 2.30397700e+06 1.80202800e+06 1.15344100e+06
 7.14157000e+05 1.20462700e+06 1.22384100e+06 1.33601200e+06
 1.95257500e+06 2.31425600e+06 2.51995500e+06 2.48773000e+06
 2.11066500e+06 2.18244900e+06 2.48702500e+06 2.45461800e+06
 2.42623300e+06 3.17838500e+06 3.45430700e+06 3.28083100e+06
 3.14557500e+06 3.40240600e+06 2.82764100e+06 2.90280500e+06
 3.03415800e+06 3.03348500e+06 3.40175200e+06 3.36264500e+06
 2.61021600e+06 2.75447400e+06 2.95381700e+06 3.15654500e+06
 2.69484200e+06 2.25256500e+06 2.54093100e+06 2.69121500e+06
 2.64542100e+06 3.26721500e+06 3.11846400e+06 3.65982400e+06
 3.32332400e+06 2.83760300e+06 3.36972300e+06 3.89896600e+06
 4.07788300e+06 3.97736000e+06 4.66625500e+06 4.96991700e+06
 5.92658300e+06 6.74985100e+06 6.67534600e+06 7.58851900e+06
 7.57407800e+06 7.66260500e+06 8.11978200e+06 9.62523200e+06
 1.14691460e+07 1.23376660e+07 1.39266280e+07 1.63872500e+07
 1.89315660e+07 1.86620140e+07 1.91329730e+07 1.97260660e+07
 2.07127900e+07 2.09699570e+07 2.13203200e+07 2.08863200e+07
 2.26446040e+07 2.73754200e+07 3.06533520e+07 3.66760640e+07
 4.54878420e+07 5.31497890e+07 6.70524880e+07 8.21708750e+07
 9.96509420e+07 1.25561581e+08 1.47194028e+08 1.61996781e+08
 1.79611193e+08 2.07210758e+08 2.53269380e+08 4.68669780e+08
 9.36710193e+08 6.26285215e+08 3.58802163e+08 1.50625148e+08
 4.19595740e+07 8.46057100e+06 1.66038400e+06 3.41380000e+05
 8.73270000e+04 2.18880000e+04 5.56100000e+03 1.86000000e+03]
