Standard Deviation: 9.449348142542878
Skewness: 0.5267004827824942
Kurtosis: 0.08111256924405819
Median: 1.192090028694727
Mean: 2.3994486350396422
Deciles: [-4.53557497  8.38031707]
Minimum: -62.884853754461574
Maximum: 67.55865114822852
Bin Edges: [-62.88485375 -61.58041871 -60.27598366 -58.97154861 -57.66711356
 -56.36267851 -55.05824346 -53.75380841 -52.44937336 -51.14493831
 -49.84050326 -48.53606822 -47.23163317 -45.92719812 -44.62276307
 -43.31832802 -42.01389297 -40.70945792 -39.40502287 -38.10058782
 -36.79615277 -35.49171772 -34.18728268 -32.88284763 -31.57841258
 -30.27397753 -28.96954248 -27.66510743 -26.36067238 -25.05623733
 -23.75180228 -22.44736723 -21.14293219 -19.83849714 -18.53406209
 -17.22962704 -15.92519199 -14.62075694 -13.31632189 -12.01188684
 -10.70745179  -9.40301674  -8.0985817   -6.79414665  -5.4897116
  -4.18527655  -2.8808415   -1.57640645  -0.2719714    1.03246365
   2.3368987    3.64133375   4.94576879   6.25020384   7.55463889
   8.85907394  10.16350899  11.46794404  12.77237909  14.07681414
  15.38124919  16.68568424  17.99011929  19.29455433  20.59898938
  21.90342443  23.20785948  24.51229453  25.81672958  27.12116463
  28.42559968  29.73003473  31.03446978  32.33890482  33.64333987
  34.94777492  36.25220997  37.55664502  38.86108007  40.16551512
  41.46995017  42.77438522  44.07882027  45.38325531  46.68769036
  47.99212541  49.29656046  50.60099551  51.90543056  53.20986561
  54.51430066  55.81873571  57.12317076  58.42760581  59.73204085
  61.0364759   62.34091095  63.645346    64.94978105  66.2542161
  67.55865115]
Frequencies: [6.00000000e+00 2.00000000e+01 1.70000000e+01 2.60000000e+01
 3.40000000e+01 3.40000000e+01 7.40000000e+01 1.26000000e+02
 1.85000000e+02 3.41000000e+02 5.29000000e+02 6.88000000e+02
 1.02500000e+03 1.71300000e+03 2.31800000e+03 3.36100000e+03
 5.05900000e+03 7.06400000e+03 1.02490000e+04 1.48520000e+04
 2.13410000e+04 3.03210000e+04 4.36380000e+04 6.32320000e+04
 9.08370000e+04 1.29850000e+05 1.88094000e+05 2.79817000e+05
 4.13890000e+05 6.22378000e+05 9.75982000e+05 1.60636100e+06
 2.70998500e+06 4.70638300e+06 8.33625500e+06 1.44082320e+07
 2.42430500e+07 3.92834460e+07 6.09193560e+07 8.99873460e+07
 1.24920308e+08 1.61957678e+08 1.96464979e+08 2.24748737e+08
 2.45641783e+08 2.58166575e+08 2.63147037e+08 2.61683175e+08
 2.54368573e+08 2.42628154e+08 2.28128130e+08 2.12407426e+08
 1.96278815e+08 1.80241698e+08 1.64667575e+08 1.49721771e+08
 1.35275481e+08 1.21428778e+08 1.08255888e+08 9.57147520e+07
 8.39432790e+07 7.28457800e+07 6.24588460e+07 5.27287430e+07
 4.38463000e+07 3.58464720e+07 2.87621720e+07 2.26403030e+07
 1.74841490e+07 1.32384930e+07 9.79743200e+06 7.12132200e+06
 5.06632600e+06 3.54107700e+06 2.42091900e+06 1.63147700e+06
 1.07371700e+06 6.90386000e+05 4.35475000e+05 2.66216000e+05
 1.62046000e+05 9.36120000e+04 5.57160000e+04 3.30240000e+04
 1.93650000e+04 1.13100000e+04 6.95000000e+03 3.92800000e+03
 1.98200000e+03 1.16900000e+03 6.47000000e+02 2.71000000e+02
 1.34000000e+02 6.80000000e+01 3.60000000e+01 1.30000000e+01
 4.00000000e+00 8.00000000e+00 3.00000000e+00 2.00000000e+00]
