Standard Deviation: 1.6232791039675382e-07
Skewness: -1.4092499999960897
Kurtosis: 0.447104322097688
Median: 5.157956605052621e-07
Mean: 4.3862191776341175e-07
Deciles: [3.94126506e-07 5.44883777e-07]
Minimum: 1.5591043668488865e-08
Maximum: 5.575747371862842e-07
Bin Edges: [1.55910437e-08 2.10108806e-08 2.64307175e-08 3.18505545e-08
 3.72703914e-08 4.26902283e-08 4.81100653e-08 5.35299022e-08
 5.89497391e-08 6.43695761e-08 6.97894130e-08 7.52092500e-08
 8.06290869e-08 8.60489238e-08 9.14687608e-08 9.68885977e-08
 1.02308435e-07 1.07728272e-07 1.13148109e-07 1.18567945e-07
 1.23987782e-07 1.29407619e-07 1.34827456e-07 1.40247293e-07
 1.45667130e-07 1.51086967e-07 1.56506804e-07 1.61926641e-07
 1.67346478e-07 1.72766315e-07 1.78186152e-07 1.83605989e-07
 1.89025826e-07 1.94445663e-07 1.99865499e-07 2.05285336e-07
 2.10705173e-07 2.16125010e-07 2.21544847e-07 2.26964684e-07
 2.32384521e-07 2.37804358e-07 2.43224195e-07 2.48644032e-07
 2.54063869e-07 2.59483706e-07 2.64903543e-07 2.70323380e-07
 2.75743217e-07 2.81163053e-07 2.86582890e-07 2.92002727e-07
 2.97422564e-07 3.02842401e-07 3.08262238e-07 3.13682075e-07
 3.19101912e-07 3.24521749e-07 3.29941586e-07 3.35361423e-07
 3.40781260e-07 3.46201097e-07 3.51620934e-07 3.57040771e-07
 3.62460608e-07 3.67880444e-07 3.73300281e-07 3.78720118e-07
 3.84139955e-07 3.89559792e-07 3.94979629e-07 4.00399466e-07
 4.05819303e-07 4.11239140e-07 4.16658977e-07 4.22078814e-07
 4.27498651e-07 4.32918488e-07 4.38338325e-07 4.43758162e-07
 4.49177998e-07 4.54597835e-07 4.60017672e-07 4.65437509e-07
 4.70857346e-07 4.76277183e-07 4.81697020e-07 4.87116857e-07
 4.92536694e-07 4.97956531e-07 5.03376368e-07 5.08796205e-07
 5.14216042e-07 5.19635879e-07 5.25055716e-07 5.30475553e-07
 5.35895389e-07 5.41315226e-07 5.46735063e-07 5.52154900e-07
 5.57574737e-07]
Frequencies: [1.3455360e+07 2.3546880e+07 2.5228800e+07 2.5228800e+07 2.5228800e+07
 2.6910720e+07 2.5228800e+07 2.5228800e+07 2.3546880e+07 2.5228800e+07
 2.3546880e+07 1.6819200e+07 2.5228800e+07 1.6819200e+07 2.5228800e+07
 1.6819200e+07 2.3546880e+07 2.1864960e+07 1.6819200e+07 2.0183040e+07
 1.5137280e+07 2.6910720e+07 1.3455360e+07 1.6819200e+07 1.8501120e+07
 1.6819200e+07 1.6819200e+07 1.6819200e+07 1.6819200e+07 1.8501120e+07
 3.3638400e+06 2.6910720e+07 1.6819200e+07 8.4096000e+06 1.6819200e+07
 6.7276800e+06 2.3546880e+07 1.6819200e+07 1.0091520e+07 1.1773440e+07
 1.6819200e+07 2.0183040e+07 6.7276800e+06 1.3455360e+07 1.0091520e+07
 1.5137280e+07 2.0183040e+07 1.0091520e+07 1.0091520e+07 1.3455360e+07
 1.0091520e+07 1.0091520e+07 1.8501120e+07 1.6819200e+07 6.7276800e+06
 1.0091520e+07 1.3455360e+07 6.7276800e+06 1.6819200e+07 1.1773440e+07
 1.6819200e+07 6.7276800e+06 6.7276800e+06 1.0091520e+07 1.3455360e+07
 1.3455360e+07 1.3455360e+07 1.0091520e+07 1.1773440e+07 1.3455360e+07
 3.3638400e+06 1.3455360e+07 3.3638400e+06 1.6819200e+07 1.3455360e+07
 1.3455360e+07 6.7276800e+06 1.1773440e+07 1.0091520e+07 6.7276800e+06
 3.3638400e+06 1.0091520e+07 1.6819200e+07 1.3455360e+07 1.0091520e+07
 1.0091520e+07 6.7276800e+06 1.3118976e+08 2.0519424e+08 1.9510272e+08
 1.9005696e+08 1.9510272e+08 1.9173888e+08 1.9173888e+08 1.8837504e+08
 2.1528576e+08 2.1864960e+08 2.7247104e+08 3.0610944e+08 7.3331712e+08]
