Standard Deviation: 11.912017971476079
Skewness: -0.9948041211517299
Kurtosis: 0.15609810321210915
Median: 257.1518877933371
Mean: 252.88843590177072
Deciles: [245.06746397 262.82282757]
Minimum: 201.79013231849672
Maximum: 277.4550926457545
Bin Edges: [201.79013232 202.54678192 203.30343153 204.06008113 204.81673073
 205.57338033 206.33002994 207.08667954 207.84332914 208.59997875
 209.35662835 210.11327795 210.86992756 211.62657716 212.38322676
 213.13987637 213.89652597 214.65317557 215.40982518 216.16647478
 216.92312438 217.67977399 218.43642359 219.19307319 219.9497228
 220.7063724  221.463022   222.21967161 222.97632121 223.73297081
 224.48962042 225.24627002 226.00291962 226.75956923 227.51621883
 228.27286843 229.02951804 229.78616764 230.54281724 231.29946685
 232.05611645 232.81276605 233.56941566 234.32606526 235.08271486
 235.83936447 236.59601407 237.35266367 238.10931328 238.86596288
 239.62261248 240.37926209 241.13591169 241.89256129 242.6492109
 243.4058605  244.1625101  244.91915971 245.67580931 246.43245891
 247.18910851 247.94575812 248.70240772 249.45905732 250.21570693
 250.97235653 251.72900613 252.48565574 253.24230534 253.99895494
 254.75560455 255.51225415 256.26890375 257.02555336 257.78220296
 258.53885256 259.29550217 260.05215177 260.80880137 261.56545098
 262.32210058 263.07875018 263.83539979 264.59204939 265.34869899
 266.1053486  266.8619982  267.6186478  268.37529741 269.13194701
 269.88859661 270.64524622 271.40189582 272.15854542 272.91519503
 273.67184463 274.42849423 275.18514384 275.94179344 276.69844304
 277.45509265]
Frequencies: [4.43000000e+02 1.24800000e+03 7.26100000e+03 2.34200000e+04
 7.02100000e+04 1.57357000e+05 3.12298000e+05 5.27438000e+05
 7.98336000e+05 1.12729900e+06 1.45124000e+06 1.74724900e+06
 2.02397900e+06 2.29013300e+06 2.51128800e+06 2.73407900e+06
 2.94180900e+06 3.11768000e+06 3.29502400e+06 3.48184100e+06
 3.68407900e+06 3.92935700e+06 4.18951400e+06 4.52600000e+06
 5.15348900e+06 5.95084100e+06 6.97241700e+06 8.25788700e+06
 9.79905600e+06 1.16219650e+07 1.37221330e+07 1.58670000e+07
 1.81643710e+07 2.06357110e+07 2.29811880e+07 2.52706610e+07
 2.75394770e+07 2.97800870e+07 3.17749080e+07 3.36941510e+07
 3.56332160e+07 3.75255140e+07 3.91482360e+07 4.07598420e+07
 4.23611710e+07 4.38124760e+07 4.50871790e+07 4.63000620e+07
 4.72961750e+07 4.83806660e+07 4.94184370e+07 5.02898540e+07
 5.12498520e+07 5.22244320e+07 5.31555250e+07 5.41853310e+07
 5.53344320e+07 5.67184100e+07 5.81429970e+07 5.96014900e+07
 6.12552940e+07 6.29943100e+07 6.48464950e+07 6.68303390e+07
 6.88076330e+07 7.09533760e+07 7.29772510e+07 7.49518890e+07
 7.70790950e+07 7.92988740e+07 8.18379910e+07 8.50998780e+07
 8.94149740e+07 9.56973590e+07 1.04124356e+08 1.15208792e+08
 1.28429946e+08 1.46491640e+08 1.72442189e+08 2.12088131e+08
 2.81407722e+08 3.59229036e+08 3.35303331e+08 2.00147129e+08
 8.61256030e+07 3.16374700e+07 1.12473100e+07 4.05630700e+06
 1.51024400e+06 5.83644000e+05 2.19113000e+05 8.33320000e+04
 3.03310000e+04 1.02250000e+04 2.60000000e+03 9.26000000e+02
 4.76000000e+02 1.13000000e+02 4.40000000e+01 1.10000000e+01]
