Standard Deviation: 3.2316913418665006e-08
Skewness: 0.9184624508337272
Kurtosis: 0.9107851340271735
Median: 8.42049181537758e-08
Mean: 9.037674659264805e-08
Deciles: [6.86364102e-08 1.07252213e-07]
Minimum: 3.00465046382745e-08
Maximum: 3.3091800126467773e-07
Bin Edges: [3.00465046e-08 3.30552196e-08 3.60639346e-08 3.90726495e-08
 4.20813645e-08 4.50900795e-08 4.80987944e-08 5.11075094e-08
 5.41162244e-08 5.71249393e-08 6.01336543e-08 6.31423693e-08
 6.61510842e-08 6.91597992e-08 7.21685142e-08 7.51772291e-08
 7.81859441e-08 8.11946591e-08 8.42033740e-08 8.72120890e-08
 9.02208040e-08 9.32295189e-08 9.62382339e-08 9.92469489e-08
 1.02255664e-07 1.05264379e-07 1.08273094e-07 1.11281809e-07
 1.14290524e-07 1.17299239e-07 1.20307954e-07 1.23316669e-07
 1.26325384e-07 1.29334099e-07 1.32342813e-07 1.35351528e-07
 1.38360243e-07 1.41368958e-07 1.44377673e-07 1.47386388e-07
 1.50395103e-07 1.53403818e-07 1.56412533e-07 1.59421248e-07
 1.62429963e-07 1.65438678e-07 1.68447393e-07 1.71456108e-07
 1.74464823e-07 1.77473538e-07 1.80482253e-07 1.83490968e-07
 1.86499683e-07 1.89508398e-07 1.92517113e-07 1.95525828e-07
 1.98534543e-07 2.01543258e-07 2.04551973e-07 2.07560688e-07
 2.10569403e-07 2.13578118e-07 2.16586833e-07 2.19595548e-07
 2.22604262e-07 2.25612977e-07 2.28621692e-07 2.31630407e-07
 2.34639122e-07 2.37647837e-07 2.40656552e-07 2.43665267e-07
 2.46673982e-07 2.49682697e-07 2.52691412e-07 2.55700127e-07
 2.58708842e-07 2.61717557e-07 2.64726272e-07 2.67734987e-07
 2.70743702e-07 2.73752417e-07 2.76761132e-07 2.79769847e-07
 2.82778562e-07 2.85787277e-07 2.88795992e-07 2.91804707e-07
 2.94813422e-07 2.97822137e-07 3.00830852e-07 3.03839567e-07
 3.06848282e-07 3.09856997e-07 3.12865711e-07 3.15874426e-07
 3.18883141e-07 3.21891856e-07 3.24900571e-07 3.27909286e-07
 3.30918001e-07]
Frequencies: [6.88825200e+06 3.45938470e+07 4.56897790e+07 5.58785760e+07
 6.98207360e+07 7.27556750e+07 7.65727720e+07 8.63648420e+07
 9.25837350e+07 1.12077126e+08 1.38424129e+08 1.79425857e+08
 2.00269164e+08 2.17321474e+08 2.19122890e+08 2.12376405e+08
 2.15013175e+08 2.35290755e+08 2.42364586e+08 2.21455166e+08
 1.84856217e+08 1.56194604e+08 1.20954343e+08 9.14030360e+07
 7.36244370e+07 6.75166430e+07 6.94295270e+07 7.47300680e+07
 7.27846920e+07 7.37228170e+07 7.41893260e+07 7.07852690e+07
 6.50717800e+07 6.11596990e+07 5.51570470e+07 5.04166020e+07
 4.66497910e+07 4.37920070e+07 4.05491210e+07 3.75752240e+07
 3.59074090e+07 3.36580650e+07 3.02006940e+07 2.66893140e+07
 2.45802710e+07 2.20736780e+07 1.93025080e+07 1.65068240e+07
 1.37803190e+07 1.10953660e+07 8.74363100e+06 6.76258400e+06
 5.09120200e+06 3.89806500e+06 3.15619900e+06 2.46890500e+06
 1.88959600e+06 1.35964300e+06 1.00979100e+06 8.01586000e+05
 6.97542000e+05 6.17830000e+05 5.62661000e+05 5.15476000e+05
 4.68412000e+05 4.30448000e+05 3.82602000e+05 3.50533000e+05
 3.33594000e+05 3.04801000e+05 2.79991000e+05 2.49513000e+05
 2.40708000e+05 2.21552000e+05 2.11778000e+05 1.96930000e+05
 1.77895000e+05 1.66725000e+05 1.30205000e+05 1.21194000e+05
 1.07631000e+05 9.93420000e+04 9.14960000e+04 7.57640000e+04
 6.80430000e+04 6.26740000e+04 4.74150000e+04 3.64510000e+04
 2.69290000e+04 2.20040000e+04 1.84760000e+04 1.43450000e+04
 9.48000000e+03 7.51400000e+03 4.58000000e+03 2.51500000e+03
 1.39700000e+03 4.74000000e+02 1.52000000e+02 8.70000000e+01]
