Standard Deviation: 5.86078383689837e-07
Skewness: 1.0480023696069267
Kurtosis: 0.060031034640778635
Median: 3.351387443257973e-07
Mean: 6.061225764132246e-07
Deciles: [1.27232307e-07 1.01458325e-06]
Minimum: 4.637488508255004e-08
Maximum: 2.7175963920944472e-06
Bin Edges: [4.63748851e-08 7.30871002e-08 9.97993152e-08 1.26511530e-07
 1.53223745e-07 1.79935960e-07 2.06648176e-07 2.33360391e-07
 2.60072606e-07 2.86784821e-07 3.13497036e-07 3.40209251e-07
 3.66921466e-07 3.93633681e-07 4.20345896e-07 4.47058111e-07
 4.73770326e-07 5.00482541e-07 5.27194756e-07 5.53906971e-07
 5.80619186e-07 6.07331402e-07 6.34043617e-07 6.60755832e-07
 6.87468047e-07 7.14180262e-07 7.40892477e-07 7.67604692e-07
 7.94316907e-07 8.21029122e-07 8.47741337e-07 8.74453552e-07
 9.01165767e-07 9.27877982e-07 9.54590197e-07 9.81302413e-07
 1.00801463e-06 1.03472684e-06 1.06143906e-06 1.08815127e-06
 1.11486349e-06 1.14157570e-06 1.16828792e-06 1.19500013e-06
 1.22171235e-06 1.24842456e-06 1.27513678e-06 1.30184899e-06
 1.32856121e-06 1.35527342e-06 1.38198564e-06 1.40869785e-06
 1.43541007e-06 1.46212228e-06 1.48883450e-06 1.51554671e-06
 1.54225893e-06 1.56897114e-06 1.59568336e-06 1.62239557e-06
 1.64910779e-06 1.67582000e-06 1.70253222e-06 1.72924443e-06
 1.75595665e-06 1.78266886e-06 1.80938108e-06 1.83609329e-06
 1.86280551e-06 1.88951772e-06 1.91622994e-06 1.94294216e-06
 1.96965437e-06 1.99636659e-06 2.02307880e-06 2.04979102e-06
 2.07650323e-06 2.10321545e-06 2.12992766e-06 2.15663988e-06
 2.18335209e-06 2.21006431e-06 2.23677652e-06 2.26348874e-06
 2.29020095e-06 2.31691317e-06 2.34362538e-06 2.37033760e-06
 2.39704981e-06 2.42376203e-06 2.45047424e-06 2.47718646e-06
 2.50389867e-06 2.53061089e-06 2.55732310e-06 2.58403532e-06
 2.61074753e-06 2.63745975e-06 2.66417196e-06 2.69088418e-06
 2.71759639e-06]
Frequencies: [1.72888168e+08 4.84206992e+08 4.66790352e+08 3.40892216e+08
 2.17011000e+08 1.56861328e+08 1.18749208e+08 9.75748720e+07
 8.37224640e+07 7.53279040e+07 6.91948240e+07 6.49216080e+07
 6.06492880e+07 5.75479200e+07 5.45929120e+07 5.30090000e+07
 5.09570400e+07 4.86816400e+07 4.84545760e+07 4.68445680e+07
 4.51091680e+07 4.48203600e+07 4.33110560e+07 4.24603840e+07
 4.13852640e+07 4.08583520e+07 3.93385840e+07 3.86422560e+07
 3.79396160e+07 3.74967680e+07 3.69555920e+07 3.66617680e+07
 3.61201440e+07 3.58777360e+07 3.58640080e+07 3.55120320e+07
 3.55181840e+07 3.57287120e+07 3.58781680e+07 3.61550480e+07
 3.66541360e+07 3.73289600e+07 3.82130160e+07 3.87327200e+07
 3.97494640e+07 3.88451360e+07 3.71939040e+07 3.65651920e+07
 3.69324640e+07 3.88062880e+07 4.06630800e+07 3.61392560e+07
 3.35860160e+07 3.07917680e+07 3.02620800e+07 2.88246160e+07
 2.75634000e+07 2.56501040e+07 2.43080400e+07 2.33920640e+07
 2.19132880e+07 2.06058000e+07 1.96053280e+07 1.87245840e+07
 1.81741280e+07 1.66634240e+07 1.56135520e+07 1.44542480e+07
 1.35703120e+07 1.30286240e+07 1.20199680e+07 1.13545920e+07
 1.03981680e+07 9.91081600e+06 9.18969600e+06 8.67746400e+06
 8.16506400e+06 7.66221600e+06 7.09932000e+06 6.69212800e+06
 6.22619200e+06 5.91606400e+06 5.33360000e+06 5.12436800e+06
 4.85000000e+06 4.48677600e+06 4.12891200e+06 3.79313600e+06
 3.36051200e+06 2.82200000e+06 2.47950400e+06 2.21286400e+06
 1.94320800e+06 1.38254400e+06 1.02719200e+06 7.82480000e+05
 5.49224000e+05 3.39080000e+05 1.60864000e+05 2.99760000e+04]
