Standard Deviation: 20.160567625333744
Skewness: 1.1506806163959102
Kurtosis: 2.1898769359592283
Median: -0.41647713902816264
Mean: 2.4536224936270665
Deciles: [-9.67245942 10.70254819]
Minimum: -92.51398182310331
Maximum: 126.94506808807796
Bin Edges: [-92.51398182 -90.31939132 -88.12480082 -85.93021033 -83.73561983
 -81.54102933 -79.34643883 -77.15184833 -74.95725783 -72.76266733
 -70.56807683 -68.37348633 -66.17889583 -63.98430533 -61.78971484
 -59.59512434 -57.40053384 -55.20594334 -53.01135284 -50.81676234
 -48.62217184 -46.42758134 -44.23299084 -42.03840034 -39.84380984
 -37.64921935 -35.45462885 -33.26003835 -31.06544785 -28.87085735
 -26.67626685 -24.48167635 -22.28708585 -20.09249535 -17.89790485
 -15.70331435 -13.50872386 -11.31413336  -9.11954286  -6.92495236
  -4.73036186  -2.53577136  -0.34118086   1.85340964   4.04800014
   6.24259064   8.43718114  10.63177164  12.82636213  15.02095263
  17.21554313  19.41013363  21.60472413  23.79931463  25.99390513
  28.18849563  30.38308613  32.57767663  34.77226713  36.96685762
  39.16144812  41.35603862  43.55062912  45.74521962  47.93981012
  50.13440062  52.32899112  54.52358162  56.71817212  58.91276262
  61.10735311  63.30194361  65.49653411  67.69112461  69.88571511
  72.08030561  74.27489611  76.46948661  78.66407711  80.85866761
  83.05325811  85.2478486   87.4424391   89.6370296   91.8316201
  94.0262106   96.2208011   98.4153916  100.6099821  102.8045726
 104.9991631  107.1937536  109.3883441  111.58293459 113.77752509
 115.97211559 118.16670609 120.36129659 122.55588709 124.75047759
 126.94506809]
Frequencies: [1.00000000e+01 4.00000000e+00 1.30000000e+01 1.62000000e+02
 3.18000000e+02 9.49000000e+02 1.71500000e+03 1.97900000e+03
 2.49100000e+03 3.07100000e+03 3.97800000e+03 5.27000000e+03
 6.38600000e+03 8.02700000e+03 1.07160000e+04 1.43470000e+04
 1.73910000e+04 2.23810000e+04 2.88760000e+04 3.47490000e+04
 4.49780000e+04 8.70240000e+04 3.68286000e+05 1.56065900e+06
 5.24765700e+06 1.25986200e+07 2.27242030e+07 3.43687010e+07
 4.78914450e+07 6.38909690e+07 8.01499160e+07 9.31980840e+07
 1.03041785e+08 1.11925513e+08 1.23508113e+08 1.39145533e+08
 1.59567209e+08 1.85458732e+08 2.21740332e+08 2.66811786e+08
 3.00825047e+08 3.06479536e+08 2.81052178e+08 2.49799439e+08
 2.21840333e+08 1.95854465e+08 1.71412413e+08 1.47849371e+08
 1.25531657e+08 1.04782859e+08 8.68670920e+07 7.26657230e+07
 6.15179790e+07 5.26300560e+07 4.57484800e+07 4.02820850e+07
 3.61420750e+07 3.29103850e+07 3.03245150e+07 2.80815000e+07
 2.60781490e+07 2.41569930e+07 2.23224230e+07 2.06275050e+07
 1.90874730e+07 1.77517610e+07 1.64844210e+07 1.53152930e+07
 1.41491940e+07 1.30502220e+07 1.19119290e+07 1.08328190e+07
 9.81436900e+06 8.81855000e+06 7.84335900e+06 6.93335300e+06
 6.03946100e+06 5.12190300e+06 4.25943200e+06 3.49589300e+06
 2.82692000e+06 2.23067100e+06 1.73095400e+06 1.29800600e+06
 9.53968000e+05 6.83414000e+05 4.57213000e+05 3.07315000e+05
 2.03136000e+05 1.27792000e+05 7.74050000e+04 4.87020000e+04
 2.79200000e+04 1.54100000e+04 6.53900000e+03 2.93700000e+03
 9.74000000e+02 4.02000000e+02 1.80000000e+02 7.40000000e+01]
