Standard Deviation: 2.158432429203775e-08
Skewness: 0.4173893652817331
Kurtosis: -0.778835453492364
Median: 4.701683031956982e-08
Mean: 5.222800404936468e-08
Deciles: [3.52073609e-08 7.17637178e-08]
Minimum: 9.874580274971471e-09
Maximum: 1.4591749621970523e-07
Bin Edges: [9.87458027e-09 1.12350094e-08 1.25954386e-08 1.39558678e-08
 1.53162969e-08 1.66767261e-08 1.80371552e-08 1.93975844e-08
 2.07580136e-08 2.21184427e-08 2.34788719e-08 2.48393010e-08
 2.61997302e-08 2.75601593e-08 2.89205885e-08 3.02810177e-08
 3.16414468e-08 3.30018760e-08 3.43623051e-08 3.57227343e-08
 3.70831635e-08 3.84435926e-08 3.98040218e-08 4.11644509e-08
 4.25248801e-08 4.38853093e-08 4.52457384e-08 4.66061676e-08
 4.79665967e-08 4.93270259e-08 5.06874551e-08 5.20478842e-08
 5.34083134e-08 5.47687425e-08 5.61291717e-08 5.74896009e-08
 5.88500300e-08 6.02104592e-08 6.15708883e-08 6.29313175e-08
 6.42917467e-08 6.56521758e-08 6.70126050e-08 6.83730341e-08
 6.97334633e-08 7.10938925e-08 7.24543216e-08 7.38147508e-08
 7.51751799e-08 7.65356091e-08 7.78960382e-08 7.92564674e-08
 8.06168966e-08 8.19773257e-08 8.33377549e-08 8.46981840e-08
 8.60586132e-08 8.74190424e-08 8.87794715e-08 9.01399007e-08
 9.15003298e-08 9.28607590e-08 9.42211882e-08 9.55816173e-08
 9.69420465e-08 9.83024756e-08 9.96629048e-08 1.01023334e-07
 1.02383763e-07 1.03744192e-07 1.05104621e-07 1.06465051e-07
 1.07825480e-07 1.09185909e-07 1.10546338e-07 1.11906767e-07
 1.13267196e-07 1.14627626e-07 1.15988055e-07 1.17348484e-07
 1.18708913e-07 1.20069342e-07 1.21429771e-07 1.22790201e-07
 1.24150630e-07 1.25511059e-07 1.26871488e-07 1.28231917e-07
 1.29592346e-07 1.30952775e-07 1.32313205e-07 1.33673634e-07
 1.35034063e-07 1.36394492e-07 1.37754921e-07 1.39115350e-07
 1.40475780e-07 1.41836209e-07 1.43196638e-07 1.44557067e-07
 1.45917496e-07]
Frequencies: [1.65688300e+06 7.56524800e+06 1.41446440e+07 2.32009730e+07
 3.00639860e+07 3.00332690e+07 3.11747420e+07 3.40363620e+07
 3.84278550e+07 5.24184790e+07 7.16915500e+07 8.82543630e+07
 9.55663110e+07 1.04055602e+08 1.09519971e+08 1.12435629e+08
 1.12952121e+08 1.10263844e+08 1.08722339e+08 1.06315536e+08
 1.06184697e+08 1.07293972e+08 1.10961149e+08 1.16281042e+08
 1.23530405e+08 1.31983695e+08 1.99681127e+08 2.66184497e+08
 1.34993385e+08 7.60978200e+07 5.55097810e+07 4.92852560e+07
 4.58310800e+07 4.33985550e+07 4.26388210e+07 4.26389940e+07
 4.31507640e+07 4.31868380e+07 4.35946170e+07 4.53893460e+07
 4.79183430e+07 4.96145780e+07 5.16311930e+07 5.50682750e+07
 5.97112930e+07 6.61165250e+07 7.53852130e+07 8.15161080e+07
 8.48833850e+07 8.67971690e+07 9.45655230e+07 9.29211370e+07
 8.46965470e+07 7.57229150e+07 6.81042120e+07 5.76111120e+07
 4.85907230e+07 3.80960850e+07 3.02944230e+07 2.52800640e+07
 2.19718050e+07 1.98284260e+07 1.73301510e+07 1.55260150e+07
 1.39507520e+07 1.29711290e+07 1.12849460e+07 9.43527700e+06
 7.47758900e+06 5.42214100e+06 3.99900400e+06 3.19867300e+06
 2.75564100e+06 2.31242500e+06 1.95679700e+06 1.61480100e+06
 1.24333800e+06 1.08758900e+06 7.27576000e+05 3.72215000e+05
 2.45543000e+05 1.96711000e+05 2.08901000e+05 1.77434000e+05
 1.58712000e+05 1.33885000e+05 1.21523000e+05 9.74420000e+04
 1.04222000e+05 9.77960000e+04 8.47850000e+04 5.64140000e+04
 4.79420000e+04 3.83320000e+04 3.59990000e+04 3.01410000e+04
 1.82890000e+04 1.33740000e+04 7.30300000e+03 2.59100000e+03]
