Standard Deviation: 8.342273808366933
Skewness: 0.561591560487172
Kurtosis: 0.15309897122002658
Median: -0.9182490396751226
Mean: 0.13724086065775795
Deciles: [-6.1393066   5.28978475]
Minimum: -55.94893053502307
Maximum: 49.069386428798985
Bin Edges: [-55.94893054 -54.89874737 -53.8485642  -52.79838103 -51.74819786
 -50.69801469 -49.64783152 -48.59764835 -47.54746518 -46.49728201
 -45.44709884 -44.39691567 -43.3467325  -42.29654933 -41.24636616
 -40.19618299 -39.14599982 -38.09581665 -37.04563348 -35.99545031
 -34.94526714 -33.89508397 -32.8449008  -31.79471763 -30.74453446
 -29.69435129 -28.64416812 -27.59398495 -26.54380179 -25.49361862
 -24.44343545 -23.39325228 -22.34306911 -21.29288594 -20.24270277
 -19.1925196  -18.14233643 -17.09215326 -16.04197009 -14.99178692
 -13.94160375 -12.89142058 -11.84123741 -10.79105424  -9.74087107
  -8.6906879   -7.64050473  -6.59032156  -5.54013839  -4.48995522
  -3.43977205  -2.38958888  -1.33940571  -0.28922254   0.76096063
   1.8111438    2.86132696   3.91151013   4.9616933    6.01187647
   7.06205964   8.11224281   9.16242598  10.21260915  11.26279232
  12.31297549  13.36315866  14.41334183  15.463525    16.51370817
  17.56389134  18.61407451  19.66425768  20.71444085  21.76462402
  22.81480719  23.86499036  24.91517353  25.9653567   27.01553987
  28.06572304  29.11590621  30.16608938  31.21627254  32.26645571
  33.31663888  34.36682205  35.41700522  36.46718839  37.51737156
  38.56755473  39.6177379   40.66792107  41.71810424  42.76828741
  43.81847058  44.86865375  45.91883692  46.96902009  48.01920326
  49.06938643]
Frequencies: [1.70000000e+01 1.20000000e+01 1.60000000e+01 1.80000000e+01
 4.40000000e+01 6.10000000e+01 1.01000000e+02 1.23000000e+02
 2.85000000e+02 5.02000000e+02 9.16000000e+02 1.26400000e+03
 1.87800000e+03 2.63600000e+03 4.03400000e+03 6.22600000e+03
 9.17000000e+03 1.30200000e+04 1.86780000e+04 2.80560000e+04
 4.00470000e+04 5.68320000e+04 8.07170000e+04 1.13952000e+05
 1.60639000e+05 2.24060000e+05 3.08001000e+05 4.28640000e+05
 5.87917000e+05 7.90027000e+05 1.04987900e+06 1.38843500e+06
 1.83934600e+06 2.40932700e+06 3.15267200e+06 4.18647300e+06
 5.76186200e+06 8.55952900e+06 1.37967550e+07 2.34962150e+07
 4.00166490e+07 6.55936200e+07 1.00842959e+08 1.42638135e+08
 1.82350879e+08 2.10886491e+08 2.25506792e+08 2.31339207e+08
 2.32957528e+08 2.32211439e+08 2.28268215e+08 2.22260018e+08
 2.15219674e+08 2.08252614e+08 2.01827760e+08 1.93663320e+08
 1.83149527e+08 1.70137696e+08 1.55672739e+08 1.40205062e+08
 1.23941874e+08 1.07834445e+08 9.32111240e+07 8.09654200e+07
 7.09024440e+07 6.25787220e+07 5.55273800e+07 4.93470370e+07
 4.38267330e+07 3.88610130e+07 3.42321500e+07 2.94644110e+07
 2.47108290e+07 2.00902580e+07 1.57948810e+07 1.20220920e+07
 8.85041300e+06 6.20232100e+06 4.16736500e+06 2.72049300e+06
 1.72540900e+06 1.07036500e+06 6.42714000e+05 3.85582000e+05
 2.35329000e+05 1.43009000e+05 8.60350000e+04 5.20890000e+04
 3.08340000e+04 1.81690000e+04 1.04120000e+04 6.36600000e+03
 3.68500000e+03 1.97300000e+03 1.02900000e+03 4.78000000e+02
 2.50000000e+02 9.40000000e+01 5.00000000e+01 1.70000000e+01]
