Standard Deviation: 6.0493619725334495
Skewness: 0.06826008936029723
Kurtosis: 14.661201861601544
Median: -0.012627298347493137
Mean: -0.004678603622332756
Deciles: [-2.01619362  1.99054134]
Minimum: -73.39158875835633
Maximum: 80.96092625682837
Bin Edges: [-73.39158876 -71.84806361 -70.30453846 -68.76101331 -67.21748816
 -65.67396301 -64.13043786 -62.58691271 -61.04338756 -59.49986241
 -57.95633726 -56.41281211 -54.86928696 -53.32576181 -51.78223666
 -50.23871151 -48.69518636 -47.15166121 -45.60813606 -44.06461091
 -42.52108576 -40.97756061 -39.43403546 -37.8905103  -36.34698515
 -34.80346    -33.25993485 -31.7164097  -30.17288455 -28.6293594
 -27.08583425 -25.5423091  -23.99878395 -22.4552588  -20.91173365
 -19.3682085  -17.82468335 -16.2811582  -14.73763305 -13.1941079
 -11.65058275 -10.1070576   -8.56353245  -7.0200073   -5.47648215
  -3.932957    -2.38943185  -0.8459067    0.69761845   2.2411436
   3.78466875   5.3281939    6.87171905   8.4152442    9.95876935
  11.5022945   13.04581965  14.5893448   16.13286995  17.6763951
  19.21992025  20.7634454   22.30697055  23.8504957   25.39402085
  26.937546    28.48107115  30.0245963   31.56812145  33.1116466
  34.65517175  36.1986969   37.74222205  39.2857472   40.82927235
  42.3727975   43.91632265  45.4598478   47.00337295  48.5468981
  50.09042325  51.6339484   53.17747355  54.7209987   56.26452385
  57.808049    59.35157415  60.8950993   62.43862446  63.98214961
  65.52567476  67.06919991  68.61272506  70.15625021  71.69977536
  73.24330051  74.78682566  76.33035081  77.87387596  79.41740111
  80.96092626]
Frequencies: [1.02000000e+02 3.27000000e+02 7.53000000e+02 1.31700000e+03
 2.79300000e+03 5.98200000e+03 1.17640000e+04 2.06770000e+04
 3.40300000e+04 5.02350000e+04 6.87040000e+04 9.43630000e+04
 1.30844000e+05 1.76870000e+05 2.25430000e+05 2.68046000e+05
 3.25554000e+05 3.93363000e+05 4.76738000e+05 5.78528000e+05
 7.13468000e+05 8.58630000e+05 1.02795700e+06 1.22344500e+06
 1.44236300e+06 1.70276100e+06 2.02809000e+06 2.38358600e+06
 2.82265300e+06 3.36725700e+06 3.99472600e+06 4.76116300e+06
 5.69214300e+06 6.79025900e+06 8.08962700e+06 9.72660300e+06
 1.17669200e+07 1.43274740e+07 1.76153320e+07 2.20139100e+07
 2.82376380e+07 3.80143220e+07 5.60227050e+07 9.76384660e+07
 2.02734010e+08 4.32880754e+08 7.69508093e+08 9.66438128e+08
 7.95423203e+08 4.57565424e+08 2.15764326e+08 1.02742340e+08
 5.75750590e+07 3.83027070e+07 2.83982360e+07 2.21817490e+07
 1.78076950e+07 1.45796710e+07 1.20190710e+07 9.98702800e+06
 8.32410500e+06 6.98828400e+06 5.88269100e+06 4.97013500e+06
 4.21468600e+06 3.56157400e+06 3.01098300e+06 2.53937200e+06
 2.13978700e+06 1.79683400e+06 1.51558400e+06 1.27329400e+06
 1.08136600e+06 9.14488000e+05 7.69952000e+05 6.38886000e+05
 5.28678000e+05 4.36183000e+05 3.55323000e+05 2.80894000e+05
 2.23827000e+05 1.74952000e+05 1.39054000e+05 1.06382000e+05
 8.00480000e+04 5.84930000e+04 4.17360000e+04 3.09670000e+04
 2.27190000e+04 1.64640000e+04 1.15070000e+04 7.53200000e+03
 4.93400000e+03 2.81000000e+03 1.53700000e+03 9.65000000e+02
 6.79000000e+02 5.11000000e+02 2.73000000e+02 9.90000000e+01]
