Standard Deviation: 16.673756208297725
Skewness: 1.2602943667648994
Kurtosis: 2.60153263600212
Median: 0.8819107910568711
Mean: 3.249295248923036
Deciles: [-6.75632911  9.77085683]
Minimum: -64.05769440405378
Maximum: 100.33439208175038
Bin Edges: [-6.40576944e+01 -6.24137735e+01 -6.07698527e+01 -5.91259318e+01
 -5.74820109e+01 -5.58380901e+01 -5.41941692e+01 -5.25502484e+01
 -5.09063275e+01 -4.92624066e+01 -4.76184858e+01 -4.59745649e+01
 -4.43306440e+01 -4.26867232e+01 -4.10428023e+01 -3.93988814e+01
 -3.77549606e+01 -3.61110397e+01 -3.44671188e+01 -3.28231980e+01
 -3.11792771e+01 -2.95353562e+01 -2.78914354e+01 -2.62475145e+01
 -2.46035936e+01 -2.29596728e+01 -2.13157519e+01 -1.96718311e+01
 -1.80279102e+01 -1.63839893e+01 -1.47400685e+01 -1.30961476e+01
 -1.14522267e+01 -9.80830586e+00 -8.16438500e+00 -6.52046413e+00
 -4.87654327e+00 -3.23262240e+00 -1.58870154e+00  5.52193254e-02
  1.69914019e+00  3.34306106e+00  4.98698192e+00  6.63090278e+00
  8.27482365e+00  9.91874451e+00  1.15626654e+01  1.32065862e+01
  1.48505071e+01  1.64944280e+01  1.81383488e+01  1.97822697e+01
  2.14261906e+01  2.30701114e+01  2.47140323e+01  2.63579532e+01
  2.80018740e+01  2.96457949e+01  3.12897158e+01  3.29336366e+01
  3.45775575e+01  3.62214784e+01  3.78653992e+01  3.95093201e+01
  4.11532409e+01  4.27971618e+01  4.44410827e+01  4.60850035e+01
  4.77289244e+01  4.93728453e+01  5.10167661e+01  5.26606870e+01
  5.43046079e+01  5.59485287e+01  5.75924496e+01  5.92363705e+01
  6.08802913e+01  6.25242122e+01  6.41681331e+01  6.58120539e+01
  6.74559748e+01  6.90998956e+01  7.07438165e+01  7.23877374e+01
  7.40316582e+01  7.56755791e+01  7.73195000e+01  7.89634208e+01
  8.06073417e+01  8.22512626e+01  8.38951834e+01  8.55391043e+01
  8.71830252e+01  8.88269460e+01  9.04708669e+01  9.21147878e+01
  9.37587086e+01  9.54026295e+01  9.70465504e+01  9.86904712e+01
  1.00334392e+02]
Frequencies: [1.02000000e+02 2.26000000e+02 6.53000000e+02 1.23400000e+03
 2.06400000e+03 3.83500000e+03 5.87900000e+03 7.93000000e+03
 8.79300000e+03 1.06700000e+04 1.29610000e+04 1.61230000e+04
 2.08120000e+04 2.62310000e+04 3.23150000e+04 4.18270000e+04
 5.72770000e+04 9.73790000e+04 2.62702000e+05 8.71820000e+05
 2.77635500e+06 7.60630200e+06 1.68576090e+07 3.04115120e+07
 4.55384670e+07 5.87499210e+07 6.90142070e+07 7.67769470e+07
 8.33637330e+07 9.06339090e+07 1.00709639e+08 1.14620887e+08
 1.32329906e+08 1.53763053e+08 1.77793255e+08 2.05564136e+08
 2.35878894e+08 2.60641795e+08 2.71081656e+08 2.65621166e+08
 2.49727788e+08 2.27514161e+08 2.03624080e+08 1.79825103e+08
 1.57223366e+08 1.36111716e+08 1.16505732e+08 9.85229710e+07
 8.28786160e+07 6.99571850e+07 5.95171650e+07 5.09560510e+07
 4.39460060e+07 3.84444040e+07 3.42223340e+07 3.09230770e+07
 2.82257830e+07 2.60838750e+07 2.41743790e+07 2.25460640e+07
 2.10652090e+07 1.96304580e+07 1.83279410e+07 1.71669750e+07
 1.61461590e+07 1.51834760e+07 1.42824420e+07 1.34270630e+07
 1.26293040e+07 1.17841630e+07 1.09660270e+07 1.01864020e+07
 9.47447700e+06 8.78540400e+06 8.09713500e+06 7.39817500e+06
 6.72306500e+06 6.03653100e+06 5.38229200e+06 4.75050500e+06
 4.15737500e+06 3.60342800e+06 3.07775600e+06 2.57153100e+06
 2.09638800e+06 1.66086000e+06 1.29345300e+06 9.84580000e+05
 7.17778000e+05 5.12540000e+05 3.56555000e+05 2.32379000e+05
 1.49556000e+05 8.99470000e+04 4.82580000e+04 2.40130000e+04
 1.21460000e+04 5.33500000e+03 2.36600000e+03 5.15000000e+02]
