Standard Deviation: 1.0074193341365548e-30
Skewness: 50651.52998194529
Kurtosis: 2872742774.6375995
Median: 0.0
Mean: 3.106077880655851e-35
Deciles: [0. 0.]
Minimum: 0.0
Maximum: 6.015817921120928e-26
Bin Edges: [0.00000000e+00 6.01581792e-28 1.20316358e-27 1.80474538e-27
 2.40632717e-27 3.00790896e-27 3.60949075e-27 4.21107254e-27
 4.81265434e-27 5.41423613e-27 6.01581792e-27 6.61739971e-27
 7.21898151e-27 7.82056330e-27 8.42214509e-27 9.02372688e-27
 9.62530867e-27 1.02268905e-26 1.08284723e-26 1.14300541e-26
 1.20316358e-26 1.26332176e-26 1.32347994e-26 1.38363812e-26
 1.44379630e-26 1.50395448e-26 1.56411266e-26 1.62427084e-26
 1.68442902e-26 1.74458720e-26 1.80474538e-26 1.86490356e-26
 1.92506173e-26 1.98521991e-26 2.04537809e-26 2.10553627e-26
 2.16569445e-26 2.22585263e-26 2.28601081e-26 2.34616899e-26
 2.40632717e-26 2.46648535e-26 2.52664353e-26 2.58680171e-26
 2.64695989e-26 2.70711806e-26 2.76727624e-26 2.82743442e-26
 2.88759260e-26 2.94775078e-26 3.00790896e-26 3.06806714e-26
 3.12822532e-26 3.18838350e-26 3.24854168e-26 3.30869986e-26
 3.36885804e-26 3.42901622e-26 3.48917439e-26 3.54933257e-26
 3.60949075e-26 3.66964893e-26 3.72980711e-26 3.78996529e-26
 3.85012347e-26 3.91028165e-26 3.97043983e-26 4.03059801e-26
 4.09075619e-26 4.15091437e-26 4.21107254e-26 4.27123072e-26
 4.33138890e-26 4.39154708e-26 4.45170526e-26 4.51186344e-26
 4.57202162e-26 4.63217980e-26 4.69233798e-26 4.75249616e-26
 4.81265434e-26 4.87281252e-26 4.93297070e-26 4.99312887e-26
 5.05328705e-26 5.11344523e-26 5.17360341e-26 5.23376159e-26
 5.29391977e-26 5.35407795e-26 5.41423613e-26 5.47439431e-26
 5.53455249e-26 5.59471067e-26 5.65486885e-26 5.71502703e-26
 5.77518520e-26 5.83534338e-26 5.89550156e-26 5.95565974e-26
 6.01581792e-26]
Frequencies: [4.54118399e+09 2.00000000e+00 0.00000000e+00 3.00000000e+00
 1.00000000e+00 1.00000000e+00 2.00000000e+00 0.00000000e+00
 0.00000000e+00 0.00000000e+00 0.00000000e+00 1.00000000e+00
 0.00000000e+00 1.00000000e+00 0.00000000e+00 0.00000000e+00
 0.00000000e+00 0.00000000e+00 0.00000000e+00 0.00000000e+00
 0.00000000e+00 0.00000000e+00 0.00000000e+00 0.00000000e+00
 0.00000000e+00 0.00000000e+00 0.00000000e+00 0.00000000e+00
 0.00000000e+00 0.00000000e+00 0.00000000e+00 1.00000000e+00
 0.00000000e+00 0.00000000e+00 0.00000000e+00 1.00000000e+00
 0.00000000e+00 0.00000000e+00 0.00000000e+00 0.00000000e+00
 0.00000000e+00 0.00000000e+00 0.00000000e+00 0.00000000e+00
 0.00000000e+00 0.00000000e+00 0.00000000e+00 0.00000000e+00
 0.00000000e+00 0.00000000e+00 0.00000000e+00 0.00000000e+00
 0.00000000e+00 0.00000000e+00 0.00000000e+00 0.00000000e+00
 0.00000000e+00 0.00000000e+00 0.00000000e+00 0.00000000e+00
 0.00000000e+00 0.00000000e+00 0.00000000e+00 0.00000000e+00
 0.00000000e+00 0.00000000e+00 0.00000000e+00 0.00000000e+00
 0.00000000e+00 0.00000000e+00 0.00000000e+00 0.00000000e+00
 0.00000000e+00 0.00000000e+00 0.00000000e+00 0.00000000e+00
 0.00000000e+00 0.00000000e+00 0.00000000e+00 0.00000000e+00
 0.00000000e+00 0.00000000e+00 0.00000000e+00 0.00000000e+00
 0.00000000e+00 0.00000000e+00 0.00000000e+00 0.00000000e+00
 0.00000000e+00 0.00000000e+00 0.00000000e+00 0.00000000e+00
 0.00000000e+00 0.00000000e+00 0.00000000e+00 0.00000000e+00
 0.00000000e+00 0.00000000e+00 0.00000000e+00 1.00000000e+00]
