Standard Deviation: 12.190695371572916
Skewness: -1.1453709603722289
Kurtosis: 1.083667972916075
Median: 283.43329903578575
Mean: 279.41312068519335
Deciles: [271.88219128 289.04924037]
Minimum: 215.81223392862523
Maximum: 307.585673761049
Bin Edges: [215.81223393 216.72996833 217.64770273 218.56543712 219.48317152
 220.40090592 221.31864032 222.23637472 223.15410912 224.07184351
 224.98957791 225.90731231 226.82504671 227.74278111 228.66051551
 229.5782499  230.4959843  231.4137187  232.3314531  233.2491875
 234.1669219  235.08465629 236.00239069 236.92012509 237.83785949
 238.75559389 239.67332829 240.59106268 241.50879708 242.42653148
 243.34426588 244.26200028 245.17973468 246.09746907 247.01520347
 247.93293787 248.85067227 249.76840667 250.68614106 251.60387546
 252.52160986 253.43934426 254.35707866 255.27481306 256.19254745
 257.11028185 258.02801625 258.94575065 259.86348505 260.78121945
 261.69895384 262.61668824 263.53442264 264.45215704 265.36989144
 266.28762584 267.20536023 268.12309463 269.04082903 269.95856343
 270.87629783 271.79403223 272.71176662 273.62950102 274.54723542
 275.46496982 276.38270422 277.30043862 278.21817301 279.13590741
 280.05364181 280.97137621 281.88911061 282.80684501 283.7245794
 284.6423138  285.5600482  286.4777826  287.395517   288.3132514
 289.23098579 290.14872019 291.06645459 291.98418899 292.90192339
 293.81965779 294.73739218 295.65512658 296.57286098 297.49059538
 298.40832978 299.32606418 300.24379857 301.16153297 302.07926737
 302.99700177 303.91473617 304.83247057 305.75020496 306.66793936
 307.58567376]
Frequencies: [8.36000000e+02 4.57300000e+03 1.23100000e+04 2.66530000e+04
 4.91380000e+04 9.28970000e+04 1.55309000e+05 2.40418000e+05
 3.57859000e+05 4.95771000e+05 6.72127000e+05 8.59849000e+05
 1.07046200e+06 1.27677600e+06 1.49334200e+06 1.70099900e+06
 1.87105500e+06 2.05553300e+06 2.24223000e+06 2.38969900e+06
 2.56460500e+06 2.71729100e+06 2.90470300e+06 3.07003400e+06
 3.28510800e+06 3.52580600e+06 3.80800300e+06 4.16742100e+06
 4.56727500e+06 5.01754200e+06 5.57482900e+06 6.29298200e+06
 7.12723900e+06 8.10811900e+06 9.15105400e+06 1.03058160e+07
 1.15062640e+07 1.28376860e+07 1.42648660e+07 1.57803800e+07
 1.74811210e+07 1.93464160e+07 2.12145520e+07 2.31451180e+07
 2.54903350e+07 2.81993130e+07 3.13432450e+07 3.50642320e+07
 3.92750370e+07 4.36576270e+07 4.78046690e+07 5.15885490e+07
 5.47501720e+07 5.75912150e+07 6.01548560e+07 6.28658710e+07
 6.56121910e+07 6.86502150e+07 7.13389000e+07 7.38450670e+07
 7.58649530e+07 7.71818850e+07 7.81250600e+07 7.91786890e+07
 8.04841230e+07 8.19725590e+07 8.38243340e+07 8.59368480e+07
 8.86009940e+07 9.21557900e+07 9.70841940e+07 1.03793926e+08
 1.12213133e+08 1.21906633e+08 1.32701745e+08 1.44583693e+08
 1.59372318e+08 1.82304071e+08 2.26386672e+08 3.23777232e+08
 3.92666883e+08 2.76358283e+08 1.48496521e+08 8.70952570e+07
 5.44804480e+07 3.49489270e+07 2.29076790e+07 1.52579750e+07
 1.04184070e+07 7.09514700e+06 4.71396800e+06 3.03181300e+06
 1.89186700e+06 1.16100700e+06 6.57143000e+05 3.12833000e+05
 1.25448000e+05 4.06670000e+04 1.01970000e+04 1.11800000e+03]
