Standard Deviation: 0.003289217714992674
Skewness: 0.6891445192295453
Kurtosis: -0.6745628507830106
Median: 0.0032057364970555077
Mean: 0.004134388863803165
Deciles: [0.00131793 0.00655621]
Minimum: 1.1180228311542724e-12
Maximum: 0.019104676350617834
Bin Edges: [1.11802283e-12 1.91046765e-04 3.82093528e-04 5.73140292e-04
 7.64187055e-04 9.55233819e-04 1.14628058e-03 1.33732735e-03
 1.52837411e-03 1.71942087e-03 1.91046764e-03 2.10151440e-03
 2.29256116e-03 2.48360793e-03 2.67465469e-03 2.86570145e-03
 3.05674822e-03 3.24779498e-03 3.43884174e-03 3.62988851e-03
 3.82093527e-03 4.01198203e-03 4.20302880e-03 4.39407556e-03
 4.58512232e-03 4.77616909e-03 4.96721585e-03 5.15826262e-03
 5.34930938e-03 5.54035614e-03 5.73140291e-03 5.92244967e-03
 6.11349643e-03 6.30454320e-03 6.49558996e-03 6.68663672e-03
 6.87768349e-03 7.06873025e-03 7.25977701e-03 7.45082378e-03
 7.64187054e-03 7.83291730e-03 8.02396407e-03 8.21501083e-03
 8.40605759e-03 8.59710436e-03 8.78815112e-03 8.97919789e-03
 9.17024465e-03 9.36129141e-03 9.55233818e-03 9.74338494e-03
 9.93443170e-03 1.01254785e-02 1.03165252e-02 1.05075720e-02
 1.06986188e-02 1.08896655e-02 1.10807123e-02 1.12717590e-02
 1.14628058e-02 1.16538526e-02 1.18448993e-02 1.20359461e-02
 1.22269929e-02 1.24180396e-02 1.26090864e-02 1.28001332e-02
 1.29911799e-02 1.31822267e-02 1.33732734e-02 1.35643202e-02
 1.37553670e-02 1.39464137e-02 1.41374605e-02 1.43285073e-02
 1.45195540e-02 1.47106008e-02 1.49016476e-02 1.50926943e-02
 1.52837411e-02 1.54747878e-02 1.56658346e-02 1.58568814e-02
 1.60479281e-02 1.62389749e-02 1.64300217e-02 1.66210684e-02
 1.68121152e-02 1.70031620e-02 1.71942087e-02 1.73852555e-02
 1.75763022e-02 1.77673490e-02 1.79583958e-02 1.81494425e-02
 1.83404893e-02 1.85315361e-02 1.87225828e-02 1.89136296e-02
 1.91046764e-02]
Frequencies: [1.25606070e+08 1.76556791e+08 1.85779808e+08 1.80125768e+08
 1.70369746e+08 1.60636575e+08 1.51154900e+08 1.42378089e+08
 1.34023414e+08 1.26646738e+08 1.20451317e+08 1.14848815e+08
 1.09656427e+08 1.04772480e+08 1.00170063e+08 9.57047240e+07
 9.15043210e+07 8.75079890e+07 8.35889030e+07 7.98838100e+07
 7.63681620e+07 7.30177930e+07 6.99243710e+07 6.71715060e+07
 6.45924200e+07 6.21534590e+07 5.99666300e+07 5.79593790e+07
 5.61743110e+07 5.46370300e+07 5.33117510e+07 5.21694690e+07
 5.11171470e+07 5.02049870e+07 4.94116810e+07 4.87298930e+07
 4.80496870e+07 4.74236350e+07 4.68908370e+07 4.64366720e+07
 4.60042280e+07 4.57039330e+07 4.55087710e+07 4.54089890e+07
 4.53531170e+07 4.52712940e+07 4.51293160e+07 4.49362430e+07
 4.46230350e+07 4.42085670e+07 4.36076000e+07 4.27995740e+07
 4.16724390e+07 4.02202810e+07 3.82624960e+07 3.56869950e+07
 3.25979200e+07 2.89739710e+07 2.49263560e+07 2.06997520e+07
 1.65268150e+07 1.27313490e+07 9.44315800e+06 6.80639500e+06
 4.78958000e+06 3.31813100e+06 2.32456000e+06 1.65932000e+06
 1.20913300e+06 9.06667000e+05 6.92214000e+05 5.29336000e+05
 4.06204000e+05 3.08995000e+05 2.31372000e+05 1.72507000e+05
 1.26639000e+05 9.16300000e+04 6.70660000e+04 4.78410000e+04
 3.37030000e+04 2.39620000e+04 1.75570000e+04 1.26250000e+04
 9.45900000e+03 7.03000000e+03 5.30200000e+03 3.77800000e+03
 2.82300000e+03 2.10700000e+03 1.49800000e+03 1.09000000e+03
 7.96000000e+02 4.29000000e+02 2.11000000e+02 1.57000000e+02
 5.00000000e+01 1.80000000e+01 3.40000000e+01 1.40000000e+01]
