Standard Deviation: 5.8525426832518005e-09
Skewness: -12.366478837145483
Kurtosis: 164.15097178922565
Median: 9.986058137126286e-07
Mean: 9.98061792993844e-07
Deciles: [9.98605814e-07 9.98605814e-07]
Minimum: 8.819617726951394e-07
Maximum: 9.986058137126286e-07
Bin Edges: [8.81961773e-07 8.83128213e-07 8.84294654e-07 8.85461094e-07
 8.86627534e-07 8.87793975e-07 8.88960415e-07 8.90126856e-07
 8.91293296e-07 8.92459736e-07 8.93626177e-07 8.94792617e-07
 8.95959058e-07 8.97125498e-07 8.98291938e-07 8.99458379e-07
 9.00624819e-07 9.01791260e-07 9.02957700e-07 9.04124140e-07
 9.05290581e-07 9.06457021e-07 9.07623462e-07 9.08789902e-07
 9.09956343e-07 9.11122783e-07 9.12289223e-07 9.13455664e-07
 9.14622104e-07 9.15788545e-07 9.16954985e-07 9.18121425e-07
 9.19287866e-07 9.20454306e-07 9.21620747e-07 9.22787187e-07
 9.23953627e-07 9.25120068e-07 9.26286508e-07 9.27452949e-07
 9.28619389e-07 9.29785830e-07 9.30952270e-07 9.32118710e-07
 9.33285151e-07 9.34451591e-07 9.35618032e-07 9.36784472e-07
 9.37950912e-07 9.39117353e-07 9.40283793e-07 9.41450234e-07
 9.42616674e-07 9.43783114e-07 9.44949555e-07 9.46115995e-07
 9.47282436e-07 9.48448876e-07 9.49615316e-07 9.50781757e-07
 9.51948197e-07 9.53114638e-07 9.54281078e-07 9.55447519e-07
 9.56613959e-07 9.57780399e-07 9.58946840e-07 9.60113280e-07
 9.61279721e-07 9.62446161e-07 9.63612601e-07 9.64779042e-07
 9.65945482e-07 9.67111923e-07 9.68278363e-07 9.69444803e-07
 9.70611244e-07 9.71777684e-07 9.72944125e-07 9.74110565e-07
 9.75277006e-07 9.76443446e-07 9.77609886e-07 9.78776327e-07
 9.79942767e-07 9.81109208e-07 9.82275648e-07 9.83442088e-07
 9.84608529e-07 9.85774969e-07 9.86941410e-07 9.88107850e-07
 9.89274290e-07 9.90440731e-07 9.91607171e-07 9.92773612e-07
 9.93940052e-07 9.95106492e-07 9.96272933e-07 9.97439373e-07
 9.98605814e-07]
Frequencies: [3.53000000e+02 1.27300000e+03 2.89800000e+03 6.45400000e+03
 1.30550000e+04 2.09980000e+04 3.47050000e+04 5.29280000e+04
 7.54780000e+04 9.68810000e+04 1.25911000e+05 1.60411000e+05
 1.85668000e+05 2.25600000e+05 2.62570000e+05 2.93109000e+05
 3.20053000e+05 3.59573000e+05 3.98236000e+05 4.26105000e+05
 4.40877000e+05 4.55487000e+05 4.65407000e+05 4.58239000e+05
 4.67568000e+05 4.67074000e+05 4.60785000e+05 4.55652000e+05
 4.60216000e+05 4.64655000e+05 4.72419000e+05 4.73368000e+05
 4.87967000e+05 4.85335000e+05 5.07407000e+05 5.24283000e+05
 5.41055000e+05 5.48939000e+05 5.67746000e+05 5.78017000e+05
 5.73817000e+05 5.93490000e+05 5.88855000e+05 5.88358000e+05
 5.92341000e+05 5.87289000e+05 6.02565000e+05 6.01181000e+05
 5.96077000e+05 5.88326000e+05 6.00237000e+05 6.02652000e+05
 6.09463000e+05 6.25404000e+05 6.26478000e+05 6.51231000e+05
 6.53939000e+05 6.74460000e+05 6.89133000e+05 6.88614000e+05
 6.82790000e+05 6.85157000e+05 6.79680000e+05 6.78797000e+05
 6.63398000e+05 6.60533000e+05 6.44924000e+05 6.37855000e+05
 6.29104000e+05 6.35158000e+05 6.30373000e+05 6.53549000e+05
 6.75555000e+05 6.92793000e+05 7.15005000e+05 7.25236000e+05
 7.50586000e+05 7.76439000e+05 7.82660000e+05 7.77410000e+05
 7.54571000e+05 7.43666000e+05 7.09136000e+05 7.06350000e+05
 7.01162000e+05 7.05060000e+05 7.31609000e+05 7.71510000e+05
 8.10823000e+05 8.57140000e+05 8.82379000e+05 9.02921000e+05
 8.94464000e+05 8.72610000e+05 8.48438000e+05 8.41654000e+05
 8.33764000e+05 8.26572000e+05 8.52836000e+05 4.48698167e+09]
