Standard Deviation: 2.162505947651369e-08
Skewness: 0.25782094243175185
Kurtosis: -0.8707797287125683
Median: 6.62865320470538e-08
Mean: 7.086951467582033e-08
Deciles: [5.35477747e-08 8.94329862e-08]
Minimum: 2.2504731492052023e-08
Maximum: 1.4935589057980345e-07
Bin Edges: [2.25047315e-08 2.37732431e-08 2.50417547e-08 2.63102663e-08
 2.75787779e-08 2.88472894e-08 3.01158010e-08 3.13843126e-08
 3.26528242e-08 3.39213358e-08 3.51898474e-08 3.64583590e-08
 3.77268706e-08 3.89953822e-08 4.02638938e-08 4.15324054e-08
 4.28009169e-08 4.40694285e-08 4.53379401e-08 4.66064517e-08
 4.78749633e-08 4.91434749e-08 5.04119865e-08 5.16804981e-08
 5.29490097e-08 5.42175213e-08 5.54860329e-08 5.67545444e-08
 5.80230560e-08 5.92915676e-08 6.05600792e-08 6.18285908e-08
 6.30971024e-08 6.43656140e-08 6.56341256e-08 6.69026372e-08
 6.81711488e-08 6.94396604e-08 7.07081719e-08 7.19766835e-08
 7.32451951e-08 7.45137067e-08 7.57822183e-08 7.70507299e-08
 7.83192415e-08 7.95877531e-08 8.08562647e-08 8.21247763e-08
 8.33932879e-08 8.46617994e-08 8.59303110e-08 8.71988226e-08
 8.84673342e-08 8.97358458e-08 9.10043574e-08 9.22728690e-08
 9.35413806e-08 9.48098922e-08 9.60784038e-08 9.73469154e-08
 9.86154269e-08 9.98839385e-08 1.01152450e-07 1.02420962e-07
 1.03689473e-07 1.04957985e-07 1.06226496e-07 1.07495008e-07
 1.08763520e-07 1.10032031e-07 1.11300543e-07 1.12569054e-07
 1.13837566e-07 1.15106078e-07 1.16374589e-07 1.17643101e-07
 1.18911612e-07 1.20180124e-07 1.21448636e-07 1.22717147e-07
 1.23985659e-07 1.25254170e-07 1.26522682e-07 1.27791194e-07
 1.29059705e-07 1.30328217e-07 1.31596728e-07 1.32865240e-07
 1.34133751e-07 1.35402263e-07 1.36670775e-07 1.37939286e-07
 1.39207798e-07 1.40476309e-07 1.41744821e-07 1.43013333e-07
 1.44281844e-07 1.45550356e-07 1.46818867e-07 1.48087379e-07
 1.49355891e-07]
Frequencies: [1.20956000e+06 5.20946200e+06 9.36464900e+06 1.24169490e+07
 1.42830460e+07 1.60663300e+07 1.79465900e+07 2.07418770e+07
 2.32931620e+07 2.36214770e+07 2.31508190e+07 2.28333430e+07
 2.35050700e+07 2.37278380e+07 2.74021570e+07 3.83073500e+07
 4.68020670e+07 5.34159530e+07 5.80518060e+07 6.40539780e+07
 7.14891330e+07 8.86404440e+07 1.32732255e+08 2.03017609e+08
 2.38833670e+08 1.75107925e+08 1.43083132e+08 1.25362317e+08
 1.12606725e+08 9.97969740e+07 8.93523610e+07 8.22564730e+07
 7.65494620e+07 7.15608930e+07 6.66670840e+07 6.34538460e+07
 6.10270950e+07 5.67459390e+07 5.19929660e+07 5.04351590e+07
 4.81413320e+07 4.56651810e+07 4.64608990e+07 4.73991880e+07
 4.94070280e+07 4.89143240e+07 5.39422580e+07 6.69587900e+07
 7.58552440e+07 7.71256510e+07 8.46527300e+07 9.68509270e+07
 1.04234719e+08 1.06281562e+08 9.66687840e+07 8.49509890e+07
 7.65273460e+07 7.11097280e+07 6.69012440e+07 6.16225560e+07
 5.70581970e+07 5.36814230e+07 5.26693910e+07 5.29500420e+07
 5.02383990e+07 4.41204550e+07 3.81316340e+07 3.18150240e+07
 2.64393540e+07 2.35997870e+07 2.12632240e+07 1.70976740e+07
 1.38896390e+07 1.15184110e+07 8.94337700e+06 7.33693100e+06
 6.37404900e+06 5.27898500e+06 4.48237000e+06 3.78911900e+06
 3.23598500e+06 2.77154000e+06 2.09817400e+06 1.56777000e+06
 1.16000800e+06 1.03828900e+06 7.05899000e+05 5.38111000e+05
 4.33409000e+05 2.60930000e+05 1.83482000e+05 1.45530000e+05
 1.31810000e+05 1.07968000e+05 8.32780000e+04 7.83340000e+04
 8.31680000e+04 5.18070000e+04 3.20000000e+04 1.35980000e+04]
