Standard Deviation: 8.906159916084832
Skewness: -0.03936892231264783
Kurtosis: 0.9001626779344196
Median: 0.022072627550097264
Mean: -0.02607282435536978
Deciles: [-5.36151836  5.35163037]
Minimum: -62.07661565399759
Maximum: 60.29597087362979
Bin Edges: [-62.07661565 -60.85288979 -59.62916392 -58.40543806 -57.18171219
 -55.95798633 -54.73426046 -53.5105346  -52.28680873 -51.06308287
 -49.839357   -48.61563114 -47.39190527 -46.16817941 -44.94445354
 -43.72072767 -42.49700181 -41.27327594 -40.04955008 -38.82582421
 -37.60209835 -36.37837248 -35.15464662 -33.93092075 -32.70719489
 -31.48346902 -30.25974316 -29.03601729 -27.81229143 -26.58856556
 -25.3648397  -24.14111383 -22.91738797 -21.6936621  -20.46993623
 -19.24621037 -18.0224845  -16.79875864 -15.57503277 -14.35130691
 -13.12758104 -11.90385518 -10.68012931  -9.45640345  -8.23267758
  -7.00895172  -5.78522585  -4.56149999  -3.33777412  -2.11404826
  -0.89032239   0.33340348   1.55712934   2.78085521   4.00458107
   5.22830694   6.4520328    7.67575867   8.89948453  10.1232104
  11.34693626  12.57066213  13.79438799  15.01811386  16.24183972
  17.46556559  18.68929145  19.91301732  21.13674318  22.36046905
  23.58419492  24.80792078  26.03164665  27.25537251  28.47909838
  29.70282424  30.92655011  32.15027597  33.37400184  34.5977277
  35.82145357  37.04517943  38.2689053   39.49263116  40.71635703
  41.94008289  43.16380876  44.38753463  45.61126049  46.83498636
  48.05871222  49.28243809  50.50616395  51.72988982  52.95361568
  54.17734155  55.40106741  56.62479328  57.84851914  59.07224501
  60.29597087]
Frequencies: [2.20000000e+01 1.43000000e+02 3.67000000e+02 7.68000000e+02
 1.15400000e+03 1.73200000e+03 2.72700000e+03 4.72200000e+03
 7.31500000e+03 9.63100000e+03 1.35100000e+04 1.88730000e+04
 2.76420000e+04 4.14280000e+04 6.28340000e+04 9.35610000e+04
 1.32605000e+05 1.84989000e+05 2.57432000e+05 3.60419000e+05
 4.98405000e+05 6.81572000e+05 9.23832000e+05 1.24415600e+06
 1.64790800e+06 2.16673200e+06 2.83636600e+06 3.69763800e+06
 4.80134900e+06 6.20482700e+06 7.99059700e+06 1.02304600e+07
 1.30130570e+07 1.65162870e+07 2.08602120e+07 2.62170980e+07
 3.27942460e+07 4.08998110e+07 5.06856580e+07 6.23973830e+07
 7.63292930e+07 9.26481660e+07 1.11794753e+08 1.33729805e+08
 1.58247882e+08 1.84723018e+08 2.11889143e+08 2.38415085e+08
 2.61840658e+08 2.79190163e+08 2.87654880e+08 2.85516039e+08
 2.73425943e+08 2.53313023e+08 2.28156053e+08 2.00436766e+08
 1.72308939e+08 1.45630045e+08 1.21793557e+08 1.01058238e+08
 8.32621110e+07 6.81417220e+07 5.54157990e+07 4.48055900e+07
 3.59962880e+07 2.87124780e+07 2.27235330e+07 1.78656010e+07
 1.39496220e+07 1.08352990e+07 8.37167300e+06 6.41133100e+06
 4.88337300e+06 3.70748700e+06 2.79754100e+06 2.10080600e+06
 1.55768800e+06 1.14731300e+06 8.37899000e+05 6.04519000e+05
 4.32446000e+05 3.04953000e+05 2.17496000e+05 1.54437000e+05
 1.08572000e+05 7.33750000e+04 4.95830000e+04 3.21680000e+04
 2.07260000e+04 1.25720000e+04 7.97600000e+03 4.95400000e+03
 2.87200000e+03 1.72200000e+03 8.71000000e+02 3.99000000e+02
 1.75000000e+02 5.60000000e+01 3.70000000e+01 2.00000000e+01]
