Standard Deviation: 15.629262819668634
Skewness: 0.6969166663625317
Kurtosis: 0.3482398556114208
Median: 7.66301209790433
Mean: 10.092190306575187
Deciles: [-1.70595683 19.80372912]
Minimum: -58.38355484732316
Maximum: 113.50954658986942
Bin Edges: [-5.83835548e+01 -5.66646238e+01 -5.49456928e+01 -5.32267618e+01
 -5.15078308e+01 -4.97888998e+01 -4.80699688e+01 -4.63510377e+01
 -4.46321067e+01 -4.29131757e+01 -4.11942447e+01 -3.94753137e+01
 -3.77563827e+01 -3.60374517e+01 -3.43185206e+01 -3.25995896e+01
 -3.08806586e+01 -2.91617276e+01 -2.74427966e+01 -2.57238656e+01
 -2.40049346e+01 -2.22860035e+01 -2.05670725e+01 -1.88481415e+01
 -1.71292105e+01 -1.54102795e+01 -1.36913485e+01 -1.19724175e+01
 -1.02534864e+01 -8.53455543e+00 -6.81562442e+00 -5.09669340e+00
 -3.37776239e+00 -1.65883137e+00  6.00996413e-02  1.77903066e+00
  3.49796167e+00  5.21689268e+00  6.93582370e+00  8.65475471e+00
  1.03736857e+01  1.20926167e+01  1.38115478e+01  1.55304788e+01
  1.72494098e+01  1.89683408e+01  2.06872718e+01  2.24062028e+01
  2.41251338e+01  2.58440649e+01  2.75629959e+01  2.92819269e+01
  3.10008579e+01  3.27197889e+01  3.44387199e+01  3.61576509e+01
  3.78765820e+01  3.95955130e+01  4.13144440e+01  4.30333750e+01
  4.47523060e+01  4.64712370e+01  4.81901680e+01  4.99090991e+01
  5.16280301e+01  5.33469611e+01  5.50658921e+01  5.67848231e+01
  5.85037541e+01  6.02226851e+01  6.19416162e+01  6.36605472e+01
  6.53794782e+01  6.70984092e+01  6.88173402e+01  7.05362712e+01
  7.22552022e+01  7.39741333e+01  7.56930643e+01  7.74119953e+01
  7.91309263e+01  8.08498573e+01  8.25687883e+01  8.42877193e+01
  8.60066504e+01  8.77255814e+01  8.94445124e+01  9.11634434e+01
  9.28823744e+01  9.46013054e+01  9.63202364e+01  9.80391675e+01
  9.97580985e+01  1.01477029e+02  1.03195961e+02  1.04914892e+02
  1.06633823e+02  1.08352754e+02  1.10071685e+02  1.11790616e+02
  1.13509547e+02]
Frequencies: [3.50000000e+01 2.24000000e+02 5.86000000e+02 1.20800000e+03
 2.48000000e+03 4.72400000e+03 8.53400000e+03 1.54630000e+04
 2.52410000e+04 3.68310000e+04 5.69320000e+04 8.60220000e+04
 1.26962000e+05 1.87983000e+05 2.77314000e+05 4.11969000e+05
 6.13095000e+05 9.34091000e+05 1.45104300e+06 2.31785200e+06
 3.69340100e+06 5.95252600e+06 9.79108100e+06 1.61236730e+07
 2.61005380e+07 4.13823880e+07 6.31850240e+07 9.15030300e+07
 1.23950183e+08 1.56017062e+08 1.82644715e+08 2.01598473e+08
 2.12711379e+08 2.16933688e+08 2.15787552e+08 2.11684120e+08
 2.05411781e+08 1.98081506e+08 1.90244194e+08 1.82071092e+08
 1.73566517e+08 1.64920904e+08 1.56312812e+08 1.47411228e+08
 1.38338840e+08 1.29146662e+08 1.19988411e+08 1.10722168e+08
 1.01560291e+08 9.25856710e+07 8.39522080e+07 7.56792240e+07
 6.77551930e+07 6.03500350e+07 5.34011810e+07 4.68656470e+07
 4.08324710e+07 3.53108730e+07 3.03871260e+07 2.59801910e+07
 2.20980400e+07 1.86397460e+07 1.56425320e+07 1.30258260e+07
 1.07957780e+07 8.91600200e+06 7.29504300e+06 5.93684200e+06
 4.81639200e+06 3.87398600e+06 3.09122000e+06 2.44860800e+06
 1.93354200e+06 1.50420700e+06 1.16925700e+06 8.94314000e+05
 6.82625000e+05 5.21568000e+05 3.93025000e+05 2.93817000e+05
 2.17287000e+05 1.58970000e+05 1.12560000e+05 7.83830000e+04
 5.38080000e+04 3.63090000e+04 2.49370000e+04 1.59220000e+04
 9.25800000e+03 4.95900000e+03 2.27600000e+03 1.24600000e+03
 7.09000000e+02 4.88000000e+02 3.90000000e+02 8.80000000e+01
 1.05000000e+02 9.80000000e+01 9.80000000e+01 9.10000000e+01]
