Standard Deviation: 1.2300956328491028e-05
Skewness: 2.086610660450195
Kurtosis: 8.15863481131249
Median: 7.13000785980035e-06
Mean: 1.201898581634694e-05
Deciles: [3.26094304e-06 1.69995328e-05]
Minimum: 2.267575951016266e-09
Maximum: 0.0006556565498259595
Bin Edges: [2.26757595e-09 6.55881040e-06 1.31153532e-05 1.96718960e-05
 2.62284389e-05 3.27849817e-05 3.93415245e-05 4.58980673e-05
 5.24546102e-05 5.90111530e-05 6.55676958e-05 7.21242386e-05
 7.86807814e-05 8.52373243e-05 9.17938671e-05 9.83504099e-05
 1.04906953e-04 1.11463496e-04 1.18020038e-04 1.24576581e-04
 1.31133124e-04 1.37689667e-04 1.44246210e-04 1.50802752e-04
 1.57359295e-04 1.63915838e-04 1.70472381e-04 1.77028924e-04
 1.83585467e-04 1.90142009e-04 1.96698552e-04 2.03255095e-04
 2.09811638e-04 2.16368181e-04 2.22924724e-04 2.29481266e-04
 2.36037809e-04 2.42594352e-04 2.49150895e-04 2.55707438e-04
 2.62263980e-04 2.68820523e-04 2.75377066e-04 2.81933609e-04
 2.88490152e-04 2.95046695e-04 3.01603237e-04 3.08159780e-04
 3.14716323e-04 3.21272866e-04 3.27829409e-04 3.34385952e-04
 3.40942494e-04 3.47499037e-04 3.54055580e-04 3.60612123e-04
 3.67168666e-04 3.73725208e-04 3.80281751e-04 3.86838294e-04
 3.93394837e-04 3.99951380e-04 4.06507923e-04 4.13064465e-04
 4.19621008e-04 4.26177551e-04 4.32734094e-04 4.39290637e-04
 4.45847180e-04 4.52403722e-04 4.58960265e-04 4.65516808e-04
 4.72073351e-04 4.78629894e-04 4.85186436e-04 4.91742979e-04
 4.98299522e-04 5.04856065e-04 5.11412608e-04 5.17969151e-04
 5.24525693e-04 5.31082236e-04 5.37638779e-04 5.44195322e-04
 5.50751865e-04 5.57308407e-04 5.63864950e-04 5.70421493e-04
 5.76978036e-04 5.83534579e-04 5.90091122e-04 5.96647664e-04
 6.03204207e-04 6.09760750e-04 6.16317293e-04 6.22873836e-04
 6.29430379e-04 6.35986921e-04 6.42543464e-04 6.49100007e-04
 6.55656550e-04]
Frequencies: [2.15315612e+09 9.32155291e+08 4.97286843e+08 3.53448490e+08
 2.70588064e+08 1.64862098e+08 8.19071970e+07 3.95749300e+07
 2.00081850e+07 1.07524710e+07 6.17716700e+06 3.77061200e+06
 2.42727900e+06 1.61362500e+06 1.08552300e+06 7.35598000e+05
 5.00424000e+05 3.38485000e+05 2.31662000e+05 1.55821000e+05
 1.05709000e+05 7.32320000e+04 5.24380000e+04 3.77550000e+04
 2.76730000e+04 2.07480000e+04 1.57340000e+04 1.23970000e+04
 9.83400000e+03 7.93600000e+03 6.57500000e+03 5.71600000e+03
 4.56300000e+03 3.87600000e+03 3.24800000e+03 2.80000000e+03
 2.49500000e+03 2.11300000e+03 1.75400000e+03 1.54200000e+03
 1.34900000e+03 1.07900000e+03 9.60000000e+02 8.30000000e+02
 7.44000000e+02 6.93000000e+02 5.93000000e+02 4.96000000e+02
 4.27000000e+02 3.71000000e+02 2.90000000e+02 3.13000000e+02
 2.40000000e+02 2.05000000e+02 1.79000000e+02 1.84000000e+02
 1.28000000e+02 1.08000000e+02 1.37000000e+02 9.90000000e+01
 6.70000000e+01 3.70000000e+01 4.60000000e+01 3.60000000e+01
 3.80000000e+01 2.50000000e+01 3.30000000e+01 3.50000000e+01
 3.30000000e+01 1.90000000e+01 1.40000000e+01 2.30000000e+01
 1.70000000e+01 1.30000000e+01 2.10000000e+01 8.00000000e+00
 1.20000000e+01 1.50000000e+01 6.00000000e+00 3.00000000e+00
 6.00000000e+00 4.00000000e+00 3.00000000e+00 1.00000000e+00
 4.00000000e+00 2.00000000e+00 3.00000000e+00 4.00000000e+00
 0.00000000e+00 3.00000000e+00 0.00000000e+00 3.00000000e+00
 2.00000000e+00 3.00000000e+00 1.00000000e+00 2.00000000e+00
 1.00000000e+00 3.00000000e+00 0.00000000e+00 2.00000000e+00]
