Standard Deviation: 9.730232335163423
Skewness: 0.5122519148071093
Kurtosis: 0.020211139249720844
Median: 1.8211025238265321
Mean: 3.035797094928516
Deciles: [-4.13887313  9.26369987]
Minimum: -59.914077580279326
Maximum: 65.63289288661935
Bin Edges: [-59.91407758 -58.65860788 -57.40313817 -56.14766847 -54.89219876
 -53.63672906 -52.38125935 -51.12578965 -49.87031994 -48.61485024
 -47.35938053 -46.10391083 -44.84844112 -43.59297142 -42.33750171
 -41.08203201 -39.82656231 -38.5710926  -37.3156229  -36.06015319
 -34.80468349 -33.54921378 -32.29374408 -31.03827437 -29.78280467
 -28.52733496 -27.27186526 -26.01639555 -24.76092585 -23.50545614
 -22.24998644 -20.99451674 -19.73904703 -18.48357733 -17.22810762
 -15.97263792 -14.71716821 -13.46169851 -12.2062288  -10.9507591
  -9.69528939  -8.43981969  -7.18434998  -5.92888028  -4.67341057
  -3.41794087  -2.16247117  -0.90700146   0.34846824   1.60393795
   2.85940765   4.11487736   5.37034706   6.62581677   7.88128647
   9.13675618  10.39222588  11.64769559  12.90316529  14.158635
  15.4141047   16.6695744   17.92504411  19.18051381  20.43598352
  21.69145322  22.94692293  24.20239263  25.45786234  26.71333204
  27.96880175  29.22427145  30.47974116  31.73521086  32.99068057
  34.24615027  35.50161997  36.75708968  38.01255938  39.26802909
  40.52349879  41.7789685   43.0344382   44.28990791  45.54537761
  46.80084732  48.05631702  49.31178673  50.56725643  51.82272614
  53.07819584  54.33366554  55.58913525  56.84460495  58.10007466
  59.35554436  60.61101407  61.86648377  63.12195348  64.37742318
  65.63289289]
Frequencies: [6.00000000e+00 3.00000000e+00 1.40000000e+01 2.70000000e+01
 2.60000000e+01 3.80000000e+01 7.00000000e+01 1.31000000e+02
 2.54000000e+02 4.01000000e+02 5.90000000e+02 8.85000000e+02
 1.22900000e+03 1.60700000e+03 2.39300000e+03 3.49300000e+03
 4.76500000e+03 7.13200000e+03 1.01540000e+04 1.45160000e+04
 2.13760000e+04 3.28260000e+04 4.83070000e+04 7.04890000e+04
 1.03494000e+05 1.55278000e+05 2.31619000e+05 3.52157000e+05
 5.45423000e+05 8.80075000e+05 1.47274800e+06 2.51189000e+06
 4.37857100e+06 7.60283900e+06 1.29892700e+07 2.16290340e+07
 3.47269400e+07 5.30333260e+07 7.69999090e+07 1.05882646e+08
 1.36975402e+08 1.67437905e+08 1.94295995e+08 2.15917765e+08
 2.31234846e+08 2.40318418e+08 2.43716903e+08 2.41792676e+08
 2.35361381e+08 2.25718000e+08 2.13586602e+08 2.00252693e+08
 1.86783116e+08 1.73244212e+08 1.60076331e+08 1.47236397e+08
 1.34786199e+08 1.22361800e+08 1.10489217e+08 9.89963360e+07
 8.80827580e+07 7.76899030e+07 6.78938400e+07 5.86635550e+07
 4.99664240e+07 4.19479150e+07 3.47172870e+07 2.81947040e+07
 2.25044880e+07 1.76645960e+07 1.36100330e+07 1.02989070e+07
 7.65152600e+06 5.56885200e+06 3.99308500e+06 2.80523100e+06
 1.92638600e+06 1.30772400e+06 8.73389000e+05 5.69335000e+05
 3.64659000e+05 2.28395000e+05 1.39574000e+05 8.47160000e+04
 5.20620000e+04 3.31220000e+04 2.09020000e+04 1.21950000e+04
 7.56300000e+03 4.61200000e+03 3.03400000e+03 1.84200000e+03
 1.31200000e+03 9.67000000e+02 5.34000000e+02 3.14000000e+02
 9.00000000e+01 1.70000000e+01 4.00000000e+00 3.00000000e+00]
