Standard Deviation: 7.65952119413292e-08
Skewness: -1.1976227923662526
Kurtosis: -0.341023270689504
Median: 1.9717185829477858e-07
Mean: 1.5735437949637014e-07
Deciles: [1.14755592e-07 2.08291296e-07]
Minimum: 1.0392062415140817e-10
Maximum: 2.1314263668203328e-07
Bin Edges: [1.03920624e-10 2.23430778e-09 4.36469495e-09 6.49508211e-09
 8.62546927e-09 1.07558564e-08 1.28862436e-08 1.50166307e-08
 1.71470179e-08 1.92774051e-08 2.14077922e-08 2.35381794e-08
 2.56685666e-08 2.77989537e-08 2.99293409e-08 3.20597280e-08
 3.41901152e-08 3.63205024e-08 3.84508895e-08 4.05812767e-08
 4.27116638e-08 4.48420510e-08 4.69724382e-08 4.91028253e-08
 5.12332125e-08 5.33635996e-08 5.54939868e-08 5.76243740e-08
 5.97547611e-08 6.18851483e-08 6.40155354e-08 6.61459226e-08
 6.82763098e-08 7.04066969e-08 7.25370841e-08 7.46674712e-08
 7.67978584e-08 7.89282456e-08 8.10586327e-08 8.31890199e-08
 8.53194070e-08 8.74497942e-08 8.95801814e-08 9.17105685e-08
 9.38409557e-08 9.59713429e-08 9.81017300e-08 1.00232117e-07
 1.02362504e-07 1.04492891e-07 1.06623279e-07 1.08753666e-07
 1.10884053e-07 1.13014440e-07 1.15144827e-07 1.17275214e-07
 1.19405602e-07 1.21535989e-07 1.23666376e-07 1.25796763e-07
 1.27927150e-07 1.30057537e-07 1.32187925e-07 1.34318312e-07
 1.36448699e-07 1.38579086e-07 1.40709473e-07 1.42839860e-07
 1.44970248e-07 1.47100635e-07 1.49231022e-07 1.51361409e-07
 1.53491796e-07 1.55622183e-07 1.57752571e-07 1.59882958e-07
 1.62013345e-07 1.64143732e-07 1.66274119e-07 1.68404506e-07
 1.70534893e-07 1.72665281e-07 1.74795668e-07 1.76926055e-07
 1.79056442e-07 1.81186829e-07 1.83317216e-07 1.85447604e-07
 1.87577991e-07 1.89708378e-07 1.91838765e-07 1.93969152e-07
 1.96099539e-07 1.98229927e-07 2.00360314e-07 2.02490701e-07
 2.04621088e-07 2.06751475e-07 2.08881862e-07 2.11012250e-07
 2.13142637e-07]
Frequencies: [2.1696768e+08 9.7551360e+07 6.8958720e+07 5.5503360e+07 4.5411840e+07
 3.3638400e+07 3.5320320e+07 2.6910720e+07 3.1956480e+07 1.6819200e+07
 3.0274560e+07 1.8501120e+07 2.0183040e+07 2.6910720e+07 1.6819200e+07
 1.0091520e+07 1.5137280e+07 2.0183040e+07 2.0183040e+07 1.0091520e+07
 1.3455360e+07 5.0457600e+06 3.0274560e+07 3.3638400e+06 1.6819200e+07
 1.0091520e+07 6.7276800e+06 1.0091520e+07 1.0091520e+07 1.5137280e+07
 1.6819200e+07 3.3638400e+06 1.3455360e+07 3.3638400e+06 1.0091520e+07
 6.7276800e+06 1.3455360e+07 1.0091520e+07 5.0457600e+06 1.3455360e+07
 1.0091520e+07 3.3638400e+06 3.3638400e+06 1.0091520e+07 3.3638400e+06
 1.0091520e+07 0.0000000e+00 1.6819200e+07 1.0091520e+07 6.7276800e+06
 3.3638400e+06 1.1773440e+07 6.7276800e+06 6.7276800e+06 3.3638400e+06
 0.0000000e+00 3.3638400e+06 1.0091520e+07 3.3638400e+06 6.7276800e+06
 1.0091520e+07 6.7276800e+06 1.0091520e+07 3.3638400e+06 6.7276800e+06
 6.7276800e+06 0.0000000e+00 8.4096000e+06 3.3638400e+06 1.0091520e+07
 3.3638400e+06 3.3638400e+06 0.0000000e+00 3.3638400e+06 1.0091520e+07
 0.0000000e+00 3.3638400e+06 1.0091520e+07 1.0091520e+07 3.3638400e+06
 3.3638400e+06 1.0091520e+07 3.3638400e+06 6.7276800e+06 0.0000000e+00
 6.7276800e+06 0.0000000e+00 7.5686400e+07 2.0519424e+08 2.0183040e+08
 1.9510272e+08 1.9173888e+08 1.9510272e+08 2.0183040e+08 1.9846656e+08
 2.1528576e+08 2.2874112e+08 2.6237952e+08 3.1283712e+08 7.5013632e+08]
