Standard Deviation: 13.625809598735664
Skewness: 0.6626176513637522
Kurtosis: 0.22458246906205526
Median: 5.688199575617469
Mean: 7.805206022771533
Deciles: [-2.48902844 16.40219199]
Minimum: -54.29519393432071
Maximum: 91.26678179642795
Bin Edges: [-54.29519393 -52.83957418 -51.38395442 -49.92833466 -48.47271491
 -47.01709515 -45.56147539 -44.10585563 -42.65023588 -41.19461612
 -39.73899636 -38.2833766  -36.82775685 -35.37213709 -33.91651733
 -32.46089757 -31.00527782 -29.54965806 -28.0940383  -26.63841855
 -25.18279879 -23.72717903 -22.27155927 -20.81593952 -19.36031976
 -17.9047     -16.44908024 -14.99346049 -13.53784073 -12.08222097
 -10.62660122  -9.17098146  -7.7153617   -6.25974194  -4.80412219
  -3.34850243  -1.89288267  -0.43726291   1.01835684   2.4739766
   3.92959636   5.38521612   6.84083587   8.29645563   9.75207539
  11.20769514  12.6633149   14.11893466  15.57455442  17.03017417
  18.48579393  19.94141369  21.39703345  22.8526532   24.30827296
  25.76389272  27.21951247  28.67513223  30.13075199  31.58637175
  33.0419915   34.49761126  35.95323102  37.40885078  38.86447053
  40.32009029  41.77571005  43.23132981  44.68694956  46.14256932
  47.59818908  49.05380883  50.50942859  51.96504835  53.42066811
  54.87628786  56.33190762  57.78752738  59.24314714  60.69876689
  62.15438665  63.61000641  65.06562616  66.52124592  67.97686568
  69.43248544  70.88810519  72.34372495  73.79934471  75.25496447
  76.71058422  78.16620398  79.62182374  81.0774435   82.53306325
  83.98868301  85.44430277  86.89992252  88.35554228  89.81116204
  91.2667818 ]
Frequencies: [1.20000000e+01 3.40000000e+01 1.20000000e+02 1.92000000e+02
 4.20000000e+02 7.25000000e+02 1.70500000e+03 3.45500000e+03
 5.88500000e+03 9.95800000e+03 1.59450000e+04 2.64870000e+04
 4.16260000e+04 6.33980000e+04 9.51830000e+04 1.42037000e+05
 2.15952000e+05 3.24631000e+05 5.14278000e+05 8.02918000e+05
 1.26434900e+06 2.01341600e+06 3.19651300e+06 5.17061400e+06
 8.45146500e+06 1.39376020e+07 2.27437360e+07 3.60080380e+07
 5.46313760e+07 7.85875380e+07 1.06388706e+08 1.35395206e+08
 1.62149886e+08 1.83514712e+08 1.98177416e+08 2.06725117e+08
 2.09697312e+08 2.08399222e+08 2.04082300e+08 1.98053164e+08
 1.90949836e+08 1.83028043e+08 1.74449569e+08 1.65865127e+08
 1.57278710e+08 1.48951411e+08 1.40603175e+08 1.32309909e+08
 1.24169821e+08 1.16046315e+08 1.07867839e+08 9.97831220e+07
 9.18360540e+07 8.40607500e+07 7.65696450e+07 6.92243330e+07
 6.22174840e+07 5.55241730e+07 4.90760560e+07 4.29991140e+07
 3.73257570e+07 3.21794010e+07 2.75746440e+07 2.34628920e+07
 1.97965710e+07 1.65926560e+07 1.37694130e+07 1.13593020e+07
 9.30109700e+06 7.56905300e+06 6.11557100e+06 4.90819500e+06
 3.92291500e+06 3.11059100e+06 2.45024100e+06 1.91572300e+06
 1.49702200e+06 1.16360600e+06 8.94834000e+05 6.83639000e+05
 5.16427000e+05 3.86287000e+05 2.88057000e+05 2.09173000e+05
 1.53627000e+05 1.15178000e+05 8.42980000e+04 5.79580000e+04
 4.10910000e+04 2.83770000e+04 1.89320000e+04 1.24770000e+04
 7.66400000e+03 3.73600000e+03 1.97800000e+03 1.09200000e+03
 8.69000000e+02 3.50000000e+02 1.03000000e+02 6.80000000e+01]
