Standard Deviation: 19.537124535998046
Skewness: 0.6433782381199391
Kurtosis: 0.2812191689486081
Median: 12.149752226508179
Mean: 14.742696948431185
Deciles: [ 0.09780204 26.86858072]
Minimum: -66.17332607345855
Maximum: 129.03191475059398
Bin Edges: [-66.17332607 -64.22127367 -62.26922126 -60.31716885 -58.36511644
 -56.41306403 -54.46101162 -52.50895922 -50.55690681 -48.6048544
 -46.65280199 -44.70074958 -42.74869717 -40.79664477 -38.84459236
 -36.89253995 -34.94048754 -32.98843513 -31.03638273 -29.08433032
 -27.13227791 -25.1802255  -23.22817309 -21.27612068 -19.32406828
 -17.37201587 -15.41996346 -13.46791105 -11.51585864  -9.56380623
  -7.61175383  -5.65970142  -3.70764901  -1.7555966    0.19645581
   2.14850821   4.10056062   6.05261303   8.00466544   9.95671785
  11.90877026  13.86082266  15.81287507  17.76492748  19.71697989
  21.6690323   23.62108471  25.57313711  27.52518952  29.47724193
  31.42929434  33.38134675  35.33339916  37.28545156  39.23750397
  41.18955638  43.14160879  45.0936612   47.0457136   48.99776601
  50.94981842  52.90187083  54.85392324  56.80597565  58.75802805
  60.71008046  62.66213287  64.61418528  66.56623769  68.5182901
  70.4703425   72.42239491  74.37444732  76.32649973  78.27855214
  80.23060454  82.18265695  84.13470936  86.08676177  88.03881418
  89.99086659  91.94291899  93.8949714   95.84702381  97.79907622
  99.75112863 101.70318104 103.65523344 105.60728585 107.55933826
 109.51139067 111.46344308 113.41549548 115.36754789 117.3196003
 119.27165271 121.22370512 123.17575753 125.12780993 127.07986234
 129.03191475]
Frequencies: [1.80000000e+01 6.90000000e+01 4.11000000e+02 9.96000000e+02
 2.29400000e+03 5.01500000e+03 8.72100000e+03 1.47150000e+04
 2.23450000e+04 3.59120000e+04 5.82060000e+04 8.87000000e+04
 1.34448000e+05 2.05546000e+05 3.09476000e+05 4.63850000e+05
 7.00874000e+05 1.07732400e+06 1.69013700e+06 2.69875900e+06
 4.39465900e+06 7.19212300e+06 1.16304760e+07 1.84414590e+07
 2.84254920e+07 4.22802980e+07 5.98734570e+07 8.04492360e+07
 1.02802030e+08 1.25049906e+08 1.44725363e+08 1.60327010e+08
 1.71693786e+08 1.79710936e+08 1.84526314e+08 1.86634777e+08
 1.86846245e+08 1.85375165e+08 1.82538450e+08 1.78458275e+08
 1.73504823e+08 1.67909829e+08 1.61623133e+08 1.54565616e+08
 1.46986685e+08 1.39174794e+08 1.30938410e+08 1.22583039e+08
 1.14220112e+08 1.05730314e+08 9.73180070e+07 8.91694960e+07
 8.13440000e+07 7.38794980e+07 6.68508480e+07 6.01320880e+07
 5.39316960e+07 4.80659790e+07 4.26433060e+07 3.76284570e+07
 3.30497740e+07 2.89592350e+07 2.52441010e+07 2.19040450e+07
 1.88982120e+07 1.62226770e+07 1.38844700e+07 1.17869760e+07
 9.94651200e+06 8.34427200e+06 6.94481700e+06 5.75355600e+06
 4.73423600e+06 3.87750500e+06 3.14610300e+06 2.53159500e+06
 2.02861500e+06 1.61685700e+06 1.27819700e+06 1.00218200e+06
 7.77114000e+05 5.90189000e+05 4.50448000e+05 3.41285000e+05
 2.53191000e+05 1.82371000e+05 1.27714000e+05 8.43770000e+04
 5.40180000e+04 3.50980000e+04 2.09190000e+04 1.18020000e+04
 4.90500000e+03 1.86600000e+03 7.54000000e+02 2.87000000e+02
 1.43000000e+02 9.40000000e+01 5.60000000e+01 2.90000000e+01]
