Standard Deviation: 1.9106765423751365e-06
Skewness: 254.42680600118607
Kurtosis: 96825.25523972613
Median: 0.0
Mean: 2.0746093008401137e-08
Deciles: [0.00000000e+00 4.08439771e-24]
Minimum: 0.0
Maximum: 0.002124764429269207
Bin Edges: [0.00000000e+00 2.12476443e-05 4.24952886e-05 6.37429329e-05
 8.49905772e-05 1.06238221e-04 1.27485866e-04 1.48733510e-04
 1.69981154e-04 1.91228799e-04 2.12476443e-04 2.33724087e-04
 2.54971732e-04 2.76219376e-04 2.97467020e-04 3.18714664e-04
 3.39962309e-04 3.61209953e-04 3.82457597e-04 4.03705242e-04
 4.24952886e-04 4.46200530e-04 4.67448174e-04 4.88695819e-04
 5.09943463e-04 5.31191107e-04 5.52438752e-04 5.73686396e-04
 5.94934040e-04 6.16181684e-04 6.37429329e-04 6.58676973e-04
 6.79924617e-04 7.01172262e-04 7.22419906e-04 7.43667550e-04
 7.64915195e-04 7.86162839e-04 8.07410483e-04 8.28658127e-04
 8.49905772e-04 8.71153416e-04 8.92401060e-04 9.13648705e-04
 9.34896349e-04 9.56143993e-04 9.77391637e-04 9.98639282e-04
 1.01988693e-03 1.04113457e-03 1.06238221e-03 1.08362986e-03
 1.10487750e-03 1.12612515e-03 1.14737279e-03 1.16862044e-03
 1.18986808e-03 1.21111572e-03 1.23236337e-03 1.25361101e-03
 1.27485866e-03 1.29610630e-03 1.31735395e-03 1.33860159e-03
 1.35984923e-03 1.38109688e-03 1.40234452e-03 1.42359217e-03
 1.44483981e-03 1.46608746e-03 1.48733510e-03 1.50858274e-03
 1.52983039e-03 1.55107803e-03 1.57232568e-03 1.59357332e-03
 1.61482097e-03 1.63606861e-03 1.65731625e-03 1.67856390e-03
 1.69981154e-03 1.72105919e-03 1.74230683e-03 1.76355448e-03
 1.78480212e-03 1.80604976e-03 1.82729741e-03 1.84854505e-03
 1.86979270e-03 1.89104034e-03 1.91228799e-03 1.93353563e-03
 1.95478327e-03 1.97603092e-03 1.99727856e-03 2.01852621e-03
 2.03977385e-03 2.06102150e-03 2.08226914e-03 2.10351678e-03
 2.12476443e-03]
Frequencies: [4.5404775e+09 2.9454400e+05 1.2242300e+05 6.9575000e+04 4.5625000e+04
 3.2415000e+04 2.4384000e+04 1.8801000e+04 1.5028000e+04 1.2073000e+04
 1.0081000e+04 8.4380000e+03 6.9380000e+03 5.7610000e+03 4.9240000e+03
 4.2950000e+03 3.6530000e+03 3.2040000e+03 2.7010000e+03 2.4470000e+03
 2.1250000e+03 1.8770000e+03 1.5880000e+03 1.5710000e+03 1.2560000e+03
 1.0790000e+03 9.6000000e+02 8.7200000e+02 7.9600000e+02 7.2100000e+02
 6.3700000e+02 5.5200000e+02 5.2300000e+02 4.7900000e+02 3.9300000e+02
 3.5800000e+02 3.2100000e+02 2.9200000e+02 2.7300000e+02 2.7400000e+02
 2.3900000e+02 2.1800000e+02 2.1300000e+02 1.6900000e+02 1.4900000e+02
 1.4100000e+02 1.0100000e+02 8.8000000e+01 8.1000000e+01 9.0000000e+01
 7.4000000e+01 7.3000000e+01 5.4000000e+01 5.8000000e+01 4.2000000e+01
 5.1000000e+01 4.8000000e+01 5.8000000e+01 3.5000000e+01 2.6000000e+01
 3.4000000e+01 1.5000000e+01 2.9000000e+01 1.9000000e+01 1.8000000e+01
 9.0000000e+00 8.0000000e+00 1.1000000e+01 6.0000000e+00 1.0000000e+01
 1.0000000e+00 9.0000000e+00 1.1000000e+01 8.0000000e+00 7.0000000e+00
 4.0000000e+00 5.0000000e+00 4.0000000e+00 5.0000000e+00 1.0000000e+00
 4.0000000e+00 0.0000000e+00 1.0000000e+00 2.0000000e+00 0.0000000e+00
 3.0000000e+00 4.0000000e+00 0.0000000e+00 0.0000000e+00 0.0000000e+00
 1.0000000e+00 0.0000000e+00 0.0000000e+00 1.0000000e+00 0.0000000e+00
 0.0000000e+00 0.0000000e+00 1.0000000e+00 0.0000000e+00 1.0000000e+00]
