Standard Deviation: 4.4126866206707835e-08
Skewness: -0.9754971564335422
Kurtosis: 0.49547225772839054
Median: 5.268218428930398e-07
Mean: 5.167123378088584e-07
Deciles: [4.93342199e-07 5.48806277e-07]
Minimum: 3.5710868705862035e-07
Maximum: 5.943254691391013e-07
Bin Edges: [3.57108687e-07 3.59480855e-07 3.61853023e-07 3.64225191e-07
 3.66597358e-07 3.68969526e-07 3.71341694e-07 3.73713862e-07
 3.76086030e-07 3.78458197e-07 3.80830365e-07 3.83202533e-07
 3.85574701e-07 3.87946869e-07 3.90319037e-07 3.92691204e-07
 3.95063372e-07 3.97435540e-07 3.99807708e-07 4.02179876e-07
 4.04552043e-07 4.06924211e-07 4.09296379e-07 4.11668547e-07
 4.14040715e-07 4.16412883e-07 4.18785050e-07 4.21157218e-07
 4.23529386e-07 4.25901554e-07 4.28273722e-07 4.30645890e-07
 4.33018057e-07 4.35390225e-07 4.37762393e-07 4.40134561e-07
 4.42506729e-07 4.44878896e-07 4.47251064e-07 4.49623232e-07
 4.51995400e-07 4.54367568e-07 4.56739736e-07 4.59111903e-07
 4.61484071e-07 4.63856239e-07 4.66228407e-07 4.68600575e-07
 4.70972742e-07 4.73344910e-07 4.75717078e-07 4.78089246e-07
 4.80461414e-07 4.82833582e-07 4.85205749e-07 4.87577917e-07
 4.89950085e-07 4.92322253e-07 4.94694421e-07 4.97066588e-07
 4.99438756e-07 5.01810924e-07 5.04183092e-07 5.06555260e-07
 5.08927428e-07 5.11299595e-07 5.13671763e-07 5.16043931e-07
 5.18416099e-07 5.20788267e-07 5.23160435e-07 5.25532602e-07
 5.27904770e-07 5.30276938e-07 5.32649106e-07 5.35021274e-07
 5.37393441e-07 5.39765609e-07 5.42137777e-07 5.44509945e-07
 5.46882113e-07 5.49254281e-07 5.51626448e-07 5.53998616e-07
 5.56370784e-07 5.58742952e-07 5.61115120e-07 5.63487287e-07
 5.65859455e-07 5.68231623e-07 5.70603791e-07 5.72975959e-07
 5.75348127e-07 5.77720294e-07 5.80092462e-07 5.82464630e-07
 5.84836798e-07 5.87208966e-07 5.89581133e-07 5.91953301e-07
 5.94325469e-07]
Frequencies: [4.48936000e+05 1.77692000e+06 3.11686400e+06 4.15921600e+06
 3.92070400e+06 3.88560000e+06 3.42410400e+06 2.82616800e+06
 2.81405600e+06 2.74728000e+06 2.94809600e+06 3.07195200e+06
 3.85644000e+06 5.10075200e+06 6.41737600e+06 8.56908800e+06
 9.71827200e+06 8.05914400e+06 8.12880800e+06 8.11129600e+06
 8.77917600e+06 9.78880800e+06 1.07945840e+07 1.19452080e+07
 1.29530400e+07 1.42027920e+07 1.52508800e+07 1.59707920e+07
 1.69155200e+07 1.80866400e+07 1.94673440e+07 2.12910160e+07
 2.32968560e+07 2.55812160e+07 2.69948080e+07 2.78064160e+07
 2.80356000e+07 2.83689680e+07 2.84915840e+07 2.95150320e+07
 3.03323760e+07 3.15007120e+07 3.23430720e+07 3.39604000e+07
 3.49242480e+07 3.61844800e+07 3.52726400e+07 3.55056720e+07
 3.57422240e+07 3.66247440e+07 3.77325600e+07 3.81161280e+07
 3.93448400e+07 4.07230080e+07 4.20043040e+07 4.34392480e+07
 4.50469760e+07 4.70357760e+07 4.94124640e+07 5.13246000e+07
 5.35354160e+07 5.53485040e+07 5.80008160e+07 6.07292400e+07
 6.47732720e+07 6.85585840e+07 7.56797280e+07 8.70267440e+07
 1.03252920e+08 1.26344624e+08 1.64262704e+08 1.58566760e+08
 1.38863752e+08 1.26747528e+08 1.19927040e+08 1.20282824e+08
 1.22675904e+08 1.22030440e+08 1.17631768e+08 1.10883264e+08
 1.07614096e+08 1.07457816e+08 1.12081816e+08 1.12828264e+08
 1.06576800e+08 9.55841520e+07 8.73571680e+07 8.06545680e+07
 7.92903440e+07 7.57600320e+07 6.19795760e+07 5.45311120e+07
 4.70855600e+07 3.81281760e+07 2.61153840e+07 1.71802240e+07
 7.46984000e+06 3.19972000e+06 1.63403200e+06 3.25664000e+05]
