Standard Deviation: 1013.0518833802312
Skewness: -3.6048410652534493
Kurtosis: 15.498897943522028
Median: 31474.898027193394
Mean: 31107.883013018632
Deciles: [31047.29003408 31586.67177962]
Minimum: 23754.5089789097
Maximum: 32547.991903534214
Bin Edges: [23754.50897891 23842.44380816 23930.3786374  24018.31346665
 24106.24829589 24194.18312514 24282.11795439 24370.05278363
 24457.98761288 24545.92244213 24633.85727137 24721.79210062
 24809.72692986 24897.66175911 24985.59658836 25073.5314176
 25161.46624685 25249.4010761  25337.33590534 25425.27073459
 25513.20556383 25601.14039308 25689.07522233 25777.01005157
 25864.94488082 25952.87971007 26040.81453931 26128.74936856
 26216.6841978  26304.61902705 26392.5538563  26480.48868554
 26568.42351479 26656.35834404 26744.29317328 26832.22800253
 26920.16283177 27008.09766102 27096.03249027 27183.96731951
 27271.90214876 27359.83697801 27447.77180725 27535.7066365
 27623.64146574 27711.57629499 27799.51112424 27887.44595348
 27975.38078273 28063.31561198 28151.25044122 28239.18527047
 28327.12009971 28415.05492896 28502.98975821 28590.92458745
 28678.8594167  28766.79424595 28854.72907519 28942.66390444
 29030.59873368 29118.53356293 29206.46839218 29294.40322142
 29382.33805067 29470.27287992 29558.20770916 29646.14253841
 29734.07736765 29822.0121969  29909.94702615 29997.88185539
 30085.81668464 30173.75151389 30261.68634313 30349.62117238
 30437.55600162 30525.49083087 30613.42566012 30701.36048936
 30789.29531861 30877.23014786 30965.1649771  31053.09980635
 31141.03463559 31228.96946484 31316.90429409 31404.83912333
 31492.77395258 31580.70878183 31668.64361107 31756.57844032
 31844.51326956 31932.44809881 32020.38292806 32108.3177573
 32196.25258655 32284.1874158  32372.12224504 32460.05707429
 32547.99190353]
Frequencies: [3.24700000e+03 3.43760000e+04 2.14012000e+05 6.12063000e+05
 1.43533000e+06 2.30397700e+06 1.80202800e+06 1.15344100e+06
 7.14157000e+05 1.20462700e+06 1.22384100e+06 1.33601200e+06
 1.95257500e+06 2.31425600e+06 2.51995500e+06 2.48773000e+06
 2.11066500e+06 2.18244900e+06 2.48702500e+06 2.45461800e+06
 2.42623300e+06 3.17838500e+06 3.45430700e+06 3.28083100e+06
 3.14557500e+06 3.40240600e+06 2.82764100e+06 2.90280500e+06
 3.03415800e+06 3.03348500e+06 3.40175200e+06 3.36264500e+06
 2.61021600e+06 2.75447400e+06 2.95381700e+06 3.15654500e+06
 2.69484200e+06 2.25256500e+06 2.54093100e+06 2.69121500e+06
 2.64542100e+06 3.26721500e+06 3.11846400e+06 3.65982400e+06
 3.32332400e+06 2.83760300e+06 3.36972300e+06 3.89896600e+06
 4.07788300e+06 3.97736000e+06 4.66625500e+06 4.96991700e+06
 5.92658300e+06 6.74985100e+06 6.67534600e+06 7.58851900e+06
 7.57407800e+06 7.66260500e+06 8.11978200e+06 9.62523200e+06
 1.14691460e+07 1.23376660e+07 1.39266280e+07 1.63872500e+07
 1.89315660e+07 1.86620140e+07 1.91329730e+07 1.97260660e+07
 2.07127900e+07 2.09699570e+07 2.13203200e+07 2.08863200e+07
 2.26446040e+07 2.73754200e+07 3.06533520e+07 3.66760640e+07
 4.54878420e+07 5.31497890e+07 6.70524880e+07 8.21708750e+07
 9.96509420e+07 1.25561581e+08 1.47194028e+08 1.61996781e+08
 1.79611193e+08 2.07210758e+08 2.53269380e+08 4.68669780e+08
 9.36710193e+08 6.26285215e+08 3.58802163e+08 1.50625148e+08
 4.19595740e+07 8.46057100e+06 1.66038400e+06 3.41380000e+05
 8.73270000e+04 2.18880000e+04 5.56100000e+03 1.86000000e+03]
