Standard Deviation: 6.918465424356704
Skewness: 0.5139685137200006
Kurtosis: 0.3293285481818016
Median: -0.8721335697623334
Mean: -0.1877526731505778
Deciles: [-5.1256577   3.86542028]
Minimum: -49.82257479399036
Maximum: 45.208231823330415
Bin Edges: [-49.82257479 -48.87226673 -47.92195866 -46.9716506  -46.02134253
 -45.07103446 -44.1207264  -43.17041833 -42.22011026 -41.2698022
 -40.31949413 -39.36918607 -38.418878   -37.46856993 -36.51826187
 -35.5679538  -34.61764574 -33.66733767 -32.7170296  -31.76672154
 -30.81641347 -29.8661054  -28.91579734 -27.96548927 -27.01518121
 -26.06487314 -25.11456507 -24.16425701 -23.21394894 -22.26364087
 -21.31333281 -20.36302474 -19.41271668 -18.46240861 -17.51210054
 -16.56179248 -15.61148441 -14.66117635 -13.71086828 -12.76056021
 -11.81025215 -10.85994408  -9.90963601  -8.95932795  -8.00901988
  -7.05871182  -6.10840375  -5.15809568  -4.20778762  -3.25747955
  -2.30717149  -1.35686342  -0.40655535   0.54375271   1.49406078
   2.44436885   3.39467691   4.34498498   5.29529304   6.24560111
   7.19590918   8.14621724   9.09652531  10.04683337  10.99714144
  11.94744951  12.89775757  13.84806564  14.79837371  15.74868177
  16.69898984  17.6492979   18.59960597  19.54991404  20.5002221
  21.45053017  22.40083824  23.3511463   24.30145437  25.25176243
  26.2020705   27.15237857  28.10268663  29.0529947   30.00330276
  30.95361083  31.9039189   32.85422696  33.80453503  34.7548431
  35.70515116  36.65545923  37.60576729  38.55607536  39.50638343
  40.45669149  41.40699956  42.35730762  43.30761569  44.25792376
  45.20823182]
Frequencies: [1.40000000e+01 1.70000000e+01 1.80000000e+01 2.70000000e+01
 6.40000000e+01 8.90000000e+01 1.19000000e+02 2.16000000e+02
 3.41000000e+02 7.08000000e+02 1.06100000e+03 1.58200000e+03
 2.17800000e+03 3.08200000e+03 4.85600000e+03 7.19200000e+03
 1.08840000e+04 1.52970000e+04 2.20770000e+04 3.17280000e+04
 4.45800000e+04 6.32000000e+04 8.96060000e+04 1.24964000e+05
 1.75019000e+05 2.43908000e+05 3.33452000e+05 4.58571000e+05
 6.20773000e+05 8.20846000e+05 1.09019100e+06 1.44139800e+06
 1.90582800e+06 2.52307300e+06 3.40791200e+06 4.78171400e+06
 7.21300600e+06 1.18514130e+07 2.05580060e+07 3.56704740e+07
 5.92525970e+07 9.12811300e+07 1.28074419e+08 1.60495504e+08
 1.82870178e+08 1.98074244e+08 2.14073093e+08 2.34777764e+08
 2.55305906e+08 2.64737917e+08 2.60179480e+08 2.47504240e+08
 2.37092964e+08 2.34976968e+08 2.31239153e+08 2.15417949e+08
 1.88167707e+08 1.57840509e+08 1.30964363e+08 1.10114842e+08
 9.46406190e+07 8.30546910e+07 7.37668580e+07 6.56941830e+07
 5.83091190e+07 5.12868350e+07 4.45488080e+07 3.79209840e+07
 3.17015160e+07 2.59852240e+07 2.07834630e+07 1.61431800e+07
 1.22011020e+07 8.99518700e+06 6.47630900e+06 4.56756900e+06
 3.13122600e+06 2.09918700e+06 1.38344500e+06 9.04335000e+05
 5.83944000e+05 3.80787000e+05 2.44887000e+05 1.58774000e+05
 1.00244000e+05 6.36840000e+04 3.92110000e+04 2.41400000e+04
 1.44260000e+04 8.50700000e+03 4.91300000e+03 2.86400000e+03
 1.61000000e+03 8.65000000e+02 4.59000000e+02 2.46000000e+02
 8.50000000e+01 4.80000000e+01 4.00000000e+01 1.50000000e+01]
