Standard Deviation: 5.4901597470303845
Skewness: -1.0230795633373289
Kurtosis: 1.6027423529519504
Median: 217.9895151459443
Mean: 216.53443880685558
Deciles: [213.80103729 219.88711983]
Minimum: 185.71723583257995
Maximum: 243.02307842274482
Bin Edges: [185.71723583 186.29029426 186.86335268 187.43641111 188.00946954
 188.58252796 189.15558639 189.72864481 190.30170324 190.87476167
 191.44782009 192.02087852 192.59393694 193.16699537 193.7400538
 194.31311222 194.88617065 195.45922907 196.0322875  196.60534592
 197.17840435 197.75146278 198.3245212  198.89757963 199.47063805
 200.04369648 200.61675491 201.18981333 201.76287176 202.33593018
 202.90898861 203.48204704 204.05510546 204.62816389 205.20122231
 205.77428074 206.34733917 206.92039759 207.49345602 208.06651444
 208.63957287 209.21263129 209.78568972 210.35874815 210.93180657
 211.504865   212.07792342 212.65098185 213.22404028 213.7970987
 214.37015713 214.94321555 215.51627398 216.08933241 216.66239083
 217.23544926 217.80850768 218.38156611 218.95462453 219.52768296
 220.10074139 220.67379981 221.24685824 221.81991666 222.39297509
 222.96603352 223.53909194 224.11215037 224.68520879 225.25826722
 225.83132565 226.40438407 226.9774425  227.55050092 228.12355935
 228.69661778 229.2696762  229.84273463 230.41579305 230.98885148
 231.5619099  232.13496833 232.70802676 233.28108518 233.85414361
 234.42720203 235.00026046 235.57331889 236.14637731 236.71943574
 237.29249416 237.86555259 238.43861102 239.01166944 239.58472787
 240.15778629 240.73084472 241.30390315 241.87696157 242.45002
 243.02307842]
Frequencies: [1.68000000e+02 8.14000000e+02 2.66100000e+03 6.41500000e+03
 1.33470000e+04 2.75080000e+04 5.60520000e+04 1.01866000e+05
 1.73780000e+05 2.81127000e+05 4.51606000e+05 6.76510000e+05
 9.62305000e+05 1.33092700e+06 1.78953300e+06 2.30808700e+06
 2.88695400e+06 3.53693400e+06 4.22563400e+06 4.94355100e+06
 5.63666400e+06 6.30170900e+06 7.04113600e+06 7.77668800e+06
 8.55298800e+06 9.35997600e+06 1.03538440e+07 1.15179580e+07
 1.28754500e+07 1.44738720e+07 1.64114260e+07 1.87283740e+07
 2.13661040e+07 2.44255800e+07 2.78278920e+07 3.14861610e+07
 3.54349460e+07 3.96870160e+07 4.43371230e+07 4.93681930e+07
 5.46809320e+07 6.02049640e+07 6.60232770e+07 7.21114840e+07
 7.83482220e+07 8.46874660e+07 9.09696880e+07 9.72882990e+07
 1.03510606e+08 1.09814206e+08 1.16849204e+08 1.24732398e+08
 1.35025896e+08 1.51780195e+08 1.80985352e+08 2.30731034e+08
 2.95027709e+08 3.49312702e+08 3.64156948e+08 3.28510991e+08
 2.59369106e+08 1.85843482e+08 1.27335128e+08 8.96027970e+07
 6.76092430e+07 5.41789980e+07 4.51919880e+07 3.85844870e+07
 3.27509770e+07 2.73868820e+07 2.22085410e+07 1.76677440e+07
 1.37651310e+07 1.05309760e+07 7.86905400e+06 5.81168100e+06
 4.24299000e+06 3.05303700e+06 2.15532700e+06 1.51239100e+06
 1.04317600e+06 7.02810000e+05 4.64963000e+05 3.01976000e+05
 1.98128000e+05 1.28038000e+05 7.84810000e+04 4.56770000e+04
 2.58190000e+04 1.40020000e+04 8.54100000e+03 5.77700000e+03
 3.28200000e+03 1.46500000e+03 5.92000000e+02 3.35000000e+02
 2.10000000e+02 1.65000000e+02 1.00000000e+02 5.10000000e+01]
