Standard Deviation: 2.3837676933612536e-06
Skewness: -0.45036654626779205
Kurtosis: -0.5652655914706184
Median: 1.3258564564295145e-05
Mean: 1.3046284854509704e-05
Deciles: [1.12610980e-05 1.51478935e-05]
Minimum: 5.45657124951279e-06
Maximum: 1.6805545371934207e-05
Bin Edges: [5.45657125e-06 5.57006099e-06 5.68355073e-06 5.79704047e-06
 5.91053021e-06 6.02401996e-06 6.13750970e-06 6.25099944e-06
 6.36448918e-06 6.47797892e-06 6.59146866e-06 6.70495840e-06
 6.81844814e-06 6.93193789e-06 7.04542763e-06 7.15891737e-06
 7.27240711e-06 7.38589685e-06 7.49938659e-06 7.61287633e-06
 7.72636607e-06 7.83985582e-06 7.95334556e-06 8.06683530e-06
 8.18032504e-06 8.29381478e-06 8.40730452e-06 8.52079426e-06
 8.63428400e-06 8.74777375e-06 8.86126349e-06 8.97475323e-06
 9.08824297e-06 9.20173271e-06 9.31522245e-06 9.42871219e-06
 9.54220193e-06 9.65569167e-06 9.76918142e-06 9.88267116e-06
 9.99616090e-06 1.01096506e-05 1.02231404e-05 1.03366301e-05
 1.04501199e-05 1.05636096e-05 1.06770993e-05 1.07905891e-05
 1.09040788e-05 1.10175686e-05 1.11310583e-05 1.12445481e-05
 1.13580378e-05 1.14715275e-05 1.15850173e-05 1.16985070e-05
 1.18119968e-05 1.19254865e-05 1.20389762e-05 1.21524660e-05
 1.22659557e-05 1.23794455e-05 1.24929352e-05 1.26064249e-05
 1.27199147e-05 1.28334044e-05 1.29468942e-05 1.30603839e-05
 1.31738737e-05 1.32873634e-05 1.34008531e-05 1.35143429e-05
 1.36278326e-05 1.37413224e-05 1.38548121e-05 1.39683018e-05
 1.40817916e-05 1.41952813e-05 1.43087711e-05 1.44222608e-05
 1.45357505e-05 1.46492403e-05 1.47627300e-05 1.48762198e-05
 1.49897095e-05 1.51031993e-05 1.52166890e-05 1.53301787e-05
 1.54436685e-05 1.55571582e-05 1.56706480e-05 1.57841377e-05
 1.58976274e-05 1.60111172e-05 1.61246069e-05 1.62380967e-05
 1.63515864e-05 1.64650761e-05 1.65785659e-05 1.66920556e-05
 1.68055454e-05]
Frequencies: [7.72728000e+05 1.23236800e+06 1.78420000e+06 2.17469600e+06
 2.47792800e+06 2.74339200e+06 3.00595200e+06 3.30429600e+06
 3.57689600e+06 3.95112800e+06 4.24000800e+06 4.61952000e+06
 4.93649600e+06 5.43808800e+06 5.86918400e+06 6.34161600e+06
 7.18731200e+06 7.78452800e+06 8.90333600e+06 9.75939200e+06
 1.10673840e+07 1.18068720e+07 1.21397760e+07 1.29912800e+07
 1.32084080e+07 1.40195840e+07 1.44830560e+07 1.52887120e+07
 1.59464640e+07 1.69246160e+07 1.77173920e+07 1.88756640e+07
 2.00552320e+07 2.13895520e+07 2.32576800e+07 2.51478640e+07
 2.76044240e+07 2.99770000e+07 3.29535920e+07 3.60379600e+07
 4.03326960e+07 4.90360400e+07 5.50202640e+07 6.06333360e+07
 6.49329280e+07 6.67443360e+07 6.46593360e+07 6.40010160e+07
 6.24083120e+07 5.87968160e+07 5.90333840e+07 6.01062720e+07
 6.24507520e+07 6.48176320e+07 6.69601680e+07 6.79325360e+07
 6.91350720e+07 6.89846800e+07 6.91636160e+07 6.80839840e+07
 6.57840080e+07 6.50211120e+07 6.29843440e+07 6.28678480e+07
 6.08852560e+07 6.05302880e+07 6.08412640e+07 6.12312880e+07
 6.20372720e+07 6.16614640e+07 6.22135840e+07 6.29862480e+07
 6.33180560e+07 6.55648800e+07 6.73467520e+07 6.90169360e+07
 6.98329360e+07 6.99087600e+07 7.14405840e+07 7.05863120e+07
 7.03106240e+07 7.21728160e+07 7.23171760e+07 7.12873040e+07
 7.12736640e+07 7.04439920e+07 6.97069280e+07 7.36080720e+07
 7.75539920e+07 8.61730320e+07 9.49963280e+07 1.17003232e+08
 1.35987904e+08 1.18056384e+08 9.15785200e+07 7.90190800e+07
 6.97978240e+07 4.66452720e+07 2.64751680e+07 6.48874400e+06]
