Standard Deviation: 1.1677059319481486e-10
Skewness: -0.9999999999939663
Kurtosis: -1.9999999999942473
Median: 25.29232969453412
Mean: 25.292329694650892
Deciles: [25.29232969 25.29232969]
Minimum: 25.29232969453412
Maximum: 25.29232969453412
Bin Edges: [24.79232969 24.80232969 24.81232969 24.82232969 24.83232969 24.84232969
 24.85232969 24.86232969 24.87232969 24.88232969 24.89232969 24.90232969
 24.91232969 24.92232969 24.93232969 24.94232969 24.95232969 24.96232969
 24.97232969 24.98232969 24.99232969 25.00232969 25.01232969 25.02232969
 25.03232969 25.04232969 25.05232969 25.06232969 25.07232969 25.08232969
 25.09232969 25.10232969 25.11232969 25.12232969 25.13232969 25.14232969
 25.15232969 25.16232969 25.17232969 25.18232969 25.19232969 25.20232969
 25.21232969 25.22232969 25.23232969 25.24232969 25.25232969 25.26232969
 25.27232969 25.28232969 25.29232969 25.30232969 25.31232969 25.32232969
 25.33232969 25.34232969 25.35232969 25.36232969 25.37232969 25.38232969
 25.39232969 25.40232969 25.41232969 25.42232969 25.43232969 25.44232969
 25.45232969 25.46232969 25.47232969 25.48232969 25.49232969 25.50232969
 25.51232969 25.52232969 25.53232969 25.54232969 25.55232969 25.56232969
 25.57232969 25.58232969 25.59232969 25.60232969 25.61232969 25.62232969
 25.63232969 25.64232969 25.65232969 25.66232969 25.67232969 25.68232969
 25.69232969 25.70232969 25.71232969 25.72232969 25.73232969 25.74232969
 25.75232969 25.76232969 25.77232969 25.78232969 25.79232969]
Frequencies: [0.000000e+00 0.000000e+00 0.000000e+00 0.000000e+00 0.000000e+00
 0.000000e+00 0.000000e+00 0.000000e+00 0.000000e+00 0.000000e+00
 0.000000e+00 0.000000e+00 0.000000e+00 0.000000e+00 0.000000e+00
 0.000000e+00 0.000000e+00 0.000000e+00 0.000000e+00 0.000000e+00
 0.000000e+00 0.000000e+00 0.000000e+00 0.000000e+00 0.000000e+00
 0.000000e+00 0.000000e+00 0.000000e+00 0.000000e+00 0.000000e+00
 0.000000e+00 0.000000e+00 0.000000e+00 0.000000e+00 0.000000e+00
 0.000000e+00 0.000000e+00 0.000000e+00 0.000000e+00 0.000000e+00
 0.000000e+00 0.000000e+00 0.000000e+00 0.000000e+00 0.000000e+00
 0.000000e+00 0.000000e+00 0.000000e+00 0.000000e+00 0.000000e+00
 4.541184e+09 0.000000e+00 0.000000e+00 0.000000e+00 0.000000e+00
 0.000000e+00 0.000000e+00 0.000000e+00 0.000000e+00 0.000000e+00
 0.000000e+00 0.000000e+00 0.000000e+00 0.000000e+00 0.000000e+00
 0.000000e+00 0.000000e+00 0.000000e+00 0.000000e+00 0.000000e+00
 0.000000e+00 0.000000e+00 0.000000e+00 0.000000e+00 0.000000e+00
 0.000000e+00 0.000000e+00 0.000000e+00 0.000000e+00 0.000000e+00
 0.000000e+00 0.000000e+00 0.000000e+00 0.000000e+00 0.000000e+00
 0.000000e+00 0.000000e+00 0.000000e+00 0.000000e+00 0.000000e+00
 0.000000e+00 0.000000e+00 0.000000e+00 0.000000e+00 0.000000e+00
 0.000000e+00 0.000000e+00 0.000000e+00 0.000000e+00 0.000000e+00]
