Standard Deviation: 1204.012752684186
Skewness: -3.604841065251525
Kurtosis: 15.49889794351176
Median: 33971.47475951366
Mean: 33535.27720167553
Deciles: [33463.26241096 34104.31792929]
Minimum: 24795.78788472016
Maximum: 35246.84745575759
Bin Edges: [24795.78788472 24900.29848043 25004.80907614 25109.31967185
 25213.83026756 25318.34086327 25422.85145898 25527.36205469
 25631.8726504  25736.38324611 25840.89384182 25945.40443753
 26049.91503324 26154.42562896 26258.93622467 26363.44682038
 26467.95741609 26572.4680118  26676.97860751 26781.48920322
 26885.99979893 26990.51039464 27095.02099035 27199.53158606
 27304.04218177 27408.55277748 27513.06337319 27617.5739689
 27722.08456461 27826.59516032 27931.10575603 28035.61635174
 28140.12694745 28244.63754316 28349.14813887 28453.65873458
 28558.16933029 28662.679926   28767.19052171 28871.70111742
 28976.21171314 29080.72230885 29185.23290456 29289.74350027
 29394.25409598 29498.76469169 29603.2752874  29707.78588311
 29812.29647882 29916.80707453 30021.31767024 30125.82826595
 30230.33886166 30334.84945737 30439.36005308 30543.87064879
 30648.3812445  30752.89184021 30857.40243592 30961.91303163
 31066.42362734 31170.93422305 31275.44481876 31379.95541447
 31484.46601018 31588.97660589 31693.4872016  31797.99779732
 31902.50839303 32007.01898874 32111.52958445 32216.04018016
 32320.55077587 32425.06137158 32529.57196729 32634.082563
 32738.59315871 32843.10375442 32947.61435013 33052.12494584
 33156.63554155 33261.14613726 33365.65673297 33470.16732868
 33574.67792439 33679.1885201  33783.69911581 33888.20971152
 33992.72030723 34097.23090294 34201.74149865 34306.25209436
 34410.76269007 34515.27328578 34619.7838815  34724.29447721
 34828.80507292 34933.31566863 35037.82626434 35142.33686005
 35246.84745576]
Frequencies: [3.24700000e+03 3.43760000e+04 2.14012000e+05 6.12063000e+05
 1.43533000e+06 2.30397700e+06 1.80202800e+06 1.15344100e+06
 7.14157000e+05 1.20462700e+06 1.22384100e+06 1.33601200e+06
 1.95257500e+06 2.31425600e+06 2.51995500e+06 2.48773000e+06
 2.11066500e+06 2.18244900e+06 2.48702500e+06 2.45461800e+06
 2.42623300e+06 3.17838500e+06 3.45430700e+06 3.28083100e+06
 3.14557500e+06 3.40240600e+06 2.82764100e+06 2.90280500e+06
 3.03415800e+06 3.03348500e+06 3.40175200e+06 3.36264500e+06
 2.61021600e+06 2.75447400e+06 2.95381700e+06 3.15654500e+06
 2.69484200e+06 2.25256500e+06 2.54093100e+06 2.69121500e+06
 2.64542100e+06 3.26721500e+06 3.11846400e+06 3.65982400e+06
 3.32332400e+06 2.83760300e+06 3.36972300e+06 3.89896600e+06
 4.07788300e+06 3.97736000e+06 4.66625500e+06 4.96991700e+06
 5.92658300e+06 6.74985100e+06 6.67534600e+06 7.58851900e+06
 7.57407800e+06 7.66260500e+06 8.11978200e+06 9.62523200e+06
 1.14691460e+07 1.23376660e+07 1.39266280e+07 1.63872500e+07
 1.89315660e+07 1.86620140e+07 1.91329730e+07 1.97260660e+07
 2.07127900e+07 2.09699570e+07 2.13203200e+07 2.08863200e+07
 2.26446040e+07 2.73754200e+07 3.06533520e+07 3.66760640e+07
 4.54878420e+07 5.31497890e+07 6.70524880e+07 8.21708750e+07
 9.96509420e+07 1.25561581e+08 1.47194028e+08 1.61996781e+08
 1.79611193e+08 2.07210758e+08 2.53269380e+08 4.68669780e+08
 9.36710193e+08 6.26285215e+08 3.58802163e+08 1.50625148e+08
 4.19595740e+07 8.46057100e+06 1.66038400e+06 3.41380000e+05
 8.73270000e+04 2.18880000e+04 5.56100000e+03 1.86000000e+03]
