Standard Deviation: 9.568610139917093
Skewness: 0.5192531194676111
Kurtosis: 0.04766585074514085
Median: 1.5033012566690838
Mean: 2.7127421166773593
Deciles: [-4.33081099  8.80847142]
Minimum: -61.71971614027794
Maximum: 66.95470117574968
Bin Edges: [-6.17197161e+01 -6.04329720e+01 -5.91462278e+01 -5.78594836e+01
 -5.65727394e+01 -5.52859953e+01 -5.39992511e+01 -5.27125069e+01
 -5.14257628e+01 -5.01390186e+01 -4.88522744e+01 -4.75655302e+01
 -4.62787861e+01 -4.49920419e+01 -4.37052977e+01 -4.24185535e+01
 -4.11318094e+01 -3.98450652e+01 -3.85583210e+01 -3.72715769e+01
 -3.59848327e+01 -3.46980885e+01 -3.34113443e+01 -3.21246002e+01
 -3.08378560e+01 -2.95511118e+01 -2.82643676e+01 -2.69776235e+01
 -2.56908793e+01 -2.44041351e+01 -2.31173909e+01 -2.18306468e+01
 -2.05439026e+01 -1.92571584e+01 -1.79704143e+01 -1.66836701e+01
 -1.53969259e+01 -1.41101817e+01 -1.28234376e+01 -1.15366934e+01
 -1.02499492e+01 -8.96320504e+00 -7.67646087e+00 -6.38971669e+00
 -5.10297252e+00 -3.81622835e+00 -2.52948417e+00 -1.24274000e+00
  4.40041714e-02  1.33074834e+00  2.61749252e+00  3.90423669e+00
  5.19098086e+00  6.47772504e+00  7.76446921e+00  9.05121338e+00
  1.03379576e+01  1.16247017e+01  1.29114459e+01  1.41981901e+01
  1.54849342e+01  1.67716784e+01  1.80584226e+01  1.93451668e+01
  2.06319109e+01  2.19186551e+01  2.32053993e+01  2.44921435e+01
  2.57788876e+01  2.70656318e+01  2.83523760e+01  2.96391202e+01
  3.09258643e+01  3.22126085e+01  3.34993527e+01  3.47860968e+01
  3.60728410e+01  3.73595852e+01  3.86463294e+01  3.99330735e+01
  4.12198177e+01  4.25065619e+01  4.37933061e+01  4.50800502e+01
  4.63667944e+01  4.76535386e+01  4.89402828e+01  5.02270269e+01
  5.15137711e+01  5.28005153e+01  5.40872594e+01  5.53740036e+01
  5.66607478e+01  5.79474920e+01  5.92342361e+01  6.05209803e+01
  6.18077245e+01  6.30944687e+01  6.43812128e+01  6.56679570e+01
  6.69547012e+01]
Frequencies: [5.00000000e+00 3.00000000e+00 2.30000000e+01 2.80000000e+01
 2.80000000e+01 2.80000000e+01 5.80000000e+01 1.27000000e+02
 2.03000000e+02 3.52000000e+02 4.82000000e+02 7.44000000e+02
 1.10000000e+03 1.55600000e+03 2.22000000e+03 3.19000000e+03
 4.50400000e+03 6.36600000e+03 9.52100000e+03 1.36960000e+04
 1.97180000e+04 2.88740000e+04 4.28760000e+04 6.22720000e+04
 9.03770000e+04 1.32206000e+05 1.97132000e+05 2.93046000e+05
 4.45231000e+05 6.93482000e+05 1.12232300e+06 1.87874700e+06
 3.23045900e+06 5.66654600e+06 9.90432700e+06 1.69531130e+07
 2.81214960e+07 4.46617820e+07 6.76901280e+07 9.72038180e+07
 1.30834978e+08 1.65270596e+08 1.96501308e+08 2.21823261e+08
 2.40093279e+08 2.50819624e+08 2.55037202e+08 2.53205623e+08
 2.46261332e+08 2.35384401e+08 2.21813927e+08 2.07220087e+08
 1.92329454e+08 1.77471360e+08 1.62997286e+08 1.49042700e+08
 1.35377081e+08 1.22139657e+08 1.09401971e+08 9.72440400e+07
 8.57668950e+07 7.48811120e+07 6.46277190e+07 5.50661740e+07
 4.61921240e+07 3.81478000e+07 3.09872540e+07 2.46455360e+07
 1.92876660e+07 1.48034060e+07 1.11172360e+07 8.20106100e+06
 5.92211500e+06 4.20537600e+06 2.92543100e+06 1.98881700e+06
 1.33467200e+06 8.77182000e+05 5.60238000e+05 3.52474000e+05
 2.18920000e+05 1.30510000e+05 7.71560000e+04 4.64780000e+04
 2.77850000e+04 1.70000000e+04 1.01230000e+04 5.93600000e+03
 3.41800000e+03 2.07700000e+03 1.34300000e+03 7.72000000e+02
 5.02000000e+02 2.24000000e+02 6.90000000e+01 2.30000000e+01
 1.20000000e+01 5.00000000e+00 2.00000000e+00 3.00000000e+00]
