Standard Deviation: 1.8058471519527542e-07
Skewness: -1.5301027285962086
Kurtosis: 1.01797269429402
Median: 7.007931734749445e-07
Mean: 6.212693205898604e-07
Deciles: [5.84024393e-07 7.40314160e-07]
Minimum: 7.699941439306697e-08
Maximum: 7.575569153479685e-07
Bin Edges: [7.69994144e-08 8.38049894e-08 9.06105644e-08 9.74161394e-08
 1.04221714e-07 1.11027289e-07 1.17832864e-07 1.24638439e-07
 1.31444014e-07 1.38249589e-07 1.45055164e-07 1.51860739e-07
 1.58666315e-07 1.65471890e-07 1.72277465e-07 1.79083040e-07
 1.85888615e-07 1.92694190e-07 1.99499765e-07 2.06305340e-07
 2.13110915e-07 2.19916490e-07 2.26722065e-07 2.33527640e-07
 2.40333215e-07 2.47138790e-07 2.53944365e-07 2.60749940e-07
 2.67555515e-07 2.74361090e-07 2.81166665e-07 2.87972240e-07
 2.94777815e-07 3.01583390e-07 3.08388965e-07 3.15194540e-07
 3.22000115e-07 3.28805690e-07 3.35611265e-07 3.42416840e-07
 3.49222415e-07 3.56027990e-07 3.62833565e-07 3.69639140e-07
 3.76444715e-07 3.83250290e-07 3.90055865e-07 3.96861440e-07
 4.03667015e-07 4.10472590e-07 4.17278165e-07 4.24083740e-07
 4.30889315e-07 4.37694890e-07 4.44500465e-07 4.51306040e-07
 4.58111615e-07 4.64917190e-07 4.71722765e-07 4.78528340e-07
 4.85333915e-07 4.92139490e-07 4.98945065e-07 5.05750640e-07
 5.12556215e-07 5.19361790e-07 5.26167365e-07 5.32972940e-07
 5.39778515e-07 5.46584090e-07 5.53389665e-07 5.60195240e-07
 5.67000815e-07 5.73806390e-07 5.80611965e-07 5.87417540e-07
 5.94223115e-07 6.01028690e-07 6.07834265e-07 6.14639840e-07
 6.21445415e-07 6.28250990e-07 6.35056565e-07 6.41862140e-07
 6.48667715e-07 6.55473290e-07 6.62278865e-07 6.69084440e-07
 6.75890015e-07 6.82695590e-07 6.89501165e-07 6.96306740e-07
 7.03112315e-07 7.09917890e-07 7.16723465e-07 7.23529040e-07
 7.30334615e-07 7.37140190e-07 7.43945765e-07 7.50751340e-07
 7.57556915e-07]
Frequencies: [5.0457600e+06 8.4096000e+06 8.4096000e+06 1.0091520e+07 1.1773440e+07
 8.4096000e+06 1.6819200e+07 1.8501120e+07 1.0091520e+07 1.5137280e+07
 1.6819200e+07 1.0091520e+07 2.1864960e+07 1.3455360e+07 1.8501120e+07
 1.0091520e+07 2.0183040e+07 1.5137280e+07 1.6819200e+07 1.6819200e+07
 1.8501120e+07 1.3455360e+07 1.6819200e+07 1.6819200e+07 1.8501120e+07
 1.0091520e+07 2.0183040e+07 1.5137280e+07 1.6819200e+07 2.0183040e+07
 1.6819200e+07 8.4096000e+06 2.3546880e+07 1.3455360e+07 1.3455360e+07
 1.8501120e+07 2.0183040e+07 1.0091520e+07 1.0091520e+07 2.3546880e+07
 1.8501120e+07 1.0091520e+07 1.6819200e+07 2.0183040e+07 1.3455360e+07
 1.5137280e+07 6.7276800e+06 2.6910720e+07 1.6819200e+07 1.0091520e+07
 1.1773440e+07 2.0183040e+07 1.6819200e+07 1.6819200e+07 1.3455360e+07
 8.4096000e+06 2.6910720e+07 1.6819200e+07 1.0091520e+07 1.3455360e+07
 1.3455360e+07 2.5228800e+07 1.0091520e+07 1.6819200e+07 1.3455360e+07
 1.0091520e+07 2.0183040e+07 2.1864960e+07 1.0091520e+07 1.3455360e+07
 1.3455360e+07 1.6819200e+07 2.0183040e+07 1.1773440e+07 1.6819200e+07
 1.3455360e+07 1.0091520e+07 2.3546880e+07 1.3455360e+07 1.5137280e+07
 1.6819200e+07 6.7276800e+06 1.0091520e+07 2.6910720e+07 2.0183040e+07
 1.0091520e+07 1.3118976e+08 1.9173888e+08 1.7996544e+08 1.7828352e+08
 1.6482816e+08 1.8501120e+08 1.8164736e+08 1.6819200e+08 1.9846656e+08
 1.9510272e+08 2.1864960e+08 2.4219648e+08 3.0610944e+08 6.9295104e+08]
