Standard Deviation: 0.0017814909060540518
Skewness: 1.2407841779203457
Kurtosis: 0.6304579711125364
Median: 0.00103179809940614
Mean: 0.0017565103310032753
Deciles: [0.00038669 0.00265241]
Minimum: 1.0398329607155777e-12
Maximum: 0.013379679841689125
Bin Edges: [1.03983296e-12 1.33796799e-04 2.67593598e-04 4.01390396e-04
 5.35187195e-04 6.68983993e-04 8.02780791e-04 9.36577590e-04
 1.07037439e-03 1.20417119e-03 1.33796799e-03 1.47176478e-03
 1.60556158e-03 1.73935838e-03 1.87315518e-03 2.00695198e-03
 2.14074878e-03 2.27454557e-03 2.40834237e-03 2.54213917e-03
 2.67593597e-03 2.80973277e-03 2.94352957e-03 3.07732636e-03
 3.21112316e-03 3.34491996e-03 3.47871676e-03 3.61251356e-03
 3.74631036e-03 3.88010715e-03 4.01390395e-03 4.14770075e-03
 4.28149755e-03 4.41529435e-03 4.54909115e-03 4.68288795e-03
 4.81668474e-03 4.95048154e-03 5.08427834e-03 5.21807514e-03
 5.35187194e-03 5.48566874e-03 5.61946553e-03 5.75326233e-03
 5.88705913e-03 6.02085593e-03 6.15465273e-03 6.28844953e-03
 6.42224632e-03 6.55604312e-03 6.68983992e-03 6.82363672e-03
 6.95743352e-03 7.09123032e-03 7.22502711e-03 7.35882391e-03
 7.49262071e-03 7.62641751e-03 7.76021431e-03 7.89401111e-03
 8.02780791e-03 8.16160470e-03 8.29540150e-03 8.42919830e-03
 8.56299510e-03 8.69679190e-03 8.83058870e-03 8.96438549e-03
 9.09818229e-03 9.23197909e-03 9.36577589e-03 9.49957269e-03
 9.63336949e-03 9.76716628e-03 9.90096308e-03 1.00347599e-02
 1.01685567e-02 1.03023535e-02 1.04361503e-02 1.05699471e-02
 1.07037439e-02 1.08375407e-02 1.09713375e-02 1.11051343e-02
 1.12389311e-02 1.13727279e-02 1.15065247e-02 1.16403215e-02
 1.17741183e-02 1.19079151e-02 1.20417119e-02 1.21755087e-02
 1.23093055e-02 1.24431023e-02 1.25768991e-02 1.27106958e-02
 1.28444926e-02 1.29782894e-02 1.31120862e-02 1.32458830e-02
 1.33796798e-02]
Frequencies: [3.50921586e+08 4.44565644e+08 3.77831245e+08 3.11681295e+08
 2.59563703e+08 2.19117531e+08 1.88160109e+08 1.63780666e+08
 1.43975928e+08 1.27911688e+08 1.15140217e+08 1.04563664e+08
 9.57561130e+07 8.85326280e+07 8.22674540e+07 7.68247880e+07
 7.21364800e+07 6.80650780e+07 6.44411240e+07 6.11859610e+07
 5.81548580e+07 5.54390630e+07 5.29560750e+07 5.07299740e+07
 4.86836700e+07 4.67647950e+07 4.50310420e+07 4.34605830e+07
 4.19829780e+07 4.06589890e+07 3.94980980e+07 3.84413110e+07
 3.74546320e+07 3.65194560e+07 3.56331300e+07 3.47646190e+07
 3.39140150e+07 3.30507050e+07 3.21222170e+07 3.10841990e+07
 2.99229440e+07 2.86392750e+07 2.72864610e+07 2.58608240e+07
 2.43341650e+07 2.27042570e+07 2.10085330e+07 1.92055160e+07
 1.72355930e+07 1.51580840e+07 1.29261370e+07 1.06899360e+07
 8.51722700e+06 6.53482800e+06 4.87420000e+06 3.55392600e+06
 2.55120800e+06 1.83908900e+06 1.34232100e+06 9.95812000e+05
 7.54386000e+05 5.74631000e+05 4.41452000e+05 3.40348000e+05
 2.57988000e+05 1.98155000e+05 1.52059000e+05 1.17254000e+05
 9.00500000e+04 6.93020000e+04 5.29480000e+04 3.99240000e+04
 3.12840000e+04 2.40260000e+04 1.89460000e+04 1.47160000e+04
 1.17540000e+04 1.00220000e+04 8.06900000e+03 6.50700000e+03
 5.37600000e+03 4.31000000e+03 3.18700000e+03 2.51800000e+03
 1.89000000e+03 1.44900000e+03 1.06600000e+03 7.42000000e+02
 6.00000000e+02 4.30000000e+02 3.21000000e+02 2.07000000e+02
 1.42000000e+02 8.50000000e+01 8.30000000e+01 6.00000000e+01
 2.60000000e+01 1.90000000e+01 1.40000000e+01 7.00000000e+00]
