Standard Deviation: 20.27011667314378
Skewness: 0.5981804908710032
Kurtosis: 0.21615003037594338
Median: 13.207172019310097
Mean: 15.681928409172322
Deciles: [ 0.60836254 28.35547278]
Minimum: -64.45714988695977
Maximum: 129.03724975834905
Bin Edges: [-64.45714989 -62.52220589 -60.58726189 -58.6523179  -56.7173739
 -54.7824299  -52.84748591 -50.91254191 -48.97759792 -47.04265392
 -45.10770992 -43.17276593 -41.23782193 -39.30287793 -37.36793394
 -35.43298994 -33.49804594 -31.56310195 -29.62815795 -27.69321395
 -25.75826996 -23.82332596 -21.88838196 -19.95343797 -18.01849397
 -16.08354998 -14.14860598 -12.21366198 -10.27871799  -8.34377399
  -6.40882999  -4.473886    -2.538942    -0.603998     1.33094599
   3.26588999   5.20083399   7.13577798   9.07072198  11.00566597
  12.94060997  14.87555397  16.81049796  18.74544196  20.68038596
  22.61532995  24.55027395  26.48521795  28.42016194  30.35510594
  32.29004994  34.22499393  36.15993793  38.09488193  40.02982592
  41.96476992  43.89971391  45.83465791  47.76960191  49.7045459
  51.6394899   53.5744339   55.50937789  57.44432189  59.37926589
  61.31420988  63.24915388  65.18409788  67.11904187  69.05398587
  70.98892986  72.92387386  74.85881786  76.79376185  78.72870585
  80.66364985  82.59859384  84.53353784  86.46848184  88.40342583
  90.33836983  92.27331383  94.20825782  96.14320182  98.07814582
 100.01308981 101.94803381 103.8829778  105.8179218  107.7528658
 109.68780979 111.62275379 113.55769779 115.49264178 117.42758578
 119.36252978 121.29747377 123.23241777 125.16736177 127.10230576
 129.03724976]
Frequencies: [3.70000000e+01 1.79000000e+02 6.58000000e+02 1.45700000e+03
 3.11700000e+03 5.57900000e+03 1.04170000e+04 1.69620000e+04
 2.75620000e+04 4.51770000e+04 7.28380000e+04 1.15814000e+05
 1.88762000e+05 2.99968000e+05 4.73311000e+05 7.51813000e+05
 1.20537300e+06 1.94652200e+06 3.16052300e+06 5.13394600e+06
 8.26999700e+06 1.30113120e+07 1.98931320e+07 2.93384670e+07
 4.15208090e+07 5.62022800e+07 7.27819540e+07 9.05665950e+07
 1.08388092e+08 1.25081308e+08 1.39562923e+08 1.51433315e+08
 1.61035719e+08 1.68272445e+08 1.73280105e+08 1.76229020e+08
 1.77107575e+08 1.76405189e+08 1.74388787e+08 1.71105760e+08
 1.66831242e+08 1.61886908e+08 1.56165264e+08 1.49776131e+08
 1.42895729e+08 1.35735205e+08 1.28396294e+08 1.20779758e+08
 1.13018086e+08 1.05111796e+08 9.72864640e+07 8.96042950e+07
 8.21712890e+07 7.49859560e+07 6.82221510e+07 6.18126020e+07
 5.57378220e+07 5.00205110e+07 4.46730190e+07 3.97301270e+07
 3.51261740e+07 3.09359210e+07 2.71693910e+07 2.37799810e+07
 2.06836570e+07 1.78976460e+07 1.54581690e+07 1.32541520e+07
 1.13065300e+07 9.58820700e+06 8.08078500e+06 6.78008300e+06
 5.66090200e+06 4.68027100e+06 3.85413400e+06 3.15993800e+06
 2.55412800e+06 2.04820100e+06 1.64024600e+06 1.29536900e+06
 1.02124100e+06 7.94962000e+05 6.13162000e+05 4.70983000e+05
 3.56979000e+05 2.65506000e+05 1.91076000e+05 1.30083000e+05
 8.44550000e+04 5.38460000e+04 3.32310000e+04 2.04260000e+04
 1.18100000e+04 4.55600000e+03 1.41600000e+03 5.23000000e+02
 1.93000000e+02 1.15000000e+02 6.80000000e+01 3.60000000e+01]
