Standard Deviation: 9.44119886783706
Skewness: 0.5313814111102615
Kurtosis: 0.2149202953724405
Median: -0.23371367995193754
Mean: 0.8086009904196996
Deciles: [-6.07441071  6.57907245]
Minimum: -61.539841108220294
Maximum: 56.590177846463995
Bin Edges: [-61.53984111 -60.35854092 -59.17724073 -57.99594054 -56.81464035
 -55.63334016 -54.45203997 -53.27073978 -52.08943959 -50.9081394
 -49.72683921 -48.54553902 -47.36423883 -46.18293864 -45.00163845
 -43.82033827 -42.63903808 -41.45773789 -40.2764377  -39.09513751
 -37.91383732 -36.73253713 -35.55123694 -34.36993675 -33.18863656
 -32.00733637 -30.82603618 -29.64473599 -28.4634358  -27.28213561
 -26.10083542 -24.91953523 -23.73823504 -22.55693485 -21.37563466
 -20.19433447 -19.01303428 -17.83173409 -16.65043391 -15.46913372
 -14.28783353 -13.10653334 -11.92523315 -10.74393296  -9.56263277
  -8.38133258  -7.20003239  -6.0187322   -4.83743201  -3.65613182
  -2.47483163  -1.29353144  -0.11223125   1.06906894   2.25036913
   3.43166932   4.61296951   5.7942697    6.97556989   8.15687008
   9.33817026  10.51947045  11.70077064  12.88207083  14.06337102
  15.24467121  16.4259714   17.60727159  18.78857178  19.96987197
  21.15117216  22.33247235  23.51377254  24.69507273  25.87637292
  27.05767311  28.2389733   29.42027349  30.60157368  31.78287387
  32.96417406  34.14547425  35.32677443  36.50807462  37.68937481
  38.870675    40.05197519  41.23327538  42.41457557  43.59587576
  44.77717595  45.95847614  47.13977633  48.32107652  49.50237671
  50.6836769   51.86497709  53.04627728  54.22757747  55.40887766
  56.59017785]
Frequencies: [9.00000000e+00 1.90000000e+01 1.40000000e+01 2.90000000e+01
 4.00000000e+01 7.80000000e+01 1.54000000e+02 2.89000000e+02
 5.26000000e+02 9.59000000e+02 1.35600000e+03 2.12700000e+03
 3.18000000e+03 5.01400000e+03 7.49700000e+03 1.04030000e+04
 1.56140000e+04 2.22200000e+04 3.03030000e+04 4.21900000e+04
 5.77310000e+04 7.63530000e+04 1.01314000e+05 1.34069000e+05
 1.75993000e+05 2.29260000e+05 3.00219000e+05 3.95005000e+05
 5.22985000e+05 6.93858000e+05 9.37876000e+05 1.27031000e+06
 1.76606000e+06 2.54565000e+06 3.89431800e+06 6.27143000e+06
 1.04539060e+07 1.75550230e+07 2.88891600e+07 4.55406090e+07
 6.81984450e+07 9.60354410e+07 1.25772696e+08 1.53590724e+08
 1.76635162e+08 1.94599735e+08 2.08620319e+08 2.19941829e+08
 2.28127800e+08 2.33074121e+08 2.34784690e+08 2.33029971e+08
 2.27508656e+08 2.17654266e+08 2.03935888e+08 1.87762850e+08
 1.70630224e+08 1.53882750e+08 1.38350284e+08 1.24267924e+08
 1.11644535e+08 1.00187041e+08 8.99011760e+07 8.03857160e+07
 7.15514220e+07 6.31789280e+07 5.51449180e+07 4.75404740e+07
 4.04113960e+07 3.38796510e+07 2.79959620e+07 2.28221850e+07
 1.83632250e+07 1.45430270e+07 1.14164520e+07 8.83274400e+06
 6.72843400e+06 5.06175700e+06 3.76700900e+06 2.77277600e+06
 2.01752700e+06 1.44989600e+06 1.03482000e+06 7.34822000e+05
 5.10960000e+05 3.50765000e+05 2.32764000e+05 1.47269000e+05
 9.20450000e+04 5.62970000e+04 3.26410000e+04 1.83630000e+04
 1.00540000e+04 5.39900000e+03 2.69900000e+03 1.15200000e+03
 4.75000000e+02 1.84000000e+02 7.60000000e+01 3.90000000e+01]
