Standard Deviation: 3.555937614277559e-07
Skewness: 2.0183953084171695
Kurtosis: 23.824797595383373
Median: 1.400809117275849e-06
Mean: 1.4428860012473661e-06
Deciles: [1.25575498e-06 1.61310220e-06]
Minimum: 1.4094170567612016e-09
Maximum: 4.1713681918011335e-05
Bin Edges: [1.40941706e-09 4.18532142e-07 8.35654867e-07 1.25277759e-06
 1.66990032e-06 2.08702304e-06 2.50414577e-06 2.92126849e-06
 3.33839122e-06 3.75551394e-06 4.17263667e-06 4.58975939e-06
 5.00688212e-06 5.42400484e-06 5.84112757e-06 6.25825029e-06
 6.67537302e-06 7.09249574e-06 7.50961847e-06 7.92674119e-06
 8.34386392e-06 8.76098664e-06 9.17810937e-06 9.59523209e-06
 1.00123548e-05 1.04294775e-05 1.08466003e-05 1.12637230e-05
 1.16808457e-05 1.20979684e-05 1.25150912e-05 1.29322139e-05
 1.33493366e-05 1.37664593e-05 1.41835821e-05 1.46007048e-05
 1.50178275e-05 1.54349502e-05 1.58520730e-05 1.62691957e-05
 1.66863184e-05 1.71034411e-05 1.75205639e-05 1.79376866e-05
 1.83548093e-05 1.87719320e-05 1.91890548e-05 1.96061775e-05
 2.00233002e-05 2.04404229e-05 2.08575457e-05 2.12746684e-05
 2.16917911e-05 2.21089138e-05 2.25260366e-05 2.29431593e-05
 2.33602820e-05 2.37774047e-05 2.41945275e-05 2.46116502e-05
 2.50287729e-05 2.54458956e-05 2.58630184e-05 2.62801411e-05
 2.66972638e-05 2.71143865e-05 2.75315093e-05 2.79486320e-05
 2.83657547e-05 2.87828774e-05 2.92000002e-05 2.96171229e-05
 3.00342456e-05 3.04513683e-05 3.08684911e-05 3.12856138e-05
 3.17027365e-05 3.21198592e-05 3.25369820e-05 3.29541047e-05
 3.33712274e-05 3.37883501e-05 3.42054729e-05 3.46225956e-05
 3.50397183e-05 3.54568410e-05 3.58739638e-05 3.62910865e-05
 3.67082092e-05 3.71253319e-05 3.75424547e-05 3.79595774e-05
 3.83767001e-05 3.87938228e-05 3.92109456e-05 3.96280683e-05
 4.00451910e-05 4.04623137e-05 4.08794365e-05 4.12965592e-05
 4.17136819e-05]
Frequencies: [2.90843800e+06 1.22419672e+08 9.94048384e+08 2.47263229e+09
 7.80828685e+08 1.17486938e+08 3.02519860e+07 1.08053750e+07
 4.63988800e+06 2.25705800e+06 1.17149900e+06 6.44426000e+05
 3.74656000e+05 2.31514000e+05 1.47509000e+05 9.69380000e+04
 6.58290000e+04 4.53440000e+04 3.14970000e+04 2.24080000e+04
 1.65950000e+04 1.19340000e+04 8.86100000e+03 6.63000000e+03
 5.06700000e+03 4.20000000e+03 3.43300000e+03 2.78900000e+03
 2.17600000e+03 1.78400000e+03 1.56700000e+03 1.29200000e+03
 1.01700000e+03 9.04000000e+02 6.97000000e+02 6.02000000e+02
 5.11000000e+02 4.82000000e+02 4.26000000e+02 3.53000000e+02
 2.83000000e+02 2.64000000e+02 2.42000000e+02 1.79000000e+02
 1.75000000e+02 1.55000000e+02 1.09000000e+02 1.18000000e+02
 1.04000000e+02 1.01000000e+02 8.30000000e+01 6.60000000e+01
 7.10000000e+01 6.00000000e+01 5.80000000e+01 4.60000000e+01
 3.30000000e+01 3.00000000e+01 3.30000000e+01 2.20000000e+01
 1.20000000e+01 1.60000000e+01 1.00000000e+01 1.30000000e+01
 1.00000000e+01 5.00000000e+00 8.00000000e+00 6.00000000e+00
 2.00000000e+00 4.00000000e+00 2.00000000e+00 4.00000000e+00
 3.00000000e+00 2.00000000e+00 1.00000000e+00 1.00000000e+00
 4.00000000e+00 0.00000000e+00 1.00000000e+00 1.00000000e+00
 1.00000000e+00 0.00000000e+00 1.00000000e+00 0.00000000e+00
 0.00000000e+00 1.00000000e+00 0.00000000e+00 0.00000000e+00
 1.00000000e+00 0.00000000e+00 0.00000000e+00 0.00000000e+00
 0.00000000e+00 0.00000000e+00 0.00000000e+00 0.00000000e+00
 0.00000000e+00 0.00000000e+00 0.00000000e+00 1.00000000e+00]
