Standard Deviation: 7.899393099057367e-10
Skewness: 28862.41118711872
Kurtosis: 1018665689.0145874
Median: 1.3070052902178522e-30
Mean: 8.396378815477176e-13
Deciles: [6.92375023e-32 2.05000438e-29]
Minimum: 0.0
Maximum: 3.227476328223658e-05
Bin Edges: [0.00000000e+00 3.22747633e-07 6.45495266e-07 9.68242898e-07
 1.29099053e-06 1.61373816e-06 1.93648580e-06 2.25923343e-06
 2.58198106e-06 2.90472870e-06 3.22747633e-06 3.55022396e-06
 3.87297159e-06 4.19571923e-06 4.51846686e-06 4.84121449e-06
 5.16396213e-06 5.48670976e-06 5.80945739e-06 6.13220502e-06
 6.45495266e-06 6.77770029e-06 7.10044792e-06 7.42319555e-06
 7.74594319e-06 8.06869082e-06 8.39143845e-06 8.71418609e-06
 9.03693372e-06 9.35968135e-06 9.68242898e-06 1.00051766e-05
 1.03279243e-05 1.06506719e-05 1.09734195e-05 1.12961671e-05
 1.16189148e-05 1.19416624e-05 1.22644100e-05 1.25871577e-05
 1.29099053e-05 1.32326529e-05 1.35554006e-05 1.38781482e-05
 1.42008958e-05 1.45236435e-05 1.48463911e-05 1.51691387e-05
 1.54918864e-05 1.58146340e-05 1.61373816e-05 1.64601293e-05
 1.67828769e-05 1.71056245e-05 1.74283722e-05 1.77511198e-05
 1.80738674e-05 1.83966151e-05 1.87193627e-05 1.90421103e-05
 1.93648580e-05 1.96876056e-05 2.00103532e-05 2.03331009e-05
 2.06558485e-05 2.09785961e-05 2.13013438e-05 2.16240914e-05
 2.19468390e-05 2.22695867e-05 2.25923343e-05 2.29150819e-05
 2.32378296e-05 2.35605772e-05 2.38833248e-05 2.42060725e-05
 2.45288201e-05 2.48515677e-05 2.51743154e-05 2.54970630e-05
 2.58198106e-05 2.61425583e-05 2.64653059e-05 2.67880535e-05
 2.71108012e-05 2.74335488e-05 2.77562964e-05 2.80790441e-05
 2.84017917e-05 2.87245393e-05 2.90472870e-05 2.93700346e-05
 2.96927822e-05 3.00155299e-05 3.03382775e-05 3.06610251e-05
 3.09837728e-05 3.13065204e-05 3.16292680e-05 3.19520156e-05
 3.22747633e-05]
Frequencies: [4.54118397e+09 5.00000000e+00 3.00000000e+00 4.00000000e+00
 1.00000000e+00 3.00000000e+00 2.00000000e+00 2.00000000e+00
 1.00000000e+00 0.00000000e+00 0.00000000e+00 1.00000000e+00
 1.00000000e+00 0.00000000e+00 1.00000000e+00 1.00000000e+00
 0.00000000e+00 0.00000000e+00 0.00000000e+00 1.00000000e+00
 0.00000000e+00 0.00000000e+00 1.00000000e+00 0.00000000e+00
 0.00000000e+00 0.00000000e+00 0.00000000e+00 0.00000000e+00
 0.00000000e+00 0.00000000e+00 0.00000000e+00 0.00000000e+00
 0.00000000e+00 0.00000000e+00 0.00000000e+00 0.00000000e+00
 0.00000000e+00 0.00000000e+00 0.00000000e+00 0.00000000e+00
 0.00000000e+00 1.00000000e+00 0.00000000e+00 0.00000000e+00
 0.00000000e+00 0.00000000e+00 0.00000000e+00 0.00000000e+00
 0.00000000e+00 0.00000000e+00 0.00000000e+00 0.00000000e+00
 0.00000000e+00 0.00000000e+00 0.00000000e+00 0.00000000e+00
 0.00000000e+00 0.00000000e+00 0.00000000e+00 0.00000000e+00
 0.00000000e+00 0.00000000e+00 0.00000000e+00 1.00000000e+00
 0.00000000e+00 0.00000000e+00 0.00000000e+00 0.00000000e+00
 0.00000000e+00 0.00000000e+00 0.00000000e+00 0.00000000e+00
 0.00000000e+00 0.00000000e+00 0.00000000e+00 0.00000000e+00
 0.00000000e+00 0.00000000e+00 0.00000000e+00 0.00000000e+00
 0.00000000e+00 0.00000000e+00 1.00000000e+00 0.00000000e+00
 0.00000000e+00 0.00000000e+00 0.00000000e+00 0.00000000e+00
 0.00000000e+00 0.00000000e+00 0.00000000e+00 0.00000000e+00
 0.00000000e+00 0.00000000e+00 0.00000000e+00 0.00000000e+00
 0.00000000e+00 0.00000000e+00 0.00000000e+00 1.00000000e+00]
