Standard Deviation: 10.115369982887772
Skewness: -0.684678930609202
Kurtosis: -0.6011257720137637
Median: 234.91862716532233
Mean: 231.82052826650664
Deciles: [223.83364807 240.60500915]
Minimum: 192.62431749321635
Maximum: 258.6468096531641
Bin Edges: [192.62431749 193.28454241 193.94476734 194.60499226 195.26521718
 195.9254421  196.58566702 197.24589194 197.90611687 198.56634179
 199.22656671 199.88679163 200.54701655 201.20724147 201.8674664
 202.52769132 203.18791624 203.84814116 204.50836608 205.168591
 205.82881593 206.48904085 207.14926577 207.80949069 208.46971561
 209.12994053 209.79016545 210.45039038 211.1106153  211.77084022
 212.43106514 213.09129006 213.75151498 214.41173991 215.07196483
 215.73218975 216.39241467 217.05263959 217.71286451 218.37308944
 219.03331436 219.69353928 220.3537642  221.01398912 221.67421404
 222.33443897 222.99466389 223.65488881 224.31511373 224.97533865
 225.63556357 226.29578849 226.95601342 227.61623834 228.27646326
 228.93668818 229.5969131  230.25713802 230.91736295 231.57758787
 232.23781279 232.89803771 233.55826263 234.21848755 234.87871248
 235.5389374  236.19916232 236.85938724 237.51961216 238.17983708
 238.84006201 239.50028693 240.16051185 240.82073677 241.48096169
 242.14118661 242.80141153 243.46163646 244.12186138 244.7820863
 245.44231122 246.10253614 246.76276106 247.42298599 248.08321091
 248.74343583 249.40366075 250.06388567 250.72411059 251.38433552
 252.04456044 252.70478536 253.36501028 254.0252352  254.68546012
 255.34568505 256.00590997 256.66613489 257.32635981 257.98658473
 258.64680965]
Frequencies: [6.10000000e+01 7.99000000e+02 3.64200000e+03 8.67200000e+03
 2.02220000e+04 4.32700000e+04 9.07920000e+04 1.98523000e+05
 4.01744000e+05 7.44188000e+05 1.17967100e+06 1.68027100e+06
 2.21081900e+06 2.68673300e+06 3.05788600e+06 3.37094700e+06
 3.65735000e+06 4.03052800e+06 4.43604900e+06 4.96770700e+06
 5.76388000e+06 6.79948400e+06 8.24769200e+06 1.01536070e+07
 1.25688830e+07 1.51454790e+07 1.80071320e+07 2.11489490e+07
 2.43320230e+07 2.76519740e+07 3.12251260e+07 3.49600890e+07
 3.89757640e+07 4.28025660e+07 4.64124590e+07 5.00095470e+07
 5.34446000e+07 5.65598230e+07 5.93163700e+07 6.15872490e+07
 6.32440590e+07 6.45726260e+07 6.55474100e+07 6.61311350e+07
 6.65073440e+07 6.66770190e+07 6.66956460e+07 6.64638390e+07
 6.62034100e+07 6.59170130e+07 6.55001810e+07 6.51921510e+07
 6.49780280e+07 6.47733770e+07 6.47610200e+07 6.50799890e+07
 6.56658100e+07 6.63708180e+07 6.71682620e+07 6.81386250e+07
 6.95772740e+07 7.14024220e+07 7.39595620e+07 7.73505160e+07
 8.21004860e+07 8.83942080e+07 9.63940990e+07 1.06654145e+08
 1.20543496e+08 1.38831015e+08 1.63115356e+08 1.93946712e+08
 2.28570713e+08 2.55456884e+08 2.56762190e+08 2.19936185e+08
 1.51745266e+08 8.44699950e+07 4.05908000e+07 2.03032940e+07
 1.16554100e+07 7.07961400e+06 4.19741300e+06 2.36489200e+06
 1.22437800e+06 5.87613000e+05 2.57487000e+05 1.12164000e+05
 5.30100000e+04 2.75650000e+04 1.37700000e+04 7.45500000e+03
 3.80000000e+03 2.02900000e+03 1.14700000e+03 5.86000000e+02
 3.15000000e+02 2.30000000e+02 1.23000000e+02 4.90000000e+01]
