Standard Deviation: 1.8188030956742522e-06
Skewness: 2.6148425523543795
Kurtosis: 13.485691260189917
Median: 1.8864828538840544e-06
Mean: 2.5933136901787597e-06
Deciles: [1.48304349e-06 3.08377104e-06]
Minimum: 3.9369157822357665e-09
Maximum: 0.00014342758291971397
Bin Edges: [3.93691578e-09 1.43817338e-06 2.87240984e-06 4.30664630e-06
 5.74088276e-06 7.17511922e-06 8.60935568e-06 1.00435921e-05
 1.14778286e-05 1.29120651e-05 1.43463015e-05 1.57805380e-05
 1.72147744e-05 1.86490109e-05 2.00832474e-05 2.15174838e-05
 2.29517203e-05 2.43859567e-05 2.58201932e-05 2.72544297e-05
 2.86886661e-05 3.01229026e-05 3.15571390e-05 3.29913755e-05
 3.44256120e-05 3.58598484e-05 3.72940849e-05 3.87283213e-05
 4.01625578e-05 4.15967943e-05 4.30310307e-05 4.44652672e-05
 4.58995036e-05 4.73337401e-05 4.87679766e-05 5.02022130e-05
 5.16364495e-05 5.30706859e-05 5.45049224e-05 5.59391589e-05
 5.73733953e-05 5.88076318e-05 6.02418682e-05 6.16761047e-05
 6.31103412e-05 6.45445776e-05 6.59788141e-05 6.74130505e-05
 6.88472870e-05 7.02815235e-05 7.17157599e-05 7.31499964e-05
 7.45842328e-05 7.60184693e-05 7.74527058e-05 7.88869422e-05
 8.03211787e-05 8.17554151e-05 8.31896516e-05 8.46238881e-05
 8.60581245e-05 8.74923610e-05 8.89265974e-05 9.03608339e-05
 9.17950704e-05 9.32293068e-05 9.46635433e-05 9.60977797e-05
 9.75320162e-05 9.89662527e-05 1.00400489e-04 1.01834726e-04
 1.03268962e-04 1.04703198e-04 1.06137435e-04 1.07571671e-04
 1.09005908e-04 1.10440144e-04 1.11874381e-04 1.13308617e-04
 1.14742854e-04 1.16177090e-04 1.17611327e-04 1.19045563e-04
 1.20479800e-04 1.21914036e-04 1.23348272e-04 1.24782509e-04
 1.26216745e-04 1.27650982e-04 1.29085218e-04 1.30519455e-04
 1.31953691e-04 1.33387928e-04 1.34822164e-04 1.36256401e-04
 1.37690637e-04 1.39124874e-04 1.40559110e-04 1.41993346e-04
 1.43427583e-04]
Frequencies: [9.92321080e+08 2.29897855e+09 5.91526844e+08 3.49590058e+08
 1.77694494e+08 7.16392550e+07 2.91301320e+07 1.36732740e+07
 7.19900100e+06 3.96940300e+06 2.22502900e+06 1.26499500e+06
 7.33967000e+05 4.38097000e+05 2.67180000e+05 1.68804000e+05
 1.09301000e+05 7.26270000e+04 4.80530000e+04 3.35240000e+04
 2.43040000e+04 1.77450000e+04 1.26310000e+04 9.04300000e+03
 7.03200000e+03 5.43700000e+03 4.41200000e+03 3.40000000e+03
 2.72600000e+03 2.18000000e+03 1.87400000e+03 1.52500000e+03
 1.18800000e+03 1.08400000e+03 8.75000000e+02 7.27000000e+02
 6.27000000e+02 4.75000000e+02 4.65000000e+02 3.76000000e+02
 2.85000000e+02 2.41000000e+02 2.02000000e+02 2.18000000e+02
 1.63000000e+02 1.07000000e+02 1.09000000e+02 1.06000000e+02
 6.60000000e+01 8.70000000e+01 6.50000000e+01 5.00000000e+01
 7.00000000e+01 4.00000000e+01 4.80000000e+01 3.80000000e+01
 4.30000000e+01 2.70000000e+01 2.20000000e+01 2.60000000e+01
 2.70000000e+01 1.50000000e+01 1.10000000e+01 1.20000000e+01
 1.40000000e+01 2.10000000e+01 2.10000000e+01 1.30000000e+01
 9.00000000e+00 1.00000000e+01 4.00000000e+00 3.00000000e+00
 0.00000000e+00 7.00000000e+00 2.00000000e+00 0.00000000e+00
 1.00000000e+00 1.00000000e+00 3.00000000e+00 2.00000000e+00
 1.00000000e+00 5.00000000e+00 0.00000000e+00 2.00000000e+00
 0.00000000e+00 3.00000000e+00 2.00000000e+00 2.00000000e+00
 0.00000000e+00 0.00000000e+00 1.00000000e+00 0.00000000e+00
 0.00000000e+00 0.00000000e+00 0.00000000e+00 0.00000000e+00
 0.00000000e+00 1.00000000e+00 0.00000000e+00 1.00000000e+00]
