Standard Deviation: 20.260659666043615
Skewness: 0.15112082013779504
Kurtosis: 0.12732248905881205
Median: 16.13035015300734
Mean: 16.81134651579705
Deciles: [ 3.25742995 29.99571232]
Minimum: -59.52015565191407
Maximum: 120.31705877076966
Bin Edges: [-59.52015565 -57.72178351 -55.92341136 -54.12503922 -52.32666708
 -50.52829493 -48.72992279 -46.93155064 -45.1331785  -43.33480635
 -41.53643421 -39.73806207 -37.93968992 -36.14131778 -34.34294563
 -32.54457349 -30.74620134 -28.9478292  -27.14945706 -25.35108491
 -23.55271277 -21.75434062 -19.95596848 -18.15759633 -16.35922419
 -14.56085205 -12.7624799  -10.96410776  -9.16573561  -7.36736347
  -5.56899133  -3.77061918  -1.97224704  -0.17387489   1.62449725
   3.4228694    5.22124154   7.01961368   8.81798583  10.61635797
  12.41473012  14.21310226  16.01147441  17.80984655  19.60821869
  21.40659084  23.20496298  25.00333513  26.80170727  28.60007942
  30.39845156  32.1968237   33.99519585  35.79356799  37.59194014
  39.39031228  41.18868442  42.98705657  44.78542871  46.58380086
  48.382173    50.18054515  51.97891729  53.77728943  55.57566158
  57.37403372  59.17240587  60.97077801  62.76915016  64.5675223
  66.36589444  68.16426659  69.96263873  71.76101088  73.55938302
  75.35775517  77.15612731  78.95449945  80.7528716   82.55124374
  84.34961589  86.14798803  87.94636017  89.74473232  91.54310446
  93.34147661  95.13984875  96.9382209   98.73659304 100.53496518
 102.33333733 104.13170947 105.93008162 107.72845376 109.52682591
 111.32519805 113.12357019 114.92194234 116.72031448 118.51868663
 120.31705877]
Frequencies: [2.90000000e+02 1.58100000e+03 5.99200000e+03 2.93280000e+04
 1.52209000e+05 3.91951000e+05 5.72128000e+05 8.70242000e+05
 1.27377700e+06 1.82188300e+06 2.48254300e+06 3.29257100e+06
 4.26069700e+06 5.48136400e+06 6.98206100e+06 8.79052000e+06
 1.09386670e+07 1.35042750e+07 1.64617730e+07 1.97999310e+07
 2.35712400e+07 2.77109320e+07 3.22822120e+07 3.72754700e+07
 4.26601790e+07 4.84340680e+07 5.48255820e+07 6.19330110e+07
 7.00618740e+07 7.94658950e+07 9.02899380e+07 1.02403820e+08
 1.15034340e+08 1.27299981e+08 1.38020466e+08 1.46940964e+08
 1.53730569e+08 1.58461969e+08 1.61656548e+08 1.63449980e+08
 1.63961194e+08 1.63251758e+08 1.61835790e+08 1.59369902e+08
 1.55891908e+08 1.51558328e+08 1.46114444e+08 1.39986355e+08
 1.33122136e+08 1.25633664e+08 1.17861468e+08 1.09842491e+08
 1.01712171e+08 9.34395880e+07 8.50549300e+07 7.69025880e+07
 6.91277220e+07 6.17126070e+07 5.47643150e+07 4.83649730e+07
 4.24106450e+07 3.70415950e+07 3.21556190e+07 2.78529770e+07
 2.40565550e+07 2.06794020e+07 1.76731320e+07 1.50679490e+07
 1.27847340e+07 1.07837790e+07 9.04869400e+06 7.56313400e+06
 6.24390000e+06 5.15630600e+06 4.25253400e+06 3.49177900e+06
 2.83797600e+06 2.28554700e+06 1.83288000e+06 1.45308100e+06
 1.12985700e+06 8.65383000e+05 6.61462000e+05 4.95500000e+05
 3.72242000e+05 2.77897000e+05 2.01060000e+05 1.38247000e+05
 8.96880000e+04 6.05050000e+04 3.70990000e+04 2.32550000e+04
 1.35610000e+04 7.76400000e+03 3.77400000e+03 1.79400000e+03
 9.01000000e+02 3.77000000e+02 1.71000000e+02 9.20000000e+01]
