Standard Deviation: 2247.5560030621177
Skewness: -3.6048410652529204
Kurtosis: 15.498897943518877
Median: 47614.509626079176
Mean: 46800.250443646815
Deciles: [46665.81891473 47862.49077332]
Minimum: 30486.061383579698
Maximum: 49995.27474106169
Bin Edges: [30486.06138358 30681.15351715 30876.24565073 31071.3377843
 31266.42991788 31461.52205145 31656.61418503 31851.7063186
 32046.79845218 32241.89058575 32436.98271933 32632.0748529
 32827.16698648 33022.25912005 33217.35125363 33412.4433872
 33607.53552078 33802.62765435 33997.71978793 34192.8119215
 34387.90405508 34582.99618865 34778.08832223 34973.1804558
 35168.27258938 35363.36472295 35558.45685653 35753.5489901
 35948.64112367 36143.73325725 36338.82539082 36533.9175244
 36729.00965797 36924.10179155 37119.19392512 37314.2860587
 37509.37819227 37704.47032585 37899.56245942 38094.654593
 38289.74672657 38484.83886015 38679.93099372 38875.0231273
 39070.11526087 39265.20739445 39460.29952802 39655.3916616
 39850.48379517 40045.57592875 40240.66806232 40435.7601959
 40630.85232947 40825.94446305 41021.03659662 41216.12873019
 41411.22086377 41606.31299734 41801.40513092 41996.49726449
 42191.58939807 42386.68153164 42581.77366522 42776.86579879
 42971.95793237 43167.05006594 43362.14219952 43557.23433309
 43752.32646667 43947.41860024 44142.51073382 44337.60286739
 44532.69500097 44727.78713454 44922.87926812 45117.97140169
 45313.06353527 45508.15566884 45703.24780242 45898.33993599
 46093.43206957 46288.52420314 46483.61633671 46678.70847029
 46873.80060386 47068.89273744 47263.98487101 47459.07700459
 47654.16913816 47849.26127174 48044.35340531 48239.44553889
 48434.53767246 48629.62980604 48824.72193961 49019.81407319
 49214.90620676 49409.99834034 49605.09047391 49800.18260749
 49995.27474106]
Frequencies: [3.24700000e+03 3.43760000e+04 2.14012000e+05 6.12063000e+05
 1.43533000e+06 2.30397700e+06 1.80202800e+06 1.15344100e+06
 7.14157000e+05 1.20462700e+06 1.22384100e+06 1.33601200e+06
 1.95257500e+06 2.31425600e+06 2.51995500e+06 2.48773000e+06
 2.11066500e+06 2.18244900e+06 2.48702500e+06 2.45461800e+06
 2.42623300e+06 3.17838500e+06 3.45430700e+06 3.28083100e+06
 3.14557500e+06 3.40240600e+06 2.82764100e+06 2.90280500e+06
 3.03415800e+06 3.03348500e+06 3.40175200e+06 3.36264500e+06
 2.61021600e+06 2.75447400e+06 2.95381700e+06 3.15654500e+06
 2.69484200e+06 2.25256500e+06 2.54093100e+06 2.69121500e+06
 2.64542100e+06 3.26721500e+06 3.11846400e+06 3.65982400e+06
 3.32332400e+06 2.83760300e+06 3.36972300e+06 3.89896600e+06
 4.07788300e+06 3.97736000e+06 4.66625500e+06 4.96991700e+06
 5.92658300e+06 6.74985100e+06 6.67534600e+06 7.58851900e+06
 7.57407800e+06 7.66260500e+06 8.11978200e+06 9.62523200e+06
 1.14691460e+07 1.23376660e+07 1.39266280e+07 1.63872500e+07
 1.89315660e+07 1.86620140e+07 1.91329730e+07 1.97260660e+07
 2.07127900e+07 2.09699570e+07 2.13203200e+07 2.08863200e+07
 2.26446040e+07 2.73754200e+07 3.06533520e+07 3.66760640e+07
 4.54878420e+07 5.31497890e+07 6.70524880e+07 8.21708750e+07
 9.96509420e+07 1.25561581e+08 1.47194028e+08 1.61996781e+08
 1.79611193e+08 2.07210758e+08 2.53269380e+08 4.68669780e+08
 9.36710193e+08 6.26285215e+08 3.58802163e+08 1.50625148e+08
 4.19595740e+07 8.46057100e+06 1.66038400e+06 3.41380000e+05
 8.73270000e+04 2.18880000e+04 5.56100000e+03 1.86000000e+03]
