Standard Deviation: 4.16190184320972e-05
Skewness: 4.912039196430309
Kurtosis: 36.089283472874115
Median: 3.781269121203033e-08
Mean: 1.5477139648983628e-05
Deciles: [1.11782101e-34 7.07101115e-06]
Minimum: 0.0
Maximum: 0.0010355528340961924
Bin Edges: [0.00000000e+00 1.03555283e-05 2.07110567e-05 3.10665850e-05
 4.14221134e-05 5.17776417e-05 6.21331700e-05 7.24886984e-05
 8.28442267e-05 9.31997551e-05 1.03555283e-04 1.13910812e-04
 1.24266340e-04 1.34621868e-04 1.44977397e-04 1.55332925e-04
 1.65688453e-04 1.76043982e-04 1.86399510e-04 1.96755038e-04
 2.07110567e-04 2.17466095e-04 2.27821624e-04 2.38177152e-04
 2.48532680e-04 2.58888209e-04 2.69243737e-04 2.79599265e-04
 2.89954794e-04 3.00310322e-04 3.10665850e-04 3.21021379e-04
 3.31376907e-04 3.41732435e-04 3.52087964e-04 3.62443492e-04
 3.72799020e-04 3.83154549e-04 3.93510077e-04 4.03865605e-04
 4.14221134e-04 4.24576662e-04 4.34932190e-04 4.45287719e-04
 4.55643247e-04 4.65998775e-04 4.76354304e-04 4.86709832e-04
 4.97065360e-04 5.07420889e-04 5.17776417e-04 5.28131945e-04
 5.38487474e-04 5.48843002e-04 5.59198530e-04 5.69554059e-04
 5.79909587e-04 5.90265115e-04 6.00620644e-04 6.10976172e-04
 6.21331700e-04 6.31687229e-04 6.42042757e-04 6.52398285e-04
 6.62753814e-04 6.73109342e-04 6.83464871e-04 6.93820399e-04
 7.04175927e-04 7.14531456e-04 7.24886984e-04 7.35242512e-04
 7.45598041e-04 7.55953569e-04 7.66309097e-04 7.76664626e-04
 7.87020154e-04 7.97375682e-04 8.07731211e-04 8.18086739e-04
 8.28442267e-04 8.38797796e-04 8.49153324e-04 8.59508852e-04
 8.69864381e-04 8.80219909e-04 8.90575437e-04 9.00930966e-04
 9.11286494e-04 9.21642022e-04 9.31997551e-04 9.42353079e-04
 9.52708607e-04 9.63064136e-04 9.73419664e-04 9.83775192e-04
 9.94130721e-04 1.00448625e-03 1.01484178e-03 1.02519731e-03
 1.03555283e-03]
Frequencies: [3.53367087e+09 2.32615117e+08 1.37956252e+08 1.02102471e+08
 8.29122410e+07 6.93748860e+07 5.87548820e+07 5.00310410e+07
 4.26525740e+07 3.62655390e+07 3.06390110e+07 2.56665250e+07
 2.13290090e+07 1.76328630e+07 1.45755990e+07 1.20696340e+07
 1.00479140e+07 8.42282700e+06 7.09329900e+06 6.01629500e+06
 5.13371600e+06 4.40363800e+06 3.79747800e+06 3.28721300e+06
 2.85823300e+06 2.49210500e+06 2.18407300e+06 1.91672800e+06
 1.68518900e+06 1.48785300e+06 1.31784200e+06 1.16357500e+06
 1.03496800e+06 9.18483000e+05 8.15811000e+05 7.25383000e+05
 6.45956000e+05 5.75879000e+05 5.14791000e+05 4.59109000e+05
 4.11253000e+05 3.66281000e+05 3.28137000e+05 2.93183000e+05
 2.64002000e+05 2.35437000e+05 2.12318000e+05 1.90425000e+05
 1.71228000e+05 1.54047000e+05 1.38480000e+05 1.24741000e+05
 1.11839000e+05 1.01194000e+05 9.06130000e+04 8.10630000e+04
 7.33220000e+04 6.57090000e+04 5.87660000e+04 5.27890000e+04
 4.76420000e+04 4.28410000e+04 3.82260000e+04 3.46640000e+04
 3.08410000e+04 2.76910000e+04 2.45120000e+04 2.16500000e+04
 1.91570000e+04 1.70120000e+04 1.49070000e+04 1.32800000e+04
 1.16390000e+04 1.02200000e+04 9.02200000e+03 7.82900000e+03
 6.83300000e+03 5.85000000e+03 5.08100000e+03 4.35900000e+03
 3.62000000e+03 3.12600000e+03 2.59300000e+03 2.08200000e+03
 1.72500000e+03 1.39200000e+03 1.18600000e+03 9.24000000e+02
 7.61000000e+02 5.45000000e+02 4.01000000e+02 3.16000000e+02
 1.95000000e+02 1.22000000e+02 4.30000000e+01 7.00000000e+00
 4.00000000e+00 2.00000000e+00 0.00000000e+00 1.00000000e+00]
