Standard Deviation: 2.7684977114419166e-05
Skewness: 5.58510280754187
Kurtosis: 42.97517897978183
Median: 5.104693445308032e-12
Mean: 8.034423799637654e-06
Deciles: [0.00000000e+00 4.93760195e-07]
Minimum: 0.0
Maximum: 0.0009415879268267368
Bin Edges: [0.00000000e+00 9.41587927e-06 1.88317585e-05 2.82476378e-05
 3.76635171e-05 4.70793963e-05 5.64952756e-05 6.59111549e-05
 7.53270341e-05 8.47429134e-05 9.41587927e-05 1.03574672e-04
 1.12990551e-04 1.22406430e-04 1.31822310e-04 1.41238189e-04
 1.50654068e-04 1.60069948e-04 1.69485827e-04 1.78901706e-04
 1.88317585e-04 1.97733465e-04 2.07149344e-04 2.16565223e-04
 2.25981102e-04 2.35396982e-04 2.44812861e-04 2.54228740e-04
 2.63644620e-04 2.73060499e-04 2.82476378e-04 2.91892257e-04
 3.01308137e-04 3.10724016e-04 3.20139895e-04 3.29555774e-04
 3.38971654e-04 3.48387533e-04 3.57803412e-04 3.67219291e-04
 3.76635171e-04 3.86051050e-04 3.95466929e-04 4.04882809e-04
 4.14298688e-04 4.23714567e-04 4.33130446e-04 4.42546326e-04
 4.51962205e-04 4.61378084e-04 4.70793963e-04 4.80209843e-04
 4.89625722e-04 4.99041601e-04 5.08457480e-04 5.17873360e-04
 5.27289239e-04 5.36705118e-04 5.46120998e-04 5.55536877e-04
 5.64952756e-04 5.74368635e-04 5.83784515e-04 5.93200394e-04
 6.02616273e-04 6.12032152e-04 6.21448032e-04 6.30863911e-04
 6.40279790e-04 6.49695670e-04 6.59111549e-04 6.68527428e-04
 6.77943307e-04 6.87359187e-04 6.96775066e-04 7.06190945e-04
 7.15606824e-04 7.25022704e-04 7.34438583e-04 7.43854462e-04
 7.53270341e-04 7.62686221e-04 7.72102100e-04 7.81517979e-04
 7.90933859e-04 8.00349738e-04 8.09765617e-04 8.19181496e-04
 8.28597376e-04 8.38013255e-04 8.47429134e-04 8.56845013e-04
 8.66260893e-04 8.75676772e-04 8.85092651e-04 8.94508530e-04
 9.03924410e-04 9.13340289e-04 9.22756168e-04 9.32172048e-04
 9.41587927e-04]
Frequencies: [3.95545446e+09 1.35633851e+08 7.82704140e+07 5.89288650e+07
 4.82189080e+07 4.05272070e+07 3.43798520e+07 2.92655830e+07
 2.49987900e+07 2.14128920e+07 1.83532510e+07 1.57064610e+07
 1.33689790e+07 1.12875070e+07 9.43447800e+06 7.78855000e+06
 6.36986100e+06 5.19952500e+06 4.26061800e+06 3.49831500e+06
 2.89556200e+06 2.41061100e+06 2.01673000e+06 1.69767200e+06
 1.43383900e+06 1.21431000e+06 1.03159200e+06 8.80946000e+05
 7.51993000e+05 6.43026000e+05 5.50288000e+05 4.72336000e+05
 4.03584000e+05 3.47488000e+05 2.97247000e+05 2.54384000e+05
 2.18302000e+05 1.87615000e+05 1.59913000e+05 1.37244000e+05
 1.17459000e+05 1.01101000e+05 8.68990000e+04 7.41640000e+04
 6.38220000e+04 5.46260000e+04 4.70040000e+04 4.04630000e+04
 3.45860000e+04 2.91820000e+04 2.52360000e+04 2.16570000e+04
 1.87270000e+04 1.61020000e+04 1.35460000e+04 1.14940000e+04
 9.89200000e+03 8.26400000e+03 7.22400000e+03 6.14600000e+03
 5.20800000e+03 4.42800000e+03 3.78800000e+03 3.21600000e+03
 2.69100000e+03 2.24300000e+03 1.95400000e+03 1.58000000e+03
 1.33200000e+03 1.11000000e+03 1.00900000e+03 8.63000000e+02
 7.24000000e+02 6.36000000e+02 5.07000000e+02 4.17000000e+02
 3.19000000e+02 2.74000000e+02 2.18000000e+02 1.79000000e+02
 1.62000000e+02 1.34000000e+02 9.30000000e+01 7.10000000e+01
 4.40000000e+01 3.50000000e+01 2.70000000e+01 2.60000000e+01
 1.90000000e+01 1.00000000e+01 4.00000000e+00 1.00000000e+01
 1.00000000e+01 5.00000000e+00 5.00000000e+00 5.00000000e+00
 1.00000000e+00 2.00000000e+00 0.00000000e+00 3.00000000e+00]
