Standard Deviation: 13.521994528179992
Skewness: 0.04782866453573275
Kurtosis: 1.540642524884122
Median: -0.15173556221902285
Mean: -0.08633325895625257
Deciles: [-7.62729234  7.34977526]
Minimum: -80.24771263104962
Maximum: 93.4493269881768
Bin Edges: [-80.24771263 -78.51074223 -76.77377184 -75.03680144 -73.29983105
 -71.56286065 -69.82589025 -68.08891986 -66.35194946 -64.61497907
 -62.87800867 -61.14103827 -59.40406788 -57.66709748 -55.93012708
 -54.19315669 -52.45618629 -50.7192159  -48.9822455  -47.2452751
 -45.50830471 -43.77133431 -42.03436391 -40.29739352 -38.56042312
 -36.82345273 -35.08648233 -33.34951193 -31.61254154 -29.87557114
 -28.13860075 -26.40163035 -24.66465995 -22.92768956 -21.19071916
 -19.45374876 -17.71677837 -15.97980797 -14.24283758 -12.50586718
 -10.76889678  -9.03192639  -7.29495599  -5.55798559  -3.8210152
  -2.0840448   -0.34707441   1.38989599   3.12686639   4.86383678
   6.60080718   8.33777757  10.07474797  11.81171837  13.54868876
  15.28565916  17.02262956  18.75959995  20.49657035  22.23354074
  23.97051114  25.70748154  27.44445193  29.18142233  30.91839273
  32.65536312  34.39233352  36.12930391  37.86627431  39.60324471
  41.3402151   43.0771855   44.81415589  46.55112629  48.28809669
  50.02506708  51.76203748  53.49900788  55.23597827  56.97294867
  58.70991906  60.44688946  62.18385986  63.92083025  65.65780065
  67.39477105  69.13174144  70.86871184  72.60568223  74.34265263
  76.07962303  77.81659342  79.55356382  81.29053421  83.02750461
  84.76447501  86.5014454   88.2384158   89.9753862   91.71235659
  93.44932699]
Frequencies: [4.80000000e+01 1.86000000e+02 6.59000000e+02 1.59500000e+03
 3.98700000e+03 8.91600000e+03 1.96300000e+04 3.82290000e+04
 6.93380000e+04 1.13878000e+05 1.78451000e+05 2.78422000e+05
 4.29900000e+05 6.47822000e+05 9.17594000e+05 1.24339200e+06
 1.60849200e+06 1.92451800e+06 2.32335200e+06 2.86361900e+06
 3.54671500e+06 4.37826300e+06 5.39117600e+06 6.59820700e+06
 8.06330600e+06 9.80538800e+06 1.19026330e+07 1.44218110e+07
 1.74302960e+07 2.10630110e+07 2.54605980e+07 3.07919820e+07
 3.72334390e+07 4.50938720e+07 5.45509500e+07 6.61648270e+07
 8.01420960e+07 9.69221210e+07 1.17223924e+08 1.40979698e+08
 1.68044216e+08 1.97584360e+08 2.28021573e+08 2.57092121e+08
 2.80997686e+08 2.95433964e+08 2.96923786e+08 2.84782353e+08
 2.62239875e+08 2.33699116e+08 2.02731630e+08 1.72304027e+08
 1.44724696e+08 1.20614490e+08 1.00106546e+08 8.30601020e+07
 6.89367640e+07 5.73680160e+07 4.77610640e+07 3.97257000e+07
 3.30529990e+07 2.75052750e+07 2.28835630e+07 1.90337730e+07
 1.58408550e+07 1.31685090e+07 1.09245030e+07 9.02792500e+06
 7.43011000e+06 6.08210400e+06 4.95657300e+06 4.03252400e+06
 3.26567300e+06 2.63563200e+06 2.11458000e+06 1.68482200e+06
 1.33139400e+06 1.04981300e+06 8.11388000e+05 6.24470000e+05
 4.75732000e+05 3.59408000e+05 2.66574000e+05 1.92574000e+05
 1.38686000e+05 9.75040000e+04 6.90310000e+04 4.76410000e+04
 3.20060000e+04 2.13030000e+04 1.40600000e+04 9.33800000e+03
 6.23400000e+03 3.99600000e+03 2.44600000e+03 1.37600000e+03
 7.09000000e+02 3.06000000e+02 1.23000000e+02 4.20000000e+01]
