Standard Deviation: 6.010474079147879e-08
Skewness: -1.0823517604078325
Kurtosis: 0.09687243184712413
Median: 2.192069588094113e-07
Mean: 2.0088869631187595e-07
Deciles: [1.72977125e-07 2.47945763e-07]
Minimum: 3.471388691021098e-08
Maximum: 2.648233701078542e-07
Bin Edges: [3.47138869e-08 3.70149817e-08 3.93160766e-08 4.16171714e-08
 4.39182662e-08 4.62193611e-08 4.85204559e-08 5.08215507e-08
 5.31226456e-08 5.54237404e-08 5.77248352e-08 6.00259301e-08
 6.23270249e-08 6.46281197e-08 6.69292146e-08 6.92303094e-08
 7.15314042e-08 7.38324991e-08 7.61335939e-08 7.84346887e-08
 8.07357835e-08 8.30368784e-08 8.53379732e-08 8.76390680e-08
 8.99401629e-08 9.22412577e-08 9.45423525e-08 9.68434474e-08
 9.91445422e-08 1.01445637e-07 1.03746732e-07 1.06047827e-07
 1.08348922e-07 1.10650016e-07 1.12951111e-07 1.15252206e-07
 1.17553301e-07 1.19854396e-07 1.22155491e-07 1.24456585e-07
 1.26757680e-07 1.29058775e-07 1.31359870e-07 1.33660965e-07
 1.35962060e-07 1.38263154e-07 1.40564249e-07 1.42865344e-07
 1.45166439e-07 1.47467534e-07 1.49768629e-07 1.52069723e-07
 1.54370818e-07 1.56671913e-07 1.58973008e-07 1.61274103e-07
 1.63575198e-07 1.65876292e-07 1.68177387e-07 1.70478482e-07
 1.72779577e-07 1.75080672e-07 1.77381766e-07 1.79682861e-07
 1.81983956e-07 1.84285051e-07 1.86586146e-07 1.88887241e-07
 1.91188335e-07 1.93489430e-07 1.95790525e-07 1.98091620e-07
 2.00392715e-07 2.02693810e-07 2.04994904e-07 2.07295999e-07
 2.09597094e-07 2.11898189e-07 2.14199284e-07 2.16500379e-07
 2.18801473e-07 2.21102568e-07 2.23403663e-07 2.25704758e-07
 2.28005853e-07 2.30306948e-07 2.32608042e-07 2.34909137e-07
 2.37210232e-07 2.39511327e-07 2.41812422e-07 2.44113517e-07
 2.46414611e-07 2.48715706e-07 2.51016801e-07 2.53317896e-07
 2.55618991e-07 2.57920086e-07 2.60221180e-07 2.62522275e-07
 2.64823370e-07]
Frequencies: [5.0457600e+06 8.4096000e+06 8.4096000e+06 1.0091520e+07 1.5137280e+07
 1.1773440e+07 1.3455360e+07 1.5137280e+07 2.0183040e+07 1.5137280e+07
 1.6819200e+07 2.1864960e+07 1.3455360e+07 2.1864960e+07 2.0183040e+07
 1.8501120e+07 2.0183040e+07 1.6819200e+07 2.1864960e+07 2.0183040e+07
 2.0183040e+07 2.1864960e+07 1.3455360e+07 2.6910720e+07 1.5137280e+07
 2.6910720e+07 1.6819200e+07 1.8501120e+07 2.0183040e+07 2.0183040e+07
 2.1864960e+07 2.0183040e+07 1.6819200e+07 2.6910720e+07 2.1864960e+07
 1.3455360e+07 2.3546880e+07 1.8501120e+07 2.0183040e+07 2.6910720e+07
 1.6819200e+07 1.5137280e+07 2.6910720e+07 2.3546880e+07 1.3455360e+07
 1.5137280e+07 3.0274560e+07 2.0183040e+07 1.6819200e+07 2.0183040e+07
 2.5228800e+07 2.0183040e+07 1.6819200e+07 2.0183040e+07 2.5228800e+07
 1.6819200e+07 1.6819200e+07 2.3546880e+07 2.3546880e+07 2.1864960e+07
 1.0091520e+07 2.0183040e+07 3.0274560e+07 1.5137280e+07 2.3546880e+07
 1.6819200e+07 2.6910720e+07 2.0183040e+07 2.1864960e+07 9.0823680e+07
 8.9141760e+07 8.5777920e+07 8.5777920e+07 7.5686400e+07 8.9141760e+07
 9.2505600e+07 8.4096000e+07 8.7459840e+07 7.7368320e+07 7.7368320e+07
 9.7551360e+07 8.4096000e+07 8.7459840e+07 7.4004480e+07 8.4096000e+07
 9.0823680e+07 9.4187520e+07 8.7459840e+07 9.0823680e+07 8.0732160e+07
 1.0427904e+08 1.0091520e+08 1.0764288e+08 1.0764288e+08 1.1773440e+08
 1.1773440e+08 1.3791744e+08 1.6482816e+08 1.6819200e+08 2.8929024e+08]
