Standard Deviation: 9.013750224490325e-07
Skewness: -2.131353816455521
Kurtosis: 5.2613443256825665
Median: 9.214082554984979e-06
Mean: 9.001592523442802e-06
Deciles: [8.82190107e-06 9.56037169e-06]
Minimum: 4.291933963217127e-06
Maximum: 1.0110392340776883e-05
Bin Edges: [4.29193396e-06 4.35011855e-06 4.40830313e-06 4.46648771e-06
 4.52467230e-06 4.58285688e-06 4.64104147e-06 4.69922605e-06
 4.75741063e-06 4.81559522e-06 4.87377980e-06 4.93196438e-06
 4.99014897e-06 5.04833355e-06 5.10651814e-06 5.16470272e-06
 5.22288730e-06 5.28107189e-06 5.33925647e-06 5.39744105e-06
 5.45562564e-06 5.51381022e-06 5.57199481e-06 5.63017939e-06
 5.68836397e-06 5.74654856e-06 5.80473314e-06 5.86291773e-06
 5.92110231e-06 5.97928689e-06 6.03747148e-06 6.09565606e-06
 6.15384064e-06 6.21202523e-06 6.27020981e-06 6.32839440e-06
 6.38657898e-06 6.44476356e-06 6.50294815e-06 6.56113273e-06
 6.61931731e-06 6.67750190e-06 6.73568648e-06 6.79387107e-06
 6.85205565e-06 6.91024023e-06 6.96842482e-06 7.02660940e-06
 7.08479398e-06 7.14297857e-06 7.20116315e-06 7.25934774e-06
 7.31753232e-06 7.37571690e-06 7.43390149e-06 7.49208607e-06
 7.55027065e-06 7.60845524e-06 7.66663982e-06 7.72482441e-06
 7.78300899e-06 7.84119357e-06 7.89937816e-06 7.95756274e-06
 8.01574732e-06 8.07393191e-06 8.13211649e-06 8.19030108e-06
 8.24848566e-06 8.30667024e-06 8.36485483e-06 8.42303941e-06
 8.48122400e-06 8.53940858e-06 8.59759316e-06 8.65577775e-06
 8.71396233e-06 8.77214691e-06 8.83033150e-06 8.88851608e-06
 8.94670067e-06 9.00488525e-06 9.06306983e-06 9.12125442e-06
 9.17943900e-06 9.23762358e-06 9.29580817e-06 9.35399275e-06
 9.41217734e-06 9.47036192e-06 9.52854650e-06 9.58673109e-06
 9.64491567e-06 9.70310025e-06 9.76128484e-06 9.81946942e-06
 9.87765401e-06 9.93583859e-06 9.99402317e-06 1.00522078e-05
 1.01103923e-05]
Frequencies: [5.32968000e+05 7.26784000e+05 9.13728000e+05 1.06254400e+06
 1.15527200e+06 1.37824000e+06 1.31652800e+06 1.50877600e+06
 1.46400000e+06 1.63860800e+06 1.66654400e+06 2.03101600e+06
 2.96728800e+06 3.61131200e+06 3.84016000e+06 4.07614400e+06
 4.05198400e+06 4.10249600e+06 4.33358400e+06 4.60840000e+06
 4.85904000e+06 5.20296800e+06 5.21775200e+06 5.37134400e+06
 5.64239200e+06 5.40953600e+06 5.66755200e+06 5.69187200e+06
 5.86552800e+06 6.06111200e+06 6.17046400e+06 6.28352000e+06
 6.34788000e+06 6.66054400e+06 6.90279200e+06 7.00166400e+06
 7.18215200e+06 7.27248800e+06 7.54279200e+06 7.62515200e+06
 8.22397600e+06 8.91912000e+06 9.16784000e+06 9.21510400e+06
 9.59224000e+06 9.96028800e+06 1.01216400e+07 1.04649120e+07
 1.08054080e+07 1.12961600e+07 1.16637600e+07 1.22566560e+07
 1.26410480e+07 1.30752880e+07 1.36125040e+07 1.43843680e+07
 1.46102320e+07 1.55677600e+07 1.61236880e+07 1.68140000e+07
 1.77596560e+07 1.87101760e+07 1.96270480e+07 2.05543280e+07
 2.20387680e+07 2.31265200e+07 2.46731360e+07 2.65706400e+07
 2.82866640e+07 3.00446240e+07 3.23221920e+07 3.68648000e+07
 4.36438640e+07 5.25843280e+07 6.40735840e+07 7.68743600e+07
 9.17914720e+07 1.13762288e+08 1.28360352e+08 1.48431320e+08
 1.68243128e+08 1.79428184e+08 1.83060576e+08 1.92063168e+08
 1.98782600e+08 2.05073880e+08 2.01068408e+08 1.94504976e+08
 1.83811656e+08 1.76903800e+08 1.62466824e+08 1.37293264e+08
 1.32725256e+08 1.60258696e+08 2.15721112e+08 1.88335224e+08
 1.46141504e+08 5.63836640e+07 2.23538080e+07 6.98324000e+06]
