Standard Deviation: 1.7568497753212023e-07
Skewness: 473.0075619748615
Kurtosis: 296617.32527694834
Median: 2.5012137122471997e-55
Mean: 7.524852987600842e-10
Deciles: [0.00000000e+00 4.42465012e-32]
Minimum: 0.0
Maximum: 0.00022609783677826113
Bin Edges: [0.00000000e+00 2.26097837e-06 4.52195674e-06 6.78293510e-06
 9.04391347e-06 1.13048918e-05 1.35658702e-05 1.58268486e-05
 1.80878269e-05 2.03488053e-05 2.26097837e-05 2.48707620e-05
 2.71317404e-05 2.93927188e-05 3.16536971e-05 3.39146755e-05
 3.61756539e-05 3.84366323e-05 4.06976106e-05 4.29585890e-05
 4.52195674e-05 4.74805457e-05 4.97415241e-05 5.20025025e-05
 5.42634808e-05 5.65244592e-05 5.87854376e-05 6.10464159e-05
 6.33073943e-05 6.55683727e-05 6.78293510e-05 7.00903294e-05
 7.23513078e-05 7.46122861e-05 7.68732645e-05 7.91342429e-05
 8.13952212e-05 8.36561996e-05 8.59171780e-05 8.81781563e-05
 9.04391347e-05 9.27001131e-05 9.49610914e-05 9.72220698e-05
 9.94830482e-05 1.01744027e-04 1.04005005e-04 1.06265983e-04
 1.08526962e-04 1.10787940e-04 1.13048918e-04 1.15309897e-04
 1.17570875e-04 1.19831853e-04 1.22092832e-04 1.24353810e-04
 1.26614789e-04 1.28875767e-04 1.31136745e-04 1.33397724e-04
 1.35658702e-04 1.37919680e-04 1.40180659e-04 1.42441637e-04
 1.44702616e-04 1.46963594e-04 1.49224572e-04 1.51485551e-04
 1.53746529e-04 1.56007507e-04 1.58268486e-04 1.60529464e-04
 1.62790442e-04 1.65051421e-04 1.67312399e-04 1.69573378e-04
 1.71834356e-04 1.74095334e-04 1.76356313e-04 1.78617291e-04
 1.80878269e-04 1.83139248e-04 1.85400226e-04 1.87661205e-04
 1.89922183e-04 1.92183161e-04 1.94444140e-04 1.96705118e-04
 1.98966096e-04 2.01227075e-04 2.03488053e-04 2.05749031e-04
 2.08010010e-04 2.10270988e-04 2.12531967e-04 2.14792945e-04
 2.17053923e-04 2.19314902e-04 2.21575880e-04 2.23836858e-04
 2.26097837e-04]
Frequencies: [4.54098343e+09 6.90480000e+04 3.15760000e+04 1.87290000e+04
 1.29110000e+04 9.57200000e+03 7.36600000e+03 5.86300000e+03
 4.77600000e+03 4.15300000e+03 3.40100000e+03 2.98400000e+03
 2.66200000e+03 2.30200000e+03 2.11500000e+03 1.84600000e+03
 1.68800000e+03 1.45300000e+03 1.32000000e+03 1.21800000e+03
 1.09700000e+03 1.00000000e+03 9.01000000e+02 8.25000000e+02
 8.11000000e+02 7.04000000e+02 6.97000000e+02 6.72000000e+02
 6.22000000e+02 5.59000000e+02 5.31000000e+02 4.48000000e+02
 4.27000000e+02 3.91000000e+02 4.09000000e+02 3.51000000e+02
 3.44000000e+02 2.88000000e+02 2.92000000e+02 2.83000000e+02
 2.55000000e+02 2.48000000e+02 2.24000000e+02 2.43000000e+02
 2.37000000e+02 1.97000000e+02 1.92000000e+02 1.64000000e+02
 1.68000000e+02 1.44000000e+02 1.31000000e+02 1.33000000e+02
 1.28000000e+02 1.17000000e+02 1.25000000e+02 1.01000000e+02
 8.40000000e+01 8.30000000e+01 7.90000000e+01 7.20000000e+01
 5.20000000e+01 5.10000000e+01 4.90000000e+01 5.20000000e+01
 4.30000000e+01 5.00000000e+01 3.20000000e+01 5.10000000e+01
 3.30000000e+01 4.50000000e+01 3.40000000e+01 3.80000000e+01
 3.10000000e+01 3.10000000e+01 2.80000000e+01 2.00000000e+01
 1.60000000e+01 1.10000000e+01 1.30000000e+01 1.40000000e+01
 1.90000000e+01 7.00000000e+00 1.20000000e+01 1.50000000e+01
 8.00000000e+00 4.00000000e+00 9.00000000e+00 4.00000000e+00
 4.00000000e+00 9.00000000e+00 3.00000000e+00 4.00000000e+00
 1.00000000e+00 6.00000000e+00 1.00000000e+00 2.00000000e+00
 2.00000000e+00 1.00000000e+00 1.00000000e+00 3.00000000e+00]
