Standard Deviation: 2.1353054471957596e-08
Skewness: 0.2078906736920829
Kurtosis: -0.9507200261202264
Median: 5.927305998338277e-08
Mean: 6.479643149675083e-08
Deciles: [4.93748892e-08 8.45005943e-08]
Minimum: 1.691011945541713e-08
Maximum: 1.3945759430654746e-07
Bin Edges: [1.69101195e-08 1.81355942e-08 1.93610690e-08 2.05865437e-08
 2.18120184e-08 2.30374932e-08 2.42629679e-08 2.54884427e-08
 2.67139174e-08 2.79393922e-08 2.91648669e-08 3.03903417e-08
 3.16158164e-08 3.28412912e-08 3.40667659e-08 3.52922407e-08
 3.65177154e-08 3.77431902e-08 3.89686649e-08 4.01941397e-08
 4.14196144e-08 4.26450892e-08 4.38705639e-08 4.50960387e-08
 4.63215134e-08 4.75469882e-08 4.87724629e-08 4.99979377e-08
 5.12234124e-08 5.24488872e-08 5.36743619e-08 5.48998367e-08
 5.61253114e-08 5.73507862e-08 5.85762609e-08 5.98017357e-08
 6.10272104e-08 6.22526852e-08 6.34781599e-08 6.47036346e-08
 6.59291094e-08 6.71545841e-08 6.83800589e-08 6.96055336e-08
 7.08310084e-08 7.20564831e-08 7.32819579e-08 7.45074326e-08
 7.57329074e-08 7.69583821e-08 7.81838569e-08 7.94093316e-08
 8.06348064e-08 8.18602811e-08 8.30857559e-08 8.43112306e-08
 8.55367054e-08 8.67621801e-08 8.79876549e-08 8.92131296e-08
 9.04386044e-08 9.16640791e-08 9.28895539e-08 9.41150286e-08
 9.53405034e-08 9.65659781e-08 9.77914529e-08 9.90169276e-08
 1.00242402e-07 1.01467877e-07 1.02693352e-07 1.03918827e-07
 1.05144301e-07 1.06369776e-07 1.07595251e-07 1.08820726e-07
 1.10046200e-07 1.11271675e-07 1.12497150e-07 1.13722625e-07
 1.14948099e-07 1.16173574e-07 1.17399049e-07 1.18624524e-07
 1.19849998e-07 1.21075473e-07 1.22300948e-07 1.23526423e-07
 1.24751897e-07 1.25977372e-07 1.27202847e-07 1.28428322e-07
 1.29653796e-07 1.30879271e-07 1.32104746e-07 1.33330221e-07
 1.34555695e-07 1.35781170e-07 1.37006645e-07 1.38232120e-07
 1.39457594e-07]
Frequencies: [1.01036300e+06 3.62985300e+06 8.00946400e+06 1.30248450e+07
 1.58980200e+07 1.99555000e+07 2.11064750e+07 2.12519780e+07
 2.15269610e+07 2.13737640e+07 2.14577130e+07 2.34453600e+07
 2.47096680e+07 2.85228430e+07 3.72492240e+07 4.56806610e+07
 5.10064200e+07 5.27569940e+07 5.71972730e+07 6.17454170e+07
 6.56330530e+07 7.04763210e+07 7.68215860e+07 8.58855960e+07
 9.55933700e+07 1.15544858e+08 1.70569458e+08 2.38111643e+08
 2.42932709e+08 1.43997802e+08 1.13282459e+08 9.75094250e+07
 8.59875500e+07 7.68516830e+07 7.02626930e+07 6.39919020e+07
 5.85206290e+07 5.53305670e+07 5.32939580e+07 5.10973030e+07
 4.83789350e+07 4.58843050e+07 4.34535400e+07 4.12623030e+07
 3.99023410e+07 3.84105490e+07 3.91910540e+07 3.96735970e+07
 4.29945730e+07 4.82925050e+07 5.70713530e+07 6.82449960e+07
 7.57027040e+07 8.66467710e+07 9.33217810e+07 1.02271515e+08
 1.09106640e+08 1.08081869e+08 9.56343460e+07 8.61408110e+07
 7.48318210e+07 6.88192870e+07 6.56960760e+07 6.20934190e+07
 5.78135160e+07 5.33888890e+07 4.57370210e+07 3.76296880e+07
 3.09487160e+07 2.59012520e+07 2.23033310e+07 2.03682530e+07
 1.59142160e+07 1.19943450e+07 1.02992270e+07 8.95028100e+06
 7.84538100e+06 6.37519600e+06 5.20555100e+06 4.09147700e+06
 2.88139200e+06 2.25957800e+06 1.75074600e+06 1.60789400e+06
 1.31965900e+06 9.35214000e+05 5.94967000e+05 4.57072000e+05
 2.57955000e+05 2.39428000e+05 2.26581000e+05 1.10263000e+05
 1.15165000e+05 1.19055000e+05 7.25440000e+04 3.34280000e+04
 3.39460000e+04 1.53530000e+04 1.80970000e+04 8.87100000e+03]
