Standard Deviation: 5.0030487435227896e-05
Skewness: 5.96691098285185
Kurtosis: 49.9208651968122
Median: 1.148990992010675e-06
Mean: 1.7608347005994222e-05
Deciles: [2.85699676e-08 1.06507530e-05]
Minimum: 0.0
Maximum: 0.0010697055218660202
Bin Edges: [0.00000000e+00 1.06970552e-05 2.13941104e-05 3.20911657e-05
 4.27882209e-05 5.34852761e-05 6.41823313e-05 7.48793865e-05
 8.55764417e-05 9.62734970e-05 1.06970552e-04 1.17667607e-04
 1.28364663e-04 1.39061718e-04 1.49758773e-04 1.60455828e-04
 1.71152883e-04 1.81849939e-04 1.92546994e-04 2.03244049e-04
 2.13941104e-04 2.24638160e-04 2.35335215e-04 2.46032270e-04
 2.56729325e-04 2.67426380e-04 2.78123436e-04 2.88820491e-04
 2.99517546e-04 3.10214601e-04 3.20911657e-04 3.31608712e-04
 3.42305767e-04 3.53002822e-04 3.63699877e-04 3.74396933e-04
 3.85093988e-04 3.95791043e-04 4.06488098e-04 4.17185154e-04
 4.27882209e-04 4.38579264e-04 4.49276319e-04 4.59973374e-04
 4.70670430e-04 4.81367485e-04 4.92064540e-04 5.02761595e-04
 5.13458650e-04 5.24155706e-04 5.34852761e-04 5.45549816e-04
 5.56246871e-04 5.66943927e-04 5.77640982e-04 5.88338037e-04
 5.99035092e-04 6.09732147e-04 6.20429203e-04 6.31126258e-04
 6.41823313e-04 6.52520368e-04 6.63217424e-04 6.73914479e-04
 6.84611534e-04 6.95308589e-04 7.06005644e-04 7.16702700e-04
 7.27399755e-04 7.38096810e-04 7.48793865e-04 7.59490921e-04
 7.70187976e-04 7.80885031e-04 7.91582086e-04 8.02279141e-04
 8.12976197e-04 8.23673252e-04 8.34370307e-04 8.45067362e-04
 8.55764417e-04 8.66461473e-04 8.77158528e-04 8.87855583e-04
 8.98552638e-04 9.09249694e-04 9.19946749e-04 9.30643804e-04
 9.41340859e-04 9.52037914e-04 9.62734970e-04 9.73432025e-04
 9.84129080e-04 9.94826135e-04 1.00552319e-03 1.01622025e-03
 1.02691730e-03 1.03761436e-03 1.04831141e-03 1.05900847e-03
 1.06970552e-03]
Frequencies: [3.40805578e+09 3.41025133e+08 1.86765826e+08 1.21596310e+08
 8.60462790e+07 6.36661870e+07 4.86595300e+07 3.83181460e+07
 3.10539160e+07 2.57416430e+07 2.17139090e+07 1.85354640e+07
 1.59845330e+07 1.38926950e+07 1.21583920e+07 1.06881700e+07
 9.45027500e+06 8.39184100e+06 7.47215400e+06 6.67637300e+06
 5.97468200e+06 5.36287900e+06 4.82561300e+06 4.34995800e+06
 3.93132400e+06 3.55575200e+06 3.21445200e+06 2.91900300e+06
 2.64970300e+06 2.41002700e+06 2.19705100e+06 2.00328200e+06
 1.82795600e+06 1.66887200e+06 1.52523900e+06 1.39460800e+06
 1.27531500e+06 1.16965500e+06 1.07498600e+06 9.84554000e+05
 9.02870000e+05 8.32400000e+05 7.64398000e+05 7.03235000e+05
 6.46760000e+05 5.97546000e+05 5.47087000e+05 5.04268000e+05
 4.65803000e+05 4.27613000e+05 3.93498000e+05 3.63163000e+05
 3.35250000e+05 3.07691000e+05 2.83077000e+05 2.60813000e+05
 2.40737000e+05 2.21969000e+05 2.03812000e+05 1.88166000e+05
 1.72712000e+05 1.58283000e+05 1.45245000e+05 1.33092000e+05
 1.21393000e+05 1.10878000e+05 1.00404000e+05 9.06810000e+04
 8.18730000e+04 7.40320000e+04 6.66310000e+04 6.00510000e+04
 5.50130000e+04 5.01120000e+04 4.47370000e+04 4.06030000e+04
 3.66160000e+04 3.29640000e+04 2.94200000e+04 2.62820000e+04
 2.35610000e+04 2.07700000e+04 1.84650000e+04 1.64730000e+04
 1.44440000e+04 1.28490000e+04 1.10570000e+04 9.28900000e+03
 8.03000000e+03 6.24200000e+03 5.02500000e+03 3.58400000e+03
 2.55400000e+03 1.60900000e+03 8.05000000e+02 3.64000000e+02
 1.40000000e+02 7.10000000e+01 2.00000000e+01 3.00000000e+00]
