Standard Deviation: 3.5763476608332465e-08
Skewness: -0.9467127905512539
Kurtosis: -0.3115217691304353
Median: 1.008080021078464e-07
Mean: 9.02072595597567e-08
Deciles: [7.10325638e-08 1.18276228e-07]
Minimum: 4.7124918697981435e-09
Maximum: 1.3075139351575614e-07
Bin Edges: [4.71249187e-09 5.97288089e-09 7.23326990e-09 8.49365892e-09
 9.75404794e-09 1.10144370e-08 1.22748260e-08 1.35352150e-08
 1.47956040e-08 1.60559930e-08 1.73163820e-08 1.85767711e-08
 1.98371601e-08 2.10975491e-08 2.23579381e-08 2.36183271e-08
 2.48787161e-08 2.61391051e-08 2.73994942e-08 2.86598832e-08
 2.99202722e-08 3.11806612e-08 3.24410502e-08 3.37014392e-08
 3.49618283e-08 3.62222173e-08 3.74826063e-08 3.87429953e-08
 4.00033843e-08 4.12637733e-08 4.25241624e-08 4.37845514e-08
 4.50449404e-08 4.63053294e-08 4.75657184e-08 4.88261074e-08
 5.00864965e-08 5.13468855e-08 5.26072745e-08 5.38676635e-08
 5.51280525e-08 5.63884415e-08 5.76488306e-08 5.89092196e-08
 6.01696086e-08 6.14299976e-08 6.26903866e-08 6.39507756e-08
 6.52111647e-08 6.64715537e-08 6.77319427e-08 6.89923317e-08
 7.02527207e-08 7.15131097e-08 7.27734988e-08 7.40338878e-08
 7.52942768e-08 7.65546658e-08 7.78150548e-08 7.90754438e-08
 8.03358329e-08 8.15962219e-08 8.28566109e-08 8.41169999e-08
 8.53773889e-08 8.66377779e-08 8.78981670e-08 8.91585560e-08
 9.04189450e-08 9.16793340e-08 9.29397230e-08 9.42001120e-08
 9.54605011e-08 9.67208901e-08 9.79812791e-08 9.92416681e-08
 1.00502057e-07 1.01762446e-07 1.03022835e-07 1.04283224e-07
 1.05543613e-07 1.06804002e-07 1.08064391e-07 1.09324780e-07
 1.10585169e-07 1.11845558e-07 1.13105947e-07 1.14366336e-07
 1.15626725e-07 1.16887114e-07 1.18147503e-07 1.19407892e-07
 1.20668281e-07 1.21928670e-07 1.23189059e-07 1.24449448e-07
 1.25709837e-07 1.26970226e-07 1.28230615e-07 1.29491004e-07
 1.30751394e-07]
Frequencies: [1.3455360e+07 2.3546880e+07 2.5228800e+07 2.5228800e+07 2.8592640e+07
 2.8592640e+07 3.0274560e+07 2.8592640e+07 2.6910720e+07 3.5320320e+07
 2.5228800e+07 2.3546880e+07 2.8592640e+07 2.0183040e+07 3.3638400e+07
 1.8501120e+07 3.0274560e+07 1.8501120e+07 2.6910720e+07 2.0183040e+07
 3.1956480e+07 1.3455360e+07 2.3546880e+07 2.5228800e+07 2.0183040e+07
 2.0183040e+07 2.3546880e+07 1.8501120e+07 1.6819200e+07 3.0274560e+07
 1.6819200e+07 1.1773440e+07 2.3546880e+07 2.0183040e+07 2.0183040e+07
 8.4096000e+06 3.3638400e+07 1.3455360e+07 1.6819200e+07 1.3455360e+07
 2.5228800e+07 1.6819200e+07 1.6819200e+07 1.3455360e+07 2.0183040e+07
 1.5137280e+07 2.3546880e+07 6.7276800e+06 1.6819200e+07 2.0183040e+07
 1.6819200e+07 1.8501120e+07 1.3455360e+07 1.6819200e+07 6.7276800e+06
 2.6910720e+07 1.3455360e+07 1.1773440e+07 2.0183040e+07 6.7276800e+06
 1.0091520e+07 2.6910720e+07 1.6819200e+07 1.3455360e+07 4.2048000e+07
 8.5777920e+07 8.9141760e+07 8.4096000e+07 8.5777920e+07 8.2414080e+07
 7.2322560e+07 8.2414080e+07 9.0823680e+07 8.0732160e+07 7.4004480e+07
 7.7368320e+07 8.4096000e+07 8.0732160e+07 7.4004480e+07 8.0732160e+07
 8.4096000e+07 7.4004480e+07 7.0640640e+07 8.7459840e+07 8.7459840e+07
 7.7368320e+07 7.0640640e+07 9.4187520e+07 9.0823680e+07 8.7459840e+07
 8.7459840e+07 7.7368320e+07 1.0427904e+08 1.0427904e+08 1.0091520e+08
 1.1100672e+08 1.1437056e+08 1.1773440e+08 1.2446208e+08 2.0183040e+08]
