Standard Deviation: 2.3099062978924848e-08
Skewness: 0.3552686323416686
Kurtosis: -0.6616881391668068
Median: 7.261790864625331e-08
Mean: 7.69975783142785e-08
Deciles: [5.83526132e-08 9.46107648e-08]
Minimum: 2.4754736369015086e-08
Maximum: 1.5785130132474513e-07
Bin Edges: [2.47547364e-08 2.60857020e-08 2.74166677e-08 2.87476333e-08
 3.00785990e-08 3.14095646e-08 3.27405303e-08 3.40714959e-08
 3.54024616e-08 3.67334272e-08 3.80643929e-08 3.93953585e-08
 4.07263242e-08 4.20572898e-08 4.33882555e-08 4.47192211e-08
 4.60501868e-08 4.73811524e-08 4.87121181e-08 5.00430837e-08
 5.13740494e-08 5.27050150e-08 5.40359807e-08 5.53669463e-08
 5.66979120e-08 5.80288776e-08 5.93598433e-08 6.06908089e-08
 6.20217746e-08 6.33527402e-08 6.46837059e-08 6.60146715e-08
 6.73456372e-08 6.86766028e-08 7.00075685e-08 7.13385341e-08
 7.26694998e-08 7.40004654e-08 7.53314311e-08 7.66623967e-08
 7.79933624e-08 7.93243280e-08 8.06552937e-08 8.19862593e-08
 8.33172249e-08 8.46481906e-08 8.59791562e-08 8.73101219e-08
 8.86410875e-08 8.99720532e-08 9.13030188e-08 9.26339845e-08
 9.39649501e-08 9.52959158e-08 9.66268814e-08 9.79578471e-08
 9.92888127e-08 1.00619778e-07 1.01950744e-07 1.03281710e-07
 1.04612675e-07 1.05943641e-07 1.07274607e-07 1.08605572e-07
 1.09936538e-07 1.11267504e-07 1.12598469e-07 1.13929435e-07
 1.15260401e-07 1.16591366e-07 1.17922332e-07 1.19253297e-07
 1.20584263e-07 1.21915229e-07 1.23246194e-07 1.24577160e-07
 1.25908126e-07 1.27239091e-07 1.28570057e-07 1.29901023e-07
 1.31231988e-07 1.32562954e-07 1.33893920e-07 1.35224885e-07
 1.36555851e-07 1.37886817e-07 1.39217782e-07 1.40548748e-07
 1.41879714e-07 1.43210679e-07 1.44541645e-07 1.45872610e-07
 1.47203576e-07 1.48534542e-07 1.49865507e-07 1.51196473e-07
 1.52527439e-07 1.53858404e-07 1.55189370e-07 1.56520336e-07
 1.57851301e-07]
Frequencies: [8.69137000e+05 3.37089000e+06 7.37719400e+06 9.47877300e+06
 1.19072560e+07 1.43146090e+07 1.57962380e+07 1.75774640e+07
 2.05017630e+07 2.12959140e+07 2.20095690e+07 2.31210420e+07
 2.36154390e+07 2.47229420e+07 2.49803830e+07 2.60556410e+07
 2.77431590e+07 3.10458640e+07 3.83412060e+07 4.94380290e+07
 6.47809520e+07 1.00397131e+08 1.48532390e+08 1.92295515e+08
 1.75973581e+08 1.59822716e+08 1.48588590e+08 1.34090030e+08
 1.21711569e+08 1.10443908e+08 1.00608083e+08 9.28469330e+07
 8.46837740e+07 7.85804720e+07 7.47703060e+07 7.16286010e+07
 6.82222200e+07 6.36859580e+07 5.98635650e+07 5.78541790e+07
 5.78730470e+07 5.72023990e+07 5.70315130e+07 6.05876600e+07
 6.13090800e+07 6.16799260e+07 6.25128110e+07 6.75555030e+07
 7.64194430e+07 8.92773570e+07 9.23011530e+07 9.41944050e+07
 9.23049770e+07 8.74641320e+07 7.65493070e+07 6.67703100e+07
 6.06492140e+07 5.55497890e+07 5.25798870e+07 4.95352620e+07
 4.61385790e+07 4.47469010e+07 4.60672450e+07 4.55332020e+07
 4.41511970e+07 4.21419910e+07 4.02012770e+07 3.87774390e+07
 3.52688710e+07 3.19376170e+07 2.97143060e+07 2.84316030e+07
 2.69258130e+07 2.48165510e+07 2.14778670e+07 1.79347400e+07
 1.43839700e+07 1.12681240e+07 9.13071500e+06 7.29712700e+06
 6.02995600e+06 4.88746100e+06 4.31971700e+06 3.84585500e+06
 3.29717900e+06 2.43274500e+06 1.76031000e+06 1.41759400e+06
 1.18453100e+06 1.04785000e+06 7.25363000e+05 4.65668000e+05
 3.08112000e+05 2.42511000e+05 1.96033000e+05 1.48158000e+05
 9.89540000e+04 7.61280000e+04 4.75690000e+04 1.70110000e+04]
