Standard Deviation: 2.6102780753162005e-08
Skewness: 0.5980359747055173
Kurtosis: -0.182775219810273
Median: 7.827422382175348e-08
Mean: 8.429176283084273e-08
Deciles: [6.50963772e-08 1.01655239e-07]
Minimum: 2.9854531819772626e-08
Maximum: 2.2162100420852467e-07
Bin Edges: [2.98545318e-08 3.17721965e-08 3.36898613e-08 3.56075260e-08
 3.75251907e-08 3.94428554e-08 4.13605202e-08 4.32781849e-08
 4.51958496e-08 4.71135143e-08 4.90311791e-08 5.09488438e-08
 5.28665085e-08 5.47841732e-08 5.67018380e-08 5.86195027e-08
 6.05371674e-08 6.24548321e-08 6.43724968e-08 6.62901616e-08
 6.82078263e-08 7.01254910e-08 7.20431557e-08 7.39608205e-08
 7.58784852e-08 7.77961499e-08 7.97138146e-08 8.16314794e-08
 8.35491441e-08 8.54668088e-08 8.73844735e-08 8.93021383e-08
 9.12198030e-08 9.31374677e-08 9.50551324e-08 9.69727972e-08
 9.88904619e-08 1.00808127e-07 1.02725791e-07 1.04643456e-07
 1.06561121e-07 1.08478785e-07 1.10396450e-07 1.12314115e-07
 1.14231780e-07 1.16149444e-07 1.18067109e-07 1.19984774e-07
 1.21902439e-07 1.23820103e-07 1.25737768e-07 1.27655433e-07
 1.29573097e-07 1.31490762e-07 1.33408427e-07 1.35326092e-07
 1.37243756e-07 1.39161421e-07 1.41079086e-07 1.42996751e-07
 1.44914415e-07 1.46832080e-07 1.48749745e-07 1.50667409e-07
 1.52585074e-07 1.54502739e-07 1.56420404e-07 1.58338068e-07
 1.60255733e-07 1.62173398e-07 1.64091062e-07 1.66008727e-07
 1.67926392e-07 1.69844057e-07 1.71761721e-07 1.73679386e-07
 1.75597051e-07 1.77514716e-07 1.79432380e-07 1.81350045e-07
 1.83267710e-07 1.85185374e-07 1.87103039e-07 1.89020704e-07
 1.90938369e-07 1.92856033e-07 1.94773698e-07 1.96691363e-07
 1.98609028e-07 2.00526692e-07 2.02444357e-07 2.04362022e-07
 2.06279686e-07 2.08197351e-07 2.10115016e-07 2.12032681e-07
 2.13950345e-07 2.15868010e-07 2.17785675e-07 2.19703339e-07
 2.21621004e-07]
Frequencies: [7.10427000e+05 6.85368300e+06 1.77433270e+07 2.30980750e+07
 2.64389700e+07 3.03402640e+07 3.39933550e+07 3.94485340e+07
 4.34669600e+07 4.44775610e+07 4.84249610e+07 5.51328300e+07
 6.16748990e+07 7.48097230e+07 9.47944020e+07 1.30575224e+08
 1.67864522e+08 1.72770298e+08 1.62280517e+08 1.57651509e+08
 1.58546866e+08 1.71286103e+08 1.91396325e+08 1.78370407e+08
 1.46932414e+08 1.18528586e+08 1.06861182e+08 1.07290329e+08
 1.01238320e+08 9.49521090e+07 9.16529130e+07 9.27276330e+07
 9.29417000e+07 8.99676730e+07 8.42994710e+07 7.88481400e+07
 7.53239020e+07 7.31747600e+07 7.34609550e+07 7.60728860e+07
 7.62100070e+07 7.15442160e+07 6.29817460e+07 5.64168720e+07
 5.21620520e+07 5.02027800e+07 4.75922280e+07 4.49627370e+07
 4.37794070e+07 4.23164760e+07 3.89674290e+07 3.72648310e+07
 3.64063970e+07 3.52941680e+07 3.38671790e+07 3.25273780e+07
 3.00391250e+07 2.80241540e+07 2.61827000e+07 2.34412420e+07
 2.00035200e+07 1.47929520e+07 1.03155660e+07 7.56077700e+06
 5.45387400e+06 3.91770900e+06 2.79010200e+06 1.96765000e+06
 1.39037900e+06 9.97018000e+05 7.49204000e+05 5.90755000e+05
 4.70684000e+05 4.00007000e+05 3.51752000e+05 3.07953000e+05
 2.79814000e+05 2.51118000e+05 2.38552000e+05 2.35186000e+05
 2.10814000e+05 1.84499000e+05 1.61429000e+05 1.46426000e+05
 1.38665000e+05 1.24059000e+05 1.13676000e+05 9.78510000e+04
 8.00240000e+04 6.42170000e+04 5.33410000e+04 4.36960000e+04
 3.39620000e+04 2.35950000e+04 1.87320000e+04 1.12040000e+04
 5.11300000e+03 1.78100000e+03 4.08000000e+02 9.70000000e+01]
