Standard Deviation: 1.4048798033804406e-07
Skewness: -0.9754971564336256
Kurtosis: 0.4954722577284931
Median: 1.6772579398524904e-06
Mean: 1.6450720160925606e-06
Deciles: [1.57066783e-06 1.74725042e-06]
Minimum: 1.1369372565688708e-06
Maximum: 1.8921711873144579e-06
Bin Edges: [1.13693726e-06 1.14448960e-06 1.15204194e-06 1.15959427e-06
 1.16714661e-06 1.17469895e-06 1.18225129e-06 1.18980363e-06
 1.19735597e-06 1.20490831e-06 1.21246065e-06 1.22001299e-06
 1.22756533e-06 1.23511767e-06 1.24267001e-06 1.25022235e-06
 1.25777469e-06 1.26532702e-06 1.27287936e-06 1.28043170e-06
 1.28798404e-06 1.29553638e-06 1.30308872e-06 1.31064106e-06
 1.31819340e-06 1.32574574e-06 1.33329808e-06 1.34085042e-06
 1.34840276e-06 1.35595510e-06 1.36350744e-06 1.37105978e-06
 1.37861211e-06 1.38616445e-06 1.39371679e-06 1.40126913e-06
 1.40882147e-06 1.41637381e-06 1.42392615e-06 1.43147849e-06
 1.43903083e-06 1.44658317e-06 1.45413551e-06 1.46168785e-06
 1.46924019e-06 1.47679253e-06 1.48434486e-06 1.49189720e-06
 1.49944954e-06 1.50700188e-06 1.51455422e-06 1.52210656e-06
 1.52965890e-06 1.53721124e-06 1.54476358e-06 1.55231592e-06
 1.55986826e-06 1.56742060e-06 1.57497294e-06 1.58252528e-06
 1.59007762e-06 1.59762995e-06 1.60518229e-06 1.61273463e-06
 1.62028697e-06 1.62783931e-06 1.63539165e-06 1.64294399e-06
 1.65049633e-06 1.65804867e-06 1.66560101e-06 1.67315335e-06
 1.68070569e-06 1.68825803e-06 1.69581037e-06 1.70336270e-06
 1.71091504e-06 1.71846738e-06 1.72601972e-06 1.73357206e-06
 1.74112440e-06 1.74867674e-06 1.75622908e-06 1.76378142e-06
 1.77133376e-06 1.77888610e-06 1.78643844e-06 1.79399078e-06
 1.80154312e-06 1.80909545e-06 1.81664779e-06 1.82420013e-06
 1.83175247e-06 1.83930481e-06 1.84685715e-06 1.85440949e-06
 1.86196183e-06 1.86951417e-06 1.87706651e-06 1.88461885e-06
 1.89217119e-06]
Frequencies: [4.48936000e+05 1.77692000e+06 3.11686400e+06 4.15921600e+06
 3.92070400e+06 3.88560000e+06 3.42410400e+06 2.82616800e+06
 2.81405600e+06 2.74728000e+06 2.94809600e+06 3.07195200e+06
 3.85644000e+06 5.10075200e+06 6.41737600e+06 8.56908800e+06
 9.71827200e+06 8.05914400e+06 8.12880800e+06 8.11129600e+06
 8.77917600e+06 9.78880800e+06 1.07945840e+07 1.19452080e+07
 1.29530400e+07 1.42027920e+07 1.52508800e+07 1.59707920e+07
 1.69155200e+07 1.80866400e+07 1.94673440e+07 2.12910160e+07
 2.32968560e+07 2.55812160e+07 2.69948080e+07 2.78064160e+07
 2.80356000e+07 2.83689680e+07 2.84915840e+07 2.95150320e+07
 3.03323760e+07 3.15007120e+07 3.23430720e+07 3.39604000e+07
 3.49242480e+07 3.61844800e+07 3.52726400e+07 3.55056720e+07
 3.57422240e+07 3.66247440e+07 3.77325600e+07 3.81161280e+07
 3.93448400e+07 4.07230080e+07 4.20043040e+07 4.34392480e+07
 4.50469760e+07 4.70357760e+07 4.94124640e+07 5.13246000e+07
 5.35354160e+07 5.53485040e+07 5.80008160e+07 6.07292400e+07
 6.47732720e+07 6.85585840e+07 7.56797280e+07 8.70267440e+07
 1.03252920e+08 1.26344624e+08 1.64262704e+08 1.58566760e+08
 1.38863752e+08 1.26747528e+08 1.19927040e+08 1.20282824e+08
 1.22675904e+08 1.22030440e+08 1.17631768e+08 1.10883264e+08
 1.07614096e+08 1.07457816e+08 1.12081816e+08 1.12828264e+08
 1.06576800e+08 9.55841520e+07 8.73571680e+07 8.06545680e+07
 7.92903440e+07 7.57600320e+07 6.19795760e+07 5.45311120e+07
 4.70855600e+07 3.81281760e+07 2.61153840e+07 1.71802240e+07
 7.46984000e+06 3.19972000e+06 1.63403200e+06 3.25664000e+05]
