Standard Deviation: 8.215406532060911e-08
Skewness: 2.687867587304286
Kurtosis: 8.965916400349366
Median: 1.731970049329789e-06
Mean: 1.7596184363786464e-06
Deciles: [1.71107701e-06 1.78594029e-06]
Minimum: 1.6338673541288952e-06
Maximum: 2.3385041284177353e-06
Bin Edges: [1.63386735e-06 1.64091372e-06 1.64796009e-06 1.65500646e-06
 1.66205283e-06 1.66909919e-06 1.67614556e-06 1.68319193e-06
 1.69023830e-06 1.69728466e-06 1.70433103e-06 1.71137740e-06
 1.71842377e-06 1.72547013e-06 1.73251650e-06 1.73956287e-06
 1.74660924e-06 1.75365561e-06 1.76070197e-06 1.76774834e-06
 1.77479471e-06 1.78184108e-06 1.78888744e-06 1.79593381e-06
 1.80298018e-06 1.81002655e-06 1.81707292e-06 1.82411928e-06
 1.83116565e-06 1.83821202e-06 1.84525839e-06 1.85230475e-06
 1.85935112e-06 1.86639749e-06 1.87344386e-06 1.88049023e-06
 1.88753659e-06 1.89458296e-06 1.90162933e-06 1.90867570e-06
 1.91572206e-06 1.92276843e-06 1.92981480e-06 1.93686117e-06
 1.94390753e-06 1.95095390e-06 1.95800027e-06 1.96504664e-06
 1.97209301e-06 1.97913937e-06 1.98618574e-06 1.99323211e-06
 2.00027848e-06 2.00732484e-06 2.01437121e-06 2.02141758e-06
 2.02846395e-06 2.03551032e-06 2.04255668e-06 2.04960305e-06
 2.05664942e-06 2.06369579e-06 2.07074215e-06 2.07778852e-06
 2.08483489e-06 2.09188126e-06 2.09892763e-06 2.10597399e-06
 2.11302036e-06 2.12006673e-06 2.12711310e-06 2.13415946e-06
 2.14120583e-06 2.14825220e-06 2.15529857e-06 2.16234493e-06
 2.16939130e-06 2.17643767e-06 2.18348404e-06 2.19053041e-06
 2.19757677e-06 2.20462314e-06 2.21166951e-06 2.21871588e-06
 2.22576224e-06 2.23280861e-06 2.23985498e-06 2.24690135e-06
 2.25394772e-06 2.26099408e-06 2.26804045e-06 2.27508682e-06
 2.28213319e-06 2.28917955e-06 2.29622592e-06 2.30327229e-06
 2.31031866e-06 2.31736503e-06 2.32441139e-06 2.33145776e-06
 2.33850413e-06]
Frequencies: [1.31810000e+04 3.67157000e+05 2.26238900e+06 8.44805800e+06
 1.55195620e+07 3.60570450e+07 6.11413100e+07 8.94842620e+07
 2.29269887e+08 3.40593852e+08 3.66606292e+08 4.42733586e+08
 4.50422092e+08 2.44822319e+08 1.92222367e+08 1.67956247e+08
 1.00521980e+08 9.65080110e+07 1.02906289e+08 1.17929877e+08
 2.23463716e+08 1.84033330e+08 2.22859562e+08 2.75477466e+08
 7.63365600e+07 2.85370000e+07 2.25521920e+07 1.89005350e+07
 1.73030520e+07 1.73875810e+07 1.64281110e+07 1.51762530e+07
 1.68040670e+07 1.93805990e+07 2.76512740e+07 1.67444320e+07
 8.89937500e+06 8.86661800e+06 8.61080700e+06 8.67287000e+06
 8.83603100e+06 8.63846700e+06 8.34304600e+06 8.09692700e+06
 7.93458200e+06 7.92642700e+06 7.85666700e+06 7.66806300e+06
 7.89664900e+06 7.86587400e+06 7.77174100e+06 7.43682600e+06
 7.14148200e+06 6.55613500e+06 6.03587500e+06 5.92254600e+06
 5.91981500e+06 5.82839900e+06 5.73609200e+06 5.72842000e+06
 5.86223300e+06 5.90141900e+06 6.02263700e+06 5.95070200e+06
 5.74789700e+06 5.48105900e+06 5.22089400e+06 4.84327500e+06
 4.48355600e+06 4.21184000e+06 4.10212000e+06 4.15443400e+06
 4.35266700e+06 4.19087900e+06 3.38260600e+06 3.01759900e+06
 2.22414400e+06 1.79952600e+06 1.62380700e+06 1.51521600e+06
 1.73941500e+06 2.00102800e+06 2.11191800e+06 2.86306900e+06
 8.03129000e+05 2.70113000e+05 1.68160000e+05 1.66914000e+05
 1.98186000e+05 2.77053000e+05 1.82870000e+05 2.08795000e+05
 2.67978000e+05 1.92904000e+05 1.44625000e+05 1.23874000e+05
 1.26911000e+05 1.35026000e+05 8.44860000e+04 1.78090000e+04]
