Standard Deviation: 1.1568221438235942e-05
Skewness: 5.834689644056246
Kurtosis: 42.83324672955435
Median: 0.0
Mean: 2.9568911846171857e-06
Deciles: [0.00000000e+00 1.32867808e-10]
Minimum: 0.0
Maximum: 0.00033142006158098323
Bin Edges: [0.00000000e+00 3.31420062e-06 6.62840123e-06 9.94260185e-06
 1.32568025e-05 1.65710031e-05 1.98852037e-05 2.31994043e-05
 2.65136049e-05 2.98278055e-05 3.31420062e-05 3.64562068e-05
 3.97704074e-05 4.30846080e-05 4.63988086e-05 4.97130092e-05
 5.30272099e-05 5.63414105e-05 5.96556111e-05 6.29698117e-05
 6.62840123e-05 6.95982129e-05 7.29124135e-05 7.62266142e-05
 7.95408148e-05 8.28550154e-05 8.61692160e-05 8.94834166e-05
 9.27976172e-05 9.61118179e-05 9.94260185e-05 1.02740219e-04
 1.06054420e-04 1.09368620e-04 1.12682821e-04 1.15997022e-04
 1.19311222e-04 1.22625423e-04 1.25939623e-04 1.29253824e-04
 1.32568025e-04 1.35882225e-04 1.39196426e-04 1.42510626e-04
 1.45824827e-04 1.49139028e-04 1.52453228e-04 1.55767429e-04
 1.59081630e-04 1.62395830e-04 1.65710031e-04 1.69024231e-04
 1.72338432e-04 1.75652633e-04 1.78966833e-04 1.82281034e-04
 1.85595234e-04 1.88909435e-04 1.92223636e-04 1.95537836e-04
 1.98852037e-04 2.02166238e-04 2.05480438e-04 2.08794639e-04
 2.12108839e-04 2.15423040e-04 2.18737241e-04 2.22051441e-04
 2.25365642e-04 2.28679842e-04 2.31994043e-04 2.35308244e-04
 2.38622444e-04 2.41936645e-04 2.45250846e-04 2.48565046e-04
 2.51879247e-04 2.55193447e-04 2.58507648e-04 2.61821849e-04
 2.65136049e-04 2.68450250e-04 2.71764450e-04 2.75078651e-04
 2.78392852e-04 2.81707052e-04 2.85021253e-04 2.88335454e-04
 2.91649654e-04 2.94963855e-04 2.98278055e-04 3.01592256e-04
 3.04906457e-04 3.08220657e-04 3.11534858e-04 3.14849059e-04
 3.18163259e-04 3.21477460e-04 3.24791660e-04 3.28105861e-04
 3.31420062e-04]
Frequencies: [4.04455476e+09 8.76519480e+07 5.93643700e+07 4.65216380e+07
 3.87260340e+07 3.31028990e+07 2.86564090e+07 2.49024080e+07
 2.16763640e+07 1.88601150e+07 1.64371810e+07 1.43488830e+07
 1.25465610e+07 1.09983710e+07 9.64868200e+06 8.49283200e+06
 7.50474400e+06 6.63870000e+06 5.88563500e+06 5.23099300e+06
 4.65399000e+06 4.15018300e+06 3.70548700e+06 3.30749700e+06
 2.96338200e+06 2.65742400e+06 2.38028200e+06 2.14528900e+06
 1.92822600e+06 1.73217400e+06 1.54157900e+06 1.34343100e+06
 1.14688200e+06 9.52905000e+05 7.90138000e+05 6.53103000e+05
 5.39722000e+05 4.49940000e+05 3.75010000e+05 3.13310000e+05
 2.63608000e+05 2.21297000e+05 1.86897000e+05 1.58931000e+05
 1.33471000e+05 1.12282000e+05 9.51800000e+04 8.11660000e+04
 6.90350000e+04 5.85220000e+04 4.91580000e+04 4.24840000e+04
 3.62520000e+04 3.04710000e+04 2.62410000e+04 2.19640000e+04
 1.82990000e+04 1.55360000e+04 1.30230000e+04 1.10560000e+04
 9.30700000e+03 7.77200000e+03 6.84700000e+03 5.64500000e+03
 4.86900000e+03 4.09700000e+03 3.43800000e+03 2.86900000e+03
 2.43100000e+03 2.11000000e+03 1.78400000e+03 1.37300000e+03
 1.20400000e+03 1.01500000e+03 8.42000000e+02 6.93000000e+02
 6.28000000e+02 4.97000000e+02 4.33000000e+02 3.79000000e+02
 3.16000000e+02 2.42000000e+02 1.70000000e+02 1.50000000e+02
 1.12000000e+02 8.50000000e+01 4.40000000e+01 4.00000000e+01
 4.70000000e+01 3.80000000e+01 4.10000000e+01 3.20000000e+01
 2.00000000e+01 1.60000000e+01 2.40000000e+01 1.50000000e+01
 1.40000000e+01 4.00000000e+00 3.00000000e+00 2.00000000e+00]
