Standard Deviation: 10.206548886088708
Skewness: -0.027198921732249255
Kurtosis: 0.9515243971816902
Median: -0.020374604385595546
Mean: -0.061918580419183716
Deciles: [-6.15492589  6.06004515]
Minimum: -68.13704098494831
Maximum: 72.15167650905533
Bin Edges: [-68.13704098 -66.73415381 -65.33126664 -63.92837946 -62.52549229
 -61.12260511 -59.71971794 -58.31683076 -56.91394359 -55.51105641
 -54.10816924 -52.70528206 -51.30239489 -49.89950771 -48.49662054
 -47.09373336 -45.69084619 -44.28795901 -42.88507184 -41.48218466
 -40.07929749 -38.67641031 -37.27352314 -35.87063596 -34.46774879
 -33.06486161 -31.66197444 -30.25908726 -28.85620009 -27.45331291
 -26.05042574 -24.64753856 -23.24465139 -21.84176421 -20.43887704
 -19.03598986 -17.63310269 -16.23021551 -14.82732834 -13.42444116
 -12.02155399 -10.61866681  -9.21577964  -7.81289246  -6.41000529
  -5.00711811  -3.60423094  -2.20134376  -0.79845659   0.60443059
   2.00731776   3.41020494   4.81309211   6.21597929   7.61886646
   9.02175364  10.42464081  11.82752799  13.23041516  14.63330234
  16.03618951  17.43907669  18.84196386  20.24485104  21.64773821
  23.05062539  24.45351256  25.85639974  27.25928691  28.66217409
  30.06506126  31.46794844  32.87083561  34.27372279  35.67660996
  37.07949714  38.48238431  39.88527149  41.28815866  42.69104584
  44.09393301  45.49682019  46.89970736  48.30259454  49.70548171
  51.10836888  52.51125606  53.91414323  55.31703041  56.71991758
  58.12280476  59.52569193  60.92857911  62.33146628  63.73435346
  65.13724063  66.54012781  67.94301498  69.34590216  70.74878933
  72.15167651]
Frequencies: [4.30000000e+01 8.80000000e+01 2.10000000e+02 4.31000000e+02
 9.84000000e+02 1.95200000e+03 3.92500000e+03 7.84700000e+03
 1.45040000e+04 2.32150000e+04 3.67710000e+04 5.73070000e+04
 8.52260000e+04 1.15071000e+05 1.56576000e+05 2.16038000e+05
 2.94410000e+05 4.00082000e+05 5.38767000e+05 7.27994000e+05
 9.66532000e+05 1.29344900e+06 1.71738600e+06 2.27365100e+06
 2.97886100e+06 3.86449400e+06 5.00645300e+06 6.43865100e+06
 8.26224900e+06 1.05964280e+07 1.35153250e+07 1.71234520e+07
 2.16273950e+07 2.71717230e+07 3.39299330e+07 4.22276020e+07
 5.22604830e+07 6.43369250e+07 7.86155000e+07 9.55787000e+07
 1.15195598e+08 1.37739317e+08 1.62769572e+08 1.89654688e+08
 2.17303240e+08 2.43999085e+08 2.67105640e+08 2.83467789e+08
 2.90309051e+08 2.85907480e+08 2.71399194e+08 2.49321627e+08
 2.22599148e+08 1.94097668e+08 1.66046118e+08 1.40003276e+08
 1.16966785e+08 9.68335050e+07 7.95448550e+07 6.51004220e+07
 5.29670810e+07 4.27556860e+07 3.43010480e+07 2.73694880e+07
 2.16744650e+07 1.70589280e+07 1.33687690e+07 1.04296060e+07
 8.10808800e+06 6.25230900e+06 4.79241700e+06 3.66154700e+06
 2.77817200e+06 2.09571400e+06 1.56168700e+06 1.15823000e+06
 8.53096000e+05 6.21482000e+05 4.51478000e+05 3.23276000e+05
 2.33054000e+05 1.65131000e+05 1.15298000e+05 7.93310000e+04
 5.52520000e+04 3.86980000e+04 2.71590000e+04 1.89650000e+04
 1.26710000e+04 8.74600000e+03 5.54100000e+03 3.82200000e+03
 2.65500000e+03 1.59700000e+03 1.07600000e+03 6.85000000e+02
 4.59000000e+02 3.39000000e+02 1.96000000e+02 6.70000000e+01]
