Standard Deviation: 1.9307823126709183e-34
Skewness: 3.4906280468122364
Kurtosis: 11.662638834831824
Median: 2.326637202327257e-38
Mean: 6.570822076564125e-35
Deciles: [1.10118725e-40 6.23343126e-36]
Minimum: 7.824927807539263e-44
Maximum: 2.644548755937534e-33
Bin Edges: [7.82492781e-44 2.64454876e-35 5.28909752e-35 7.93364628e-35
 1.05781950e-34 1.32227438e-34 1.58672925e-34 1.85118413e-34
 2.11563901e-34 2.38009388e-34 2.64454876e-34 2.90900363e-34
 3.17345851e-34 3.43791338e-34 3.70236826e-34 3.96682313e-34
 4.23127801e-34 4.49573289e-34 4.76018776e-34 5.02464264e-34
 5.28909751e-34 5.55355239e-34 5.81800726e-34 6.08246214e-34
 6.34691701e-34 6.61137189e-34 6.87582677e-34 7.14028164e-34
 7.40473652e-34 7.66919139e-34 7.93364627e-34 8.19810114e-34
 8.46255602e-34 8.72701090e-34 8.99146577e-34 9.25592065e-34
 9.52037552e-34 9.78483040e-34 1.00492853e-33 1.03137401e-33
 1.05781950e-33 1.08426499e-33 1.11071048e-33 1.13715597e-33
 1.16360145e-33 1.19004694e-33 1.21649243e-33 1.24293792e-33
 1.26938340e-33 1.29582889e-33 1.32227438e-33 1.34871987e-33
 1.37516535e-33 1.40161084e-33 1.42805633e-33 1.45450182e-33
 1.48094730e-33 1.50739279e-33 1.53383828e-33 1.56028377e-33
 1.58672925e-33 1.61317474e-33 1.63962023e-33 1.66606572e-33
 1.69251120e-33 1.71895669e-33 1.74540218e-33 1.77184767e-33
 1.79829315e-33 1.82473864e-33 1.85118413e-33 1.87762962e-33
 1.90407510e-33 1.93052059e-33 1.95696608e-33 1.98341157e-33
 2.00985705e-33 2.03630254e-33 2.06274803e-33 2.08919352e-33
 2.11563900e-33 2.14208449e-33 2.16852998e-33 2.19497547e-33
 2.22142096e-33 2.24786644e-33 2.27431193e-33 2.30075742e-33
 2.32720291e-33 2.35364839e-33 2.38009388e-33 2.40653937e-33
 2.43298486e-33 2.45943034e-33 2.48587583e-33 2.51232132e-33
 2.53876681e-33 2.56521229e-33 2.59165778e-33 2.61810327e-33
 2.64454876e-33]
Frequencies: [3.70927191e+09 7.64227960e+07 1.34353997e+08 7.16741350e+07
 4.53288710e+07 2.77064590e+07 2.10388680e+07 3.07325580e+07
 4.79983610e+07 2.91380440e+07 1.73194660e+07 1.34640460e+07
 9.86504600e+06 8.14952600e+06 7.47671300e+06 7.45702300e+06
 6.44564400e+06 7.15009700e+06 7.05300300e+06 6.05455200e+06
 6.60635600e+06 7.91126000e+06 1.00661390e+07 1.18769640e+07
 1.31587300e+07 1.50019950e+07 1.68556970e+07 1.85074830e+07
 2.62755030e+07 2.20925630e+07 1.59760960e+07 1.49526360e+07
 1.48715910e+07 8.01925100e+06 7.17204000e+06 5.67365500e+06
 5.02922800e+06 4.97541000e+06 5.27223000e+06 5.84357100e+06
 6.67270000e+06 8.90022100e+06 4.16179600e+06 9.31475000e+05
 2.22460000e+05 4.26990000e+04 9.12800000e+03 2.49800000e+03
 8.99000000e+02 3.06000000e+02 1.41000000e+02 6.00000000e+01
 8.00000000e+00 9.00000000e+00 5.00000000e+00 7.00000000e+00
 8.00000000e+00 4.00000000e+00 7.00000000e+00 8.00000000e+00
 4.00000000e+00 5.00000000e+00 1.00000000e+00 3.00000000e+00
 2.00000000e+00 3.00000000e+00 1.00000000e+00 3.00000000e+00
 0.00000000e+00 1.00000000e+00 2.00000000e+00 2.00000000e+00
 0.00000000e+00 2.00000000e+00 0.00000000e+00 2.00000000e+00
 0.00000000e+00 2.00000000e+00 1.00000000e+00 1.00000000e+00
 2.00000000e+00 1.00000000e+00 0.00000000e+00 0.00000000e+00
 1.00000000e+00 1.00000000e+00 0.00000000e+00 0.00000000e+00
 1.00000000e+00 0.00000000e+00 0.00000000e+00 1.00000000e+00
 0.00000000e+00 0.00000000e+00 2.00000000e+00 0.00000000e+00
 0.00000000e+00 1.00000000e+00 0.00000000e+00 3.00000000e+00]
