Standard Deviation: 13.516759668975677
Skewness: -0.20196096620522516
Kurtosis: 0.5662401116596567
Median: 235.436688662018
Mean: 234.97456742627696
Deciles: [227.43611696 243.02723645]
Minimum: 157.4309129377969
Maximum: 305.7701656677371
Bin Edges: [157.43091294 158.91430547 160.39769799 161.88109052 163.36448305
 164.84787557 166.3312681  167.81466063 169.29805316 170.78144568
 172.26483821 173.74823074 175.23162327 176.71501579 178.19840832
 179.68180085 181.16519337 182.6485859  184.13197843 185.61537096
 187.09876348 188.58215601 190.06554854 191.54894107 193.03233359
 194.51572612 195.99911865 197.48251117 198.9659037  200.44929623
 201.93268876 203.41608128 204.89947381 206.38286634 207.86625887
 209.34965139 210.83304392 212.31643645 213.79982898 215.2832215
 216.76661403 218.25000656 219.73339908 221.21679161 222.70018414
 224.18357667 225.66696919 227.15036172 228.63375425 230.11714678
 231.6005393  233.08393183 234.56732436 236.05071688 237.53410941
 239.01750194 240.50089447 241.98428699 243.46767952 244.95107205
 246.43446458 247.9178571  249.40124963 250.88464216 252.36803468
 253.85142721 255.33481974 256.81821227 258.30160479 259.78499732
 261.26838985 262.75178238 264.2351749  265.71856743 267.20195996
 268.68535249 270.16874501 271.65213754 273.13553007 274.61892259
 276.10231512 277.58570765 279.06910018 280.5524927  282.03588523
 283.51927776 285.00267029 286.48606281 287.96945534 289.45284787
 290.93624039 292.41963292 293.90302545 295.38641798 296.8698105
 298.35320303 299.83659556 301.31998809 302.80338061 304.28677314
 305.77016567]
Frequencies: [6.50000000e+01 2.13000000e+02 3.14000000e+02 4.19000000e+02
 6.20000000e+02 9.21000000e+02 1.49500000e+03 2.37300000e+03
 3.82700000e+03 6.18900000e+03 9.59200000e+03 1.44930000e+04
 2.15750000e+04 3.18690000e+04 4.81820000e+04 7.43570000e+04
 1.13523000e+05 1.77143000e+05 2.81665000e+05 4.51056000e+05
 7.31927000e+05 1.18473200e+06 1.88990300e+06 2.96353000e+06
 4.50498700e+06 6.55993600e+06 9.16325100e+06 1.21968580e+07
 1.54109740e+07 1.84992990e+07 2.13901960e+07 2.39127400e+07
 2.60340300e+07 2.80631430e+07 3.02032200e+07 3.26857980e+07
 3.57288300e+07 3.96349560e+07 4.47175630e+07 5.11893840e+07
 5.93363630e+07 6.93771420e+07 8.14744020e+07 9.55792220e+07
 1.11692185e+08 1.29699340e+08 1.49180558e+08 1.69336477e+08
 1.89265016e+08 2.07843659e+08 2.23513138e+08 2.35230234e+08
 2.41479561e+08 2.41440037e+08 2.34997318e+08 2.22383317e+08
 2.04702903e+08 1.83644060e+08 1.61014701e+08 1.38615490e+08
 1.17777268e+08 9.96459920e+07 8.45392120e+07 7.23389470e+07
 6.25750100e+07 5.46500940e+07 4.81335070e+07 4.25220670e+07
 3.73914870e+07 3.25868510e+07 2.80129810e+07 2.36722030e+07
 1.95745400e+07 1.58224570e+07 1.24613120e+07 9.54980200e+06
 7.09345900e+06 5.10746600e+06 3.57409400e+06 2.41416500e+06
 1.58269500e+06 1.00346100e+06 6.18974000e+05 3.65491000e+05
 2.10566000e+05 1.16714000e+05 6.42660000e+04 3.43650000e+04
 1.69040000e+04 8.02800000e+03 3.74100000e+03 1.92500000e+03
 1.18800000e+03 7.68000000e+02 6.16000000e+02 4.61000000e+02
 3.69000000e+02 1.50000000e+02 9.50000000e+01 3.80000000e+01]
