Standard Deviation: 9.37664664957334
Skewness: 0.5316860182007304
Kurtosis: 0.1155005480963025
Median: 0.8962302488211744
Mean: 2.094672189365386
Deciles: [-4.75927286  7.98447059]
Minimum: -62.96511874652156
Maximum: 68.07580896254983
Bin Edges: [-6.29651187e+01 -6.16547095e+01 -6.03443002e+01 -5.90338909e+01
 -5.77234816e+01 -5.64130724e+01 -5.51026631e+01 -5.37922538e+01
 -5.24818445e+01 -5.11714353e+01 -4.98610260e+01 -4.85506167e+01
 -4.72402074e+01 -4.59297981e+01 -4.46193889e+01 -4.33089796e+01
 -4.19985703e+01 -4.06881610e+01 -3.93777518e+01 -3.80673425e+01
 -3.67569332e+01 -3.54465239e+01 -3.41361147e+01 -3.28257054e+01
 -3.15152961e+01 -3.02048868e+01 -2.88944775e+01 -2.75840683e+01
 -2.62736590e+01 -2.49632497e+01 -2.36528404e+01 -2.23424312e+01
 -2.10320219e+01 -1.97216126e+01 -1.84112033e+01 -1.71007940e+01
 -1.57903848e+01 -1.44799755e+01 -1.31695662e+01 -1.18591569e+01
 -1.05487477e+01 -9.23833839e+00 -7.92792911e+00 -6.61751983e+00
 -5.30711055e+00 -3.99670128e+00 -2.68629200e+00 -1.37588272e+00
 -6.54734462e-02  1.24493583e+00  2.55534511e+00  3.86575439e+00
  5.17616366e+00  6.48657294e+00  7.79698222e+00  9.10739149e+00
  1.04178008e+01  1.17282100e+01  1.30386193e+01  1.43490286e+01
  1.56594379e+01  1.69698472e+01  1.82802564e+01  1.95906657e+01
  2.09010750e+01  2.22114843e+01  2.35218935e+01  2.48323028e+01
  2.61427121e+01  2.74531214e+01  2.87635306e+01  3.00739399e+01
  3.13843492e+01  3.26947585e+01  3.40051678e+01  3.53155770e+01
  3.66259863e+01  3.79363956e+01  3.92468049e+01  4.05572141e+01
  4.18676234e+01  4.31780327e+01  4.44884420e+01  4.57988513e+01
  4.71092605e+01  4.84196698e+01  4.97300791e+01  5.10404884e+01
  5.23508976e+01  5.36613069e+01  5.49717162e+01  5.62821255e+01
  5.75925347e+01  5.89029440e+01  6.02133533e+01  6.15237626e+01
  6.28341719e+01  6.41445811e+01  6.54549904e+01  6.67653997e+01
  6.80758090e+01]
Frequencies: [2.40000000e+01 1.60000000e+01 1.30000000e+01 3.90000000e+01
 6.10000000e+01 4.30000000e+01 9.90000000e+01 1.61000000e+02
 2.36000000e+02 4.63000000e+02 6.61000000e+02 9.81000000e+02
 1.51000000e+03 2.17000000e+03 3.20100000e+03 4.75000000e+03
 6.72100000e+03 9.93700000e+03 1.44930000e+04 2.04690000e+04
 2.91570000e+04 4.11600000e+04 5.84670000e+04 8.22880000e+04
 1.16741000e+05 1.63892000e+05 2.35637000e+05 3.40086000e+05
 4.95338000e+05 7.32226000e+05 1.13820200e+06 1.85505300e+06
 3.12146200e+06 5.45380500e+06 9.63571700e+06 1.65441790e+07
 2.75445310e+07 4.41930800e+07 6.79096580e+07 9.92995880e+07
 1.36142162e+08 1.73764766e+08 2.07406143e+08 2.34629620e+08
 2.53900709e+08 2.64507702e+08 2.67850333e+08 2.64652185e+08
 2.55490454e+08 2.42113542e+08 2.26188113e+08 2.09249160e+08
 1.92057832e+08 1.75157043e+08 1.58980199e+08 1.43638607e+08
 1.28960276e+08 1.15120048e+08 1.02055428e+08 8.97484960e+07
 7.82918080e+07 6.75230380e+07 5.73743490e+07 4.80103500e+07
 3.95372840e+07 3.19490950e+07 2.53430780e+07 1.97064900e+07
 1.50384070e+07 1.12289910e+07 8.21445900e+06 5.88977800e+06
 4.13487000e+06 2.85719600e+06 1.93615800e+06 1.29304500e+06
 8.38994000e+05 5.32131000e+05 3.30444000e+05 2.01117000e+05
 1.17604000e+05 6.87670000e+04 4.10040000e+04 2.39730000e+04
 1.40740000e+04 8.47700000e+03 4.87200000e+03 2.52500000e+03
 1.35600000e+03 5.89000000e+02 2.73000000e+02 1.22000000e+02
 6.10000000e+01 3.40000000e+01 2.80000000e+01 5.00000000e+00
 1.00000000e+01 3.00000000e+00 5.00000000e+00 3.00000000e+00]
