Standard Deviation: 1.7274187442502225e-07
Skewness: -1.5919295510001827
Kurtosis: 1.4335764307623347
Median: 8.322447113346697e-07
Mean: 7.624884964400217e-07
Deciles: [7.28162396e-07 8.79178861e-07]
Minimum: 1.885936313485585e-07
Maximum: 8.99655933015298e-07
Bin Edges: [1.88593631e-07 1.95704254e-07 2.02814877e-07 2.09925500e-07
 2.17036123e-07 2.24146746e-07 2.31257369e-07 2.38367992e-07
 2.45478615e-07 2.52589238e-07 2.59699862e-07 2.66810485e-07
 2.73921108e-07 2.81031731e-07 2.88142354e-07 2.95252977e-07
 3.02363600e-07 3.09474223e-07 3.16584846e-07 3.23695469e-07
 3.30806092e-07 3.37916715e-07 3.45027338e-07 3.52137961e-07
 3.59248584e-07 3.66359207e-07 3.73469830e-07 3.80580453e-07
 3.87691076e-07 3.94801699e-07 4.01912322e-07 4.09022945e-07
 4.16133568e-07 4.23244191e-07 4.30354814e-07 4.37465437e-07
 4.44576060e-07 4.51686683e-07 4.58797306e-07 4.65907929e-07
 4.73018552e-07 4.80129175e-07 4.87239798e-07 4.94350421e-07
 5.01461044e-07 5.08571667e-07 5.15682290e-07 5.22792913e-07
 5.29903536e-07 5.37014159e-07 5.44124782e-07 5.51235405e-07
 5.58346028e-07 5.65456651e-07 5.72567274e-07 5.79677897e-07
 5.86788520e-07 5.93899143e-07 6.01009766e-07 6.08120389e-07
 6.15231012e-07 6.22341635e-07 6.29452258e-07 6.36562881e-07
 6.43673504e-07 6.50784127e-07 6.57894750e-07 6.65005373e-07
 6.72115996e-07 6.79226619e-07 6.86337243e-07 6.93447866e-07
 7.00558489e-07 7.07669112e-07 7.14779735e-07 7.21890358e-07
 7.29000981e-07 7.36111604e-07 7.43222227e-07 7.50332850e-07
 7.57443473e-07 7.64554096e-07 7.71664719e-07 7.78775342e-07
 7.85885965e-07 7.92996588e-07 8.00107211e-07 8.07217834e-07
 8.14328457e-07 8.21439080e-07 8.28549703e-07 8.35660326e-07
 8.42770949e-07 8.49881572e-07 8.56992195e-07 8.64102818e-07
 8.71213441e-07 8.78324064e-07 8.85434687e-07 8.92545310e-07
 8.99655933e-07]
Frequencies: [1.6819200e+06 5.0457600e+06 6.7276800e+06 5.0457600e+06 3.3638400e+06
 1.0091520e+07 5.0457600e+06 1.3455360e+07 8.4096000e+06 1.0091520e+07
 1.1773440e+07 1.0091520e+07 1.3455360e+07 8.4096000e+06 1.3455360e+07
 1.3455360e+07 1.1773440e+07 1.3455360e+07 1.0091520e+07 1.5137280e+07
 1.3455360e+07 1.3455360e+07 1.3455360e+07 8.4096000e+06 1.6819200e+07
 1.6819200e+07 1.1773440e+07 2.0183040e+07 1.0091520e+07 1.6819200e+07
 1.5137280e+07 1.3455360e+07 1.6819200e+07 1.6819200e+07 1.1773440e+07
 1.6819200e+07 1.6819200e+07 1.6819200e+07 8.4096000e+06 2.3546880e+07
 1.6819200e+07 1.0091520e+07 1.8501120e+07 2.0183040e+07 1.0091520e+07
 1.6819200e+07 2.0183040e+07 1.8501120e+07 6.7276800e+06 2.6910720e+07
 1.6819200e+07 1.8501120e+07 1.0091520e+07 2.3546880e+07 1.6819200e+07
 1.3455360e+07 1.5137280e+07 2.0183040e+07 2.0183040e+07 2.0183040e+07
 8.4096000e+06 3.0274560e+07 1.6819200e+07 1.6819200e+07 1.3455360e+07
 2.5228800e+07 1.6819200e+07 1.6819200e+07 1.6819200e+07 2.6910720e+07
 2.1864960e+07 1.3455360e+07 1.6819200e+07 2.3546880e+07 2.0183040e+07
 2.5228800e+07 1.6819200e+07 2.0183040e+07 2.6910720e+07 1.8501120e+07
 1.6819200e+07 1.3455360e+07 3.0274560e+07 2.3546880e+07 1.0596096e+08
 1.6482816e+08 1.5473664e+08 1.5978240e+08 1.5305472e+08 1.5810048e+08
 1.5137280e+08 1.5473664e+08 1.6146432e+08 1.6482816e+08 1.6482816e+08
 1.9173888e+08 1.9173888e+08 2.2874112e+08 2.7247104e+08 6.5931264e+08]
