Standard Deviation: 2.4774848839115293e-11
Skewness: 0.9999999999989273
Kurtosis: -1.9999999999939302
Median: 14.11083184744011
Mean: 14.110831847415335
Deciles: [14.11083185 14.11083185]
Minimum: 14.11083184744011
Maximum: 14.11083184744011
Bin Edges: [13.61083185 13.62083185 13.63083185 13.64083185 13.65083185 13.66083185
 13.67083185 13.68083185 13.69083185 13.70083185 13.71083185 13.72083185
 13.73083185 13.74083185 13.75083185 13.76083185 13.77083185 13.78083185
 13.79083185 13.80083185 13.81083185 13.82083185 13.83083185 13.84083185
 13.85083185 13.86083185 13.87083185 13.88083185 13.89083185 13.90083185
 13.91083185 13.92083185 13.93083185 13.94083185 13.95083185 13.96083185
 13.97083185 13.98083185 13.99083185 14.00083185 14.01083185 14.02083185
 14.03083185 14.04083185 14.05083185 14.06083185 14.07083185 14.08083185
 14.09083185 14.10083185 14.11083185 14.12083185 14.13083185 14.14083185
 14.15083185 14.16083185 14.17083185 14.18083185 14.19083185 14.20083185
 14.21083185 14.22083185 14.23083185 14.24083185 14.25083185 14.26083185
 14.27083185 14.28083185 14.29083185 14.30083185 14.31083185 14.32083185
 14.33083185 14.34083185 14.35083185 14.36083185 14.37083185 14.38083185
 14.39083185 14.40083185 14.41083185 14.42083185 14.43083185 14.44083185
 14.45083185 14.46083185 14.47083185 14.48083185 14.49083185 14.50083185
 14.51083185 14.52083185 14.53083185 14.54083185 14.55083185 14.56083185
 14.57083185 14.58083185 14.59083185 14.60083185 14.61083185]
Frequencies: [0.000000e+00 0.000000e+00 0.000000e+00 0.000000e+00 0.000000e+00
 0.000000e+00 0.000000e+00 0.000000e+00 0.000000e+00 0.000000e+00
 0.000000e+00 0.000000e+00 0.000000e+00 0.000000e+00 0.000000e+00
 0.000000e+00 0.000000e+00 0.000000e+00 0.000000e+00 0.000000e+00
 0.000000e+00 0.000000e+00 0.000000e+00 0.000000e+00 0.000000e+00
 0.000000e+00 0.000000e+00 0.000000e+00 0.000000e+00 0.000000e+00
 0.000000e+00 0.000000e+00 0.000000e+00 0.000000e+00 0.000000e+00
 0.000000e+00 0.000000e+00 0.000000e+00 0.000000e+00 0.000000e+00
 0.000000e+00 0.000000e+00 0.000000e+00 0.000000e+00 0.000000e+00
 0.000000e+00 0.000000e+00 0.000000e+00 0.000000e+00 0.000000e+00
 4.541184e+09 0.000000e+00 0.000000e+00 0.000000e+00 0.000000e+00
 0.000000e+00 0.000000e+00 0.000000e+00 0.000000e+00 0.000000e+00
 0.000000e+00 0.000000e+00 0.000000e+00 0.000000e+00 0.000000e+00
 0.000000e+00 0.000000e+00 0.000000e+00 0.000000e+00 0.000000e+00
 0.000000e+00 0.000000e+00 0.000000e+00 0.000000e+00 0.000000e+00
 0.000000e+00 0.000000e+00 0.000000e+00 0.000000e+00 0.000000e+00
 0.000000e+00 0.000000e+00 0.000000e+00 0.000000e+00 0.000000e+00
 0.000000e+00 0.000000e+00 0.000000e+00 0.000000e+00 0.000000e+00
 0.000000e+00 0.000000e+00 0.000000e+00 0.000000e+00 0.000000e+00
 0.000000e+00 0.000000e+00 0.000000e+00 0.000000e+00 0.000000e+00]
