Standard Deviation: 1.2896634871140122e-09
Skewness: 1.0
Kurtosis: -2.000000000003703
Median: 5137.463234765765
Mean: 5137.463234764476
Deciles: [5137.46323477 5137.46323477]
Minimum: 5137.463234765765
Maximum: 5137.463234765765
Bin Edges: [5136.96323477 5136.97323477 5136.98323477 5136.99323477 5137.00323477
 5137.01323477 5137.02323477 5137.03323477 5137.04323477 5137.05323477
 5137.06323477 5137.07323477 5137.08323477 5137.09323477 5137.10323477
 5137.11323477 5137.12323477 5137.13323477 5137.14323477 5137.15323477
 5137.16323477 5137.17323477 5137.18323477 5137.19323477 5137.20323477
 5137.21323477 5137.22323477 5137.23323477 5137.24323477 5137.25323477
 5137.26323477 5137.27323477 5137.28323477 5137.29323477 5137.30323477
 5137.31323477 5137.32323477 5137.33323477 5137.34323477 5137.35323477
 5137.36323477 5137.37323477 5137.38323477 5137.39323477 5137.40323477
 5137.41323477 5137.42323477 5137.43323477 5137.44323477 5137.45323477
 5137.46323477 5137.47323477 5137.48323477 5137.49323477 5137.50323477
 5137.51323477 5137.52323477 5137.53323477 5137.54323477 5137.55323477
 5137.56323477 5137.57323477 5137.58323477 5137.59323477 5137.60323477
 5137.61323477 5137.62323477 5137.63323477 5137.64323477 5137.65323477
 5137.66323477 5137.67323477 5137.68323477 5137.69323477 5137.70323477
 5137.71323477 5137.72323477 5137.73323477 5137.74323477 5137.75323477
 5137.76323477 5137.77323477 5137.78323477 5137.79323477 5137.80323477
 5137.81323477 5137.82323477 5137.83323477 5137.84323477 5137.85323477
 5137.86323477 5137.87323477 5137.88323477 5137.89323477 5137.90323477
 5137.91323477 5137.92323477 5137.93323477 5137.94323477 5137.95323477
 5137.96323477]
Frequencies: [0.000000e+00 0.000000e+00 0.000000e+00 0.000000e+00 0.000000e+00
 0.000000e+00 0.000000e+00 0.000000e+00 0.000000e+00 0.000000e+00
 0.000000e+00 0.000000e+00 0.000000e+00 0.000000e+00 0.000000e+00
 0.000000e+00 0.000000e+00 0.000000e+00 0.000000e+00 0.000000e+00
 0.000000e+00 0.000000e+00 0.000000e+00 0.000000e+00 0.000000e+00
 0.000000e+00 0.000000e+00 0.000000e+00 0.000000e+00 0.000000e+00
 0.000000e+00 0.000000e+00 0.000000e+00 0.000000e+00 0.000000e+00
 0.000000e+00 0.000000e+00 0.000000e+00 0.000000e+00 0.000000e+00
 0.000000e+00 0.000000e+00 0.000000e+00 0.000000e+00 0.000000e+00
 0.000000e+00 0.000000e+00 0.000000e+00 0.000000e+00 0.000000e+00
 4.541184e+09 0.000000e+00 0.000000e+00 0.000000e+00 0.000000e+00
 0.000000e+00 0.000000e+00 0.000000e+00 0.000000e+00 0.000000e+00
 0.000000e+00 0.000000e+00 0.000000e+00 0.000000e+00 0.000000e+00
 0.000000e+00 0.000000e+00 0.000000e+00 0.000000e+00 0.000000e+00
 0.000000e+00 0.000000e+00 0.000000e+00 0.000000e+00 0.000000e+00
 0.000000e+00 0.000000e+00 0.000000e+00 0.000000e+00 0.000000e+00
 0.000000e+00 0.000000e+00 0.000000e+00 0.000000e+00 0.000000e+00
 0.000000e+00 0.000000e+00 0.000000e+00 0.000000e+00 0.000000e+00
 0.000000e+00 0.000000e+00 0.000000e+00 0.000000e+00 0.000000e+00
 0.000000e+00 0.000000e+00 0.000000e+00 0.000000e+00 0.000000e+00]
