Standard Deviation: 5143.439728496512
Skewness: -3.604841065253987
Kurtosis: 15.498897943524717
Median: 85474.60083103113
Mean: 83611.20208924008
Deciles: [83303.56104909 86042.09551543]
Minimum: 46276.84955900977
Maximum: 90922.88414852633
Bin Edges: [46276.84955901 46723.3099049  47169.7702508  47616.2305967
 48062.69094259 48509.15128849 48955.61163438 49402.07198028
 49848.53232617 50294.99267207 50741.45301796 51187.91336386
 51634.37370975 52080.83405565 52527.29440154 52973.75474744
 53420.21509333 53866.67543923 54313.13578512 54759.59613102
 55206.05647691 55652.51682281 56098.9771687  56545.4375146
 56991.89786049 57438.35820639 57884.81855228 58331.27889818
 58777.73924407 59224.19958997 59670.65993586 60117.12028176
 60563.58062766 61010.04097355 61456.50131945 61902.96166534
 62349.42201124 62795.88235713 63242.34270303 63688.80304892
 64135.26339482 64581.72374071 65028.18408661 65474.6444325
 65921.1047784  66367.56512429 66814.02547019 67260.48581608
 67706.94616198 68153.40650787 68599.86685377 69046.32719966
 69492.78754556 69939.24789145 70385.70823735 70832.16858324
 71278.62892914 71725.08927503 72171.54962093 72618.00996682
 73064.47031272 73510.93065861 73957.39100451 74403.85135041
 74850.3116963  75296.7720422  75743.23238809 76189.69273399
 76636.15307988 77082.61342578 77529.07377167 77975.53411757
 78421.99446346 78868.45480936 79314.91515525 79761.37550115
 80207.83584704 80654.29619294 81100.75653883 81547.21688473
 81993.67723062 82440.13757652 82886.59792241 83333.05826831
 83779.5186142  84225.9789601  84672.43930599 85118.89965189
 85565.35999778 86011.82034368 86458.28068957 86904.74103547
 87351.20138136 87797.66172726 88244.12207316 88690.58241905
 89137.04276495 89583.50311084 90029.96345674 90476.42380263
 90922.88414853]
Frequencies: [3.24700000e+03 3.43760000e+04 2.14012000e+05 6.12063000e+05
 1.43533000e+06 2.30397700e+06 1.80202800e+06 1.15344100e+06
 7.14157000e+05 1.20462700e+06 1.22384100e+06 1.33601200e+06
 1.95257500e+06 2.31425600e+06 2.51995500e+06 2.48773000e+06
 2.11066500e+06 2.18244900e+06 2.48702500e+06 2.45461800e+06
 2.42623300e+06 3.17838500e+06 3.45430700e+06 3.28083100e+06
 3.14557500e+06 3.40240600e+06 2.82764100e+06 2.90280500e+06
 3.03415800e+06 3.03348500e+06 3.40175200e+06 3.36264500e+06
 2.61021600e+06 2.75447400e+06 2.95381700e+06 3.15654500e+06
 2.69484200e+06 2.25256500e+06 2.54093100e+06 2.69121500e+06
 2.64542100e+06 3.26721500e+06 3.11846400e+06 3.65982400e+06
 3.32332400e+06 2.83760300e+06 3.36972300e+06 3.89896600e+06
 4.07788300e+06 3.97736000e+06 4.66625500e+06 4.96991700e+06
 5.92658300e+06 6.74985100e+06 6.67534600e+06 7.58851900e+06
 7.57407800e+06 7.66260500e+06 8.11978200e+06 9.62523200e+06
 1.14691460e+07 1.23376660e+07 1.39266280e+07 1.63872500e+07
 1.89315660e+07 1.86620140e+07 1.91329730e+07 1.97260660e+07
 2.07127900e+07 2.09699570e+07 2.13203200e+07 2.08863200e+07
 2.26446040e+07 2.73754200e+07 3.06533520e+07 3.66760640e+07
 4.54878420e+07 5.31497890e+07 6.70524880e+07 8.21708750e+07
 9.96509420e+07 1.25561581e+08 1.47194028e+08 1.61996781e+08
 1.79611193e+08 2.07210758e+08 2.53269380e+08 4.68669780e+08
 9.36710193e+08 6.26285215e+08 3.58802163e+08 1.50625148e+08
 4.19595740e+07 8.46057100e+06 1.66038400e+06 3.41380000e+05
 8.73270000e+04 2.18880000e+04 5.56100000e+03 1.86000000e+03]
