Standard Deviation: 2.4306531537866627e-09
Skewness: -12.235500461835784
Kurtosis: 160.30298094730725
Median: 4.908583856935717e-07
Mean: 4.906311580951782e-07
Deciles: [4.90858386e-07 4.90858386e-07]
Minimum: 4.427366142980327e-07
Maximum: 4.908583856935717e-07
Bin Edges: [4.42736614e-07 4.43217832e-07 4.43699050e-07 4.44180267e-07
 4.44661485e-07 4.45142703e-07 4.45623921e-07 4.46105138e-07
 4.46586356e-07 4.47067574e-07 4.47548791e-07 4.48030009e-07
 4.48511227e-07 4.48992445e-07 4.49473662e-07 4.49954880e-07
 4.50436098e-07 4.50917315e-07 4.51398533e-07 4.51879751e-07
 4.52360969e-07 4.52842186e-07 4.53323404e-07 4.53804622e-07
 4.54285839e-07 4.54767057e-07 4.55248275e-07 4.55729493e-07
 4.56210710e-07 4.56691928e-07 4.57173146e-07 4.57654363e-07
 4.58135581e-07 4.58616799e-07 4.59098017e-07 4.59579234e-07
 4.60060452e-07 4.60541670e-07 4.61022887e-07 4.61504105e-07
 4.61985323e-07 4.62466541e-07 4.62947758e-07 4.63428976e-07
 4.63910194e-07 4.64391411e-07 4.64872629e-07 4.65353847e-07
 4.65835065e-07 4.66316282e-07 4.66797500e-07 4.67278718e-07
 4.67759935e-07 4.68241153e-07 4.68722371e-07 4.69203589e-07
 4.69684806e-07 4.70166024e-07 4.70647242e-07 4.71128459e-07
 4.71609677e-07 4.72090895e-07 4.72572113e-07 4.73053330e-07
 4.73534548e-07 4.74015766e-07 4.74496983e-07 4.74978201e-07
 4.75459419e-07 4.75940637e-07 4.76421854e-07 4.76903072e-07
 4.77384290e-07 4.77865507e-07 4.78346725e-07 4.78827943e-07
 4.79309161e-07 4.79790378e-07 4.80271596e-07 4.80752814e-07
 4.81234031e-07 4.81715249e-07 4.82196467e-07 4.82677685e-07
 4.83158902e-07 4.83640120e-07 4.84121338e-07 4.84602555e-07
 4.85083773e-07 4.85564991e-07 4.86046209e-07 4.86527426e-07
 4.87008644e-07 4.87489862e-07 4.87971079e-07 4.88452297e-07
 4.88933515e-07 4.89414733e-07 4.89895950e-07 4.90377168e-07
 4.90858386e-07]
Frequencies: [3.3800000e+02 1.5810000e+03 3.4740000e+03 6.7820000e+03 1.4340000e+04
 2.1664000e+04 3.4682000e+04 5.2912000e+04 7.3745000e+04 9.4760000e+04
 1.1766400e+05 1.4757200e+05 1.7558700e+05 2.0245400e+05 2.3643900e+05
 2.6642800e+05 2.9662000e+05 3.3205000e+05 3.5168000e+05 3.9538600e+05
 4.2189800e+05 4.4127400e+05 4.5457100e+05 4.7056800e+05 4.8410800e+05
 4.7915400e+05 4.9351100e+05 5.2062400e+05 5.0938700e+05 5.0252100e+05
 4.9637200e+05 5.1078500e+05 5.2804300e+05 5.3543300e+05 5.4957400e+05
 5.5200700e+05 5.6651200e+05 5.8591300e+05 5.8933700e+05 6.0595400e+05
 6.2099700e+05 6.2806800e+05 6.2761600e+05 6.1942600e+05 6.1448100e+05
 6.1180500e+05 6.0617300e+05 6.0038600e+05 6.0839300e+05 6.0013100e+05
 6.0841700e+05 6.1975500e+05 6.2463500e+05 6.5421000e+05 6.5503600e+05
 6.7499600e+05 6.9179600e+05 6.9200300e+05 6.9125800e+05 6.9028800e+05
 6.7760900e+05 6.7139900e+05 6.6054500e+05 6.6925500e+05 6.5676400e+05
 6.4670200e+05 6.3256400e+05 6.3055400e+05 6.3331600e+05 6.2559600e+05
 6.4463400e+05 6.5548000e+05 6.7709600e+05 6.9739400e+05 6.9987500e+05
 7.2025200e+05 7.4155900e+05 7.5189700e+05 7.3951100e+05 7.3135300e+05
 7.2795700e+05 6.9650500e+05 6.9431300e+05 6.9515300e+05 7.0075500e+05
 7.1090600e+05 7.3524200e+05 7.7387400e+05 8.0669200e+05 8.3848400e+05
 8.5471500e+05 8.6938300e+05 8.5682800e+05 8.2994600e+05 8.1101300e+05
 8.0619300e+05 7.9383400e+05 7.9391500e+05 8.1756800e+05 4.4869438e+09]
