Standard Deviation: 6.69393669992763e-08
Skewness: -1.1018459406683738
Kurtosis: 0.20423612131299862
Median: 2.75604633367363e-07
Mean: 2.555528034047721e-07
Deciles: [2.24860722e-07 3.08391588e-07]
Minimum: 6.25337434859098e-08
Maximum: 3.2605889352547405e-07
Bin Edges: [6.25337435e-08 6.51689950e-08 6.78042465e-08 7.04394980e-08
 7.30747495e-08 7.57100010e-08 7.83452525e-08 8.09805040e-08
 8.36157555e-08 8.62510070e-08 8.88862585e-08 9.15215100e-08
 9.41567615e-08 9.67920130e-08 9.94272645e-08 1.02062516e-07
 1.04697767e-07 1.07333019e-07 1.09968270e-07 1.12603522e-07
 1.15238773e-07 1.17874025e-07 1.20509276e-07 1.23144528e-07
 1.25779779e-07 1.28415031e-07 1.31050282e-07 1.33685534e-07
 1.36320785e-07 1.38956037e-07 1.41591288e-07 1.44226540e-07
 1.46861791e-07 1.49497043e-07 1.52132294e-07 1.54767546e-07
 1.57402798e-07 1.60038049e-07 1.62673301e-07 1.65308552e-07
 1.67943804e-07 1.70579055e-07 1.73214307e-07 1.75849558e-07
 1.78484810e-07 1.81120061e-07 1.83755313e-07 1.86390564e-07
 1.89025816e-07 1.91661067e-07 1.94296319e-07 1.96931570e-07
 1.99566822e-07 2.02202073e-07 2.04837325e-07 2.07472576e-07
 2.10107828e-07 2.12743079e-07 2.15378331e-07 2.18013582e-07
 2.20648834e-07 2.23284085e-07 2.25919337e-07 2.28554588e-07
 2.31189840e-07 2.33825091e-07 2.36460343e-07 2.39095594e-07
 2.41730846e-07 2.44366097e-07 2.47001349e-07 2.49636600e-07
 2.52271852e-07 2.54907103e-07 2.57542355e-07 2.60177606e-07
 2.62812858e-07 2.65448109e-07 2.68083361e-07 2.70718612e-07
 2.73353864e-07 2.75989115e-07 2.78624367e-07 2.81259618e-07
 2.83894870e-07 2.86530121e-07 2.89165373e-07 2.91800624e-07
 2.94435876e-07 2.97071127e-07 2.99706379e-07 3.02341630e-07
 3.04976882e-07 3.07612133e-07 3.10247385e-07 3.12882636e-07
 3.15517888e-07 3.18153139e-07 3.20788391e-07 3.23423642e-07
 3.26058894e-07]
Frequencies: [5.0457600e+06 5.0457600e+06 3.3638400e+06 8.4096000e+06 1.1773440e+07
 1.3455360e+07 1.1773440e+07 1.0091520e+07 1.8501120e+07 1.0091520e+07
 1.5137280e+07 1.3455360e+07 1.3455360e+07 2.1864960e+07 1.3455360e+07
 2.1864960e+07 6.7276800e+06 2.3546880e+07 1.1773440e+07 2.6910720e+07
 1.3455360e+07 2.5228800e+07 1.3455360e+07 2.0183040e+07 1.8501120e+07
 2.3546880e+07 1.6819200e+07 1.5137280e+07 2.6910720e+07 1.6819200e+07
 1.8501120e+07 2.0183040e+07 1.6819200e+07 2.5228800e+07 2.0183040e+07
 1.6819200e+07 2.3546880e+07 2.5228800e+07 1.3455360e+07 2.3546880e+07
 1.8501120e+07 2.0183040e+07 2.6910720e+07 2.0183040e+07 1.8501120e+07
 2.0183040e+07 2.3546880e+07 2.0183040e+07 2.1864960e+07 2.3546880e+07
 2.0183040e+07 2.0183040e+07 2.5228800e+07 2.3546880e+07 2.0183040e+07
 2.3546880e+07 2.5228800e+07 1.6819200e+07 2.0183040e+07 3.0274560e+07
 1.8501120e+07 2.3546880e+07 1.6819200e+07 3.0274560e+07 2.0183040e+07
 2.5228800e+07 1.6819200e+07 3.0274560e+07 2.3546880e+07 5.8867200e+07
 7.9050240e+07 9.2505600e+07 8.9141760e+07 8.4096000e+07 8.9141760e+07
 7.5686400e+07 7.9050240e+07 8.7459840e+07 8.7459840e+07 8.4096000e+07
 8.4096000e+07 7.4004480e+07 8.4096000e+07 9.0823680e+07 8.7459840e+07
 8.0732160e+07 8.0732160e+07 9.4187520e+07 9.7551360e+07 9.0823680e+07
 9.4187520e+07 1.0427904e+08 9.7551360e+07 1.1100672e+08 1.1437056e+08
 1.3118976e+08 1.4128128e+08 1.4128128e+08 2.0519424e+08 3.2629248e+08]
