Standard Deviation: 9.680869289974614e-06
Skewness: 6.789760419044824
Kurtosis: 57.62577878025137
Median: 0.0
Mean: 2.1551954053023428e-06
Deciles: [0.0000000e+00 3.6988624e-12]
Minimum: 0.0
Maximum: 0.0002747500290319147
Bin Edges: [0.00000000e+00 2.74750029e-06 5.49500058e-06 8.24250087e-06
 1.09900012e-05 1.37375015e-05 1.64850017e-05 1.92325020e-05
 2.19800023e-05 2.47275026e-05 2.74750029e-05 3.02225032e-05
 3.29700035e-05 3.57175038e-05 3.84650041e-05 4.12125044e-05
 4.39600046e-05 4.67075049e-05 4.94550052e-05 5.22025055e-05
 5.49500058e-05 5.76975061e-05 6.04450064e-05 6.31925067e-05
 6.59400070e-05 6.86875073e-05 7.14350075e-05 7.41825078e-05
 7.69300081e-05 7.96775084e-05 8.24250087e-05 8.51725090e-05
 8.79200093e-05 9.06675096e-05 9.34150099e-05 9.61625102e-05
 9.89100105e-05 1.01657511e-04 1.04405011e-04 1.07152511e-04
 1.09900012e-04 1.12647512e-04 1.15395012e-04 1.18142512e-04
 1.20890013e-04 1.23637513e-04 1.26385013e-04 1.29132514e-04
 1.31880014e-04 1.34627514e-04 1.37375015e-04 1.40122515e-04
 1.42870015e-04 1.45617515e-04 1.48365016e-04 1.51112516e-04
 1.53860016e-04 1.56607517e-04 1.59355017e-04 1.62102517e-04
 1.64850017e-04 1.67597518e-04 1.70345018e-04 1.73092518e-04
 1.75840019e-04 1.78587519e-04 1.81335019e-04 1.84082519e-04
 1.86830020e-04 1.89577520e-04 1.92325020e-04 1.95072521e-04
 1.97820021e-04 2.00567521e-04 2.03315021e-04 2.06062522e-04
 2.08810022e-04 2.11557522e-04 2.14305023e-04 2.17052523e-04
 2.19800023e-04 2.22547524e-04 2.25295024e-04 2.28042524e-04
 2.30790024e-04 2.33537525e-04 2.36285025e-04 2.39032525e-04
 2.41780026e-04 2.44527526e-04 2.47275026e-04 2.50022526e-04
 2.52770027e-04 2.55517527e-04 2.58265027e-04 2.61012528e-04
 2.63760028e-04 2.66507528e-04 2.69255028e-04 2.72002529e-04
 2.74750029e-04]
Frequencies: [4.14287678e+09 7.18622210e+07 4.50232770e+07 3.42050020e+07
 2.82201610e+07 2.42815410e+07 2.12918960e+07 1.88454700e+07
 1.67814180e+07 1.49458410e+07 1.33133160e+07 1.18619930e+07
 1.05634930e+07 9.39969700e+06 8.36445100e+06 7.42349800e+06
 6.58571100e+06 5.83160900e+06 5.15930800e+06 4.56397800e+06
 4.03485800e+06 3.57294300e+06 3.16996500e+06 2.83059400e+06
 2.52925200e+06 2.27014800e+06 2.04751800e+06 1.84927100e+06
 1.68512900e+06 1.54882800e+06 1.42928400e+06 1.33014800e+06
 1.23962900e+06 1.16071400e+06 1.08365200e+06 1.01185800e+06
 9.35696000e+05 8.50746000e+05 7.63073000e+05 6.70438000e+05
 5.86118000e+05 5.07886000e+05 4.36378000e+05 3.69534000e+05
 3.11422000e+05 2.61292000e+05 2.17170000e+05 1.81415000e+05
 1.50785000e+05 1.23459000e+05 1.03578000e+05 8.64060000e+04
 7.17880000e+04 5.94930000e+04 4.95320000e+04 4.18680000e+04
 3.55140000e+04 2.96230000e+04 2.50860000e+04 2.04010000e+04
 1.71240000e+04 1.43750000e+04 1.19890000e+04 9.82200000e+03
 8.26100000e+03 6.88300000e+03 5.71200000e+03 4.89400000e+03
 3.86400000e+03 3.18900000e+03 2.76300000e+03 2.16600000e+03
 1.83700000e+03 1.54700000e+03 1.19200000e+03 9.36000000e+02
 7.57000000e+02 7.00000000e+02 6.42000000e+02 3.95000000e+02
 3.26000000e+02 2.80000000e+02 2.21000000e+02 1.76000000e+02
 1.44000000e+02 1.16000000e+02 1.19000000e+02 9.30000000e+01
 6.60000000e+01 4.80000000e+01 5.50000000e+01 3.80000000e+01
 3.20000000e+01 2.80000000e+01 1.40000000e+01 1.10000000e+01
 1.70000000e+01 4.00000000e+00 6.00000000e+00 5.00000000e+00]
