Standard Deviation: 2.1374454583806566e-08
Skewness: 0.2025104176932834
Kurtosis: -0.9611179609270808
Median: 5.7126942867776275e-08
Mean: 6.293761385928672e-08
Deciles: [4.77319330e-08 8.29221223e-08]
Minimum: 1.4997203410891984e-08
Maximum: 1.3572158596560457e-07
Bin Edges: [1.49972034e-08 1.62044472e-08 1.74116911e-08 1.86189349e-08
 1.98261787e-08 2.10334225e-08 2.22406664e-08 2.34479102e-08
 2.46551540e-08 2.58623978e-08 2.70696417e-08 2.82768855e-08
 2.94841293e-08 3.06913731e-08 3.18986170e-08 3.31058608e-08
 3.43131046e-08 3.55203484e-08 3.67275923e-08 3.79348361e-08
 3.91420799e-08 4.03493237e-08 4.15565676e-08 4.27638114e-08
 4.39710552e-08 4.51782990e-08 4.63855429e-08 4.75927867e-08
 4.88000305e-08 5.00072744e-08 5.12145182e-08 5.24217620e-08
 5.36290058e-08 5.48362497e-08 5.60434935e-08 5.72507373e-08
 5.84579811e-08 5.96652250e-08 6.08724688e-08 6.20797126e-08
 6.32869564e-08 6.44942003e-08 6.57014441e-08 6.69086879e-08
 6.81159317e-08 6.93231756e-08 7.05304194e-08 7.17376632e-08
 7.29449070e-08 7.41521509e-08 7.53593947e-08 7.65666385e-08
 7.77738823e-08 7.89811262e-08 8.01883700e-08 8.13956138e-08
 8.26028576e-08 8.38101015e-08 8.50173453e-08 8.62245891e-08
 8.74318329e-08 8.86390768e-08 8.98463206e-08 9.10535644e-08
 9.22608082e-08 9.34680521e-08 9.46752959e-08 9.58825397e-08
 9.70897835e-08 9.82970274e-08 9.95042712e-08 1.00711515e-07
 1.01918759e-07 1.03126003e-07 1.04333247e-07 1.05540490e-07
 1.06747734e-07 1.07954978e-07 1.09162222e-07 1.10369466e-07
 1.11576709e-07 1.12783953e-07 1.13991197e-07 1.15198441e-07
 1.16405685e-07 1.17612929e-07 1.18820172e-07 1.20027416e-07
 1.21234660e-07 1.22441904e-07 1.23649148e-07 1.24856392e-07
 1.26063635e-07 1.27270879e-07 1.28478123e-07 1.29685367e-07
 1.30892611e-07 1.32099854e-07 1.33307098e-07 1.34514342e-07
 1.35721586e-07]
Frequencies: [7.17065000e+05 3.13439100e+06 7.13928100e+06 1.21949360e+07
 1.59407480e+07 1.88740140e+07 2.14530470e+07 2.16057150e+07
 2.18165170e+07 2.13271200e+07 2.10737270e+07 2.19474070e+07
 2.49827160e+07 2.96414700e+07 3.81003850e+07 4.56391930e+07
 5.09297620e+07 5.39150640e+07 5.65234500e+07 6.06356780e+07
 6.28613880e+07 6.71222820e+07 7.34828570e+07 8.02320050e+07
 8.59213460e+07 9.64322920e+07 1.07956809e+08 1.42819752e+08
 2.09471656e+08 2.53739930e+08 1.73552551e+08 1.17505140e+08
 9.79507380e+07 8.54489830e+07 7.58829610e+07 6.76963960e+07
 6.13092760e+07 5.64867290e+07 5.35371370e+07 5.13264290e+07
 4.87600200e+07 4.62191550e+07 4.33070560e+07 4.09685310e+07
 3.91616410e+07 3.80963730e+07 3.80465760e+07 3.90165620e+07
 3.98845230e+07 4.04717120e+07 4.53381920e+07 5.34088340e+07
 6.51052260e+07 7.23043040e+07 7.75856330e+07 8.57581200e+07
 9.41832720e+07 1.01766716e+08 1.05677149e+08 1.02167258e+08
 8.91277110e+07 8.02240800e+07 7.40770500e+07 6.92866700e+07
 6.48887840e+07 5.92534650e+07 5.31562340e+07 4.57937750e+07
 3.81237900e+07 3.10752620e+07 2.61176560e+07 2.30160510e+07
 1.98901080e+07 1.52999900e+07 1.21693980e+07 1.04725520e+07
 8.81804600e+06 7.75769700e+06 6.28601300e+06 4.77180000e+06
 3.48952800e+06 2.72754200e+06 2.08850300e+06 1.85274500e+06
 1.57255800e+06 1.26647100e+06 8.68239000e+05 5.68066000e+05
 3.67603000e+05 2.81556000e+05 2.57904000e+05 1.94385000e+05
 1.49246000e+05 1.34690000e+05 7.21110000e+04 4.44900000e+04
 4.09540000e+04 1.56890000e+04 2.06310000e+04 9.76100000e+03]
