Standard Deviation: 3.948025550926104e-08
Skewness: -1.0000000000009353
Kurtosis: -1.9999999999943374
Median: 6418.922841394663
Mean: 6418.922841434143
Deciles: [6418.92284139 6418.92284139]
Minimum: 6418.922841394663
Maximum: 6418.922841394663
Bin Edges: [6418.42284139 6418.43284139 6418.44284139 6418.45284139 6418.46284139
 6418.47284139 6418.48284139 6418.49284139 6418.50284139 6418.51284139
 6418.52284139 6418.53284139 6418.54284139 6418.55284139 6418.56284139
 6418.57284139 6418.58284139 6418.59284139 6418.60284139 6418.61284139
 6418.62284139 6418.63284139 6418.64284139 6418.65284139 6418.66284139
 6418.67284139 6418.68284139 6418.69284139 6418.70284139 6418.71284139
 6418.72284139 6418.73284139 6418.74284139 6418.75284139 6418.76284139
 6418.77284139 6418.78284139 6418.79284139 6418.80284139 6418.81284139
 6418.82284139 6418.83284139 6418.84284139 6418.85284139 6418.86284139
 6418.87284139 6418.88284139 6418.89284139 6418.90284139 6418.91284139
 6418.92284139 6418.93284139 6418.94284139 6418.95284139 6418.96284139
 6418.97284139 6418.98284139 6418.99284139 6419.00284139 6419.01284139
 6419.02284139 6419.03284139 6419.04284139 6419.05284139 6419.06284139
 6419.07284139 6419.08284139 6419.09284139 6419.10284139 6419.11284139
 6419.12284139 6419.13284139 6419.14284139 6419.15284139 6419.16284139
 6419.17284139 6419.18284139 6419.19284139 6419.20284139 6419.21284139
 6419.22284139 6419.23284139 6419.24284139 6419.25284139 6419.26284139
 6419.27284139 6419.28284139 6419.29284139 6419.30284139 6419.31284139
 6419.32284139 6419.33284139 6419.34284139 6419.35284139 6419.36284139
 6419.37284139 6419.38284139 6419.39284139 6419.40284139 6419.41284139
 6419.42284139]
Frequencies: [0.000000e+00 0.000000e+00 0.000000e+00 0.000000e+00 0.000000e+00
 0.000000e+00 0.000000e+00 0.000000e+00 0.000000e+00 0.000000e+00
 0.000000e+00 0.000000e+00 0.000000e+00 0.000000e+00 0.000000e+00
 0.000000e+00 0.000000e+00 0.000000e+00 0.000000e+00 0.000000e+00
 0.000000e+00 0.000000e+00 0.000000e+00 0.000000e+00 0.000000e+00
 0.000000e+00 0.000000e+00 0.000000e+00 0.000000e+00 0.000000e+00
 0.000000e+00 0.000000e+00 0.000000e+00 0.000000e+00 0.000000e+00
 0.000000e+00 0.000000e+00 0.000000e+00 0.000000e+00 0.000000e+00
 0.000000e+00 0.000000e+00 0.000000e+00 0.000000e+00 0.000000e+00
 0.000000e+00 0.000000e+00 0.000000e+00 0.000000e+00 0.000000e+00
 4.541184e+09 0.000000e+00 0.000000e+00 0.000000e+00 0.000000e+00
 0.000000e+00 0.000000e+00 0.000000e+00 0.000000e+00 0.000000e+00
 0.000000e+00 0.000000e+00 0.000000e+00 0.000000e+00 0.000000e+00
 0.000000e+00 0.000000e+00 0.000000e+00 0.000000e+00 0.000000e+00
 0.000000e+00 0.000000e+00 0.000000e+00 0.000000e+00 0.000000e+00
 0.000000e+00 0.000000e+00 0.000000e+00 0.000000e+00 0.000000e+00
 0.000000e+00 0.000000e+00 0.000000e+00 0.000000e+00 0.000000e+00
 0.000000e+00 0.000000e+00 0.000000e+00 0.000000e+00 0.000000e+00
 0.000000e+00 0.000000e+00 0.000000e+00 0.000000e+00 0.000000e+00
 0.000000e+00 0.000000e+00 0.000000e+00 0.000000e+00 0.000000e+00]
