Standard Deviation: 12.713266549678508
Skewness: -1.1672231447493262
Kurtosis: 1.3456847806208083
Median: 287.3423915433421
Mean: 283.57075401218225
Deciles: [276.31165065 293.25730391]
Minimum: 213.56776647099298
Maximum: 317.28904860568593
Bin Edges: [213.56776647 214.60497929 215.64219211 216.67940494 217.71661776
 218.75383058 219.7910434  220.82825622 221.86546904 222.90268186
 223.93989468 224.97710751 226.01432033 227.05153315 228.08874597
 229.12595879 230.16317161 231.20038443 232.23759726 233.27481008
 234.3120229  235.34923572 236.38644854 237.42366136 238.46087418
 239.498087   240.53529983 241.57251265 242.60972547 243.64693829
 244.68415111 245.72136393 246.75857675 247.79578958 248.8330024
 249.87021522 250.90742804 251.94464086 252.98185368 254.0190665
 255.05627932 256.09349215 257.13070497 258.16791779 259.20513061
 260.24234343 261.27955625 262.31676907 263.3539819  264.39119472
 265.42840754 266.46562036 267.50283318 268.540046   269.57725882
 270.61447165 271.65168447 272.68889729 273.72611011 274.76332293
 275.80053575 276.83774857 277.87496139 278.91217422 279.94938704
 280.98659986 282.02381268 283.0610255  284.09823832 285.13545114
 286.17266397 287.20987679 288.24708961 289.28430243 290.32151525
 291.35872807 292.39594089 293.43315371 294.47036654 295.50757936
 296.54479218 297.582005   298.61921782 299.65643064 300.69364346
 301.73085629 302.76806911 303.80528193 304.84249475 305.87970757
 306.91692039 307.95413321 308.99134603 310.02855886 311.06577168
 312.1029845  313.14019732 314.17741014 315.21462296 316.25183578
 317.28904861]
Frequencies: [5.30000000e+01 3.00000000e+02 7.70000000e+02 2.85800000e+03
 8.08200000e+03 1.74360000e+04 3.32230000e+04 5.68340000e+04
 1.03726000e+05 1.75523000e+05 2.72567000e+05 4.06332000e+05
 5.70897000e+05 7.65283000e+05 1.00787500e+06 1.25237200e+06
 1.49801200e+06 1.74816300e+06 1.99295200e+06 2.20600300e+06
 2.41714000e+06 2.66588400e+06 2.92508800e+06 3.18784000e+06
 3.51354200e+06 3.84298500e+06 4.27456300e+06 4.77883800e+06
 5.37808600e+06 6.11938000e+06 6.90655200e+06 7.81027900e+06
 8.82256700e+06 9.85080100e+06 1.08787900e+07 1.19329060e+07
 1.29518310e+07 1.39937630e+07 1.51580150e+07 1.60905010e+07
 1.71032010e+07 1.81839960e+07 1.93075650e+07 2.04524600e+07
 2.19562090e+07 2.39433970e+07 2.64552130e+07 2.97882060e+07
 3.44439550e+07 4.11917420e+07 4.97672040e+07 5.78954210e+07
 6.38465830e+07 6.69633960e+07 6.84510050e+07 6.98618610e+07
 7.13638960e+07 7.31323300e+07 7.58819570e+07 7.92405040e+07
 8.31001090e+07 8.72664510e+07 9.13799350e+07 9.53425850e+07
 9.94542800e+07 1.03386411e+08 1.07640532e+08 1.12813970e+08
 1.18861353e+08 1.25483936e+08 1.33316950e+08 1.42974268e+08
 1.55089324e+08 1.71714123e+08 1.97792765e+08 2.40362805e+08
 3.01468374e+08 3.69927434e+08 3.15393896e+08 1.25070873e+08
 6.31630840e+07 4.63987860e+07 3.67337950e+07 2.96392320e+07
 2.39389400e+07 1.91766330e+07 1.50672980e+07 1.14735900e+07
 8.32953500e+06 5.74339800e+06 3.77128400e+06 2.33180700e+06
 1.38708100e+06 7.84005000e+05 3.74316000e+05 1.31545000e+05
 3.89050000e+04 9.39700000e+03 2.02400000e+03 2.58000000e+02]
