Standard Deviation: 9.216295284204234
Skewness: -1.2421066967012688
Kurtosis: 1.9061286871850687
Median: 249.47088016034837
Mean: 247.36186680358628
Deciles: [244.32750003 253.04248615]
Minimum: 193.52002558545558
Maximum: 317.69627573770384
Bin Edges: [193.52002559 194.76178809 196.00355059 197.24531309 198.48707559
 199.72883809 200.97060059 202.2123631  203.4541256  204.6958881
 205.9376506  207.1794131  208.4211756  209.66293811 210.90470061
 212.14646311 213.38822561 214.62998811 215.87175061 217.11351311
 218.35527562 219.59703812 220.83880062 222.08056312 223.32232562
 224.56408812 225.80585063 227.04761313 228.28937563 229.53113813
 230.77290063 232.01466313 233.25642563 234.49818814 235.73995064
 236.98171314 238.22347564 239.46523814 240.70700064 241.94876314
 243.19052565 244.43228815 245.67405065 246.91581315 248.15757565
 249.39933815 250.64110066 251.88286316 253.12462566 254.36638816
 255.60815066 256.84991316 258.09167566 259.33343817 260.57520067
 261.81696317 263.05872567 264.30048817 265.54225067 266.78401318
 268.02577568 269.26753818 270.50930068 271.75106318 272.99282568
 274.23458818 275.47635069 276.71811319 277.95987569 279.20163819
 280.44340069 281.68516319 282.9269257  284.1686882  285.4104507
 286.6522132  287.8939757  289.1357382  290.3775007  291.61926321
 292.86102571 294.10278821 295.34455071 296.58631321 297.82807571
 299.06983821 300.31160072 301.55336322 302.79512572 304.03688822
 305.27865072 306.52041322 307.76217573 309.00393823 310.24570073
 311.48746323 312.72922573 313.97098823 315.21275073 316.45451324
 317.69627574]
Frequencies: [2.04000000e+02 7.75000000e+02 1.96300000e+03 3.79700000e+03
 9.08800000e+03 2.29450000e+04 4.18940000e+04 8.23490000e+04
 1.56703000e+05 2.98145000e+05 5.57984000e+05 9.61187000e+05
 1.48121200e+06 2.19568900e+06 3.12956600e+06 4.27685000e+06
 5.74837500e+06 7.56153400e+06 9.71818100e+06 1.22639450e+07
 1.50932890e+07 1.81879490e+07 2.13637850e+07 2.45984370e+07
 2.76915320e+07 3.07590440e+07 3.36812800e+07 3.66011040e+07
 3.95997420e+07 4.22827630e+07 4.47775390e+07 4.73860520e+07
 5.03952810e+07 5.39414760e+07 5.81678100e+07 6.33825420e+07
 7.02511780e+07 7.91645950e+07 9.17991390e+07 1.10868921e+08
 1.40058136e+08 1.83177867e+08 2.41288602e+08 3.07430738e+08
 3.67508254e+08 4.04787738e+08 4.05896027e+08 3.70001214e+08
 3.08337987e+08 2.39236672e+08 1.77271718e+08 1.28097418e+08
 9.11691900e+07 6.27890560e+07 4.08449010e+07 2.50765470e+07
 1.48039070e+07 8.40579000e+06 4.77989500e+06 2.97252200e+06
 2.01594100e+06 1.47748700e+06 1.10948800e+06 8.51947000e+05
 6.64043000e+05 5.21809000e+05 4.11214000e+05 3.33841000e+05
 2.72042000e+05 2.13704000e+05 1.65955000e+05 1.33037000e+05
 1.09586000e+05 8.95660000e+04 7.45990000e+04 6.31400000e+04
 5.37190000e+04 4.35740000e+04 3.30430000e+04 2.53600000e+04
 1.92680000e+04 1.54740000e+04 1.22600000e+04 9.14000000e+03
 6.33700000e+03 4.56800000e+03 3.42500000e+03 2.73800000e+03
 2.00900000e+03 1.54700000e+03 1.32600000e+03 1.02300000e+03
 5.53000000e+02 3.48000000e+02 2.46000000e+02 2.20000000e+02
 1.52000000e+02 1.24000000e+02 7.10000000e+01 5.30000000e+01]
