Standard Deviation: 6.180519838639206
Skewness: 0.04745111625909492
Kurtosis: 2.0985854891215663
Median: -0.048092585185931735
Mean: -0.029374258216254882
Deciles: [-3.34681564  3.2379277 ]
Minimum: -63.06846491818394
Maximum: 72.2619562835425
Bin Edges: [-63.06846492 -61.71516071 -60.36185649 -59.00855228 -57.65524807
 -56.30194386 -54.94863965 -53.59533543 -52.24203122 -50.88872701
 -49.5354228  -48.18211859 -46.82881437 -45.47551016 -44.12220595
 -42.76890174 -41.41559753 -40.06229331 -38.7089891  -37.35568489
 -36.00238068 -34.64907647 -33.29577225 -31.94246804 -30.58916383
 -29.23585962 -27.88255541 -26.52925119 -25.17594698 -23.82264277
 -22.46933856 -21.11603435 -19.76273013 -18.40942592 -17.05612171
 -15.7028175  -14.34951329 -12.99620907 -11.64290486 -10.28960065
  -8.93629644  -7.58299223  -6.22968801  -4.8763838   -3.52307959
  -2.16977538  -0.81647117   0.53683305   1.89013726   3.24344147
   4.59674568   5.95004989   7.30335411   8.65665832  10.00996253
  11.36326674  12.71657095  14.06987517  15.42317938  16.77648359
  18.1297878   19.48309201  20.83639623  22.18970044  23.54300465
  24.89630886  26.24961307  27.60291729  28.9562215   30.30952571
  31.66282992  33.01613414  34.36943835  35.72274256  37.07604677
  38.42935098  39.7826552   41.13595941  42.48926362  43.84256783
  45.19587204  46.54917626  47.90248047  49.25578468  50.60908889
  51.9623931   53.31569732  54.66900153  56.02230574  57.37560995
  58.72891416  60.08221838  61.43552259  62.7888268   64.14213101
  65.49543522  66.84873944  68.20204365  69.55534786  70.90865207
  72.26195628]
Frequencies: [7.00000000e+00 1.60000000e+01 2.30000000e+01 3.40000000e+01
 3.80000000e+01 6.70000000e+01 9.90000000e+01 1.77000000e+02
 3.40000000e+02 5.36000000e+02 8.63000000e+02 1.48100000e+03
 2.47800000e+03 3.93200000e+03 5.91500000e+03 9.10200000e+03
 1.35960000e+04 2.12330000e+04 3.31470000e+04 5.16300000e+04
 7.99430000e+04 1.23774000e+05 1.89886000e+05 2.88342000e+05
 4.35454000e+05 6.49959000e+05 9.61084000e+05 1.41068300e+06
 2.04929200e+06 2.95827000e+06 4.24896800e+06 6.06398400e+06
 8.57309600e+06 1.20506560e+07 1.68194670e+07 2.32988370e+07
 3.21533340e+07 4.41176530e+07 6.05075220e+07 8.29550850e+07
 1.14177927e+08 1.57810512e+08 2.18365855e+08 2.99018376e+08
 3.95452083e+08 4.85931026e+08 5.29048622e+08 4.97731593e+08
 4.09730671e+08 3.08383708e+08 2.23584883e+08 1.61318970e+08
 1.17745968e+08 8.66648150e+07 6.42569860e+07 4.76113020e+07
 3.51176070e+07 2.56417790e+07 1.85344160e+07 1.32773980e+07
 9.43028400e+06 6.65203600e+06 4.67438000e+06 3.26932400e+06
 2.27318500e+06 1.58610300e+06 1.11194400e+06 7.82501000e+05
 5.53402000e+05 3.91991000e+05 2.78486000e+05 1.98805000e+05
 1.41196000e+05 1.00775000e+05 7.26520000e+04 5.30520000e+04
 3.80670000e+04 2.70160000e+04 1.88490000e+04 1.34020000e+04
 9.37900000e+03 6.57300000e+03 4.64700000e+03 3.30200000e+03
 2.22600000e+03 1.61800000e+03 1.21800000e+03 9.30000000e+02
 6.73000000e+02 4.96000000e+02 3.29000000e+02 2.41000000e+02
 1.64000000e+02 8.00000000e+01 6.50000000e+01 4.60000000e+01
 3.10000000e+01 1.50000000e+01 1.30000000e+01 4.00000000e+00]
