Standard Deviation: 277.22818499383544
Skewness: -3.6048410652569873
Kurtosis: 15.498897943537983
Median: 21854.914984712632
Mean: 21754.47895777855
Deciles: [21737.89729809 21885.50259333]
Minimum: 19742.180702870734
Maximum: 22148.574048524173
Bin Edges: [19742.18070287 19766.24463633 19790.30856978 19814.37250324
 19838.4364367  19862.50037015 19886.56430361 19910.62823707
 19934.69217052 19958.75610398 19982.82003744 20006.88397089
 20030.94790435 20055.01183781 20079.07577126 20103.13970472
 20127.20363818 20151.26757163 20175.33150509 20199.39543854
 20223.459372   20247.52330546 20271.58723891 20295.65117237
 20319.71510583 20343.77903928 20367.84297274 20391.9069062
 20415.97083965 20440.03477311 20464.09870657 20488.16264002
 20512.22657348 20536.29050694 20560.35444039 20584.41837385
 20608.48230731 20632.54624076 20656.61017422 20680.67410768
 20704.73804113 20728.80197459 20752.86590805 20776.9298415
 20800.99377496 20825.05770841 20849.12164187 20873.18557533
 20897.24950878 20921.31344224 20945.3773757  20969.44130915
 20993.50524261 21017.56917607 21041.63310952 21065.69704298
 21089.76097644 21113.82490989 21137.88884335 21161.95277681
 21186.01671026 21210.08064372 21234.14457718 21258.20851063
 21282.27244409 21306.33637755 21330.400311   21354.46424446
 21378.52817792 21402.59211137 21426.65604483 21450.71997828
 21474.78391174 21498.8478452  21522.91177865 21546.97571211
 21571.03964557 21595.10357902 21619.16751248 21643.23144594
 21667.29537939 21691.35931285 21715.42324631 21739.48717976
 21763.55111322 21787.61504668 21811.67898013 21835.74291359
 21859.80684705 21883.8707805  21907.93471396 21931.99864742
 21956.06258087 21980.12651433 22004.19044778 22028.25438124
 22052.3183147  22076.38224815 22100.44618161 22124.51011507
 22148.57404852]
Frequencies: [3.24700000e+03 3.43760000e+04 2.14012000e+05 6.12063000e+05
 1.43533000e+06 2.30397700e+06 1.80202800e+06 1.15344100e+06
 7.14157000e+05 1.20462700e+06 1.22384100e+06 1.33601200e+06
 1.95257500e+06 2.31425600e+06 2.51995500e+06 2.48773000e+06
 2.11066500e+06 2.18244900e+06 2.48702500e+06 2.45461800e+06
 2.42623300e+06 3.17838500e+06 3.45430700e+06 3.28083100e+06
 3.14557500e+06 3.40240600e+06 2.82764100e+06 2.90280500e+06
 3.03415800e+06 3.03348500e+06 3.40175200e+06 3.36264500e+06
 2.61021600e+06 2.75447400e+06 2.95381700e+06 3.15654500e+06
 2.69484200e+06 2.25256500e+06 2.54093100e+06 2.69121500e+06
 2.64542100e+06 3.26721500e+06 3.11846400e+06 3.65982400e+06
 3.32332400e+06 2.83760300e+06 3.36972300e+06 3.89896600e+06
 4.07788300e+06 3.97736000e+06 4.66625500e+06 4.96991700e+06
 5.92658300e+06 6.74985100e+06 6.67534600e+06 7.58851900e+06
 7.57407800e+06 7.66260500e+06 8.11978200e+06 9.62523200e+06
 1.14691460e+07 1.23376660e+07 1.39266280e+07 1.63872500e+07
 1.89315660e+07 1.86620140e+07 1.91329730e+07 1.97260660e+07
 2.07127900e+07 2.09699570e+07 2.13203200e+07 2.08863200e+07
 2.26446040e+07 2.73754200e+07 3.06533520e+07 3.66760640e+07
 4.54878420e+07 5.31497890e+07 6.70524880e+07 8.21708750e+07
 9.96509420e+07 1.25561581e+08 1.47194028e+08 1.61996781e+08
 1.79611193e+08 2.07210758e+08 2.53269380e+08 4.68669780e+08
 9.36710193e+08 6.26285215e+08 3.58802163e+08 1.50625148e+08
 4.19595740e+07 8.46057100e+06 1.66038400e+06 3.41380000e+05
 8.73270000e+04 2.18880000e+04 5.56100000e+03 1.86000000e+03]
