Standard Deviation: 0.0048064245617488125
Skewness: 0.17399989138567265
Kurtosis: -1.2912300828894752
Median: 0.007087997337268096
Mean: 0.007720568600902094
Deciles: [0.00344713 0.01221146]
Minimum: 4.1551244338081435e-10
Maximum: 0.023143734128965567
Bin Edges: [4.15512443e-10 2.31437753e-04 4.62875090e-04 6.94312427e-04
 9.25749764e-04 1.15718710e-03 1.38862444e-03 1.62006178e-03
 1.85149911e-03 2.08293645e-03 2.31437379e-03 2.54581112e-03
 2.77724846e-03 3.00868580e-03 3.24012314e-03 3.47156047e-03
 3.70299781e-03 3.93443515e-03 4.16587248e-03 4.39730982e-03
 4.62874716e-03 4.86018450e-03 5.09162183e-03 5.32305917e-03
 5.55449651e-03 5.78593384e-03 6.01737118e-03 6.24880852e-03
 6.48024586e-03 6.71168319e-03 6.94312053e-03 7.17455787e-03
 7.40599520e-03 7.63743254e-03 7.86886988e-03 8.10030722e-03
 8.33174455e-03 8.56318189e-03 8.79461923e-03 9.02605656e-03
 9.25749390e-03 9.48893124e-03 9.72036858e-03 9.95180591e-03
 1.01832432e-02 1.04146806e-02 1.06461179e-02 1.08775553e-02
 1.11089926e-02 1.13404299e-02 1.15718673e-02 1.18033046e-02
 1.20347419e-02 1.22661793e-02 1.24976166e-02 1.27290540e-02
 1.29604913e-02 1.31919286e-02 1.34233660e-02 1.36548033e-02
 1.38862406e-02 1.41176780e-02 1.43491153e-02 1.45805527e-02
 1.48119900e-02 1.50434273e-02 1.52748647e-02 1.55063020e-02
 1.57377393e-02 1.59691767e-02 1.62006140e-02 1.64320514e-02
 1.66634887e-02 1.68949260e-02 1.71263634e-02 1.73578007e-02
 1.75892380e-02 1.78206754e-02 1.80521127e-02 1.82835500e-02
 1.85149874e-02 1.87464247e-02 1.89778621e-02 1.92092994e-02
 1.94407367e-02 1.96721741e-02 1.99036114e-02 2.01350487e-02
 2.03664861e-02 2.05979234e-02 2.08293608e-02 2.10607981e-02
 2.12922354e-02 2.15236728e-02 2.17551101e-02 2.19865474e-02
 2.22179848e-02 2.24494221e-02 2.26808595e-02 2.29122968e-02
 2.31437341e-02]
Frequencies: [5.0140050e+07 6.9942497e+07 6.9995523e+07 6.3182085e+07 6.0383971e+07
 6.2003193e+07 6.7004244e+07 7.4173010e+07 8.1688403e+07 8.7785702e+07
 9.1426183e+07 9.2673348e+07 9.2500643e+07 9.1494914e+07 9.0390052e+07
 8.9267195e+07 8.8088554e+07 8.6743443e+07 8.4607772e+07 8.1703421e+07
 7.8645400e+07 7.5496837e+07 7.2467161e+07 6.9509629e+07 6.6692643e+07
 6.4096129e+07 6.1736308e+07 5.9493994e+07 5.7524384e+07 5.5703398e+07
 5.4081107e+07 5.2656131e+07 5.1357235e+07 5.0309084e+07 4.9432148e+07
 4.8820270e+07 4.8495948e+07 4.8315860e+07 4.8185352e+07 4.8154799e+07
 4.8246017e+07 4.8371624e+07 4.8556578e+07 4.8864363e+07 4.9381322e+07
 5.0158186e+07 5.1124004e+07 5.2274862e+07 5.3768053e+07 5.5509448e+07
 5.7377574e+07 5.9315987e+07 6.1197924e+07 6.2907690e+07 6.4696925e+07
 6.6402654e+07 6.7958369e+07 6.9377943e+07 7.0620517e+07 7.1644820e+07
 7.2470470e+07 7.3122527e+07 7.3275735e+07 7.2524516e+07 7.0145214e+07
 6.5459841e+07 5.7906796e+07 4.8046676e+07 3.7042473e+07 2.6504372e+07
 1.7757621e+07 1.1393101e+07 7.1728990e+06 4.5622730e+06 2.9940970e+06
 2.0301270e+06 1.4095130e+06 1.0002610e+06 7.0976300e+05 5.0178700e+05
 3.4870400e+05 2.3950000e+05 1.5795000e+05 1.0405400e+05 6.5871000e+04
 4.1257000e+04 2.5429000e+04 1.6269000e+04 1.1893000e+04 7.6170000e+03
 4.7550000e+03 3.3090000e+03 2.0010000e+03 1.1900000e+03 7.2400000e+02
 3.3300000e+02 9.8000000e+01 6.5000000e+01 3.0000000e+01 9.0000000e+00]
