Standard Deviation: 8.443974892491853e-06
Skewness: 9.111268628031691
Kurtosis: 107.5954590558969
Median: 2.213500816559079e-35
Mean: 1.4526424659284625e-06
Deciles: [0.00000000e+00 2.39190632e-13]
Minimum: 0.0
Maximum: 0.0003921699820402054
Bin Edges: [0.00000000e+00 3.92169982e-06 7.84339964e-06 1.17650995e-05
 1.56867993e-05 1.96084991e-05 2.35301989e-05 2.74518987e-05
 3.13735986e-05 3.52952984e-05 3.92169982e-05 4.31386980e-05
 4.70603978e-05 5.09820977e-05 5.49037975e-05 5.88254973e-05
 6.27471971e-05 6.66688969e-05 7.05905968e-05 7.45122966e-05
 7.84339964e-05 8.23556962e-05 8.62773960e-05 9.01990959e-05
 9.41207957e-05 9.80424955e-05 1.01964195e-04 1.05885895e-04
 1.09807595e-04 1.13729295e-04 1.17650995e-04 1.21572694e-04
 1.25494394e-04 1.29416094e-04 1.33337794e-04 1.37259494e-04
 1.41181194e-04 1.45102893e-04 1.49024593e-04 1.52946293e-04
 1.56867993e-04 1.60789693e-04 1.64711392e-04 1.68633092e-04
 1.72554792e-04 1.76476492e-04 1.80398192e-04 1.84319892e-04
 1.88241591e-04 1.92163291e-04 1.96084991e-04 2.00006691e-04
 2.03928391e-04 2.07850090e-04 2.11771790e-04 2.15693490e-04
 2.19615190e-04 2.23536890e-04 2.27458590e-04 2.31380289e-04
 2.35301989e-04 2.39223689e-04 2.43145389e-04 2.47067089e-04
 2.50988789e-04 2.54910488e-04 2.58832188e-04 2.62753888e-04
 2.66675588e-04 2.70597288e-04 2.74518987e-04 2.78440687e-04
 2.82362387e-04 2.86284087e-04 2.90205787e-04 2.94127487e-04
 2.98049186e-04 3.01970886e-04 3.05892586e-04 3.09814286e-04
 3.13735986e-04 3.17657685e-04 3.21579385e-04 3.25501085e-04
 3.29422785e-04 3.33344485e-04 3.37266185e-04 3.41187884e-04
 3.45109584e-04 3.49031284e-04 3.52952984e-04 3.56874684e-04
 3.60796383e-04 3.64718083e-04 3.68639783e-04 3.72561483e-04
 3.76483183e-04 3.80404883e-04 3.84326582e-04 3.88248282e-04
 3.92169982e-04]
Frequencies: [4.31337398e+09 5.10577440e+07 2.95622300e+07 2.19847820e+07
 1.76384700e+07 1.45883880e+07 1.22735490e+07 1.04411920e+07
 8.97026700e+06 7.76642000e+06 6.76585200e+06 5.91798900e+06
 5.19604500e+06 4.56994900e+06 4.02588000e+06 3.54542400e+06
 3.12326900e+06 2.74549800e+06 2.41055700e+06 2.10875300e+06
 1.84651000e+06 1.60448300e+06 1.39241600e+06 1.20477200e+06
 1.03827500e+06 8.88211000e+05 7.59038000e+05 6.47543000e+05
 5.50523000e+05 4.69038000e+05 3.98523000e+05 3.38350000e+05
 2.86386000e+05 2.43892000e+05 2.06810000e+05 1.76471000e+05
 1.50710000e+05 1.29827000e+05 1.12096000e+05 9.62230000e+04
 8.30370000e+04 7.18570000e+04 6.26610000e+04 5.40970000e+04
 4.62690000e+04 4.00290000e+04 3.43010000e+04 2.95140000e+04
 2.53940000e+04 2.16310000e+04 1.84940000e+04 1.56520000e+04
 1.31100000e+04 1.10800000e+04 9.08700000e+03 7.40800000e+03
 6.23000000e+03 5.04100000e+03 4.11800000e+03 3.34100000e+03
 2.76300000e+03 2.21700000e+03 1.87200000e+03 1.56200000e+03
 1.31400000e+03 1.02600000e+03 8.04000000e+02 7.02000000e+02
 5.41000000e+02 4.74000000e+02 3.54000000e+02 3.06000000e+02
 2.68000000e+02 2.10000000e+02 1.57000000e+02 1.28000000e+02
 1.09000000e+02 8.90000000e+01 6.70000000e+01 5.40000000e+01
 4.70000000e+01 4.10000000e+01 4.80000000e+01 4.20000000e+01
 2.00000000e+01 1.80000000e+01 1.40000000e+01 1.20000000e+01
 8.00000000e+00 8.00000000e+00 7.00000000e+00 5.00000000e+00
 7.00000000e+00 5.00000000e+00 3.00000000e+00 2.00000000e+00
 0.00000000e+00 1.00000000e+00 2.00000000e+00 2.00000000e+00]
