Standard Deviation: 3.729496711457614e-09
Skewness: -1.0000000000018705
Kurtosis: -2.000000000001216
Median: 561.5836425337344
Mean: 561.5836425374639
Deciles: [561.58364253 561.58364253]
Minimum: 561.5836425337344
Maximum: 561.5836425337344
Bin Edges: [561.08364253 561.09364253 561.10364253 561.11364253 561.12364253
 561.13364253 561.14364253 561.15364253 561.16364253 561.17364253
 561.18364253 561.19364253 561.20364253 561.21364253 561.22364253
 561.23364253 561.24364253 561.25364253 561.26364253 561.27364253
 561.28364253 561.29364253 561.30364253 561.31364253 561.32364253
 561.33364253 561.34364253 561.35364253 561.36364253 561.37364253
 561.38364253 561.39364253 561.40364253 561.41364253 561.42364253
 561.43364253 561.44364253 561.45364253 561.46364253 561.47364253
 561.48364253 561.49364253 561.50364253 561.51364253 561.52364253
 561.53364253 561.54364253 561.55364253 561.56364253 561.57364253
 561.58364253 561.59364253 561.60364253 561.61364253 561.62364253
 561.63364253 561.64364253 561.65364253 561.66364253 561.67364253
 561.68364253 561.69364253 561.70364253 561.71364253 561.72364253
 561.73364253 561.74364253 561.75364253 561.76364253 561.77364253
 561.78364253 561.79364253 561.80364253 561.81364253 561.82364253
 561.83364253 561.84364253 561.85364253 561.86364253 561.87364253
 561.88364253 561.89364253 561.90364253 561.91364253 561.92364253
 561.93364253 561.94364253 561.95364253 561.96364253 561.97364253
 561.98364253 561.99364253 562.00364253 562.01364253 562.02364253
 562.03364253 562.04364253 562.05364253 562.06364253 562.07364253
 562.08364253]
Frequencies: [0.000000e+00 0.000000e+00 0.000000e+00 0.000000e+00 0.000000e+00
 0.000000e+00 0.000000e+00 0.000000e+00 0.000000e+00 0.000000e+00
 0.000000e+00 0.000000e+00 0.000000e+00 0.000000e+00 0.000000e+00
 0.000000e+00 0.000000e+00 0.000000e+00 0.000000e+00 0.000000e+00
 0.000000e+00 0.000000e+00 0.000000e+00 0.000000e+00 0.000000e+00
 0.000000e+00 0.000000e+00 0.000000e+00 0.000000e+00 0.000000e+00
 0.000000e+00 0.000000e+00 0.000000e+00 0.000000e+00 0.000000e+00
 0.000000e+00 0.000000e+00 0.000000e+00 0.000000e+00 0.000000e+00
 0.000000e+00 0.000000e+00 0.000000e+00 0.000000e+00 0.000000e+00
 0.000000e+00 0.000000e+00 0.000000e+00 0.000000e+00 0.000000e+00
 4.541184e+09 0.000000e+00 0.000000e+00 0.000000e+00 0.000000e+00
 0.000000e+00 0.000000e+00 0.000000e+00 0.000000e+00 0.000000e+00
 0.000000e+00 0.000000e+00 0.000000e+00 0.000000e+00 0.000000e+00
 0.000000e+00 0.000000e+00 0.000000e+00 0.000000e+00 0.000000e+00
 0.000000e+00 0.000000e+00 0.000000e+00 0.000000e+00 0.000000e+00
 0.000000e+00 0.000000e+00 0.000000e+00 0.000000e+00 0.000000e+00
 0.000000e+00 0.000000e+00 0.000000e+00 0.000000e+00 0.000000e+00
 0.000000e+00 0.000000e+00 0.000000e+00 0.000000e+00 0.000000e+00
 0.000000e+00 0.000000e+00 0.000000e+00 0.000000e+00 0.000000e+00
 0.000000e+00 0.000000e+00 0.000000e+00 0.000000e+00 0.000000e+00]
