Standard Deviation: 4.616923004051305e-08
Skewness: -1.0136193853327151
Kurtosis: -0.13449378574122273
Median: 1.4329037870886734e-07
Mean: 1.292743685936225e-07
Deciles: [1.06277060e-07 1.65356602e-07]
Minimum: 1.1637360224376949e-08
Maximum: 1.7997115318874212e-07
Bin Edges: [1.16373602e-08 1.33206982e-08 1.50040361e-08 1.66873740e-08
 1.83707119e-08 2.00540499e-08 2.17373878e-08 2.34207257e-08
 2.51040637e-08 2.67874016e-08 2.84707395e-08 3.01540775e-08
 3.18374154e-08 3.35207533e-08 3.52040912e-08 3.68874292e-08
 3.85707671e-08 4.02541050e-08 4.19374430e-08 4.36207809e-08
 4.53041188e-08 4.69874567e-08 4.86707947e-08 5.03541326e-08
 5.20374705e-08 5.37208085e-08 5.54041464e-08 5.70874843e-08
 5.87708223e-08 6.04541602e-08 6.21374981e-08 6.38208360e-08
 6.55041740e-08 6.71875119e-08 6.88708498e-08 7.05541878e-08
 7.22375257e-08 7.39208636e-08 7.56042016e-08 7.72875395e-08
 7.89708774e-08 8.06542153e-08 8.23375533e-08 8.40208912e-08
 8.57042291e-08 8.73875671e-08 8.90709050e-08 9.07542429e-08
 9.24375808e-08 9.41209188e-08 9.58042567e-08 9.74875946e-08
 9.91709326e-08 1.00854270e-07 1.02537608e-07 1.04220946e-07
 1.05904284e-07 1.07587622e-07 1.09270960e-07 1.10954298e-07
 1.12637636e-07 1.14320974e-07 1.16004312e-07 1.17687650e-07
 1.19370988e-07 1.21054326e-07 1.22737664e-07 1.24421002e-07
 1.26104339e-07 1.27787677e-07 1.29471015e-07 1.31154353e-07
 1.32837691e-07 1.34521029e-07 1.36204367e-07 1.37887705e-07
 1.39571043e-07 1.41254381e-07 1.42937719e-07 1.44621057e-07
 1.46304395e-07 1.47987733e-07 1.49671070e-07 1.51354408e-07
 1.53037746e-07 1.54721084e-07 1.56404422e-07 1.58087760e-07
 1.59771098e-07 1.61454436e-07 1.63137774e-07 1.64821112e-07
 1.66504450e-07 1.68187788e-07 1.69871126e-07 1.71554464e-07
 1.73237801e-07 1.74921139e-07 1.76604477e-07 1.78287815e-07
 1.79971153e-07]
Frequencies: [6.7276800e+06 1.5137280e+07 1.5137280e+07 2.1864960e+07 1.6819200e+07
 2.1864960e+07 2.1864960e+07 2.0183040e+07 2.5228800e+07 2.5228800e+07
 2.3546880e+07 2.5228800e+07 2.6910720e+07 1.3455360e+07 2.5228800e+07
 2.3546880e+07 2.8592640e+07 2.0183040e+07 2.0183040e+07 2.1864960e+07
 2.6910720e+07 1.5137280e+07 2.6910720e+07 2.0183040e+07 2.0183040e+07
 2.5228800e+07 1.6819200e+07 2.6910720e+07 1.8501120e+07 1.3455360e+07
 3.0274560e+07 1.6819200e+07 2.1864960e+07 2.0183040e+07 2.0183040e+07
 1.3455360e+07 2.5228800e+07 2.3546880e+07 1.6819200e+07 1.3455360e+07
 2.5228800e+07 1.3455360e+07 2.0183040e+07 1.6819200e+07 2.0183040e+07
 2.8592640e+07 1.0091520e+07 2.0183040e+07 1.0091520e+07 2.5228800e+07
 2.3546880e+07 6.7276800e+06 2.0183040e+07 2.0183040e+07 2.0183040e+07
 2.1864960e+07 6.7276800e+06 1.3455360e+07 2.3546880e+07 2.3546880e+07
 1.1773440e+07 2.0183040e+07 6.7276800e+06 1.6819200e+07 2.3546880e+07
 2.0183040e+07 3.1956480e+07 8.5777920e+07 9.0823680e+07 8.5777920e+07
 8.2414080e+07 7.9050240e+07 8.5777920e+07 8.5777920e+07 9.0823680e+07
 8.0732160e+07 7.7368320e+07 7.7368320e+07 9.0823680e+07 8.0732160e+07
 8.0732160e+07 7.0640640e+07 9.7551360e+07 8.7459840e+07 8.0732160e+07
 7.7368320e+07 8.7459840e+07 9.4187520e+07 8.7459840e+07 9.4187520e+07
 8.7459840e+07 8.7459840e+07 1.0427904e+08 1.0427904e+08 1.1437056e+08
 1.1100672e+08 1.2109824e+08 1.5810048e+08 1.5137280e+08 2.1864960e+08]
