Standard Deviation: 98.846165830399
Skewness: -3.6048410652375984
Kurtosis: 15.498897943444849
Median: 19522.79113058996
Mean: 19486.980499812755
Deciles: [19481.06828175 19533.69719281]
Minimum: 18769.492243670666
Maximum: 19627.495753317122
Bin Edges: [18769.49224367 18778.07227877 18786.65231386 18795.23234896
 18803.81238406 18812.39241915 18820.97245425 18829.55248935
 18838.13252444 18846.71255954 18855.29259464 18863.87262973
 18872.45266483 18881.03269992 18889.61273502 18898.19277012
 18906.77280521 18915.35284031 18923.93287541 18932.5129105
 18941.0929456  18949.6729807  18958.25301579 18966.83305089
 18975.41308599 18983.99312108 18992.57315618 19001.15319128
 19009.73322637 19018.31326147 19026.89329656 19035.47333166
 19044.05336676 19052.63340185 19061.21343695 19069.79347205
 19078.37350714 19086.95354224 19095.53357734 19104.11361243
 19112.69364753 19121.27368263 19129.85371772 19138.43375282
 19147.01378792 19155.59382301 19164.17385811 19172.7538932
 19181.3339283  19189.9139634  19198.49399849 19207.07403359
 19215.65406869 19224.23410378 19232.81413888 19241.39417398
 19249.97420907 19258.55424417 19267.13427927 19275.71431436
 19284.29434946 19292.87438456 19301.45441965 19310.03445475
 19318.61448984 19327.19452494 19335.77456004 19344.35459513
 19352.93463023 19361.51466533 19370.09470042 19378.67473552
 19387.25477062 19395.83480571 19404.41484081 19412.99487591
 19421.574911   19430.1549461  19438.73498119 19447.31501629
 19455.89505139 19464.47508648 19473.05512158 19481.63515668
 19490.21519177 19498.79522687 19507.37526197 19515.95529706
 19524.53533216 19533.11536726 19541.69540235 19550.27543745
 19558.85547255 19567.43550764 19576.01554274 19584.59557783
 19593.17561293 19601.75564803 19610.33568312 19618.91571822
 19627.49575332]
Frequencies: [3.24700000e+03 3.43760000e+04 2.14012000e+05 6.12063000e+05
 1.43533000e+06 2.30397700e+06 1.80202800e+06 1.15344100e+06
 7.14157000e+05 1.20462700e+06 1.22384100e+06 1.33601200e+06
 1.95257500e+06 2.31425600e+06 2.51995500e+06 2.48773000e+06
 2.11066500e+06 2.18244900e+06 2.48702500e+06 2.45461800e+06
 2.42623300e+06 3.17838500e+06 3.45430700e+06 3.28083100e+06
 3.14557500e+06 3.40240600e+06 2.82764100e+06 2.90280500e+06
 3.03415800e+06 3.03348500e+06 3.40175200e+06 3.36264500e+06
 2.61021600e+06 2.75447400e+06 2.95381700e+06 3.15654500e+06
 2.69484200e+06 2.25256500e+06 2.54093100e+06 2.69121500e+06
 2.64542100e+06 3.26721500e+06 3.11846400e+06 3.65982400e+06
 3.32332400e+06 2.83760300e+06 3.36972300e+06 3.89896600e+06
 4.07788300e+06 3.97736000e+06 4.66625500e+06 4.96991700e+06
 5.92658300e+06 6.74985100e+06 6.67534600e+06 7.58851900e+06
 7.57407800e+06 7.66260500e+06 8.11978200e+06 9.62523200e+06
 1.14691460e+07 1.23376660e+07 1.39266280e+07 1.63872500e+07
 1.89315660e+07 1.86620140e+07 1.91329730e+07 1.97260660e+07
 2.07127900e+07 2.09699570e+07 2.13203200e+07 2.08863200e+07
 2.26446040e+07 2.73754200e+07 3.06533520e+07 3.66760640e+07
 4.54878420e+07 5.31497890e+07 6.70524880e+07 8.21708750e+07
 9.96509420e+07 1.25561581e+08 1.47194028e+08 1.61996781e+08
 1.79611193e+08 2.07210758e+08 2.53269380e+08 4.68669780e+08
 9.36710193e+08 6.26285215e+08 3.58802163e+08 1.50625148e+08
 4.19595740e+07 8.46057100e+06 1.66038400e+06 3.41380000e+05
 8.73270000e+04 2.18880000e+04 5.56100000e+03 1.86000000e+03]
