Standard Deviation: 15.894422318991834
Skewness: -0.12213060939738876
Kurtosis: 0.3348941539756165
Median: 11.816126268517188
Mean: 11.841837083960455
Deciles: [ 1.52529062 22.49494263]
Minimum: -61.08444360365107
Maximum: 91.22182076177447
Bin Edges: [-61.0844436  -59.56138096 -58.03831832 -56.51525567 -54.99219303
 -53.46913039 -51.94606774 -50.4230051  -48.89994245 -47.37687981
 -45.85381717 -44.33075452 -42.80769188 -41.28462924 -39.76156659
 -38.23850395 -36.71544131 -35.19237866 -33.66931602 -32.14625337
 -30.62319073 -29.10012809 -27.57706544 -26.0540028  -24.53094016
 -23.00787751 -21.48481487 -19.96175222 -18.43868958 -16.91562694
 -15.39256429 -13.86950165 -12.34643901 -10.82337636  -9.30031372
  -7.77725108  -6.25418843  -4.73112579  -3.20806314  -1.6850005
  -0.16193786   1.36112479   2.88418743   4.40725007   5.93031272
   7.45337536   8.976438    10.49950065  12.02256329  13.54562594
  15.06868858  16.59175122  18.11481387  19.63787651  21.16093915
  22.6840018   24.20706444  25.73012708  27.25318973  28.77625237
  30.29931502  31.82237766  33.3454403   34.86850295  36.39156559
  37.91462823  39.43769088  40.96075352  42.48381616  44.00687881
  45.52994145  47.0530041   48.57606674  50.09912938  51.62219203
  53.14525467  54.66831731  56.19137996  57.7144426   59.23750525
  60.76056789  62.28363053  63.80669318  65.32975582  66.85281846
  68.37588111  69.89894375  71.42200639  72.94506904  74.46813168
  75.99119433  77.51425697  79.03731961  80.56038226  82.0834449
  83.60650754  85.12957019  86.65263283  88.17569547  89.69875812
  91.22182076]
Frequencies: [1.93000000e+02 1.65600000e+03 9.18100000e+03 3.40120000e+04
 9.40550000e+04 2.48383000e+05 5.58124000e+05 6.67282000e+05
 7.58091000e+05 9.51019000e+05 1.20065200e+06 1.50651100e+06
 1.86195600e+06 2.28500100e+06 2.76903700e+06 3.34763000e+06
 4.01979600e+06 4.80688900e+06 5.67469900e+06 6.63229100e+06
 7.69375200e+06 8.89683300e+06 1.02447650e+07 1.17219510e+07
 1.34487160e+07 1.54992710e+07 1.79757400e+07 2.09392680e+07
 2.45070710e+07 2.88523440e+07 3.41809970e+07 4.05834720e+07
 4.83808420e+07 5.75002450e+07 6.79503140e+07 7.95814220e+07
 9.22409230e+07 1.05496971e+08 1.19122805e+08 1.32455306e+08
 1.44413865e+08 1.54126053e+08 1.61649887e+08 1.67024768e+08
 1.70881763e+08 1.73316318e+08 1.74208883e+08 1.73777438e+08
 1.72599538e+08 1.70556100e+08 1.67590050e+08 1.63405981e+08
 1.58208611e+08 1.52094203e+08 1.44888704e+08 1.36143103e+08
 1.26423364e+08 1.15842375e+08 1.04959252e+08 9.38959600e+07
 8.31107540e+07 7.29239280e+07 6.34133170e+07 5.46314530e+07
 4.66893640e+07 3.97654530e+07 3.36677640e+07 2.83298160e+07
 2.36954270e+07 1.96425110e+07 1.61445860e+07 1.31584990e+07
 1.05906250e+07 8.42522500e+06 6.59817700e+06 5.12526800e+06
 3.92670500e+06 2.96894500e+06 2.22075300e+06 1.63671200e+06
 1.18578500e+06 8.44970000e+05 5.97789000e+05 4.19477000e+05
 2.86224000e+05 1.87917000e+05 1.20334000e+05 7.29230000e+04
 4.39460000e+04 2.38190000e+04 1.26560000e+04 7.29400000e+03
 4.43300000e+03 2.39500000e+03 1.29200000e+03 6.75000000e+02
 4.96000000e+02 2.79000000e+02 2.23000000e+02 1.09000000e+02]
