Standard Deviation: 4.914068848254151e-07
Skewness: 518.4636158746235
Kurtosis: 417228.2317122115
Median: 0.0
Mean: 2.7641224819215125e-09
Deciles: [0.00000000e+00 9.16385401e-30]
Minimum: 0.0
Maximum: 0.0009508377893305066
Bin Edges: [0.00000000e+00 9.50837789e-06 1.90167558e-05 2.85251337e-05
 3.80335116e-05 4.75418895e-05 5.70502674e-05 6.65586453e-05
 7.60670231e-05 8.55754010e-05 9.50837789e-05 1.04592157e-04
 1.14100535e-04 1.23608913e-04 1.33117291e-04 1.42625668e-04
 1.52134046e-04 1.61642424e-04 1.71150802e-04 1.80659180e-04
 1.90167558e-04 1.99675936e-04 2.09184314e-04 2.18692692e-04
 2.28201069e-04 2.37709447e-04 2.47217825e-04 2.56726203e-04
 2.66234581e-04 2.75742959e-04 2.85251337e-04 2.94759715e-04
 3.04268093e-04 3.13776470e-04 3.23284848e-04 3.32793226e-04
 3.42301604e-04 3.51809982e-04 3.61318360e-04 3.70826738e-04
 3.80335116e-04 3.89843494e-04 3.99351872e-04 4.08860249e-04
 4.18368627e-04 4.27877005e-04 4.37385383e-04 4.46893761e-04
 4.56402139e-04 4.65910517e-04 4.75418895e-04 4.84927273e-04
 4.94435650e-04 5.03944028e-04 5.13452406e-04 5.22960784e-04
 5.32469162e-04 5.41977540e-04 5.51485918e-04 5.60994296e-04
 5.70502674e-04 5.80011051e-04 5.89519429e-04 5.99027807e-04
 6.08536185e-04 6.18044563e-04 6.27552941e-04 6.37061319e-04
 6.46569697e-04 6.56078075e-04 6.65586453e-04 6.75094830e-04
 6.84603208e-04 6.94111586e-04 7.03619964e-04 7.13128342e-04
 7.22636720e-04 7.32145098e-04 7.41653476e-04 7.51161854e-04
 7.60670231e-04 7.70178609e-04 7.79686987e-04 7.89195365e-04
 7.98703743e-04 8.08212121e-04 8.17720499e-04 8.27228877e-04
 8.36737255e-04 8.46245633e-04 8.55754010e-04 8.65262388e-04
 8.74770766e-04 8.84279144e-04 8.93787522e-04 9.03295900e-04
 9.12804278e-04 9.22312656e-04 9.31821034e-04 9.41329411e-04
 9.50837789e-04]
Frequencies: [4.54095192e+09 1.00392000e+05 4.17830000e+04 2.31710000e+04
 1.47420000e+04 1.02160000e+04 7.66800000e+03 5.66800000e+03
 4.36700000e+03 3.44500000e+03 2.82100000e+03 2.30300000e+03
 1.93600000e+03 1.57600000e+03 1.38100000e+03 1.23600000e+03
 1.01500000e+03 8.61000000e+02 7.30000000e+02 7.28000000e+02
 6.28000000e+02 5.42000000e+02 4.78000000e+02 4.13000000e+02
 3.36000000e+02 2.97000000e+02 3.15000000e+02 2.82000000e+02
 2.37000000e+02 2.00000000e+02 1.65000000e+02 1.72000000e+02
 1.64000000e+02 1.39000000e+02 1.17000000e+02 1.29000000e+02
 1.34000000e+02 8.90000000e+01 8.70000000e+01 9.10000000e+01
 8.20000000e+01 8.70000000e+01 6.20000000e+01 6.50000000e+01
 5.20000000e+01 3.80000000e+01 5.90000000e+01 4.70000000e+01
 4.20000000e+01 3.00000000e+01 4.20000000e+01 4.60000000e+01
 3.10000000e+01 2.90000000e+01 2.90000000e+01 2.50000000e+01
 1.60000000e+01 2.70000000e+01 1.80000000e+01 2.20000000e+01
 1.40000000e+01 1.20000000e+01 1.40000000e+01 1.10000000e+01
 1.30000000e+01 1.20000000e+01 6.00000000e+00 1.40000000e+01
 6.00000000e+00 6.00000000e+00 3.00000000e+00 6.00000000e+00
 1.00000000e+00 5.00000000e+00 4.00000000e+00 6.00000000e+00
 0.00000000e+00 5.00000000e+00 1.00000000e+00 6.00000000e+00
 6.00000000e+00 6.00000000e+00 4.00000000e+00 1.00000000e+00
 2.00000000e+00 4.00000000e+00 3.00000000e+00 1.00000000e+00
 0.00000000e+00 0.00000000e+00 0.00000000e+00 0.00000000e+00
 2.00000000e+00 2.00000000e+00 0.00000000e+00 0.00000000e+00
 1.00000000e+00 0.00000000e+00 0.00000000e+00 1.00000000e+00]
