Standard Deviation: 7.2345356827249585
Skewness: 0.09506460038733108
Kurtosis: 16.17455556568123
Median: -0.020711724511157534
Mean: -0.005920566452400597
Deciles: [-2.16193203  2.12306511]
Minimum: -97.59633620295219
Maximum: 94.75414829179748
Bin Edges: [-97.5963362  -95.67283136 -93.74932651 -91.82582167 -89.90231682
 -87.97881198 -86.05530713 -84.13180229 -82.20829744 -80.2847926
 -78.36128775 -76.43778291 -74.51427806 -72.59077322 -70.66726837
 -68.74376353 -66.82025868 -64.89675384 -62.97324899 -61.04974415
 -59.1262393  -57.20273446 -55.27922961 -53.35572477 -51.43221992
 -49.50871508 -47.58521023 -45.66170539 -43.73820054 -41.8146957
 -39.89119085 -37.96768601 -36.04418116 -34.12067632 -32.19717147
 -30.27366663 -28.35016178 -26.42665694 -24.50315209 -22.57964725
 -20.65614241 -18.73263756 -16.80913272 -14.88562787 -12.96212303
 -11.03861818  -9.11511334  -7.19160849  -5.26810365  -3.3445988
  -1.42109396   0.50241089   2.42591573   4.34942058   6.27292542
   8.19643027  10.11993511  12.04343996  13.9669448   15.89044965
  17.81395449  19.73745934  21.66096418  23.58446903  25.50797387
  27.43147872  29.35498356  31.27848841  33.20199325  35.1254981
  37.04900294  38.97250779  40.89601263  42.81951748  44.74302232
  46.66652717  48.59003201  50.51353686  52.4370417   54.36054655
  56.28405139  58.20755624  60.13106108  62.05456593  63.97807077
  65.90157562  67.82508046  69.74858531  71.67209015  73.595595
  75.51909984  77.44260469  79.36610953  81.28961438  83.21311922
  85.13662407  87.06012891  88.98363376  90.9071386   92.83064345
  94.75414829]
Frequencies: [1.80000000e+01 6.30000000e+01 9.30000000e+01 1.76000000e+02
 4.16000000e+02 7.35000000e+02 2.43400000e+03 5.33500000e+03
 9.59400000e+03 1.71200000e+04 2.55220000e+04 3.95010000e+04
 5.41970000e+04 7.05440000e+04 9.00670000e+04 1.15823000e+05
 1.46771000e+05 1.77861000e+05 2.18177000e+05 2.66764000e+05
 3.25429000e+05 3.92150000e+05 4.86002000e+05 6.03158000e+05
 7.31798000e+05 8.79020000e+05 1.05322800e+06 1.25741500e+06
 1.47322000e+06 1.74123900e+06 2.07127400e+06 2.46297700e+06
 2.93605300e+06 3.51117100e+06 4.19813500e+06 5.05222300e+06
 6.12472000e+06 7.41610900e+06 9.02221000e+06 1.09546030e+07
 1.34283450e+07 1.65660670e+07 2.06241390e+07 2.61454700e+07
 3.41490180e+07 4.72621720e+07 7.35959110e+07 1.39456758e+08
 3.19169428e+08 7.17459870e+08 1.11253957e+09 9.36847378e+08
 4.72891362e+08 2.00619357e+08 9.50893330e+07 5.58640240e+07
 3.87286200e+07 2.91886080e+07 2.28383840e+07 1.82305910e+07
 1.47489050e+07 1.20011400e+07 9.86416800e+06 8.16626400e+06
 6.75910700e+06 5.62923900e+06 4.71088800e+06 3.95382100e+06
 3.33496000e+06 2.83293100e+06 2.39642800e+06 2.01714800e+06
 1.68991800e+06 1.44351800e+06 1.23045500e+06 1.04973500e+06
 8.95410000e+05 7.59101000e+05 6.28265000e+05 5.14668000e+05
 4.28310000e+05 3.48036000e+05 2.73892000e+05 2.14557000e+05
 1.68983000e+05 1.30084000e+05 1.01189000e+05 7.75700000e+04
 5.57040000e+04 3.99940000e+04 2.90120000e+04 2.21110000e+04
 1.56500000e+04 9.69200000e+03 5.98500000e+03 3.83200000e+03
 2.88500000e+03 1.59300000e+03 8.90000000e+02 2.13000000e+02]
