Standard Deviation: 2.6522181860812252e-05
Skewness: 1.9277183947702723
Kurtosis: 6.0758236390015
Median: 1.400200114268484e-05
Mean: 2.482726683395996e-05
Deciles: [5.87177819e-06 3.56647959e-05]
Minimum: 2.0799479130976108e-12
Maximum: 0.0011429637998313868
Bin Edges: [2.07994791e-12 1.14296401e-05 2.28592780e-05 3.42889160e-05
 4.57185540e-05 5.71481920e-05 6.85778299e-05 8.00074679e-05
 9.14371059e-05 1.02866744e-04 1.14296382e-04 1.25726020e-04
 1.37155658e-04 1.48585296e-04 1.60014934e-04 1.71444572e-04
 1.82874210e-04 1.94303848e-04 2.05733486e-04 2.17163124e-04
 2.28592762e-04 2.40022400e-04 2.51452038e-04 2.62881676e-04
 2.74311314e-04 2.85740952e-04 2.97170589e-04 3.08600227e-04
 3.20029865e-04 3.31459503e-04 3.42889141e-04 3.54318779e-04
 3.65748417e-04 3.77178055e-04 3.88607693e-04 4.00037331e-04
 4.11466969e-04 4.22896607e-04 4.34326245e-04 4.45755883e-04
 4.57185521e-04 4.68615159e-04 4.80044797e-04 4.91474435e-04
 5.02904073e-04 5.14333711e-04 5.25763349e-04 5.37192987e-04
 5.48622625e-04 5.60052263e-04 5.71481901e-04 5.82911539e-04
 5.94341177e-04 6.05770815e-04 6.17200453e-04 6.28630091e-04
 6.40059729e-04 6.51489367e-04 6.62919005e-04 6.74348643e-04
 6.85778281e-04 6.97207919e-04 7.08637557e-04 7.20067195e-04
 7.31496833e-04 7.42926471e-04 7.54356109e-04 7.65785747e-04
 7.77215385e-04 7.88645023e-04 8.00074661e-04 8.11504298e-04
 8.22933936e-04 8.34363574e-04 8.45793212e-04 8.57222850e-04
 8.68652488e-04 8.80082126e-04 8.91511764e-04 9.02941402e-04
 9.14371040e-04 9.25800678e-04 9.37230316e-04 9.48659954e-04
 9.60089592e-04 9.71519230e-04 9.82948868e-04 9.94378506e-04
 1.00580814e-03 1.01723778e-03 1.02866742e-03 1.04009706e-03
 1.05152670e-03 1.06295633e-03 1.07438597e-03 1.08581561e-03
 1.09724525e-03 1.10867489e-03 1.12010452e-03 1.13153416e-03
 1.14296380e-03]
Frequencies: [2.00319121e+09 8.83344211e+08 4.74054406e+08 3.33031491e+08
 2.65960875e+08 2.13142043e+08 1.50611922e+08 9.33937870e+07
 5.33784810e+07 2.95298490e+07 1.62146830e+07 9.10015000e+06
 5.39700300e+06 3.40345300e+06 2.25791300e+06 1.54135900e+06
 1.06476000e+06 7.41555000e+05 5.16393000e+05 3.58294000e+05
 2.52410000e+05 1.77882000e+05 1.25756000e+05 8.99490000e+04
 6.55190000e+04 4.83630000e+04 3.56090000e+04 2.72620000e+04
 2.13570000e+04 1.69560000e+04 1.36630000e+04 1.13770000e+04
 9.48900000e+03 7.73300000e+03 6.62100000e+03 5.60400000e+03
 4.68300000e+03 4.12000000e+03 3.51100000e+03 2.88200000e+03
 2.52900000e+03 2.22600000e+03 2.01200000e+03 1.64300000e+03
 1.45700000e+03 1.25800000e+03 1.08800000e+03 8.56000000e+02
 7.54000000e+02 7.35000000e+02 6.24000000e+02 5.93000000e+02
 4.84000000e+02 4.29000000e+02 3.68000000e+02 3.31000000e+02
 2.92000000e+02 2.32000000e+02 2.04000000e+02 1.88000000e+02
 1.69000000e+02 1.56000000e+02 1.30000000e+02 7.90000000e+01
 8.90000000e+01 6.50000000e+01 4.20000000e+01 4.60000000e+01
 3.80000000e+01 3.00000000e+01 2.80000000e+01 2.70000000e+01
 3.20000000e+01 2.50000000e+01 1.90000000e+01 1.80000000e+01
 1.50000000e+01 1.60000000e+01 1.10000000e+01 9.00000000e+00
 8.00000000e+00 5.00000000e+00 1.00000000e+01 6.00000000e+00
 3.00000000e+00 4.00000000e+00 2.00000000e+00 2.00000000e+00
 3.00000000e+00 3.00000000e+00 2.00000000e+00 4.00000000e+00
 4.00000000e+00 4.00000000e+00 2.00000000e+00 2.00000000e+00
 2.00000000e+00 0.00000000e+00 3.00000000e+00 1.00000000e+00]
