Standard Deviation: 1.659747198477035e-07
Skewness: -1.5982789866006168
Kurtosis: 1.5422568385832918
Median: 8.729707063695768e-07
Mean: 8.085011521854614e-07
Deciles: [7.74195550e-07 9.22201585e-07]
Minimum: 2.4190375477702406e-07
Maximum: 9.436807042900199e-07
Bin Edges: [2.41903755e-07 2.48921524e-07 2.55939294e-07 2.62957063e-07
 2.69974833e-07 2.76992602e-07 2.84010372e-07 2.91028141e-07
 2.98045911e-07 3.05063680e-07 3.12081450e-07 3.19099219e-07
 3.26116989e-07 3.33134758e-07 3.40152528e-07 3.47170297e-07
 3.54188067e-07 3.61205836e-07 3.68223606e-07 3.75241375e-07
 3.82259145e-07 3.89276914e-07 3.96294684e-07 4.03312453e-07
 4.10330223e-07 4.17347992e-07 4.24365762e-07 4.31383531e-07
 4.38401301e-07 4.45419070e-07 4.52436840e-07 4.59454609e-07
 4.66472379e-07 4.73490148e-07 4.80507918e-07 4.87525687e-07
 4.94543457e-07 5.01561226e-07 5.08578996e-07 5.15596765e-07
 5.22614535e-07 5.29632304e-07 5.36650074e-07 5.43667843e-07
 5.50685613e-07 5.57703382e-07 5.64721152e-07 5.71738921e-07
 5.78756691e-07 5.85774460e-07 5.92792230e-07 5.99809999e-07
 6.06827769e-07 6.13845538e-07 6.20863308e-07 6.27881077e-07
 6.34898847e-07 6.41916616e-07 6.48934385e-07 6.55952155e-07
 6.62969924e-07 6.69987694e-07 6.77005463e-07 6.84023233e-07
 6.91041002e-07 6.98058772e-07 7.05076541e-07 7.12094311e-07
 7.19112080e-07 7.26129850e-07 7.33147619e-07 7.40165389e-07
 7.47183158e-07 7.54200928e-07 7.61218697e-07 7.68236467e-07
 7.75254236e-07 7.82272006e-07 7.89289775e-07 7.96307545e-07
 8.03325314e-07 8.10343084e-07 8.17360853e-07 8.24378623e-07
 8.31396392e-07 8.38414162e-07 8.45431931e-07 8.52449701e-07
 8.59467470e-07 8.66485240e-07 8.73503009e-07 8.80520779e-07
 8.87538548e-07 8.94556318e-07 9.01574087e-07 9.08591857e-07
 9.15609626e-07 9.22627396e-07 9.29645165e-07 9.36662935e-07
 9.43680704e-07]
Frequencies: [1.6819200e+06 3.3638400e+06 5.0457600e+06 3.3638400e+06 8.4096000e+06
 6.7276800e+06 8.4096000e+06 6.7276800e+06 6.7276800e+06 1.1773440e+07
 6.7276800e+06 1.1773440e+07 6.7276800e+06 1.3455360e+07 8.4096000e+06
 1.3455360e+07 1.0091520e+07 6.7276800e+06 1.8501120e+07 1.0091520e+07
 1.3455360e+07 1.5137280e+07 6.7276800e+06 2.0183040e+07 1.1773440e+07
 1.3455360e+07 1.6819200e+07 6.7276800e+06 1.8501120e+07 1.3455360e+07
 1.3455360e+07 1.6819200e+07 1.1773440e+07 1.3455360e+07 2.0183040e+07
 1.3455360e+07 1.5137280e+07 1.3455360e+07 2.0183040e+07 1.3455360e+07
 1.5137280e+07 1.6819200e+07 1.6819200e+07 1.3455360e+07 1.8501120e+07
 1.6819200e+07 1.6819200e+07 1.6819200e+07 1.8501120e+07 1.6819200e+07
 1.3455360e+07 2.3546880e+07 1.6819200e+07 1.5137280e+07 1.3455360e+07
 2.6910720e+07 1.6819200e+07 1.5137280e+07 2.0183040e+07 2.3546880e+07
 1.3455360e+07 1.3455360e+07 3.1956480e+07 1.6819200e+07 1.6819200e+07
 1.3455360e+07 3.1956480e+07 1.6819200e+07 2.0183040e+07 1.6819200e+07
 2.5228800e+07 2.3546880e+07 1.6819200e+07 2.3546880e+07 2.3546880e+07
 2.5228800e+07 1.6819200e+07 2.3546880e+07 3.0274560e+07 2.1864960e+07
 2.0183040e+07 2.6910720e+07 2.6910720e+07 9.9233280e+07 1.3791744e+08
 1.6314624e+08 1.4128128e+08 1.5641856e+08 1.4464512e+08 1.4464512e+08
 1.4464512e+08 1.4128128e+08 1.5810048e+08 1.5137280e+08 1.6819200e+08
 1.6482816e+08 1.9846656e+08 2.1864960e+08 2.5901568e+08 6.4585728e+08]
