Standard Deviation: 0.004293364517454225
Skewness: 0.2793673071925942
Kurtosis: -1.1897218672930194
Median: 0.0058335010267858796
Mean: 0.006534940560427888
Deciles: [0.00273802 0.01034241]
Minimum: 3.190367560269039e-11
Maximum: 0.02187925888003221
Bin Edges: [3.19036756e-11 2.18792620e-04 4.37585209e-04 6.56377797e-04
 8.75170386e-04 1.09396297e-03 1.31275556e-03 1.53154815e-03
 1.75034074e-03 1.96913333e-03 2.18792592e-03 2.40671851e-03
 2.62551109e-03 2.84430368e-03 3.06309627e-03 3.28188886e-03
 3.50068145e-03 3.71947404e-03 3.93826662e-03 4.15705921e-03
 4.37585180e-03 4.59464439e-03 4.81343698e-03 5.03222957e-03
 5.25102216e-03 5.46981474e-03 5.68860733e-03 5.90739992e-03
 6.12619251e-03 6.34498510e-03 6.56377769e-03 6.78257027e-03
 7.00136286e-03 7.22015545e-03 7.43894804e-03 7.65774063e-03
 7.87653322e-03 8.09532581e-03 8.31411839e-03 8.53291098e-03
 8.75170357e-03 8.97049616e-03 9.18928875e-03 9.40808134e-03
 9.62687393e-03 9.84566651e-03 1.00644591e-02 1.02832517e-02
 1.05020443e-02 1.07208369e-02 1.09396295e-02 1.11584220e-02
 1.13772146e-02 1.15960072e-02 1.18147998e-02 1.20335924e-02
 1.22523850e-02 1.24711776e-02 1.26899702e-02 1.29087628e-02
 1.31275553e-02 1.33463479e-02 1.35651405e-02 1.37839331e-02
 1.40027257e-02 1.42215183e-02 1.44403109e-02 1.46591035e-02
 1.48778960e-02 1.50966886e-02 1.53154812e-02 1.55342738e-02
 1.57530664e-02 1.59718590e-02 1.61906516e-02 1.64094442e-02
 1.66282368e-02 1.68470293e-02 1.70658219e-02 1.72846145e-02
 1.75034071e-02 1.77221997e-02 1.79409923e-02 1.81597849e-02
 1.83785775e-02 1.85973701e-02 1.88161626e-02 1.90349552e-02
 1.92537478e-02 1.94725404e-02 1.96913330e-02 1.99101256e-02
 2.01289182e-02 2.03477108e-02 2.05665033e-02 2.07852959e-02
 2.10040885e-02 2.12228811e-02 2.14416737e-02 2.16604663e-02
 2.18792589e-02]
Frequencies: [6.1497256e+07 8.6952858e+07 9.1942365e+07 8.8007386e+07 8.6313469e+07
 8.8969413e+07 9.2584974e+07 9.5652834e+07 9.7687538e+07 9.8930028e+07
 9.9121803e+07 9.7937736e+07 9.6220917e+07 9.4123969e+07 9.1957093e+07
 8.9996618e+07 8.8168043e+07 8.6416453e+07 8.4569631e+07 8.2438637e+07
 7.9806691e+07 7.6579585e+07 7.3161148e+07 6.9795250e+07 6.6670713e+07
 6.4004421e+07 6.1655853e+07 5.9676500e+07 5.7978552e+07 5.6507143e+07
 5.5243856e+07 5.4260076e+07 5.3462102e+07 5.2902048e+07 5.2554248e+07
 5.2465800e+07 5.2590069e+07 5.2734554e+07 5.3004040e+07 5.3351573e+07
 5.3744826e+07 5.4316338e+07 5.4984919e+07 5.5801339e+07 5.6724139e+07
 5.7696459e+07 5.8701907e+07 5.9601443e+07 6.0333449e+07 6.0950590e+07
 6.1395747e+07 6.1664629e+07 6.1785700e+07 6.1719956e+07 6.1510060e+07
 6.1215881e+07 6.0906802e+07 6.0568330e+07 6.0161580e+07 5.9493428e+07
 5.8250050e+07 5.6011116e+07 5.2360016e+07 4.6935305e+07 3.9974726e+07
 3.2031686e+07 2.4024269e+07 1.6861216e+07 1.1219381e+07 7.1952850e+06
 4.6032840e+06 3.0422500e+06 2.1018250e+06 1.5060540e+06 1.1052120e+06
 8.1345000e+05 5.9586400e+05 4.3123400e+05 3.0362300e+05 2.1263500e+05
 1.4756100e+05 9.9257000e+04 6.5434000e+04 4.2473000e+04 2.7007000e+04
 1.8059000e+04 1.1642000e+04 7.6220000e+03 5.1990000e+03 3.4300000e+03
 2.4360000e+03 1.7090000e+03 1.3070000e+03 8.9100000e+02 3.8300000e+02
 2.2100000e+02 7.5000000e+01 2.1000000e+01 1.3000000e+01 1.4000000e+01]
