Standard Deviation: 7.217037095284193e-08
Skewness: 2.642548190615067
Kurtosis: 12.47347387862123
Median: 1.7269768365156582e-06
Mean: 1.744139985374609e-06
Deciles: [1.70318603e-06 1.77597432e-06]
Minimum: 1.4911976223834244e-06
Maximum: 2.3529942795023446e-06
Bin Edges: [1.49119762e-06 1.49981559e-06 1.50843356e-06 1.51705152e-06
 1.52566949e-06 1.53428746e-06 1.54290542e-06 1.55152339e-06
 1.56014135e-06 1.56875932e-06 1.57737729e-06 1.58599525e-06
 1.59461322e-06 1.60323119e-06 1.61184915e-06 1.62046712e-06
 1.62908509e-06 1.63770305e-06 1.64632102e-06 1.65493899e-06
 1.66355695e-06 1.67217492e-06 1.68079289e-06 1.68941085e-06
 1.69802882e-06 1.70664679e-06 1.71526475e-06 1.72388272e-06
 1.73250069e-06 1.74111865e-06 1.74973662e-06 1.75835459e-06
 1.76697255e-06 1.77559052e-06 1.78420849e-06 1.79282645e-06
 1.80144442e-06 1.81006239e-06 1.81868035e-06 1.82729832e-06
 1.83591629e-06 1.84453425e-06 1.85315222e-06 1.86177018e-06
 1.87038815e-06 1.87900612e-06 1.88762408e-06 1.89624205e-06
 1.90486002e-06 1.91347798e-06 1.92209595e-06 1.93071392e-06
 1.93933188e-06 1.94794985e-06 1.95656782e-06 1.96518578e-06
 1.97380375e-06 1.98242172e-06 1.99103968e-06 1.99965765e-06
 2.00827562e-06 2.01689358e-06 2.02551155e-06 2.03412952e-06
 2.04274748e-06 2.05136545e-06 2.05998342e-06 2.06860138e-06
 2.07721935e-06 2.08583732e-06 2.09445528e-06 2.10307325e-06
 2.11169122e-06 2.12030918e-06 2.12892715e-06 2.13754512e-06
 2.14616308e-06 2.15478105e-06 2.16339901e-06 2.17201698e-06
 2.18063495e-06 2.18925291e-06 2.19787088e-06 2.20648885e-06
 2.21510681e-06 2.22372478e-06 2.23234275e-06 2.24096071e-06
 2.24957868e-06 2.25819665e-06 2.26681461e-06 2.27543258e-06
 2.28405055e-06 2.29266851e-06 2.30128648e-06 2.30990445e-06
 2.31852241e-06 2.32714038e-06 2.33575835e-06 2.34437631e-06
 2.35299428e-06]
Frequencies: [5.58000000e+02 6.91600000e+03 3.03280000e+04 5.58080000e+04
 1.08772000e+05 2.04045000e+05 4.05441000e+05 6.59679000e+05
 8.62528000e+05 9.69596000e+05 1.28014000e+06 2.79550300e+06
 6.52297900e+06 1.12481490e+07 1.59144750e+07 2.09795590e+07
 2.45873430e+07 3.11270590e+07 3.86719270e+07 5.14826390e+07
 7.16801730e+07 1.11165931e+08 1.54586010e+08 2.68023726e+08
 5.12196160e+08 4.20324886e+08 3.77204694e+08 3.68717356e+08
 2.39060896e+08 1.75562793e+08 1.39394505e+08 1.44611742e+08
 2.04287188e+08 2.11365716e+08 1.99293748e+08 2.65852901e+08
 1.15845343e+08 2.12382760e+07 1.62492670e+07 1.68301500e+07
 1.79046930e+07 1.84041270e+07 2.07506660e+07 2.64061590e+07
 2.80233660e+07 3.39100930e+07 1.46523490e+07 1.13708530e+07
 1.04439570e+07 9.13566000e+06 7.86545100e+06 6.93458200e+06
 6.39634500e+06 5.95736200e+06 5.13702500e+06 4.14877700e+06
 3.50740700e+06 3.15912200e+06 2.83699100e+06 2.65190300e+06
 2.42110400e+06 2.27975000e+06 2.18568400e+06 2.08450800e+06
 1.92064400e+06 1.81204400e+06 1.77273800e+06 1.77770900e+06
 1.72755400e+06 1.73862800e+06 1.74542300e+06 1.79519600e+06
 1.91395300e+06 2.00473300e+06 2.18134200e+06 3.05932100e+06
 4.09450400e+06 1.75848200e+06 1.86100100e+06 1.83327300e+06
 1.93945100e+06 2.07895400e+06 3.22248600e+06 7.53131300e+06
 8.21210000e+05 9.17690000e+04 8.85280000e+04 8.87700000e+04
 9.49790000e+04 1.33973000e+05 1.74211000e+05 1.61547000e+05
 1.46585000e+05 1.58319000e+05 1.88587000e+05 1.99484000e+05
 2.21600000e+05 3.20658000e+05 5.04619000e+05 4.75730000e+04]
