Standard Deviation: 5.0968790659366914e-05
Skewness: 1.865066451749632
Kurtosis: 4.90734720789787
Median: 2.4657199549883848e-05
Mean: 4.593111067558633e-05
Deciles: [9.79819101e-06 6.55868956e-05]
Minimum: 3.1600332328564476e-12
Maximum: 0.001746275139866931
Bin Edges: [3.16003323e-12 1.74627545e-05 3.49255059e-05 5.23882573e-05
 6.98510086e-05 8.73137600e-05 1.04776511e-04 1.22239263e-04
 1.39702014e-04 1.57164765e-04 1.74627517e-04 1.92090268e-04
 2.09553020e-04 2.27015771e-04 2.44478522e-04 2.61941274e-04
 2.79404025e-04 2.96866776e-04 3.14329528e-04 3.31792279e-04
 3.49255031e-04 3.66717782e-04 3.84180533e-04 4.01643285e-04
 4.19106036e-04 4.36568787e-04 4.54031539e-04 4.71494290e-04
 4.88957041e-04 5.06419793e-04 5.23882544e-04 5.41345296e-04
 5.58808047e-04 5.76270798e-04 5.93733550e-04 6.11196301e-04
 6.28659052e-04 6.46121804e-04 6.63584555e-04 6.81047306e-04
 6.98510058e-04 7.15972809e-04 7.33435561e-04 7.50898312e-04
 7.68361063e-04 7.85823815e-04 8.03286566e-04 8.20749317e-04
 8.38212069e-04 8.55674820e-04 8.73137572e-04 8.90600323e-04
 9.08063074e-04 9.25525826e-04 9.42988577e-04 9.60451328e-04
 9.77914080e-04 9.95376831e-04 1.01283958e-03 1.03030233e-03
 1.04776509e-03 1.06522784e-03 1.08269059e-03 1.10015334e-03
 1.11761609e-03 1.13507884e-03 1.15254159e-03 1.17000434e-03
 1.18746710e-03 1.20492985e-03 1.22239260e-03 1.23985535e-03
 1.25731810e-03 1.27478085e-03 1.29224360e-03 1.30970636e-03
 1.32716911e-03 1.34463186e-03 1.36209461e-03 1.37955736e-03
 1.39702011e-03 1.41448286e-03 1.43194562e-03 1.44940837e-03
 1.46687112e-03 1.48433387e-03 1.50179662e-03 1.51925937e-03
 1.53672212e-03 1.55418487e-03 1.57164763e-03 1.58911038e-03
 1.60657313e-03 1.62403588e-03 1.64149863e-03 1.65896138e-03
 1.67642413e-03 1.69388689e-03 1.71134964e-03 1.72881239e-03
 1.74627514e-03]
Frequencies: [1.83998991e+09 8.49777772e+08 4.65075909e+08 3.20872125e+08
 2.46086276e+08 2.00994398e+08 1.68313151e+08 1.37447222e+08
 1.05258113e+08 7.49403270e+07 4.98959260e+07 3.13817310e+07
 1.89371360e+07 1.12391520e+07 6.76814500e+06 4.26859400e+06
 2.84306100e+06 1.96526100e+06 1.38444900e+06 9.91892000e+05
 7.17256000e+05 5.18560000e+05 3.78458000e+05 2.73374000e+05
 2.01320000e+05 1.49782000e+05 1.11240000e+05 8.30920000e+04
 6.25080000e+04 4.69970000e+04 3.64830000e+04 2.89120000e+04
 2.30040000e+04 1.87740000e+04 1.54570000e+04 1.26220000e+04
 1.06870000e+04 9.00400000e+03 7.58900000e+03 6.58900000e+03
 5.50800000e+03 4.71400000e+03 4.04400000e+03 3.69900000e+03
 3.20100000e+03 2.62700000e+03 2.35600000e+03 2.10500000e+03
 1.79100000e+03 1.47300000e+03 1.34200000e+03 1.13700000e+03
 1.00700000e+03 8.28000000e+02 6.91000000e+02 6.58000000e+02
 5.84000000e+02 5.51000000e+02 4.88000000e+02 4.10000000e+02
 3.83000000e+02 3.08000000e+02 2.89000000e+02 2.03000000e+02
 1.75000000e+02 1.68000000e+02 1.66000000e+02 1.34000000e+02
 1.33000000e+02 8.80000000e+01 7.10000000e+01 5.70000000e+01
 4.90000000e+01 4.70000000e+01 2.80000000e+01 3.90000000e+01
 2.30000000e+01 2.60000000e+01 1.20000000e+01 1.00000000e+01
 1.50000000e+01 1.30000000e+01 7.00000000e+00 7.00000000e+00
 3.00000000e+00 7.00000000e+00 8.00000000e+00 7.00000000e+00
 9.00000000e+00 6.00000000e+00 6.00000000e+00 4.00000000e+00
 3.00000000e+00 3.00000000e+00 3.00000000e+00 6.00000000e+00
 3.00000000e+00 4.00000000e+00 2.00000000e+00 2.00000000e+00]
