Standard Deviation: 1.790188819213497e-05
Skewness: 5.51907094092192
Kurtosis: 36.26343767533854
Median: 4.616467399240289e-20
Mean: 4.56524190530958e-06
Deciles: [0.00000000e+00 1.61980824e-08]
Minimum: 0.0
Maximum: 0.0006536348782677675
Bin Edges: [0.00000000e+00 6.53634878e-06 1.30726976e-05 1.96090463e-05
 2.61453951e-05 3.26817439e-05 3.92180927e-05 4.57544415e-05
 5.22907903e-05 5.88271390e-05 6.53634878e-05 7.18998366e-05
 7.84361854e-05 8.49725342e-05 9.15088830e-05 9.80452317e-05
 1.04581581e-04 1.11117929e-04 1.17654278e-04 1.24190627e-04
 1.30726976e-04 1.37263324e-04 1.43799673e-04 1.50336022e-04
 1.56872371e-04 1.63408720e-04 1.69945068e-04 1.76481417e-04
 1.83017766e-04 1.89554115e-04 1.96090463e-04 2.02626812e-04
 2.09163161e-04 2.15699510e-04 2.22235859e-04 2.28772207e-04
 2.35308556e-04 2.41844905e-04 2.48381254e-04 2.54917603e-04
 2.61453951e-04 2.67990300e-04 2.74526649e-04 2.81062998e-04
 2.87599346e-04 2.94135695e-04 3.00672044e-04 3.07208393e-04
 3.13744742e-04 3.20281090e-04 3.26817439e-04 3.33353788e-04
 3.39890137e-04 3.46426485e-04 3.52962834e-04 3.59499183e-04
 3.66035532e-04 3.72571881e-04 3.79108229e-04 3.85644578e-04
 3.92180927e-04 3.98717276e-04 4.05253625e-04 4.11789973e-04
 4.18326322e-04 4.24862671e-04 4.31399020e-04 4.37935368e-04
 4.44471717e-04 4.51008066e-04 4.57544415e-04 4.64080764e-04
 4.70617112e-04 4.77153461e-04 4.83689810e-04 4.90226159e-04
 4.96762507e-04 5.03298856e-04 5.09835205e-04 5.16371554e-04
 5.22907903e-04 5.29444251e-04 5.35980600e-04 5.42516949e-04
 5.49053298e-04 5.55589647e-04 5.62125995e-04 5.68662344e-04
 5.75198693e-04 5.81735042e-04 5.88271390e-04 5.94807739e-04
 6.01344088e-04 6.07880437e-04 6.14416786e-04 6.20953134e-04
 6.27489483e-04 6.34025832e-04 6.40562181e-04 6.47098529e-04
 6.53634878e-04]
Frequencies: [4.09152832e+09 9.88967890e+07 5.96602450e+07 4.31898170e+07
 3.40398610e+07 2.81168990e+07 2.38685780e+07 2.05729930e+07
 1.79380870e+07 1.57812660e+07 1.39904870e+07 1.25030340e+07
 1.12315010e+07 1.01244500e+07 9.18550400e+06 8.32463200e+06
 7.51349800e+06 6.67947300e+06 5.81191800e+06 4.88529600e+06
 3.98618100e+06 3.15749500e+06 2.45464700e+06 1.87497400e+06
 1.41911800e+06 1.07167400e+06 8.07487000e+05 6.05076000e+05
 4.55568000e+05 3.46501000e+05 2.61951000e+05 1.99909000e+05
 1.53118000e+05 1.17494000e+05 9.07130000e+04 7.06310000e+04
 5.49530000e+04 4.25290000e+04 3.32620000e+04 2.61640000e+04
 2.04400000e+04 1.60130000e+04 1.28680000e+04 1.00200000e+04
 8.20100000e+03 6.71100000e+03 5.63300000e+03 4.43200000e+03
 3.61100000e+03 3.02800000e+03 2.49600000e+03 2.24800000e+03
 1.82700000e+03 1.57400000e+03 1.48500000e+03 1.27700000e+03
 1.07300000e+03 9.51000000e+02 8.38000000e+02 7.06000000e+02
 6.89000000e+02 5.85000000e+02 5.28000000e+02 4.53000000e+02
 4.38000000e+02 4.21000000e+02 4.08000000e+02 3.33000000e+02
 3.01000000e+02 2.72000000e+02 2.45000000e+02 2.47000000e+02
 2.05000000e+02 1.70000000e+02 1.56000000e+02 1.33000000e+02
 1.22000000e+02 1.05000000e+02 8.40000000e+01 7.40000000e+01
 6.00000000e+01 6.60000000e+01 4.80000000e+01 6.40000000e+01
 4.80000000e+01 2.70000000e+01 3.90000000e+01 2.90000000e+01
 1.80000000e+01 2.80000000e+01 2.20000000e+01 1.20000000e+01
 1.20000000e+01 1.00000000e+01 1.10000000e+01 3.00000000e+00
 3.00000000e+00 2.00000000e+00 0.00000000e+00 2.00000000e+00]
