Standard Deviation: 2937.957482574828
Skewness: -3.6048410652541807
Kurtosis: 15.49889794352459
Median: 56640.65344283893
Mean: 55576.2711295527
Deciles: [55400.54508948 56964.80913288]
Minimum: 34250.70960589509
Maximum: 59752.73904795238
Bin Edges: [34250.7096059  34505.72990032 34760.75019474 35015.77048916
 35270.79078358 35525.811078   35780.83137242 36035.85166684
 36290.87196126 36545.89225568 36800.9125501  37055.93284452
 37310.95313894 37565.97343336 37820.99372778 38076.0140222
 38331.03431662 38586.05461104 38841.07490547 39096.09519989
 39351.11549431 39606.13578873 39861.15608315 40116.17637757
 40371.19667199 40626.21696641 40881.23726083 41136.25755525
 41391.27784967 41646.29814409 41901.31843851 42156.33873293
 42411.35902735 42666.37932177 42921.39961619 43176.41991062
 43431.44020504 43686.46049946 43941.48079388 44196.5010883
 44451.52138272 44706.54167714 44961.56197156 45216.58226598
 45471.6025604  45726.62285482 45981.64314924 46236.66344366
 46491.68373808 46746.7040325  47001.72432692 47256.74462134
 47511.76491576 47766.78521019 48021.80550461 48276.82579903
 48531.84609345 48786.86638787 49041.88668229 49296.90697671
 49551.92727113 49806.94756555 50061.96785997 50316.98815439
 50572.00844881 50827.02874323 51082.04903765 51337.06933207
 51592.08962649 51847.10992091 52102.13021534 52357.15050976
 52612.17080418 52867.1910986  53122.21139302 53377.23168744
 53632.25198186 53887.27227628 54142.2925707  54397.31286512
 54652.33315954 54907.35345396 55162.37374838 55417.3940428
 55672.41433722 55927.43463164 56182.45492606 56437.47522048
 56692.49551491 56947.51580933 57202.53610375 57457.55639817
 57712.57669259 57967.59698701 58222.61728143 58477.63757585
 58732.65787027 58987.67816469 59242.69845911 59497.71875353
 59752.73904795]
Frequencies: [3.24700000e+03 3.43760000e+04 2.14012000e+05 6.12063000e+05
 1.43533000e+06 2.30397700e+06 1.80202800e+06 1.15344100e+06
 7.14157000e+05 1.20462700e+06 1.22384100e+06 1.33601200e+06
 1.95257500e+06 2.31425600e+06 2.51995500e+06 2.48773000e+06
 2.11066500e+06 2.18244900e+06 2.48702500e+06 2.45461800e+06
 2.42623300e+06 3.17838500e+06 3.45430700e+06 3.28083100e+06
 3.14557500e+06 3.40240600e+06 2.82764100e+06 2.90280500e+06
 3.03415800e+06 3.03348500e+06 3.40175200e+06 3.36264500e+06
 2.61021600e+06 2.75447400e+06 2.95381700e+06 3.15654500e+06
 2.69484200e+06 2.25256500e+06 2.54093100e+06 2.69121500e+06
 2.64542100e+06 3.26721500e+06 3.11846400e+06 3.65982400e+06
 3.32332400e+06 2.83760300e+06 3.36972300e+06 3.89896600e+06
 4.07788300e+06 3.97736000e+06 4.66625500e+06 4.96991700e+06
 5.92658300e+06 6.74985100e+06 6.67534600e+06 7.58851900e+06
 7.57407800e+06 7.66260500e+06 8.11978200e+06 9.62523200e+06
 1.14691460e+07 1.23376660e+07 1.39266280e+07 1.63872500e+07
 1.89315660e+07 1.86620140e+07 1.91329730e+07 1.97260660e+07
 2.07127900e+07 2.09699570e+07 2.13203200e+07 2.08863200e+07
 2.26446040e+07 2.73754200e+07 3.06533520e+07 3.66760640e+07
 4.54878420e+07 5.31497890e+07 6.70524880e+07 8.21708750e+07
 9.96509420e+07 1.25561581e+08 1.47194028e+08 1.61996781e+08
 1.79611193e+08 2.07210758e+08 2.53269380e+08 4.68669780e+08
 9.36710193e+08 6.26285215e+08 3.58802163e+08 1.50625148e+08
 4.19595740e+07 8.46057100e+06 1.66038400e+06 3.41380000e+05
 8.73270000e+04 2.18880000e+04 5.56100000e+03 1.86000000e+03]
