Standard Deviation: 8.815121341318777
Skewness: 0.5820468914204722
Kurtosis: 0.22288477263153128
Median: -0.8305015904169663
Mean: 0.2760457647202318
Deciles: [-6.33191002  5.6724464 ]
Minimum: -57.43911500559973
Maximum: 49.84898941319981
Bin Edges: [-57.43911501 -56.36623396 -55.29335292 -54.22047187 -53.14759083
 -52.07470978 -51.00182874 -49.9289477  -48.85606665 -47.78318561
 -46.71030456 -45.63742352 -44.56454248 -43.49166143 -42.41878039
 -41.34589934 -40.2730183  -39.20013725 -38.12725621 -37.05437517
 -35.98149412 -34.90861308 -33.83573203 -32.76285099 -31.68996995
 -30.6170889  -29.54420786 -28.47132681 -27.39844577 -26.32556472
 -25.25268368 -24.17980264 -23.10692159 -22.03404055 -20.9611595
 -19.88827846 -18.81539741 -17.74251637 -16.66963533 -15.59675428
 -14.52387324 -13.45099219 -12.37811115 -11.30523011 -10.23234906
  -9.15946802  -8.08658697  -7.01370593  -5.94082488  -4.86794384
  -3.7950628   -2.72218175  -1.64930071  -0.57641966   0.49646138
   1.56934242   2.64222347   3.71510451   4.78798556   5.8608666
   6.93374765   8.00662869   9.07950973  10.15239078  11.22527182
  12.29815287  13.37103391  14.44391495  15.516796    16.58967704
  17.66255809  18.73543913  19.80832018  20.88120122  21.95408226
  23.02696331  24.09984435  25.1727254   26.24560644  27.31848749
  28.39136853  29.46424957  30.53713062  31.61001166  32.68289271
  33.75577375  34.82865479  35.90153584  36.97441688  38.04729793
  39.12017897  40.19306002  41.26594106  42.3388221   43.41170315
  44.48458419  45.55746524  46.63034628  47.70322732  48.77610837
  49.84898941]
Frequencies: [1.60000000e+01 1.20000000e+01 1.60000000e+01 1.70000000e+01
 4.20000000e+01 5.50000000e+01 9.50000000e+01 1.17000000e+02
 2.75000000e+02 5.05000000e+02 8.60000000e+02 1.24700000e+03
 1.85300000e+03 2.70500000e+03 4.01700000e+03 6.43800000e+03
 9.15700000e+03 1.31680000e+04 1.93430000e+04 2.94560000e+04
 4.22080000e+04 5.97350000e+04 8.61870000e+04 1.23206000e+05
 1.74691000e+05 2.46009000e+05 3.42090000e+05 4.79925000e+05
 6.62042000e+05 8.68930000e+05 1.11503600e+06 1.40806600e+06
 1.79654900e+06 2.32863300e+06 3.10859600e+06 4.27696100e+06
 6.08104000e+06 9.09766000e+06 1.44089650e+07 2.38033990e+07
 3.94177730e+07 6.35116520e+07 9.69003870e+07 1.36504295e+08
 1.74189486e+08 2.00696503e+08 2.14133605e+08 2.19984228e+08
 2.22908983e+08 2.24307385e+08 2.23167711e+08 2.19800769e+08
 2.14818897e+08 2.08678849e+08 2.02095371e+08 1.93605692e+08
 1.82689413e+08 1.69250764e+08 1.54745747e+08 1.40210029e+08
 1.26318278e+08 1.13054105e+08 1.00464120e+08 8.88293540e+07
 7.81222230e+07 6.85954250e+07 6.01759480e+07 5.28586100e+07
 4.64446670e+07 4.05854310e+07 3.52488850e+07 3.03737230e+07
 2.59143290e+07 2.18758430e+07 1.83730710e+07 1.53181790e+07
 1.24936740e+07 9.86461200e+06 7.52081700e+06 5.52091100e+06
 3.95004900e+06 2.71299500e+06 1.78073000e+06 1.11099900e+06
 6.59843000e+05 3.75202000e+05 2.00805000e+05 1.04866000e+05
 5.53660000e+04 2.88540000e+04 1.55440000e+04 8.89200000e+03
 5.19900000e+03 2.84500000e+03 1.47200000e+03 6.92000000e+02
 3.38000000e+02 1.59000000e+02 6.30000000e+01 2.10000000e+01]
