Standard Deviation: 12.872118576209171
Skewness: -1.1973253541251172
Kurtosis: 1.4561144008585236
Median: 288.1287345446495
Mean: 284.27007133394756
Deciles: [277.05832098 293.98664736]
Minimum: 212.17126657351082
Maximum: 318.6784675276957
Bin Edges: [212.17126657 213.23633858 214.30141059 215.3664826  216.43155461
 217.49662662 218.56169863 219.62677064 220.69184265 221.75691466
 222.82198667 223.88705868 224.95213069 226.0172027  227.08227471
 228.14734672 229.21241873 230.27749074 231.34256275 232.40763475
 233.47270676 234.53777877 235.60285078 236.66792279 237.7329948
 238.79806681 239.86313882 240.92821083 241.99328284 243.05835485
 244.12342686 245.18849887 246.25357088 247.31864289 248.3837149
 249.44878691 250.51385892 251.57893093 252.64400294 253.70907495
 254.77414696 255.83921896 256.90429097 257.96936298 259.03443499
 260.099507   261.16457901 262.22965102 263.29472303 264.35979504
 265.42486705 266.48993906 267.55501107 268.62008308 269.68515509
 270.7502271  271.81529911 272.88037112 273.94544313 275.01051514
 276.07558715 277.14065916 278.20573117 279.27080317 280.33587518
 281.40094719 282.4660192  283.53109121 284.59616322 285.66123523
 286.72630724 287.79137925 288.85645126 289.92152327 290.98659528
 292.05166729 293.1167393  294.18181131 295.24688332 296.31195533
 297.37702734 298.44209935 299.50717136 300.57224337 301.63731538
 302.70238738 303.76745939 304.8325314  305.89760341 306.96267542
 308.02774743 309.09281944 310.15789145 311.22296346 312.28803547
 313.35310748 314.41817949 315.4832515  316.54832351 317.61339552
 318.67846753]
Frequencies: [2.03000000e+02 6.37000000e+02 1.54200000e+03 3.01700000e+03
 6.20600000e+03 1.26740000e+04 2.49380000e+04 4.36680000e+04
 7.25970000e+04 1.27040000e+05 2.04717000e+05 3.11238000e+05
 4.58251000e+05 6.38718000e+05 8.41876000e+05 1.08155200e+06
 1.34889600e+06 1.60933100e+06 1.85988200e+06 2.09873700e+06
 2.32074100e+06 2.54657300e+06 2.81095600e+06 3.08695200e+06
 3.39147400e+06 3.74260600e+06 4.14070500e+06 4.63615000e+06
 5.23547100e+06 5.95370000e+06 6.79138100e+06 7.69397100e+06
 8.68030800e+06 9.72133300e+06 1.07391090e+07 1.17798440e+07
 1.27848090e+07 1.37522370e+07 1.48123980e+07 1.57432090e+07
 1.66178110e+07 1.75812800e+07 1.85262570e+07 1.95505370e+07
 2.07151590e+07 2.23468100e+07 2.44534760e+07 2.72261630e+07
 3.09504870e+07 3.67192990e+07 4.45522160e+07 5.39251090e+07
 6.19148660e+07 6.66759850e+07 6.83385130e+07 6.94596170e+07
 7.08369190e+07 7.28378590e+07 7.56571290e+07 7.91164390e+07
 8.27097400e+07 8.66808400e+07 9.09077780e+07 9.49714200e+07
 9.92266460e+07 1.03692943e+08 1.08366557e+08 1.14319577e+08
 1.20991560e+08 1.28086327e+08 1.36361213e+08 1.46245771e+08
 1.58956376e+08 1.76207132e+08 2.02895860e+08 2.46981010e+08
 3.12435131e+08 3.83706365e+08 3.13182385e+08 1.12347108e+08
 5.96797780e+07 4.50044170e+07 3.59676290e+07 2.92072520e+07
 2.37704550e+07 1.91802760e+07 1.51935470e+07 1.16363110e+07
 8.47341400e+06 5.81575500e+06 3.80746700e+06 2.36356700e+06
 1.39625200e+06 7.74070000e+05 3.58808000e+05 1.24434000e+05
 3.62080000e+04 8.84900000e+03 1.94700000e+03 2.47000000e+02]
