Standard Deviation: 11.944824301870893
Skewness: 0.608625155960256
Kurtosis: 0.09572271712927805
Median: 4.214472036890239
Mean: 5.979772861731752
Deciles: [-2.98450918 13.58733064]
Minimum: -55.26832668640849
Maximum: 79.31960936762098
Bin Edges: [-55.26832669 -53.92244733 -52.57656797 -51.2306886  -49.88480924
 -48.53892988 -47.19305052 -45.84717116 -44.5012918  -43.15541244
 -41.80953308 -40.46365372 -39.11777436 -37.771895   -36.42601564
 -35.08013628 -33.73425692 -32.38837756 -31.0424982  -29.69661884
 -28.35073948 -27.00486012 -25.65898075 -24.31310139 -22.96722203
 -21.62134267 -20.27546331 -18.92958395 -17.58370459 -16.23782523
 -14.89194587 -13.54606651 -12.20018715 -10.85430779  -9.50842843
  -8.16254907  -6.81666971  -5.47079035  -4.12491099  -2.77903163
  -1.43315226  -0.0872729    1.25860646   2.60448582   3.95036518
   5.29624454   6.6421239    7.98800326   9.33388262  10.67976198
  12.02564134  13.3715207   14.71740006  16.06327942  17.40915878
  18.75503814  20.1009175   21.44679686  22.79267622  24.13855559
  25.48443495  26.83031431  28.17619367  29.52207303  30.86795239
  32.21383175  33.55971111  34.90559047  36.25146983  37.59734919
  38.94322855  40.28910791  41.63498727  42.98086663  44.32674599
  45.67262535  47.01850471  48.36438408  49.71026344  51.0561428
  52.40202216  53.74790152  55.09378088  56.43966024  57.7855396
  59.13141896  60.47729832  61.82317768  63.16905704  64.5149364
  65.86081576  67.20669512  68.55257448  69.89845384  71.2443332
  72.59021256  73.93609193  75.28197129  76.62785065  77.97373001
  79.31960937]
Frequencies: [6.00000000e+00 1.10000000e+01 2.90000000e+01 5.30000000e+01
 7.30000000e+01 1.21000000e+02 2.20000000e+02 3.54000000e+02
 5.36000000e+02 8.27000000e+02 1.38600000e+03 2.43900000e+03
 4.51500000e+03 7.61000000e+03 1.24740000e+04 2.03340000e+04
 3.26530000e+04 5.07300000e+04 8.20030000e+04 1.27492000e+05
 2.03350000e+05 3.21912000e+05 5.08410000e+05 8.27303000e+05
 1.37407100e+06 2.31884300e+06 3.99667300e+06 6.89200700e+06
 1.18415930e+07 2.00634930e+07 3.27884570e+07 5.05338310e+07
 7.29762460e+07 9.91730220e+07 1.27108852e+08 1.53978107e+08
 1.77599502e+08 1.96156341e+08 2.08758862e+08 2.15802237e+08
 2.18050195e+08 2.16013882e+08 2.10867520e+08 2.03246922e+08
 1.94304835e+08 1.84578397e+08 1.74557324e+08 1.64541229e+08
 1.54716023e+08 1.45023199e+08 1.35551866e+08 1.26361345e+08
 1.17463976e+08 1.08706157e+08 1.00106419e+08 9.18291310e+07
 8.37258800e+07 7.57442190e+07 6.80335730e+07 6.05581480e+07
 5.34083200e+07 4.66677360e+07 4.02620960e+07 3.43860770e+07
 2.90396510e+07 2.42562160e+07 2.00493120e+07 1.63905380e+07
 1.32494710e+07 1.06008390e+07 8.37035600e+06 6.56873200e+06
 5.10131300e+06 3.91016700e+06 2.98233500e+06 2.24865300e+06
 1.68336600e+06 1.24807000e+06 9.17547000e+05 6.67040000e+05
 4.82494000e+05 3.45758000e+05 2.44148000e+05 1.71042000e+05
 1.19256000e+05 8.36830000e+04 5.80240000e+04 3.94600000e+04
 2.71280000e+04 1.91680000e+04 1.27820000e+04 9.44900000e+03
 6.07800000e+03 3.88600000e+03 2.27600000e+03 1.53700000e+03
 1.26000000e+03 8.55000000e+02 4.66000000e+02 1.97000000e+02]
