Standard Deviation: 10.4320040490107
Skewness: 0.5191377254761272
Kurtosis: -0.0033261503669805847
Median: 2.782848769390443
Mean: 4.109460801315676
Deciles: [-3.60860111 10.80723214]
Minimum: -55.827753930089074
Maximum: 68.08600151125519
Bin Edges: [-5.58277539e+01 -5.45886164e+01 -5.33494788e+01 -5.21103413e+01
 -5.08712037e+01 -4.96320662e+01 -4.83929286e+01 -4.71537910e+01
 -4.59146535e+01 -4.46755159e+01 -4.34363784e+01 -4.21972408e+01
 -4.09581033e+01 -3.97189657e+01 -3.84798282e+01 -3.72406906e+01
 -3.60015531e+01 -3.47624155e+01 -3.35232780e+01 -3.22841404e+01
 -3.10450028e+01 -2.98058653e+01 -2.85667277e+01 -2.73275902e+01
 -2.60884526e+01 -2.48493151e+01 -2.36101775e+01 -2.23710400e+01
 -2.11319024e+01 -1.98927649e+01 -1.86536273e+01 -1.74144897e+01
 -1.61753522e+01 -1.49362146e+01 -1.36970771e+01 -1.24579395e+01
 -1.12188020e+01 -9.97966442e+00 -8.74052686e+00 -7.50138931e+00
 -6.26225175e+00 -5.02311420e+00 -3.78397664e+00 -2.54483909e+00
 -1.30570154e+00 -6.65639815e-02  1.17257357e+00  2.41171113e+00
  3.65084868e+00  4.88998624e+00  6.12912379e+00  7.36826134e+00
  8.60739890e+00  9.84653645e+00  1.10856740e+01  1.23248116e+01
  1.35639491e+01  1.48030867e+01  1.60422242e+01  1.72813618e+01
  1.85204993e+01  1.97596369e+01  2.09987744e+01  2.22379120e+01
  2.34770496e+01  2.47161871e+01  2.59553247e+01  2.71944622e+01
  2.84335998e+01  2.96727373e+01  3.09118749e+01  3.21510124e+01
  3.33901500e+01  3.46292875e+01  3.58684251e+01  3.71075627e+01
  3.83467002e+01  3.95858378e+01  4.08249753e+01  4.20641129e+01
  4.33032504e+01  4.45423880e+01  4.57815255e+01  4.70206631e+01
  4.82598006e+01  4.94989382e+01  5.07380757e+01  5.19772133e+01
  5.32163509e+01  5.44554884e+01  5.56946260e+01  5.69337635e+01
  5.81729011e+01  5.94120386e+01  6.06511762e+01  6.18903137e+01
  6.31294513e+01  6.43685888e+01  6.56077264e+01  6.68468640e+01
  6.80860015e+01]
Frequencies: [6.00000000e+00 7.00000000e+00 8.00000000e+00 2.00000000e+01
 3.10000000e+01 9.10000000e+01 1.76000000e+02 2.80000000e+02
 4.29000000e+02 6.09000000e+02 8.83000000e+02 1.29300000e+03
 1.96800000e+03 2.76600000e+03 4.24600000e+03 6.32100000e+03
 9.33300000e+03 1.40000000e+04 2.25320000e+04 3.43810000e+04
 5.17010000e+04 7.84540000e+04 1.22143000e+05 1.86759000e+05
 2.91821000e+05 4.72923000e+05 7.96213000e+05 1.38620700e+06
 2.44459800e+06 4.33112200e+06 7.55141300e+06 1.26356350e+07
 2.03295700e+07 3.13914470e+07 4.66986290e+07 6.65298710e+07
 9.02230420e+07 1.16319496e+08 1.42668729e+08 1.67365486e+08
 1.88426087e+08 2.04857487e+08 2.16196294e+08 2.22757022e+08
 2.24550400e+08 2.22135287e+08 2.16406956e+08 2.08115492e+08
 1.98196740e+08 1.87136500e+08 1.75879955e+08 1.64607551e+08
 1.53323534e+08 1.42373808e+08 1.31743955e+08 1.21225966e+08
 1.11071646e+08 1.01267402e+08 9.18430270e+07 8.27616050e+07
 7.39584840e+07 6.55833730e+07 5.75699840e+07 4.99374230e+07
 4.27381760e+07 3.60844950e+07 3.00210010e+07 2.46360450e+07
 1.98661820e+07 1.57867530e+07 1.23675720e+07 9.55578100e+06
 7.28096300e+06 5.44701600e+06 4.00668600e+06 2.90567800e+06
 2.06948600e+06 1.45420800e+06 1.00381000e+06 6.90335000e+05
 4.63123000e+05 3.06685000e+05 2.00491000e+05 1.31385000e+05
 8.75200000e+04 5.84900000e+04 3.93770000e+04 2.62910000e+04
 1.74790000e+04 1.22010000e+04 8.51600000e+03 6.12800000e+03
 4.09700000e+03 2.46100000e+03 1.61500000e+03 1.31400000e+03
 9.41000000e+02 5.85000000e+02 3.47000000e+02 1.50000000e+02]
