Standard Deviation: 3.1926022523577146e-05
Skewness: 5.357256751421909
Kurtosis: 40.80496066060435
Median: 3.0835823300522904e-10
Mean: 1.001793671378972e-05
Deciles: [0.00000000e+00 1.46393587e-06]
Minimum: 0.0
Maximum: 0.0009713911781258681
Bin Edges: [0.00000000e+00 9.71391178e-06 1.94278236e-05 2.91417353e-05
 3.88556471e-05 4.85695589e-05 5.82834707e-05 6.79973825e-05
 7.77112943e-05 8.74252060e-05 9.71391178e-05 1.06853030e-04
 1.16566941e-04 1.26280853e-04 1.35994765e-04 1.45708677e-04
 1.55422589e-04 1.65136500e-04 1.74850412e-04 1.84564324e-04
 1.94278236e-04 2.03992147e-04 2.13706059e-04 2.23419971e-04
 2.33133883e-04 2.42847795e-04 2.52561706e-04 2.62275618e-04
 2.71989530e-04 2.81703442e-04 2.91417353e-04 3.01131265e-04
 3.10845177e-04 3.20559089e-04 3.30273001e-04 3.39986912e-04
 3.49700824e-04 3.59414736e-04 3.69128648e-04 3.78842559e-04
 3.88556471e-04 3.98270383e-04 4.07984295e-04 4.17698207e-04
 4.27412118e-04 4.37126030e-04 4.46839942e-04 4.56553854e-04
 4.66267766e-04 4.75981677e-04 4.85695589e-04 4.95409501e-04
 5.05123413e-04 5.14837324e-04 5.24551236e-04 5.34265148e-04
 5.43979060e-04 5.53692972e-04 5.63406883e-04 5.73120795e-04
 5.82834707e-04 5.92548619e-04 6.02262530e-04 6.11976442e-04
 6.21690354e-04 6.31404266e-04 6.41118178e-04 6.50832089e-04
 6.60546001e-04 6.70259913e-04 6.79973825e-04 6.89687736e-04
 6.99401648e-04 7.09115560e-04 7.18829472e-04 7.28543384e-04
 7.38257295e-04 7.47971207e-04 7.57685119e-04 7.67399031e-04
 7.77112943e-04 7.86826854e-04 7.96540766e-04 8.06254678e-04
 8.15968590e-04 8.25682501e-04 8.35396413e-04 8.45110325e-04
 8.54824237e-04 8.64538149e-04 8.74252060e-04 8.83965972e-04
 8.93679884e-04 9.03393796e-04 9.13107707e-04 9.22821619e-04
 9.32535531e-04 9.42249443e-04 9.51963355e-04 9.61677266e-04
 9.71391178e-04]
Frequencies: [3.84382710e+09 1.63054698e+08 9.27629590e+07 6.87613860e+07
 5.61543020e+07 4.73816810e+07 4.03825790e+07 3.45893880e+07
 2.97634260e+07 2.56606200e+07 2.20994780e+07 1.89184960e+07
 1.60401500e+07 1.34223040e+07 1.11048350e+07 9.12225900e+06
 7.47037200e+06 6.14133000e+06 5.07724800e+06 4.23198000e+06
 3.54722600e+06 2.99269200e+06 2.54119800e+06 2.16589200e+06
 1.85486500e+06 1.59472500e+06 1.37295300e+06 1.18755900e+06
 1.02797100e+06 8.91580000e+05 7.75503000e+05 6.73849000e+05
 5.85955000e+05 5.10663000e+05 4.45299000e+05 3.87251000e+05
 3.37201000e+05 2.94860000e+05 2.57813000e+05 2.25104000e+05
 1.97089000e+05 1.71541000e+05 1.50119000e+05 1.31049000e+05
 1.14361000e+05 1.00464000e+05 8.75870000e+04 7.70060000e+04
 6.66420000e+04 5.82870000e+04 5.06530000e+04 4.43650000e+04
 3.87680000e+04 3.36510000e+04 2.98450000e+04 2.57180000e+04
 2.26110000e+04 1.94930000e+04 1.70310000e+04 1.47730000e+04
 1.27730000e+04 1.14230000e+04 9.91800000e+03 8.54200000e+03
 7.28200000e+03 6.53700000e+03 5.64200000e+03 4.95500000e+03
 4.23600000e+03 3.69600000e+03 3.13400000e+03 2.79800000e+03
 2.54700000e+03 2.13500000e+03 1.82300000e+03 1.62300000e+03
 1.34100000e+03 1.06700000e+03 9.83000000e+02 8.27000000e+02
 6.58000000e+02 5.27000000e+02 4.54000000e+02 3.32000000e+02
 2.55000000e+02 1.87000000e+02 1.33000000e+02 1.01000000e+02
 8.10000000e+01 3.90000000e+01 4.40000000e+01 1.90000000e+01
 3.10000000e+01 1.40000000e+01 1.30000000e+01 9.00000000e+00
 1.20000000e+01 3.00000000e+00 1.00000000e+00 1.00000000e+00]
