Standard Deviation: 1.6749615218676867e-05
Skewness: 5.608240603179248
Kurtosis: 37.74769582917768
Median: 1.6571682173062533e-28
Mean: 4.233037126728105e-06
Deciles: [0.00000000e+00 9.43730549e-09]
Minimum: 0.0
Maximum: 0.0006230327565633269
Bin Edges: [0.00000000e+00 6.23032757e-06 1.24606551e-05 1.86909827e-05
 2.49213103e-05 3.11516378e-05 3.73819654e-05 4.36122930e-05
 4.98426205e-05 5.60729481e-05 6.23032757e-05 6.85336032e-05
 7.47639308e-05 8.09942584e-05 8.72245859e-05 9.34549135e-05
 9.96852411e-05 1.05915569e-04 1.12145896e-04 1.18376224e-04
 1.24606551e-04 1.30836879e-04 1.37067206e-04 1.43297534e-04
 1.49527862e-04 1.55758189e-04 1.61988517e-04 1.68218844e-04
 1.74449172e-04 1.80679499e-04 1.86909827e-04 1.93140155e-04
 1.99370482e-04 2.05600810e-04 2.11831137e-04 2.18061465e-04
 2.24291792e-04 2.30522120e-04 2.36752447e-04 2.42982775e-04
 2.49213103e-04 2.55443430e-04 2.61673758e-04 2.67904085e-04
 2.74134413e-04 2.80364740e-04 2.86595068e-04 2.92825396e-04
 2.99055723e-04 3.05286051e-04 3.11516378e-04 3.17746706e-04
 3.23977033e-04 3.30207361e-04 3.36437689e-04 3.42668016e-04
 3.48898344e-04 3.55128671e-04 3.61358999e-04 3.67589326e-04
 3.73819654e-04 3.80049982e-04 3.86280309e-04 3.92510637e-04
 3.98740964e-04 4.04971292e-04 4.11201619e-04 4.17431947e-04
 4.23662274e-04 4.29892602e-04 4.36122930e-04 4.42353257e-04
 4.48583585e-04 4.54813912e-04 4.61044240e-04 4.67274567e-04
 4.73504895e-04 4.79735223e-04 4.85965550e-04 4.92195878e-04
 4.98426205e-04 5.04656533e-04 5.10886860e-04 5.17117188e-04
 5.23347516e-04 5.29577843e-04 5.35808171e-04 5.42038498e-04
 5.48268826e-04 5.54499153e-04 5.60729481e-04 5.66959808e-04
 5.73190136e-04 5.79420464e-04 5.85650791e-04 5.91881119e-04
 5.98111446e-04 6.04341774e-04 6.10572101e-04 6.16802429e-04
 6.23032757e-04]
Frequencies: [4.09759032e+09 9.73911600e+07 5.98073050e+07 4.36377730e+07
 3.44013660e+07 2.83152620e+07 2.38426070e+07 2.04049890e+07
 1.76357430e+07 1.53921870e+07 1.35407340e+07 1.19991720e+07
 1.07094690e+07 9.62042600e+06 8.68162700e+06 7.84989900e+06
 7.10075200e+06 6.35735700e+06 5.55986300e+06 4.72988200e+06
 3.87148900e+06 3.06481900e+06 2.36977000e+06 1.79636300e+06
 1.34854300e+06 1.01093600e+06 7.57697000e+05 5.66718000e+05
 4.22276000e+05 3.19522000e+05 2.42281000e+05 1.85389000e+05
 1.41823000e+05 1.08815000e+05 8.34060000e+04 6.40950000e+04
 4.99850000e+04 3.89920000e+04 3.06830000e+04 2.45900000e+04
 1.95400000e+04 1.57680000e+04 1.28820000e+04 1.02820000e+04
 8.47300000e+03 6.93000000e+03 5.90900000e+03 4.94500000e+03
 4.08200000e+03 3.55300000e+03 2.91900000e+03 2.57900000e+03
 2.31400000e+03 1.99800000e+03 1.82100000e+03 1.57800000e+03
 1.37000000e+03 1.21600000e+03 9.55000000e+02 9.02000000e+02
 8.06000000e+02 6.94000000e+02 6.77000000e+02 6.22000000e+02
 5.29000000e+02 5.24000000e+02 4.53000000e+02 4.21000000e+02
 3.96000000e+02 3.40000000e+02 3.19000000e+02 2.86000000e+02
 2.43000000e+02 2.26000000e+02 1.87000000e+02 1.48000000e+02
 1.47000000e+02 1.24000000e+02 9.00000000e+01 9.30000000e+01
 8.40000000e+01 6.50000000e+01 7.20000000e+01 6.30000000e+01
 3.60000000e+01 4.10000000e+01 5.10000000e+01 2.90000000e+01
 3.80000000e+01 2.00000000e+01 1.70000000e+01 1.00000000e+01
 1.20000000e+01 9.00000000e+00 1.30000000e+01 3.00000000e+00
 1.00000000e+00 2.00000000e+00 3.00000000e+00 1.00000000e+00]
