Standard Deviation: 1.8542606747137162e-34
Skewness: 4.006574628000372
Kurtosis: 17.25148919507438
Median: 2.2326090528248187e-38
Mean: 6.02502892684481e-35
Deciles: [1.00949500e-40 5.82210232e-36]
Minimum: 1.766942260067746e-43
Maximum: 1.969192208580305e-33
Bin Edges: [1.76694226e-43 1.96919223e-35 3.93838443e-35 5.90757664e-35
 7.87676885e-35 9.84596106e-35 1.18151533e-34 1.37843455e-34
 1.57535377e-34 1.77227299e-34 1.96919221e-34 2.16611143e-34
 2.36303065e-34 2.55994987e-34 2.75686909e-34 2.95378831e-34
 3.15070754e-34 3.34762676e-34 3.54454598e-34 3.74146520e-34
 3.93838442e-34 4.13530364e-34 4.33222286e-34 4.52914208e-34
 4.72606130e-34 4.92298052e-34 5.11989974e-34 5.31681896e-34
 5.51373819e-34 5.71065741e-34 5.90757663e-34 6.10449585e-34
 6.30141507e-34 6.49833429e-34 6.69525351e-34 6.89217273e-34
 7.08909195e-34 7.28601117e-34 7.48293039e-34 7.67984961e-34
 7.87676884e-34 8.07368806e-34 8.27060728e-34 8.46752650e-34
 8.66444572e-34 8.86136494e-34 9.05828416e-34 9.25520338e-34
 9.45212260e-34 9.64904182e-34 9.84596104e-34 1.00428803e-33
 1.02397995e-33 1.04367187e-33 1.06336379e-33 1.08305571e-33
 1.10274764e-33 1.12243956e-33 1.14213148e-33 1.16182340e-33
 1.18151533e-33 1.20120725e-33 1.22089917e-33 1.24059109e-33
 1.26028301e-33 1.27997494e-33 1.29966686e-33 1.31935878e-33
 1.33905070e-33 1.35874262e-33 1.37843455e-33 1.39812647e-33
 1.41781839e-33 1.43751031e-33 1.45720223e-33 1.47689416e-33
 1.49658608e-33 1.51627800e-33 1.53596992e-33 1.55566184e-33
 1.57535377e-33 1.59504569e-33 1.61473761e-33 1.63442953e-33
 1.65412146e-33 1.67381338e-33 1.69350530e-33 1.71319722e-33
 1.73288914e-33 1.75258107e-33 1.77227299e-33 1.79196491e-33
 1.81165683e-33 1.83134875e-33 1.85104068e-33 1.87073260e-33
 1.89042452e-33 1.91011644e-33 1.92980836e-33 1.94950029e-33
 1.96919221e-33]
Frequencies: [3.68123795e+09 7.42534890e+07 1.04025258e+08 8.68159820e+07
 5.01048270e+07 3.49037230e+07 2.96267440e+07 3.39677840e+07
 4.51455780e+07 2.91552670e+07 2.01039720e+07 1.21124030e+07
 1.03841800e+07 8.53215200e+06 7.65822000e+06 7.28639300e+06
 7.00210200e+06 6.43772300e+06 6.84642500e+06 7.88519100e+06
 8.11460900e+06 8.13480100e+06 8.29483000e+06 7.78257000e+06
 7.67806200e+06 7.98917400e+06 8.80628300e+06 1.04755130e+07
 1.17266920e+07 1.24760260e+07 1.42324740e+07 1.56564910e+07
 1.50802880e+07 1.27166010e+07 1.02039000e+07 9.69451900e+06
 9.66882600e+06 9.33045600e+06 6.42277900e+06 5.06854000e+06
 4.69352900e+06 4.26453400e+06 3.74162600e+06 3.32571000e+06
 3.17847800e+06 2.92557500e+06 2.65983800e+06 2.60047900e+06
 2.52145500e+06 2.50687800e+06 2.73173000e+06 3.12094500e+06
 3.25208600e+06 3.08346400e+06 2.84377300e+06 2.95302900e+06
 2.76259500e+06 2.89578400e+06 2.79951600e+06 2.40899200e+06
 2.03585700e+06 1.79110900e+06 1.69913500e+06 1.58184700e+06
 1.35628900e+06 1.16186600e+06 1.08386400e+06 9.77493000e+05
 8.29214000e+05 6.85090000e+05 6.05499000e+05 5.39366000e+05
 4.81305000e+05 4.21982000e+05 3.76838000e+05 3.23225000e+05
 2.52330000e+05 1.94375000e+05 1.46956000e+05 1.11651000e+05
 7.45660000e+04 4.74480000e+04 3.16360000e+04 2.02290000e+04
 1.08710000e+04 6.49200000e+03 4.50300000e+03 3.51300000e+03
 2.87100000e+03 2.48100000e+03 2.17000000e+03 2.11500000e+03
 2.05200000e+03 1.91900000e+03 1.82400000e+03 1.62000000e+03
 1.51500000e+03 1.13200000e+03 6.82000000e+02 2.56000000e+02]
