Standard Deviation: 2.204682558525647e-08
Skewness: 0.28548113339815684
Kurtosis: -0.8071932159932591
Median: 6.835643684468292e-08
Mean: 7.285844462685024e-08
Deciles: [5.49453307e-08 9.10794416e-08]
Minimum: 2.3270244233306266e-08
Maximum: 1.511823142285459e-07
Bin Edges: [2.32702442e-08 2.45493649e-08 2.58284856e-08 2.71076063e-08
 2.83867270e-08 2.96658477e-08 3.09449684e-08 3.22240891e-08
 3.35032098e-08 3.47823305e-08 3.60614512e-08 3.73405719e-08
 3.86196926e-08 3.98988133e-08 4.11779340e-08 4.24570547e-08
 4.37361754e-08 4.50152961e-08 4.62944168e-08 4.75735375e-08
 4.88526582e-08 5.01317789e-08 5.14108996e-08 5.26900203e-08
 5.39691410e-08 5.52482617e-08 5.65273824e-08 5.78065031e-08
 5.90856238e-08 6.03647445e-08 6.16438652e-08 6.29229859e-08
 6.42021066e-08 6.54812273e-08 6.67603480e-08 6.80394687e-08
 6.93185894e-08 7.05977101e-08 7.18768308e-08 7.31559515e-08
 7.44350722e-08 7.57141929e-08 7.69933136e-08 7.82724343e-08
 7.95515550e-08 8.08306757e-08 8.21097964e-08 8.33889171e-08
 8.46680378e-08 8.59471585e-08 8.72262792e-08 8.85053999e-08
 8.97845206e-08 9.10636413e-08 9.23427620e-08 9.36218827e-08
 9.49010034e-08 9.61801241e-08 9.74592448e-08 9.87383655e-08
 1.00017486e-07 1.01296607e-07 1.02575728e-07 1.03854848e-07
 1.05133969e-07 1.06413090e-07 1.07692210e-07 1.08971331e-07
 1.10250452e-07 1.11529573e-07 1.12808693e-07 1.14087814e-07
 1.15366935e-07 1.16646055e-07 1.17925176e-07 1.19204297e-07
 1.20483417e-07 1.21762538e-07 1.23041659e-07 1.24320780e-07
 1.25599900e-07 1.26879021e-07 1.28158142e-07 1.29437262e-07
 1.30716383e-07 1.31995504e-07 1.33274624e-07 1.34553745e-07
 1.35832866e-07 1.37111987e-07 1.38391107e-07 1.39670228e-07
 1.40949349e-07 1.42228469e-07 1.43507590e-07 1.44786711e-07
 1.46065831e-07 1.47344952e-07 1.48624073e-07 1.49903194e-07
 1.51182314e-07]
Frequencies: [1.24772900e+06 4.96396300e+06 8.93912700e+06 1.10876160e+07
 1.34907950e+07 1.50559840e+07 1.66986740e+07 1.91929550e+07
 2.16478930e+07 2.28470760e+07 2.30460110e+07 2.27861330e+07
 2.30797180e+07 2.35934700e+07 2.37202760e+07 2.51173200e+07
 3.44279960e+07 4.46145920e+07 5.36583140e+07 6.10643000e+07
 6.90225040e+07 8.82822550e+07 1.33960482e+08 2.01119879e+08
 2.22372495e+08 1.72460727e+08 1.42836707e+08 1.27635279e+08
 1.14626901e+08 1.04330814e+08 9.38532360e+07 8.57625830e+07
 8.08837430e+07 7.60511880e+07 7.04259600e+07 6.56909430e+07
 6.22680120e+07 5.77507370e+07 5.37370000e+07 5.25280210e+07
 5.21626700e+07 4.98883680e+07 4.93041670e+07 5.13429610e+07
 5.15974060e+07 5.16690550e+07 5.91166190e+07 6.73008650e+07
 7.26522590e+07 7.68716460e+07 8.60897360e+07 9.29232250e+07
 9.78382360e+07 1.01071116e+08 9.25231350e+07 8.03813100e+07
 7.33445860e+07 6.51906340e+07 6.00693680e+07 5.68449700e+07
 5.71578990e+07 5.40698160e+07 5.10622390e+07 4.90894440e+07
 4.79529500e+07 4.55793770e+07 4.27024680e+07 4.00429530e+07
 3.52764680e+07 2.98860620e+07 2.48465880e+07 2.21388230e+07
 1.99567420e+07 1.57400610e+07 1.26334470e+07 1.06758320e+07
 8.75097300e+06 7.13297200e+06 5.80963600e+06 4.90111500e+06
 4.32875900e+06 3.64430300e+06 3.22792500e+06 2.60931300e+06
 1.94012700e+06 1.35534400e+06 1.09989100e+06 9.43510000e+05
 6.57023000e+05 4.98975000e+05 3.85978000e+05 2.23896000e+05
 1.67435000e+05 1.75973000e+05 1.16288000e+05 9.53390000e+04
 1.01914000e+05 7.06130000e+04 4.30110000e+04 3.07780000e+04]
