Standard Deviation: 5.6997298710892796e-08
Skewness: -1.3882510434649087
Kurtosis: 0.9231471661353421
Median: 4.794573494718817e-07
Mean: 4.491657309143572e-07
Deciles: [4.24058577e-07 4.90858386e-07]
Minimum: 2.5958285054516503e-07
Maximum: 4.908583856935717e-07
Bin Edges: [2.59582851e-07 2.61895606e-07 2.64208361e-07 2.66521117e-07
 2.68833872e-07 2.71146627e-07 2.73459383e-07 2.75772138e-07
 2.78084893e-07 2.80397649e-07 2.82710404e-07 2.85023159e-07
 2.87335915e-07 2.89648670e-07 2.91961425e-07 2.94274181e-07
 2.96586936e-07 2.98899692e-07 3.01212447e-07 3.03525202e-07
 3.05837958e-07 3.08150713e-07 3.10463468e-07 3.12776224e-07
 3.15088979e-07 3.17401734e-07 3.19714490e-07 3.22027245e-07
 3.24340000e-07 3.26652756e-07 3.28965511e-07 3.31278266e-07
 3.33591022e-07 3.35903777e-07 3.38216532e-07 3.40529288e-07
 3.42842043e-07 3.45154799e-07 3.47467554e-07 3.49780309e-07
 3.52093065e-07 3.54405820e-07 3.56718575e-07 3.59031331e-07
 3.61344086e-07 3.63656841e-07 3.65969597e-07 3.68282352e-07
 3.70595107e-07 3.72907863e-07 3.75220618e-07 3.77533373e-07
 3.79846129e-07 3.82158884e-07 3.84471640e-07 3.86784395e-07
 3.89097150e-07 3.91409906e-07 3.93722661e-07 3.96035416e-07
 3.98348172e-07 4.00660927e-07 4.02973682e-07 4.05286438e-07
 4.07599193e-07 4.09911948e-07 4.12224704e-07 4.14537459e-07
 4.16850214e-07 4.19162970e-07 4.21475725e-07 4.23788481e-07
 4.26101236e-07 4.28413991e-07 4.30726747e-07 4.33039502e-07
 4.35352257e-07 4.37665013e-07 4.39977768e-07 4.42290523e-07
 4.44603279e-07 4.46916034e-07 4.49228789e-07 4.51541545e-07
 4.53854300e-07 4.56167055e-07 4.58479811e-07 4.60792566e-07
 4.63105321e-07 4.65418077e-07 4.67730832e-07 4.70043588e-07
 4.72356343e-07 4.74669098e-07 4.76981854e-07 4.79294609e-07
 4.81607364e-07 4.83920120e-07 4.86232875e-07 4.88545630e-07
 4.90858386e-07]
Frequencies: [1.68192000e+06 3.36384000e+06 5.04576000e+06 3.36384000e+06
 5.04576000e+06 3.36384000e+06 1.00915200e+07 5.04576000e+06
 1.00915200e+07 3.36384000e+06 1.17734400e+07 6.72768000e+06
 6.72768000e+06 1.17734400e+07 1.00915200e+07 1.00915200e+07
 8.40960000e+06 1.00915200e+07 1.34553600e+07 1.51372800e+07
 6.72768000e+06 1.34553600e+07 1.34553600e+07 8.40960000e+06
 1.34553600e+07 1.68192000e+07 1.17734400e+07 1.34553600e+07
 1.68192000e+07 6.72768000e+06 1.85011200e+07 1.34553600e+07
 1.34553600e+07 1.68192000e+07 1.85011200e+07 1.00915200e+07
 2.01830400e+07 1.51372800e+07 1.68192000e+07 2.01830400e+07
 1.68192000e+07 1.51372800e+07 1.68192000e+07 2.01830400e+07
 1.00915200e+07 2.52288000e+07 1.68192000e+07 1.68192000e+07
 2.35468800e+07 2.18649600e+07 1.34553600e+07 2.69107200e+07
 1.51372800e+07 2.01830400e+07 2.69107200e+07 2.35468800e+07
 1.51372800e+07 2.69107200e+07 2.69107200e+07 1.34553600e+07
 3.53203200e+07 2.01830400e+07 2.01830400e+07 3.19564800e+07
 2.35468800e+07 2.35468800e+07 3.02745600e+07 2.85926400e+07
 2.01830400e+07 3.70022400e+07 3.19564800e+07 2.01830400e+07
 3.70022400e+07 2.85926400e+07 3.02745600e+07 4.03660800e+07
 3.19564800e+07 5.71852800e+07 4.87756800e+07 5.71852800e+07
 4.87756800e+07 5.71852800e+07 4.54118400e+07 6.05491200e+07
 4.87756800e+07 5.71852800e+07 4.20480000e+07 6.05491200e+07
 4.54118400e+07 6.05491200e+07 4.03660800e+07 7.06406400e+07
 3.36384000e+07 6.72768000e+07 4.37299200e+07 6.39129600e+07
 4.37299200e+07 6.05491200e+07 4.03660800e+07 2.06539776e+09]
