Standard Deviation: 0.0003930690745464303
Skewness: 1.9534882144899928
Kurtosis: 3.81696529198374
Median: 0.0001515165176351604
Mean: 0.0003175603198527007
Deciles: [5.83636460e-05 4.13880611e-04]
Minimum: 1.0000622725410687e-12
Maximum: 0.0061554182564075
Bin Edges: [1.00006227e-12 6.15541836e-05 1.23108366e-04 1.84662549e-04
 2.46216731e-04 3.07770914e-04 3.69325096e-04 4.30879279e-04
 4.92433461e-04 5.53987644e-04 6.15541827e-04 6.77096009e-04
 7.38650192e-04 8.00204374e-04 8.61758557e-04 9.23312739e-04
 9.84866922e-04 1.04642110e-03 1.10797529e-03 1.16952947e-03
 1.23108365e-03 1.29263783e-03 1.35419202e-03 1.41574620e-03
 1.47730038e-03 1.53885456e-03 1.60040875e-03 1.66196293e-03
 1.72351711e-03 1.78507130e-03 1.84662548e-03 1.90817966e-03
 1.96973384e-03 2.03128803e-03 2.09284221e-03 2.15439639e-03
 2.21595057e-03 2.27750476e-03 2.33905894e-03 2.40061312e-03
 2.46216730e-03 2.52372149e-03 2.58527567e-03 2.64682985e-03
 2.70838403e-03 2.76993822e-03 2.83149240e-03 2.89304658e-03
 2.95460076e-03 3.01615495e-03 3.07770913e-03 3.13926331e-03
 3.20081749e-03 3.26237168e-03 3.32392586e-03 3.38548004e-03
 3.44703422e-03 3.50858841e-03 3.57014259e-03 3.63169677e-03
 3.69325095e-03 3.75480514e-03 3.81635932e-03 3.87791350e-03
 3.93946768e-03 4.00102187e-03 4.06257605e-03 4.12413023e-03
 4.18568441e-03 4.24723860e-03 4.30879278e-03 4.37034696e-03
 4.43190114e-03 4.49345533e-03 4.55500951e-03 4.61656369e-03
 4.67811788e-03 4.73967206e-03 4.80122624e-03 4.86278042e-03
 4.92433461e-03 4.98588879e-03 5.04744297e-03 5.10899715e-03
 5.17055134e-03 5.23210552e-03 5.29365970e-03 5.35521388e-03
 5.41676807e-03 5.47832225e-03 5.53987643e-03 5.60143061e-03
 5.66298480e-03 5.72453898e-03 5.78609316e-03 5.84764734e-03
 5.90920153e-03 5.97075571e-03 6.03230989e-03 6.09386407e-03
 6.15541826e-03]
Frequencies: [1.19049612e+09 8.20936623e+08 5.01023615e+08 3.37835848e+08
 2.48194798e+08 1.92240468e+08 1.54908391e+08 1.28184265e+08
 1.08478172e+08 9.33692200e+07 8.16191080e+07 7.21378680e+07
 6.44406150e+07 5.80476800e+07 5.27992280e+07 4.84142950e+07
 4.47335350e+07 4.15233580e+07 3.87962690e+07 3.63233780e+07
 3.39516510e+07 3.14495540e+07 2.87097590e+07 2.56099090e+07
 2.22582300e+07 1.87907800e+07 1.53716570e+07 1.22399730e+07
 9.50089500e+06 7.21426200e+06 5.37140400e+06 3.96438400e+06
 2.91498500e+06 2.15477800e+06 1.60785700e+06 1.22172600e+06
 9.30999000e+05 7.16553000e+05 5.61052000e+05 4.37489000e+05
 3.42577000e+05 2.70517000e+05 2.13934000e+05 1.69588000e+05
 1.35057000e+05 1.06550000e+05 8.47800000e+04 6.79660000e+04
 5.45290000e+04 4.34240000e+04 3.50020000e+04 2.85630000e+04
 2.35310000e+04 1.94120000e+04 1.60620000e+04 1.36660000e+04
 1.14810000e+04 9.63800000e+03 8.40700000e+03 7.27500000e+03
 6.29700000e+03 5.44700000e+03 4.59600000e+03 3.88500000e+03
 3.32100000e+03 2.74400000e+03 2.41600000e+03 2.04000000e+03
 1.67300000e+03 1.35000000e+03 1.23700000e+03 1.09500000e+03
 9.33000000e+02 8.15000000e+02 7.19000000e+02 4.97000000e+02
 4.58000000e+02 3.61000000e+02 3.56000000e+02 2.49000000e+02
 1.64000000e+02 1.53000000e+02 1.03000000e+02 7.90000000e+01
 5.50000000e+01 4.90000000e+01 5.10000000e+01 4.10000000e+01
 2.90000000e+01 1.70000000e+01 4.00000000e+00 4.00000000e+00
 7.00000000e+00 3.00000000e+00 7.00000000e+00 3.00000000e+00
 6.00000000e+00 1.30000000e+01 7.00000000e+00 6.00000000e+00]
