Standard Deviation: 7.7052675065278855
Skewness: 0.5309963052800873
Kurtosis: 0.16925445731303812
Median: -0.9529803510106423
Mean: -0.03420086788785335
Deciles: [-5.76721655  4.71837214]
Minimum: -53.83411428803843
Maximum: 47.80481993501754
Bin Edges: [-5.38341143e+01 -5.28177249e+01 -5.18013356e+01 -5.07849463e+01
 -4.97685569e+01 -4.87521676e+01 -4.77357782e+01 -4.67193889e+01
 -4.57029996e+01 -4.46866102e+01 -4.36702209e+01 -4.26538315e+01
 -4.16374422e+01 -4.06210528e+01 -3.96046635e+01 -3.85882742e+01
 -3.75718848e+01 -3.65554955e+01 -3.55391061e+01 -3.45227168e+01
 -3.35063274e+01 -3.24899381e+01 -3.14735488e+01 -3.04571594e+01
 -2.94407701e+01 -2.84243807e+01 -2.74079914e+01 -2.63916020e+01
 -2.53752127e+01 -2.43588234e+01 -2.33424340e+01 -2.23260447e+01
 -2.13096553e+01 -2.02932660e+01 -1.92768767e+01 -1.82604873e+01
 -1.72440980e+01 -1.62277086e+01 -1.52113193e+01 -1.41949299e+01
 -1.31785406e+01 -1.21621513e+01 -1.11457619e+01 -1.01293726e+01
 -9.11298323e+00 -8.09659389e+00 -7.08020455e+00 -6.06381520e+00
 -5.04742586e+00 -4.03103652e+00 -3.01464718e+00 -1.99825783e+00
 -9.81868492e-01  3.45208502e-02  1.05091019e+00  2.06729953e+00
  3.08368888e+00  4.10007822e+00  5.11646756e+00  6.13285690e+00
  7.14924625e+00  8.16563559e+00  9.18202493e+00  1.01984143e+01
  1.12148036e+01  1.22311930e+01  1.32475823e+01  1.42639716e+01
  1.52803610e+01  1.62967503e+01  1.73131397e+01  1.83295290e+01
  1.93459184e+01  2.03623077e+01  2.13786970e+01  2.23950864e+01
  2.34114757e+01  2.44278651e+01  2.54442544e+01  2.64606437e+01
  2.74770331e+01  2.84934224e+01  2.95098118e+01  3.05262011e+01
  3.15425905e+01  3.25589798e+01  3.35753691e+01  3.45917585e+01
  3.56081478e+01  3.66245372e+01  3.76409265e+01  3.86573159e+01
  3.96737052e+01  4.06900945e+01  4.17064839e+01  4.27228732e+01
  4.37392626e+01  4.47556519e+01  4.57720413e+01  4.67884306e+01
  4.78048199e+01]
Frequencies: [1.70000000e+01 1.20000000e+01 1.50000000e+01 1.80000000e+01
 4.90000000e+01 6.60000000e+01 1.17000000e+02 1.17000000e+02
 3.04000000e+02 5.21000000e+02 9.60000000e+02 1.31700000e+03
 1.97900000e+03 2.64700000e+03 4.18400000e+03 6.29800000e+03
 9.48800000e+03 1.32950000e+04 1.91430000e+04 2.81630000e+04
 3.96950000e+04 5.66880000e+04 8.00640000e+04 1.12720000e+05
 1.57370000e+05 2.20253000e+05 3.00083000e+05 4.17424000e+05
 5.67921000e+05 7.60073000e+05 1.00598700e+06 1.32965000e+06
 1.76188500e+06 2.32033800e+06 3.07855700e+06 4.16463600e+06
 5.92036700e+06 9.05978500e+06 1.49120040e+07 2.54167690e+07
 4.31273720e+07 6.99937170e+07 1.06213996e+08 1.47336402e+08
 1.84556344e+08 2.11951416e+08 2.30513808e+08 2.42325541e+08
 2.46880373e+08 2.44366190e+08 2.36981949e+08 2.28216915e+08
 2.19616368e+08 2.13051098e+08 2.07638243e+08 2.01021521e+08
 1.91105473e+08 1.76010535e+08 1.55914311e+08 1.33362864e+08
 1.12513257e+08 9.57064070e+07 8.31295570e+07 7.38431780e+07
 6.64632360e+07 5.99395910e+07 5.36646370e+07 4.72741090e+07
 4.06743880e+07 3.42226140e+07 2.80712530e+07 2.24408000e+07
 1.73810880e+07 1.30734330e+07 9.61533300e+06 6.90593600e+06
 4.83958800e+06 3.29778400e+06 2.20499500e+06 1.43875200e+06
 9.26898000e+05 5.85245000e+05 3.77728000e+05 2.40001000e+05
 1.52810000e+05 9.61010000e+04 6.00660000e+04 3.67860000e+04
 2.23620000e+04 1.29660000e+04 7.74800000e+03 4.55300000e+03
 2.63100000e+03 1.39700000e+03 6.99000000e+02 3.74000000e+02
 1.60000000e+02 6.10000000e+01 4.80000000e+01 1.50000000e+01]
