Standard Deviation: 1.19393303285751e-05
Skewness: 5.720430882643103
Kurtosis: 41.21922218483527
Median: 0.0
Mean: 3.1152914769241634e-06
Deciles: [0.00000000e+00 3.36584008e-10]
Minimum: 0.0
Maximum: 0.0003601568250014938
Bin Edges: [0.00000000e+00 3.60156825e-06 7.20313650e-06 1.08047048e-05
 1.44062730e-05 1.80078413e-05 2.16094095e-05 2.52109778e-05
 2.88125460e-05 3.24141143e-05 3.60156825e-05 3.96172508e-05
 4.32188190e-05 4.68203873e-05 5.04219555e-05 5.40235238e-05
 5.76250920e-05 6.12266603e-05 6.48282285e-05 6.84297968e-05
 7.20313650e-05 7.56329333e-05 7.92345015e-05 8.28360698e-05
 8.64376380e-05 9.00392063e-05 9.36407745e-05 9.72423428e-05
 1.00843911e-04 1.04445479e-04 1.08047048e-04 1.11648616e-04
 1.15250184e-04 1.18851752e-04 1.22453321e-04 1.26054889e-04
 1.29656457e-04 1.33258025e-04 1.36859594e-04 1.40461162e-04
 1.44062730e-04 1.47664298e-04 1.51265867e-04 1.54867435e-04
 1.58469003e-04 1.62070571e-04 1.65672140e-04 1.69273708e-04
 1.72875276e-04 1.76476844e-04 1.80078413e-04 1.83679981e-04
 1.87281549e-04 1.90883117e-04 1.94484686e-04 1.98086254e-04
 2.01687822e-04 2.05289390e-04 2.08890959e-04 2.12492527e-04
 2.16094095e-04 2.19695663e-04 2.23297232e-04 2.26898800e-04
 2.30500368e-04 2.34101936e-04 2.37703505e-04 2.41305073e-04
 2.44906641e-04 2.48508209e-04 2.52109778e-04 2.55711346e-04
 2.59312914e-04 2.62914482e-04 2.66516051e-04 2.70117619e-04
 2.73719187e-04 2.77320755e-04 2.80922324e-04 2.84523892e-04
 2.88125460e-04 2.91727028e-04 2.95328597e-04 2.98930165e-04
 3.02531733e-04 3.06133301e-04 3.09734870e-04 3.13336438e-04
 3.16938006e-04 3.20539574e-04 3.24141143e-04 3.27742711e-04
 3.31344279e-04 3.34945847e-04 3.38547416e-04 3.42148984e-04
 3.45750552e-04 3.49352120e-04 3.52953689e-04 3.56555257e-04
 3.60156825e-04]
Frequencies: [4.03311452e+09 9.14811460e+07 6.30831480e+07 4.98597850e+07
 4.14827070e+07 3.52575990e+07 3.02033160e+07 2.59422090e+07
 2.22914900e+07 1.91527180e+07 1.64917360e+07 1.42043970e+07
 1.22855390e+07 1.06542930e+07 9.27637100e+06 8.09833600e+06
 7.09872900e+06 6.24916600e+06 5.52137300e+06 4.89732500e+06
 4.35557500e+06 3.88815100e+06 3.47819000e+06 3.11697600e+06
 2.79236400e+06 2.50853900e+06 2.24848800e+06 2.00327700e+06
 1.75743900e+06 1.50157200e+06 1.24956200e+06 1.01214500e+06
 8.18154000e+05 6.62883000e+05 5.36924000e+05 4.37221000e+05
 3.57939000e+05 2.95448000e+05 2.45524000e+05 2.02931000e+05
 1.70006000e+05 1.41378000e+05 1.19200000e+05 9.99020000e+04
 8.39930000e+04 7.09370000e+04 5.95700000e+04 5.02050000e+04
 4.25850000e+04 3.64230000e+04 3.05290000e+04 2.53550000e+04
 2.15110000e+04 1.82640000e+04 1.53650000e+04 1.28580000e+04
 1.10280000e+04 9.31200000e+03 7.92400000e+03 6.74800000e+03
 5.72800000e+03 4.86500000e+03 4.10000000e+03 3.47300000e+03
 2.79600000e+03 2.40000000e+03 2.04600000e+03 1.68800000e+03
 1.42600000e+03 1.26300000e+03 1.02200000e+03 8.05000000e+02
 6.79000000e+02 6.30000000e+02 5.39000000e+02 4.13000000e+02
 3.37000000e+02 2.61000000e+02 2.62000000e+02 2.14000000e+02
 1.73000000e+02 1.19000000e+02 8.70000000e+01 6.90000000e+01
 6.10000000e+01 5.70000000e+01 3.00000000e+01 3.10000000e+01
 2.90000000e+01 1.60000000e+01 2.50000000e+01 1.10000000e+01
 1.30000000e+01 5.00000000e+00 5.00000000e+00 1.20000000e+01
 5.00000000e+00 4.00000000e+00 3.00000000e+00 2.00000000e+00]
