Standard Deviation: 2.5927773487095372e-05
Skewness: 5.736610858400354
Kurtosis: 44.84339949498518
Median: 3.081359179748399e-13
Mean: 7.248488220904965e-06
Deciles: [0.00000000e+00 2.92510244e-07]
Minimum: 0.0
Maximum: 0.0009561853817411272
Bin Edges: [0.00000000e+00 9.56185382e-06 1.91237076e-05 2.86855615e-05
 3.82474153e-05 4.78092691e-05 5.73711229e-05 6.69329767e-05
 7.64948305e-05 8.60566844e-05 9.56185382e-05 1.05180392e-04
 1.14742246e-04 1.24304100e-04 1.33865953e-04 1.43427807e-04
 1.52989661e-04 1.62551515e-04 1.72113369e-04 1.81675223e-04
 1.91237076e-04 2.00798930e-04 2.10360784e-04 2.19922638e-04
 2.29484492e-04 2.39046345e-04 2.48608199e-04 2.58170053e-04
 2.67731907e-04 2.77293761e-04 2.86855615e-04 2.96417468e-04
 3.05979322e-04 3.15541176e-04 3.25103030e-04 3.34664884e-04
 3.44226737e-04 3.53788591e-04 3.63350445e-04 3.72912299e-04
 3.82474153e-04 3.92036007e-04 4.01597860e-04 4.11159714e-04
 4.20721568e-04 4.30283422e-04 4.39845276e-04 4.49407129e-04
 4.58968983e-04 4.68530837e-04 4.78092691e-04 4.87654545e-04
 4.97216399e-04 5.06778252e-04 5.16340106e-04 5.25901960e-04
 5.35463814e-04 5.45025668e-04 5.54587521e-04 5.64149375e-04
 5.73711229e-04 5.83273083e-04 5.92834937e-04 6.02396790e-04
 6.11958644e-04 6.21520498e-04 6.31082352e-04 6.40644206e-04
 6.50206060e-04 6.59767913e-04 6.69329767e-04 6.78891621e-04
 6.88453475e-04 6.98015329e-04 7.07577182e-04 7.17139036e-04
 7.26700890e-04 7.36262744e-04 7.45824598e-04 7.55386452e-04
 7.64948305e-04 7.74510159e-04 7.84072013e-04 7.93633867e-04
 8.03195721e-04 8.12757574e-04 8.22319428e-04 8.31881282e-04
 8.41443136e-04 8.51004990e-04 8.60566844e-04 8.70128697e-04
 8.79690551e-04 8.89252405e-04 8.98814259e-04 9.08376113e-04
 9.17937966e-04 9.27499820e-04 9.37061674e-04 9.46623528e-04
 9.56185382e-04]
Frequencies: [4.00533943e+09 1.25226626e+08 7.33594730e+07 5.54715950e+07
 4.52212680e+07 3.77811800e+07 3.17765470e+07 2.68188000e+07
 2.27210670e+07 1.92819430e+07 1.63872230e+07 1.39210820e+07
 1.17582790e+07 9.86019300e+06 8.19359500e+06 6.73385000e+06
 5.47832700e+06 4.45252800e+06 3.61409800e+06 2.94870900e+06
 2.41784900e+06 1.99650300e+06 1.65302600e+06 1.37849500e+06
 1.15378000e+06 9.68418000e+05 8.16176000e+05 6.86184000e+05
 5.80773000e+05 4.90398000e+05 4.14254000e+05 3.51524000e+05
 2.97104000e+05 2.51888000e+05 2.13719000e+05 1.81026000e+05
 1.51529000e+05 1.28267000e+05 1.09143000e+05 9.22810000e+04
 7.89240000e+04 6.64290000e+04 5.58990000e+04 4.71180000e+04
 3.99940000e+04 3.38120000e+04 2.86900000e+04 2.42710000e+04
 2.04770000e+04 1.72360000e+04 1.43770000e+04 1.23660000e+04
 1.04960000e+04 8.76900000e+03 7.49700000e+03 6.34700000e+03
 5.44000000e+03 4.39300000e+03 3.79000000e+03 3.17900000e+03
 2.67400000e+03 2.25100000e+03 1.89700000e+03 1.61300000e+03
 1.34200000e+03 1.11700000e+03 9.23000000e+02 8.44000000e+02
 6.80000000e+02 5.70000000e+02 4.84000000e+02 3.76000000e+02
 3.12000000e+02 2.78000000e+02 2.28000000e+02 1.88000000e+02
 1.25000000e+02 9.20000000e+01 8.60000000e+01 5.90000000e+01
 5.50000000e+01 4.20000000e+01 3.80000000e+01 1.80000000e+01
 1.70000000e+01 1.20000000e+01 5.00000000e+00 3.00000000e+00
 5.00000000e+00 5.00000000e+00 2.00000000e+00 2.00000000e+00
 1.00000000e+00 0.00000000e+00 1.00000000e+00 0.00000000e+00
 2.00000000e+00 1.00000000e+00 0.00000000e+00 1.00000000e+00]
