Standard Deviation: 2.1295075278778763e-08
Skewness: 0.4707146040776554
Kurtosis: -0.6260184603964492
Median: 4.5949558030323034e-08
Mean: 5.046654255557617e-08
Deciles: [3.37413896e-08 6.86415056e-08]
Minimum: 8.980732385819277e-09
Maximum: 1.4678800277283785e-07
Bin Edges: [8.98073239e-09 1.03588051e-08 1.17368778e-08 1.31149505e-08
 1.44930232e-08 1.58710959e-08 1.72491686e-08 1.86272413e-08
 2.00053140e-08 2.13833867e-08 2.27614594e-08 2.41395321e-08
 2.55176048e-08 2.68956775e-08 2.82737502e-08 2.96518229e-08
 3.10298956e-08 3.24079684e-08 3.37860411e-08 3.51641138e-08
 3.65421865e-08 3.79202592e-08 3.92983319e-08 4.06764046e-08
 4.20544773e-08 4.34325500e-08 4.48106227e-08 4.61886954e-08
 4.75667681e-08 4.89448408e-08 5.03229135e-08 5.17009862e-08
 5.30790589e-08 5.44571316e-08 5.58352043e-08 5.72132770e-08
 5.85913497e-08 5.99694224e-08 6.13474951e-08 6.27255678e-08
 6.41036405e-08 6.54817132e-08 6.68597859e-08 6.82378587e-08
 6.96159314e-08 7.09940041e-08 7.23720768e-08 7.37501495e-08
 7.51282222e-08 7.65062949e-08 7.78843676e-08 7.92624403e-08
 8.06405130e-08 8.20185857e-08 8.33966584e-08 8.47747311e-08
 8.61528038e-08 8.75308765e-08 8.89089492e-08 9.02870219e-08
 9.16650946e-08 9.30431673e-08 9.44212400e-08 9.57993127e-08
 9.71773854e-08 9.85554581e-08 9.99335308e-08 1.01311604e-07
 1.02689676e-07 1.04067749e-07 1.05445822e-07 1.06823894e-07
 1.08201967e-07 1.09580040e-07 1.10958112e-07 1.12336185e-07
 1.13714258e-07 1.15092331e-07 1.16470403e-07 1.17848476e-07
 1.19226549e-07 1.20604621e-07 1.21982694e-07 1.23360767e-07
 1.24738840e-07 1.26116912e-07 1.27494985e-07 1.28873058e-07
 1.30251130e-07 1.31629203e-07 1.33007276e-07 1.34385348e-07
 1.35763421e-07 1.37141494e-07 1.38519567e-07 1.39897639e-07
 1.41275712e-07 1.42653785e-07 1.44031857e-07 1.45409930e-07
 1.46788003e-07]
Frequencies: [2.17204300e+06 8.88046900e+06 1.62679440e+07 2.44450890e+07
 2.70963700e+07 2.99825380e+07 3.29434680e+07 3.80152120e+07
 4.49790960e+07 6.01441840e+07 8.56881440e+07 1.02572881e+08
 1.11194471e+08 1.09413664e+08 1.12437847e+08 1.13451842e+08
 1.10582352e+08 1.08496540e+08 1.07547836e+08 1.06147941e+08
 1.06647496e+08 1.08758454e+08 1.13120288e+08 1.19884768e+08
 1.28947624e+08 1.45345409e+08 2.50011050e+08 2.24756618e+08
 1.08330135e+08 7.11823690e+07 5.48730660e+07 5.03478750e+07
 4.76445400e+07 4.68120920e+07 4.67322710e+07 4.64255630e+07
 4.75968030e+07 4.88957840e+07 5.00676880e+07 5.13939980e+07
 5.21245990e+07 5.61237980e+07 5.94454000e+07 6.30650440e+07
 6.81911730e+07 7.40658390e+07 7.91701480e+07 8.15297720e+07
 8.33141940e+07 8.62040920e+07 8.16167950e+07 7.66876770e+07
 6.76557240e+07 5.81012310e+07 4.96381900e+07 4.17975490e+07
 3.30712540e+07 2.73959700e+07 2.33633250e+07 2.03102280e+07
 1.82857490e+07 1.63730510e+07 1.52516920e+07 1.41808360e+07
 1.29565670e+07 1.16020530e+07 1.00170670e+07 8.40644500e+06
 6.26235400e+06 4.72794100e+06 3.94477700e+06 3.14008900e+06
 2.61147600e+06 2.07997300e+06 1.81790400e+06 1.41235200e+06
 1.08785400e+06 8.09692000e+05 4.93554000e+05 4.16376000e+05
 3.46329000e+05 2.77941000e+05 2.49112000e+05 2.10258000e+05
 1.73884000e+05 1.58068000e+05 1.47381000e+05 1.24593000e+05
 9.60520000e+04 8.07480000e+04 7.37370000e+04 6.75700000e+04
 5.49010000e+04 4.00630000e+04 3.32650000e+04 3.26660000e+04
 1.80910000e+04 8.28200000e+03 5.50300000e+03 1.93000000e+03]
