Standard Deviation: 7.627963581949731
Skewness: -0.028930806390333647
Kurtosis: 1.2667488617030216
Median: 0.032590229713353
Mean: 0.003512675873476224
Deciles: [-4.46265777  4.49510924]
Minimum: -57.35187404537542
Maximum: 53.450174156193455
Bin Edges: [-57.35187405 -56.24385356 -55.13583308 -54.0278126  -52.91979212
 -51.81177164 -50.70375115 -49.59573067 -48.48771019 -47.37968971
 -46.27166923 -45.16364874 -44.05562826 -42.94760778 -41.8395873
 -40.73156682 -39.62354633 -38.51552585 -37.40750537 -36.29948489
 -35.19146441 -34.08344392 -32.97542344 -31.86740296 -30.75938248
 -29.65136199 -28.54334151 -27.43532103 -26.32730055 -25.21928007
 -24.11125958 -23.0032391  -21.89521862 -20.78719814 -19.67917766
 -18.57115717 -17.46313669 -16.35511621 -15.24709573 -14.13907525
 -13.03105476 -11.92303428 -10.8150138   -9.70699332  -8.59897284
  -7.49095235  -6.38293187  -5.27491139  -4.16689091  -3.05887043
  -1.95084994  -0.84282946   0.26519102   1.3732115    2.48123198
   3.58925247   4.69727295   5.80529343   6.91331391   8.02133439
   9.12935488  10.23737536  11.34539584  12.45341632  13.5614368
  14.66945729  15.77747777  16.88549825  17.99351873  19.10153921
  20.2095597   21.31758018  22.42560066  23.53362114  24.64164162
  25.74966211  26.85768259  27.96570307  29.07372355  30.18174403
  31.28976452  32.397785    33.50580548  34.61382596  35.72184644
  36.82986693  37.93788741  39.04590789  40.15392837  41.26194885
  42.36996934  43.47798982  44.5860103   45.69403078  46.80205126
  47.91007175  49.01809223  50.12611271  51.23413319  52.34215367
  53.45017416]
Frequencies: [1.90000000e+01 5.40000000e+01 1.28000000e+02 2.89000000e+02
 8.39000000e+02 1.60100000e+03 2.29000000e+03 3.13000000e+03
 4.79800000e+03 7.97200000e+03 1.21040000e+04 1.80390000e+04
 2.69780000e+04 3.89030000e+04 5.59340000e+04 8.13820000e+04
 1.15172000e+05 1.53956000e+05 2.06777000e+05 2.74782000e+05
 3.63257000e+05 4.81314000e+05 6.34070000e+05 8.21196000e+05
 1.06205000e+06 1.38010300e+06 1.78259400e+06 2.30028000e+06
 2.96778100e+06 3.80107500e+06 4.87909900e+06 6.24855100e+06
 8.02945400e+06 1.03007510e+07 1.32087690e+07 1.68674360e+07
 2.14678000e+07 2.72733110e+07 3.45003210e+07 4.35302150e+07
 5.46134390e+07 6.80559940e+07 8.43770300e+07 1.03968602e+08
 1.27240296e+08 1.54249281e+08 1.84343258e+08 2.16593388e+08
 2.49059936e+08 2.78348074e+08 3.00668101e+08 3.11964555e+08
 3.09577874e+08 2.94152935e+08 2.68893083e+08 2.37802182e+08
 2.04535882e+08 1.71901728e+08 1.42154513e+08 1.16437364e+08
 9.46992470e+07 7.64035230e+07 6.13839650e+07 4.91264260e+07
 3.91005080e+07 3.09168260e+07 2.43174010e+07 1.90074910e+07
 1.47814480e+07 1.14567940e+07 8.86027000e+06 6.84309900e+06
 5.27274100e+06 4.05670400e+06 3.11998100e+06 2.39138300e+06
 1.83990800e+06 1.41940500e+06 1.08025700e+06 8.30841000e+05
 6.34865000e+05 4.77222000e+05 3.53620000e+05 2.62738000e+05
 1.93993000e+05 1.43025000e+05 1.05396000e+05 7.60770000e+04
 5.74920000e+04 4.23740000e+04 3.06600000e+04 2.11650000e+04
 1.50260000e+04 9.39800000e+03 5.68000000e+03 2.88600000e+03
 1.20400000e+03 5.10000000e+02 2.65000000e+02 9.70000000e+01]
