Standard Deviation: 0.0013543926967885828
Skewness: 1.486345164387753
Kurtosis: 1.4813296205929696
Median: 0.0006616979194115211
Mean: 0.0012319970868628711
Deciles: [0.00024897 0.00176235]
Minimum: 1.0030625220280085e-12
Maximum: 0.011418483071770394
Bin Edges: [1.00306252e-12 1.14184832e-04 2.28369662e-04 3.42554493e-04
 4.56739324e-04 5.70924155e-04 6.85108985e-04 7.99293816e-04
 9.13478647e-04 1.02766348e-03 1.14184831e-03 1.25603314e-03
 1.37021797e-03 1.48440280e-03 1.59858763e-03 1.71277246e-03
 1.82695729e-03 1.94114212e-03 2.05532695e-03 2.16951178e-03
 2.28369662e-03 2.39788145e-03 2.51206628e-03 2.62625111e-03
 2.74043594e-03 2.85462077e-03 2.96880560e-03 3.08299043e-03
 3.19717526e-03 3.31136009e-03 3.42554492e-03 3.53972975e-03
 3.65391458e-03 3.76809941e-03 3.88228425e-03 3.99646908e-03
 4.11065391e-03 4.22483874e-03 4.33902357e-03 4.45320840e-03
 4.56739323e-03 4.68157806e-03 4.79576289e-03 4.90994772e-03
 5.02413255e-03 5.13831738e-03 5.25250221e-03 5.36668704e-03
 5.48087187e-03 5.59505671e-03 5.70924154e-03 5.82342637e-03
 5.93761120e-03 6.05179603e-03 6.16598086e-03 6.28016569e-03
 6.39435052e-03 6.50853535e-03 6.62272018e-03 6.73690501e-03
 6.85108984e-03 6.96527467e-03 7.07945950e-03 7.19364434e-03
 7.30782917e-03 7.42201400e-03 7.53619883e-03 7.65038366e-03
 7.76456849e-03 7.87875332e-03 7.99293815e-03 8.10712298e-03
 8.22130781e-03 8.33549264e-03 8.44967747e-03 8.56386230e-03
 8.67804713e-03 8.79223197e-03 8.90641680e-03 9.02060163e-03
 9.13478646e-03 9.24897129e-03 9.36315612e-03 9.47734095e-03
 9.59152578e-03 9.70571061e-03 9.81989544e-03 9.93408027e-03
 1.00482651e-02 1.01624499e-02 1.02766348e-02 1.03908196e-02
 1.05050044e-02 1.06191893e-02 1.07333741e-02 1.08475589e-02
 1.09617437e-02 1.10759286e-02 1.11901134e-02 1.13042982e-02
 1.14184831e-02]
Frequencies: [4.89124629e+08 5.59378093e+08 4.32874110e+08 3.37523503e+08
 2.70809606e+08 2.23543212e+08 1.88407500e+08 1.61340343e+08
 1.39980732e+08 1.22989872e+08 1.09162493e+08 9.75191400e+07
 8.81439630e+07 8.05748410e+07 7.40993210e+07 6.85972390e+07
 6.39528700e+07 5.98724510e+07 5.62610450e+07 5.30671580e+07
 5.02296540e+07 4.76891130e+07 4.53891580e+07 4.32967750e+07
 4.14157700e+07 3.97627420e+07 3.82159950e+07 3.67701390e+07
 3.54679450e+07 3.42436440e+07 3.30792080e+07 3.20003460e+07
 3.09146170e+07 2.98445090e+07 2.87408390e+07 2.75987880e+07
 2.64587890e+07 2.52510060e+07 2.39927050e+07 2.27601470e+07
 2.14667790e+07 2.01383020e+07 1.87816710e+07 1.73500120e+07
 1.58662640e+07 1.43296330e+07 1.26671980e+07 1.09267760e+07
 9.13645500e+06 7.40504300e+06 5.79122700e+06 4.36479700e+06
 3.20469000e+06 2.32923900e+06 1.69849100e+06 1.25460100e+06
 9.45649000e+05 7.26894000e+05 5.58097000e+05 4.27194000e+05
 3.31455000e+05 2.55536000e+05 1.95418000e+05 1.50739000e+05
 1.16916000e+05 9.07410000e+04 6.92340000e+04 5.38530000e+04
 4.22720000e+04 3.30710000e+04 2.55680000e+04 2.09000000e+04
 1.61830000e+04 1.30050000e+04 1.07430000e+04 8.97700000e+03
 7.46800000e+03 6.38100000e+03 5.12700000e+03 4.13100000e+03
 3.21100000e+03 2.37600000e+03 1.80500000e+03 1.36400000e+03
 1.12000000e+03 8.67000000e+02 6.21000000e+02 5.65000000e+02
 3.64000000e+02 3.17000000e+02 2.32000000e+02 1.41000000e+02
 7.80000000e+01 7.30000000e+01 4.00000000e+01 2.90000000e+01
 2.40000000e+01 1.60000000e+01 8.00000000e+00 9.00000000e+00]
