Standard Deviation: 13.01753752421141
Skewness: 0.6479589632943528
Kurtosis: 0.17857842373674782
Median: 5.1411335869148616
Mean: 7.148315779568868
Deciles: [-2.67743892 15.39502259]
Minimum: -54.84959518668876
Maximum: 88.67925818443054
Bin Edges: [-54.84959519 -53.41430665 -51.97901812 -50.54372959 -49.10844105
 -47.67315252 -46.23786398 -44.80257545 -43.36728692 -41.93199838
 -40.49670985 -39.06142132 -37.62613278 -36.19084425 -34.75555571
 -33.32026718 -31.88497865 -30.44969011 -29.01440158 -27.57911305
 -26.14382451 -24.70853598 -23.27324745 -21.83795891 -20.40267038
 -18.96738184 -17.53209331 -16.09680478 -14.66151624 -13.22622771
 -11.79093918 -10.35565064  -8.92036211  -7.48507357  -6.04978504
  -4.61449651  -3.17920797  -1.74391944  -0.30863091   1.12665763
   2.56194616   3.9972347    5.43252323   6.86781176   8.3031003
   9.73838883  11.17367736  12.6089659   14.04425443  15.47954297
  16.9148315   18.35012003  19.78540857  21.2206971   22.65598563
  24.09127417  25.5265627   26.96185123  28.39713977  29.8324283
  31.26771684  32.70300537  34.1382939   35.57358244  37.00887097
  38.4441595   39.87944804  41.31473657  42.75002511  44.18531364
  45.62060217  47.05589071  48.49117924  49.92646777  51.36175631
  52.79704484  54.23233338  55.66762191  57.10291044  58.53819898
  59.97348751  61.40877604  62.84406458  64.27935311  65.71464165
  67.14993018  68.58521871  70.02050725  71.45579578  72.89108431
  74.32637285  75.76166138  77.19694991  78.63223845  80.06752698
  81.50281552  82.93810405  84.37339258  85.80868112  87.24396965
  88.67925818]
Frequencies: [6.00000000e+00 1.40000000e+01 4.50000000e+01 1.07000000e+02
 1.13000000e+02 2.58000000e+02 4.98000000e+02 1.05000000e+03
 2.25100000e+03 3.88400000e+03 7.39400000e+03 1.18670000e+04
 1.91530000e+04 3.10010000e+04 5.07300000e+04 7.71150000e+04
 1.17801000e+05 1.82520000e+05 2.86784000e+05 4.46479000e+05
 7.13207000e+05 1.13479000e+06 1.85058800e+06 3.01644800e+06
 5.02410500e+06 8.45805100e+06 1.43257210e+07 2.39072390e+07
 3.85257430e+07 5.88788500e+07 8.43719650e+07 1.13137934e+08
 1.42714656e+08 1.69268089e+08 1.90281847e+08 2.04658379e+08
 2.12926902e+08 2.15471107e+08 2.13767789e+08 2.09119260e+08
 2.02271455e+08 1.94250181e+08 1.85174890e+08 1.75947088e+08
 1.66724730e+08 1.57453854e+08 1.48414912e+08 1.39555823e+08
 1.30768229e+08 1.22226531e+08 1.13705288e+08 1.05200426e+08
 9.67929910e+07 8.86740340e+07 8.07371770e+07 7.30507380e+07
 6.55549760e+07 5.83792390e+07 5.15070230e+07 4.49654780e+07
 3.88935830e+07 3.33661920e+07 2.84035200e+07 2.39759130e+07
 2.00518390e+07 1.66068800e+07 1.36186070e+07 1.10746460e+07
 8.93794800e+06 7.16342400e+06 5.68487900e+06 4.47669400e+06
 3.50983000e+06 2.73339600e+06 2.11840500e+06 1.63088200e+06
 1.24411000e+06 9.44574000e+05 7.11598000e+05 5.28129000e+05
 3.88297000e+05 2.81016000e+05 2.05078000e+05 1.49859000e+05
 1.07183000e+05 7.64630000e+04 5.36360000e+04 3.59820000e+04
 2.41930000e+04 1.60850000e+04 9.86800000e+03 5.93400000e+03
 3.61700000e+03 2.17200000e+03 1.11500000e+03 6.28000000e+02
 5.09000000e+02 3.97000000e+02 6.80000000e+01 4.80000000e+01]
