Standard Deviation: 0.00545362267929435
Skewness: 0.16469630393357018
Kurtosis: -1.3237476824577008
Median: 0.008051732965826786
Mean: 0.008814908476856398
Deciles: [0.00395403 0.01404021]
Minimum: 4.278504143327893e-10
Maximum: 0.02399716344213081
Bin Edges: [4.27850414e-10 2.39972058e-04 4.79943688e-04 7.19915318e-04
 9.59886948e-04 1.19985858e-03 1.43983021e-03 1.67980184e-03
 1.91977347e-03 2.15974510e-03 2.39971673e-03 2.63968836e-03
 2.87965999e-03 3.11963162e-03 3.35960325e-03 3.59957488e-03
 3.83954651e-03 4.07951814e-03 4.31948977e-03 4.55946140e-03
 4.79943303e-03 5.03940466e-03 5.27937629e-03 5.51934792e-03
 5.75931955e-03 5.99929118e-03 6.23926281e-03 6.47923444e-03
 6.71920607e-03 6.95917770e-03 7.19914933e-03 7.43912096e-03
 7.67909259e-03 7.91906422e-03 8.15903585e-03 8.39900748e-03
 8.63897911e-03 8.87895074e-03 9.11892237e-03 9.35889400e-03
 9.59886563e-03 9.83883726e-03 1.00788089e-02 1.03187805e-02
 1.05587522e-02 1.07987238e-02 1.10386954e-02 1.12786670e-02
 1.15186387e-02 1.17586103e-02 1.19985819e-02 1.22385536e-02
 1.24785252e-02 1.27184968e-02 1.29584685e-02 1.31984401e-02
 1.34384117e-02 1.36783833e-02 1.39183550e-02 1.41583266e-02
 1.43982982e-02 1.46382699e-02 1.48782415e-02 1.51182131e-02
 1.53581848e-02 1.55981564e-02 1.58381280e-02 1.60780996e-02
 1.63180713e-02 1.65580429e-02 1.67980145e-02 1.70379862e-02
 1.72779578e-02 1.75179294e-02 1.77579011e-02 1.79978727e-02
 1.82378443e-02 1.84778159e-02 1.87177876e-02 1.89577592e-02
 1.91977308e-02 1.94377025e-02 1.96776741e-02 1.99176457e-02
 2.01576174e-02 2.03975890e-02 2.06375606e-02 2.08775323e-02
 2.11175039e-02 2.13574755e-02 2.15974471e-02 2.18374188e-02
 2.20773904e-02 2.23173620e-02 2.25573337e-02 2.27973053e-02
 2.30372769e-02 2.32772486e-02 2.35172202e-02 2.37571918e-02
 2.39971634e-02]
Frequencies: [5.0616354e+07 6.5279097e+07 5.9566227e+07 5.0446140e+07 4.7613735e+07
 4.8806816e+07 5.2223080e+07 5.7193911e+07 6.4057845e+07 7.2516843e+07
 8.0981544e+07 8.6466049e+07 8.8938101e+07 9.0171127e+07 8.9738262e+07
 8.8779243e+07 8.7379612e+07 8.5081287e+07 8.2537635e+07 7.9626108e+07
 7.6739683e+07 7.3950043e+07 7.1386360e+07 6.8921226e+07 6.6571346e+07
 6.4404641e+07 6.2233252e+07 6.0118555e+07 5.7970670e+07 5.5962002e+07
 5.4016707e+07 5.2241814e+07 5.0657824e+07 4.9272660e+07 4.8027246e+07
 4.6969640e+07 4.6082370e+07 4.5314409e+07 4.4683742e+07 4.4135375e+07
 4.3712987e+07 4.3360320e+07 4.3053086e+07 4.2815191e+07 4.2725025e+07
 4.2691640e+07 4.2676188e+07 4.2773312e+07 4.3047271e+07 4.3496302e+07
 4.4019982e+07 4.4707307e+07 4.5556218e+07 4.6568969e+07 4.7787823e+07
 4.9125879e+07 5.0625381e+07 5.2265758e+07 5.3997453e+07 5.5952324e+07
 5.8033074e+07 6.0229549e+07 6.2577013e+07 6.5106859e+07 6.8014570e+07
 7.1157741e+07 7.4326979e+07 7.7108790e+07 7.8816565e+07 7.8315238e+07
 7.4929462e+07 6.8582823e+07 5.9845194e+07 4.9201986e+07 3.7603486e+07
 2.6377200e+07 1.6949212e+07 1.0163038e+07 5.9180640e+06 3.4922910e+06
 2.1466960e+06 1.3490480e+06 8.6569500e+05 5.4468800e+05 3.4315100e+05
 2.1111900e+05 1.2892900e+05 8.0749000e+04 4.9688000e+04 3.0256000e+04
 1.9701000e+04 1.2145000e+04 7.2210000e+03 4.2470000e+03 2.2960000e+03
 1.2180000e+03 6.7000000e+02 2.3900000e+02 9.1000000e+01 2.2000000e+01]
