Standard Deviation: 1.7936145013663918e-08
Skewness: 1.0000000000042188
Kurtosis: -1.999999999991579
Median: 2321.079811610005
Mean: 2321.079811592069
Deciles: [2321.07981161 2321.07981161]
Minimum: 2321.079811610005
Maximum: 2321.079811610005
Bin Edges: [2320.57981161 2320.58981161 2320.59981161 2320.60981161 2320.61981161
 2320.62981161 2320.63981161 2320.64981161 2320.65981161 2320.66981161
 2320.67981161 2320.68981161 2320.69981161 2320.70981161 2320.71981161
 2320.72981161 2320.73981161 2320.74981161 2320.75981161 2320.76981161
 2320.77981161 2320.78981161 2320.79981161 2320.80981161 2320.81981161
 2320.82981161 2320.83981161 2320.84981161 2320.85981161 2320.86981161
 2320.87981161 2320.88981161 2320.89981161 2320.90981161 2320.91981161
 2320.92981161 2320.93981161 2320.94981161 2320.95981161 2320.96981161
 2320.97981161 2320.98981161 2320.99981161 2321.00981161 2321.01981161
 2321.02981161 2321.03981161 2321.04981161 2321.05981161 2321.06981161
 2321.07981161 2321.08981161 2321.09981161 2321.10981161 2321.11981161
 2321.12981161 2321.13981161 2321.14981161 2321.15981161 2321.16981161
 2321.17981161 2321.18981161 2321.19981161 2321.20981161 2321.21981161
 2321.22981161 2321.23981161 2321.24981161 2321.25981161 2321.26981161
 2321.27981161 2321.28981161 2321.29981161 2321.30981161 2321.31981161
 2321.32981161 2321.33981161 2321.34981161 2321.35981161 2321.36981161
 2321.37981161 2321.38981161 2321.39981161 2321.40981161 2321.41981161
 2321.42981161 2321.43981161 2321.44981161 2321.45981161 2321.46981161
 2321.47981161 2321.48981161 2321.49981161 2321.50981161 2321.51981161
 2321.52981161 2321.53981161 2321.54981161 2321.55981161 2321.56981161
 2321.57981161]
Frequencies: [0.000000e+00 0.000000e+00 0.000000e+00 0.000000e+00 0.000000e+00
 0.000000e+00 0.000000e+00 0.000000e+00 0.000000e+00 0.000000e+00
 0.000000e+00 0.000000e+00 0.000000e+00 0.000000e+00 0.000000e+00
 0.000000e+00 0.000000e+00 0.000000e+00 0.000000e+00 0.000000e+00
 0.000000e+00 0.000000e+00 0.000000e+00 0.000000e+00 0.000000e+00
 0.000000e+00 0.000000e+00 0.000000e+00 0.000000e+00 0.000000e+00
 0.000000e+00 0.000000e+00 0.000000e+00 0.000000e+00 0.000000e+00
 0.000000e+00 0.000000e+00 0.000000e+00 0.000000e+00 0.000000e+00
 0.000000e+00 0.000000e+00 0.000000e+00 0.000000e+00 0.000000e+00
 0.000000e+00 0.000000e+00 0.000000e+00 0.000000e+00 0.000000e+00
 4.541184e+09 0.000000e+00 0.000000e+00 0.000000e+00 0.000000e+00
 0.000000e+00 0.000000e+00 0.000000e+00 0.000000e+00 0.000000e+00
 0.000000e+00 0.000000e+00 0.000000e+00 0.000000e+00 0.000000e+00
 0.000000e+00 0.000000e+00 0.000000e+00 0.000000e+00 0.000000e+00
 0.000000e+00 0.000000e+00 0.000000e+00 0.000000e+00 0.000000e+00
 0.000000e+00 0.000000e+00 0.000000e+00 0.000000e+00 0.000000e+00
 0.000000e+00 0.000000e+00 0.000000e+00 0.000000e+00 0.000000e+00
 0.000000e+00 0.000000e+00 0.000000e+00 0.000000e+00 0.000000e+00
 0.000000e+00 0.000000e+00 0.000000e+00 0.000000e+00 0.000000e+00
 0.000000e+00 0.000000e+00 0.000000e+00 0.000000e+00 0.000000e+00]
