Standard Deviation: 9.317955118604004e-08
Skewness: 0.9999999999946045
Kurtosis: -2.000000000007423
Median: 9463.009200213704
Mean: 9463.009200120525
Deciles: [9463.00920021 9463.00920021]
Minimum: 9463.009200213704
Maximum: 9463.009200213704
Bin Edges: [9462.50920021 9462.51920021 9462.52920021 9462.53920021 9462.54920021
 9462.55920021 9462.56920021 9462.57920021 9462.58920021 9462.59920021
 9462.60920021 9462.61920021 9462.62920021 9462.63920021 9462.64920021
 9462.65920021 9462.66920021 9462.67920021 9462.68920021 9462.69920021
 9462.70920021 9462.71920021 9462.72920021 9462.73920021 9462.74920021
 9462.75920021 9462.76920021 9462.77920021 9462.78920021 9462.79920021
 9462.80920021 9462.81920021 9462.82920021 9462.83920021 9462.84920021
 9462.85920021 9462.86920021 9462.87920021 9462.88920021 9462.89920021
 9462.90920021 9462.91920021 9462.92920021 9462.93920021 9462.94920021
 9462.95920021 9462.96920021 9462.97920021 9462.98920021 9462.99920021
 9463.00920021 9463.01920021 9463.02920021 9463.03920021 9463.04920021
 9463.05920021 9463.06920021 9463.07920021 9463.08920021 9463.09920021
 9463.10920021 9463.11920021 9463.12920021 9463.13920021 9463.14920021
 9463.15920021 9463.16920021 9463.17920021 9463.18920021 9463.19920021
 9463.20920021 9463.21920021 9463.22920021 9463.23920021 9463.24920021
 9463.25920021 9463.26920021 9463.27920021 9463.28920021 9463.29920021
 9463.30920021 9463.31920021 9463.32920021 9463.33920021 9463.34920021
 9463.35920021 9463.36920021 9463.37920021 9463.38920021 9463.39920021
 9463.40920021 9463.41920021 9463.42920021 9463.43920021 9463.44920021
 9463.45920021 9463.46920021 9463.47920021 9463.48920021 9463.49920021
 9463.50920021]
Frequencies: [0.000000e+00 0.000000e+00 0.000000e+00 0.000000e+00 0.000000e+00
 0.000000e+00 0.000000e+00 0.000000e+00 0.000000e+00 0.000000e+00
 0.000000e+00 0.000000e+00 0.000000e+00 0.000000e+00 0.000000e+00
 0.000000e+00 0.000000e+00 0.000000e+00 0.000000e+00 0.000000e+00
 0.000000e+00 0.000000e+00 0.000000e+00 0.000000e+00 0.000000e+00
 0.000000e+00 0.000000e+00 0.000000e+00 0.000000e+00 0.000000e+00
 0.000000e+00 0.000000e+00 0.000000e+00 0.000000e+00 0.000000e+00
 0.000000e+00 0.000000e+00 0.000000e+00 0.000000e+00 0.000000e+00
 0.000000e+00 0.000000e+00 0.000000e+00 0.000000e+00 0.000000e+00
 0.000000e+00 0.000000e+00 0.000000e+00 0.000000e+00 0.000000e+00
 4.541184e+09 0.000000e+00 0.000000e+00 0.000000e+00 0.000000e+00
 0.000000e+00 0.000000e+00 0.000000e+00 0.000000e+00 0.000000e+00
 0.000000e+00 0.000000e+00 0.000000e+00 0.000000e+00 0.000000e+00
 0.000000e+00 0.000000e+00 0.000000e+00 0.000000e+00 0.000000e+00
 0.000000e+00 0.000000e+00 0.000000e+00 0.000000e+00 0.000000e+00
 0.000000e+00 0.000000e+00 0.000000e+00 0.000000e+00 0.000000e+00
 0.000000e+00 0.000000e+00 0.000000e+00 0.000000e+00 0.000000e+00
 0.000000e+00 0.000000e+00 0.000000e+00 0.000000e+00 0.000000e+00
 0.000000e+00 0.000000e+00 0.000000e+00 0.000000e+00 0.000000e+00
 0.000000e+00 0.000000e+00 0.000000e+00 0.000000e+00 0.000000e+00]
