Standard Deviation: 1.1447874307302153e-07
Skewness: 2.6049458389960605
Kurtosis: 6.711507842867773
Median: 1.7386536138255903e-06
Mean: 1.7829210334688415e-06
Deciles: [1.71620587e-06 1.79779425e-06]
Minimum: 1.6955826146866853e-06
Maximum: 2.2972763647861044e-06
Bin Edges: [1.69558261e-06 1.70159955e-06 1.70761649e-06 1.71363343e-06
 1.71965036e-06 1.72566730e-06 1.73168424e-06 1.73770118e-06
 1.74371811e-06 1.74973505e-06 1.75575199e-06 1.76176893e-06
 1.76778586e-06 1.77380280e-06 1.77981974e-06 1.78583668e-06
 1.79185361e-06 1.79787055e-06 1.80388749e-06 1.80990443e-06
 1.81592136e-06 1.82193830e-06 1.82795524e-06 1.83397218e-06
 1.83998911e-06 1.84600605e-06 1.85202299e-06 1.85803993e-06
 1.86405686e-06 1.87007380e-06 1.87609074e-06 1.88210768e-06
 1.88812461e-06 1.89414155e-06 1.90015849e-06 1.90617543e-06
 1.91219236e-06 1.91820930e-06 1.92422624e-06 1.93024318e-06
 1.93626011e-06 1.94227705e-06 1.94829399e-06 1.95431093e-06
 1.96032786e-06 1.96634480e-06 1.97236174e-06 1.97837868e-06
 1.98439561e-06 1.99041255e-06 1.99642949e-06 2.00244643e-06
 2.00846336e-06 2.01448030e-06 2.02049724e-06 2.02651418e-06
 2.03253111e-06 2.03854805e-06 2.04456499e-06 2.05058193e-06
 2.05659886e-06 2.06261580e-06 2.06863274e-06 2.07464968e-06
 2.08066661e-06 2.08668355e-06 2.09270049e-06 2.09871743e-06
 2.10473436e-06 2.11075130e-06 2.11676824e-06 2.12278518e-06
 2.12880211e-06 2.13481905e-06 2.14083599e-06 2.14685293e-06
 2.15286986e-06 2.15888680e-06 2.16490374e-06 2.17092068e-06
 2.17693761e-06 2.18295455e-06 2.18897149e-06 2.19498843e-06
 2.20100536e-06 2.20702230e-06 2.21303924e-06 2.21905618e-06
 2.22507311e-06 2.23109005e-06 2.23710699e-06 2.24312393e-06
 2.24914086e-06 2.25515780e-06 2.26117474e-06 2.26719168e-06
 2.27320861e-06 2.27922555e-06 2.28524249e-06 2.29125943e-06
 2.29727636e-06]
Frequencies: [3.01274282e+08 4.23922490e+07 4.75795090e+08 6.68023566e+08
 3.02750593e+08 3.32963030e+08 1.34870255e+08 7.46251010e+07
 5.75453480e+07 2.29181853e+08 2.59194750e+07 1.89434750e+07
 7.37425310e+07 1.92437120e+08 2.27379324e+08 1.08197273e+08
 1.43642569e+08 3.09410582e+08 2.84476530e+07 1.36468060e+07
 1.17085160e+07 1.07896290e+07 1.10135500e+07 1.28460770e+07
 1.61713020e+07 4.04292900e+07 1.40822352e+08 3.35961440e+07
 1.73440320e+07 1.07424310e+07 8.84980400e+06 9.07291000e+06
 9.72428700e+06 1.01971080e+07 1.79769230e+07 3.28444780e+07
 1.96283780e+07 1.53635090e+07 1.21860720e+07 8.61913300e+06
 8.16775700e+06 6.46759300e+06 5.57925900e+06 5.06619200e+06
 5.14494500e+06 4.73384000e+06 5.08487400e+06 4.37912800e+06
 4.22908600e+06 3.57235600e+06 3.31895500e+06 3.82651200e+06
 3.81526100e+06 3.36817600e+06 3.42993900e+06 2.81277900e+06
 2.65887100e+06 2.64179600e+06 3.02359100e+06 3.11446000e+06
 2.93061000e+06 2.97108100e+06 3.00450300e+06 2.89000600e+06
 2.96507100e+06 2.93634000e+06 2.62356700e+06 2.52273400e+06
 2.39649000e+06 2.70486700e+06 3.05046500e+06 2.70224300e+06
 2.59525800e+06 2.98469800e+06 2.95370800e+06 3.32975900e+06
 3.32812800e+06 3.82679100e+06 4.03800600e+06 4.62700900e+06
 6.44663900e+06 1.09342090e+07 1.81131170e+07 3.05286770e+07
 2.66494420e+07 1.99571430e+07 1.29409260e+07 1.06204140e+07
 1.05115840e+07 8.08039200e+06 6.21809900e+06 5.25406700e+06
 4.18774600e+06 3.73705800e+06 2.80713900e+06 2.31333800e+06
 2.32870500e+06 1.49389900e+06 9.01792000e+05 2.28810000e+05]
