Standard Deviation: 7.277844285985049
Skewness: -1.6303234326219616
Kurtosis: 4.208238486038788
Median: 227.4153168236723
Mean: 226.0131279276056
Deciles: [224.37014446 229.92070865]
Minimum: 183.0857399309089
Maximum: 291.3372596796392
Bin Edges: [183.08573993 184.16825513 185.25077033 186.33328552 187.41580072
 188.49831592 189.58083112 190.66334631 191.74586151 192.82837671
 193.91089191 194.9934071  196.0759223  197.1584375  198.2409527
 199.32346789 200.40598309 201.48849829 202.57101349 203.65352868
 204.73604388 205.81855908 206.90107428 207.98358947 209.06610467
 210.14861987 211.23113507 212.31365026 213.39616546 214.47868066
 215.56119586 216.64371105 217.72622625 218.80874145 219.89125665
 220.97377184 222.05628704 223.13880224 224.22131744 225.30383263
 226.38634783 227.46886303 228.55137823 229.63389342 230.71640862
 231.79892382 232.88143902 233.96395421 235.04646941 236.12898461
 237.21149981 238.294015   239.3765302  240.4590454  241.5415606
 242.62407579 243.70659099 244.78910619 245.87162139 246.95413658
 248.03665178 249.11916698 250.20168218 251.28419737 252.36671257
 253.44922777 254.53174297 255.61425816 256.69677336 257.77928856
 258.86180376 259.94431895 261.02683415 262.10934935 263.19186454
 264.27437974 265.35689494 266.43941014 267.52192533 268.60444053
 269.68695573 270.76947093 271.85198612 272.93450132 274.01701652
 275.09953172 276.18204691 277.26456211 278.34707731 279.42959251
 280.5121077  281.5946229  282.6771381  283.7596533  284.84216849
 285.92468369 287.00719889 288.08971409 289.17222928 290.25474448
 291.33725968]
Frequencies: [5.83000000e+02 2.69100000e+03 6.29400000e+03 1.51650000e+04
 3.51700000e+04 9.18670000e+04 2.45083000e+05 5.83349000e+05
 1.23516000e+06 2.45933600e+06 4.08905500e+06 6.18633600e+06
 8.61159900e+06 1.08167020e+07 1.28137070e+07 1.45718590e+07
 1.61337000e+07 1.74758180e+07 1.85926750e+07 1.93282590e+07
 2.00088810e+07 2.06311520e+07 2.12653110e+07 2.19577440e+07
 2.28931900e+07 2.40610240e+07 2.55290080e+07 2.74613970e+07
 2.97075490e+07 3.23773800e+07 3.60932820e+07 4.14324090e+07
 4.85162090e+07 5.86592440e+07 7.47102740e+07 1.01277677e+08
 1.44854351e+08 2.14061204e+08 3.09879566e+08 4.08434801e+08
 4.78160025e+08 5.07381492e+08 4.86312221e+08 4.02258750e+08
 2.87294356e+08 1.88220338e+08 1.22173570e+08 8.14989820e+07
 5.28620310e+07 3.38759770e+07 2.24360580e+07 1.67618270e+07
 1.30066890e+07 8.96871900e+06 5.70854700e+06 3.91954700e+06
 2.91542300e+06 2.26841800e+06 1.78037400e+06 1.40058200e+06
 1.08938400e+06 8.35826000e+05 6.26792000e+05 4.77787000e+05
 3.65861000e+05 2.79531000e+05 2.20485000e+05 1.73752000e+05
 1.43370000e+05 1.16866000e+05 9.82410000e+04 8.30740000e+04
 6.83650000e+04 5.55460000e+04 4.39750000e+04 3.41920000e+04
 2.95120000e+04 2.36910000e+04 1.97430000e+04 1.58310000e+04
 1.25520000e+04 1.00480000e+04 8.21200000e+03 6.19600000e+03
 5.98000000e+03 4.80200000e+03 4.46500000e+03 3.61000000e+03
 3.10000000e+03 2.70600000e+03 2.44800000e+03 1.98300000e+03
 1.74800000e+03 1.41000000e+03 9.15000000e+02 6.22000000e+02
 4.97000000e+02 4.19000000e+02 3.22000000e+02 1.54000000e+02]
