Standard Deviation: 7.204803665878875e-08
Skewness: -1.0770335804965032
Kurtosis: 0.24265156114062236
Median: 3.6472799418395437e-07
Mean: 3.444135023542281e-07
Deciles: [3.09978838e-07 4.02763473e-07]
Minimum: 1.2850645049521338e-07
Maximum: 4.205828328373308e-07
Bin Edges: [1.28506450e-07 1.31427214e-07 1.34347978e-07 1.37268742e-07
 1.40189506e-07 1.43110270e-07 1.46031033e-07 1.48951797e-07
 1.51872561e-07 1.54793325e-07 1.57714089e-07 1.60634853e-07
 1.63555616e-07 1.66476380e-07 1.69397144e-07 1.72317908e-07
 1.75238672e-07 1.78159435e-07 1.81080199e-07 1.84000963e-07
 1.86921727e-07 1.89842491e-07 1.92763255e-07 1.95684018e-07
 1.98604782e-07 2.01525546e-07 2.04446310e-07 2.07367074e-07
 2.10287838e-07 2.13208601e-07 2.16129365e-07 2.19050129e-07
 2.21970893e-07 2.24891657e-07 2.27812420e-07 2.30733184e-07
 2.33653948e-07 2.36574712e-07 2.39495476e-07 2.42416240e-07
 2.45337003e-07 2.48257767e-07 2.51178531e-07 2.54099295e-07
 2.57020059e-07 2.59940823e-07 2.62861586e-07 2.65782350e-07
 2.68703114e-07 2.71623878e-07 2.74544642e-07 2.77465405e-07
 2.80386169e-07 2.83306933e-07 2.86227697e-07 2.89148461e-07
 2.92069225e-07 2.94989988e-07 2.97910752e-07 3.00831516e-07
 3.03752280e-07 3.06673044e-07 3.09593808e-07 3.12514571e-07
 3.15435335e-07 3.18356099e-07 3.21276863e-07 3.24197627e-07
 3.27118390e-07 3.30039154e-07 3.32959918e-07 3.35880682e-07
 3.38801446e-07 3.41722210e-07 3.44642973e-07 3.47563737e-07
 3.50484501e-07 3.53405265e-07 3.56326029e-07 3.59246793e-07
 3.62167556e-07 3.65088320e-07 3.68009084e-07 3.70929848e-07
 3.73850612e-07 3.76771375e-07 3.79692139e-07 3.82612903e-07
 3.85533667e-07 3.88454431e-07 3.91375195e-07 3.94295958e-07
 3.97216722e-07 4.00137486e-07 4.03058250e-07 4.05979014e-07
 4.08899778e-07 4.11820541e-07 4.14741305e-07 4.17662069e-07
 4.20582833e-07]
Frequencies: [1.6819200e+06 5.0457600e+06 6.7276800e+06 5.0457600e+06 6.7276800e+06
 8.4096000e+06 1.3455360e+07 3.3638400e+06 1.1773440e+07 1.3455360e+07
 1.1773440e+07 1.3455360e+07 1.1773440e+07 1.3455360e+07 1.3455360e+07
 1.5137280e+07 1.3455360e+07 2.0183040e+07 1.1773440e+07 1.6819200e+07
 1.3455360e+07 2.1864960e+07 1.6819200e+07 1.0091520e+07 2.5228800e+07
 1.6819200e+07 1.6819200e+07 1.8501120e+07 2.0183040e+07 2.0183040e+07
 1.5137280e+07 2.3546880e+07 2.0183040e+07 1.5137280e+07 2.0183040e+07
 1.6819200e+07 2.5228800e+07 2.0183040e+07 2.0183040e+07 2.3546880e+07
 2.5228800e+07 1.3455360e+07 2.6910720e+07 2.1864960e+07 1.3455360e+07
 3.7002240e+07 1.6819200e+07 2.1864960e+07 2.6910720e+07 2.0183040e+07
 1.5137280e+07 3.3638400e+07 3.0274560e+07 1.3455360e+07 3.5320320e+07
 2.3546880e+07 1.6819200e+07 3.1956480e+07 2.6910720e+07 2.3546880e+07
 3.3638400e+07 2.8592640e+07 2.0183040e+07 2.6910720e+07 2.6910720e+07
 2.8592640e+07 2.6910720e+07 3.7002240e+07 3.8684160e+07 8.9141760e+07
 8.0732160e+07 7.9050240e+07 7.9050240e+07 7.2322560e+07 8.9141760e+07
 7.7368320e+07 7.2322560e+07 7.4004480e+07 7.7368320e+07 8.7459840e+07
 7.0640640e+07 7.0640640e+07 8.7459840e+07 7.7368320e+07 7.7368320e+07
 7.7368320e+07 9.0823680e+07 8.7459840e+07 8.4096000e+07 7.4004480e+07
 1.0091520e+08 9.7551360e+07 1.0091520e+08 1.0427904e+08 1.1100672e+08
 1.2109824e+08 1.2782592e+08 1.6819200e+08 1.7491968e+08 4.2048000e+08]
