Standard Deviation: 11.83191333625772
Skewness: -1.1421973583724634
Kurtosis: 0.669717407690678
Median: 265.9586392171379
Mean: 261.39266025117473
Deciles: [254.14408298 270.89240359]
Minimum: 206.67414335208002
Maximum: 283.59405345511044
Bin Edges: [206.67414335 207.44334245 208.21254155 208.98174066 209.75093976
 210.52013886 211.28933796 212.05853706 212.82773616 213.59693526
 214.36613436 215.13533346 215.90453256 216.67373167 217.44293077
 218.21212987 218.98132897 219.75052807 220.51972717 221.28892627
 222.05812537 222.82732447 223.59652357 224.36572268 225.13492178
 225.90412088 226.67331998 227.44251908 228.21171818 228.98091728
 229.75011638 230.51931548 231.28851459 232.05771369 232.82691279
 233.59611189 234.36531099 235.13451009 235.90370919 236.67290829
 237.44210739 238.21130649 238.9805056  239.7497047  240.5189038
 241.2881029  242.057302   242.8265011  243.5957002  244.3648993
 245.1340984  245.9032975  246.67249661 247.44169571 248.21089481
 248.98009391 249.74929301 250.51849211 251.28769121 252.05689031
 252.82608941 253.59528851 254.36448762 255.13368672 255.90288582
 256.67208492 257.44128402 258.21048312 258.97968222 259.74888132
 260.51808042 261.28727953 262.05647863 262.82567773 263.59487683
 264.36407593 265.13327503 265.90247413 266.67167323 267.44087233
 268.21007143 268.97927054 269.74846964 270.51766874 271.28686784
 272.05606694 272.82526604 273.59446514 274.36366424 275.13286334
 275.90206244 276.67126155 277.44046065 278.20965975 278.97885885
 279.74805795 280.51725705 281.28645615 282.05565525 282.82485435
 283.59405346]
Frequencies: [1.24900000e+03 7.81200000e+03 2.74020000e+04 6.59870000e+04
 1.30155000e+05 2.34826000e+05 3.85292000e+05 5.73140000e+05
 7.97749000e+05 1.02769700e+06 1.26978400e+06 1.49181000e+06
 1.73295800e+06 1.95792300e+06 2.15742600e+06 2.35269100e+06
 2.51468900e+06 2.66921400e+06 2.81927300e+06 2.93372200e+06
 3.05819000e+06 3.20566400e+06 3.34182900e+06 3.49932000e+06
 3.75012500e+06 4.03619300e+06 4.37670800e+06 4.80890600e+06
 5.42388000e+06 6.22421100e+06 7.22505200e+06 8.46710100e+06
 9.95499500e+06 1.15584200e+07 1.33930730e+07 1.53487310e+07
 1.72775980e+07 1.92380960e+07 2.13007230e+07 2.32780900e+07
 2.52690260e+07 2.72595130e+07 2.90775280e+07 3.09346870e+07
 3.27458320e+07 3.46137340e+07 3.63618270e+07 3.81215310e+07
 3.98948040e+07 4.14291330e+07 4.29501220e+07 4.43080760e+07
 4.54587560e+07 4.68095840e+07 4.80371860e+07 4.93654310e+07
 5.07813270e+07 5.21267760e+07 5.34595140e+07 5.47842630e+07
 5.64143860e+07 5.79075710e+07 5.93281650e+07 6.06729830e+07
 6.22477750e+07 6.41655940e+07 6.59238800e+07 6.77258490e+07
 6.95048930e+07 7.15800130e+07 7.38599110e+07 7.63928790e+07
 7.91185520e+07 8.22744520e+07 8.62457430e+07 9.18456660e+07
 9.99779860e+07 1.10921491e+08 1.23596105e+08 1.39562733e+08
 1.61664237e+08 1.94502989e+08 2.54586225e+08 3.49565118e+08
 3.90098193e+08 2.89824438e+08 1.55812269e+08 6.85723120e+07
 2.60400890e+07 8.99705100e+06 2.98199200e+06 1.02743500e+06
 3.55533000e+05 1.23384000e+05 4.02740000e+04 1.38860000e+04
 4.22300000e+03 1.07000000e+03 2.25000000e+02 7.60000000e+01]
