Standard Deviation: 3.61953092132714e-05
Skewness: 5.075025241777929
Kurtosis: 32.43250004411873
Median: 2.0881867415331085e-09
Mean: 1.0983978293757467e-05
Deciles: [0.00000000e+00 1.35782165e-06]
Minimum: 0.0
Maximum: 0.0013900366177998372
Bin Edges: [0.00000000e+00 1.39003662e-05 2.78007324e-05 4.17010985e-05
 5.56014647e-05 6.95018309e-05 8.34021971e-05 9.73025632e-05
 1.11202929e-04 1.25103296e-04 1.39003662e-04 1.52904028e-04
 1.66804394e-04 1.80704760e-04 1.94605126e-04 2.08505493e-04
 2.22405859e-04 2.36306225e-04 2.50206591e-04 2.64106957e-04
 2.78007324e-04 2.91907690e-04 3.05808056e-04 3.19708422e-04
 3.33608788e-04 3.47509154e-04 3.61409521e-04 3.75309887e-04
 3.89210253e-04 4.03110619e-04 4.17010985e-04 4.30911352e-04
 4.44811718e-04 4.58712084e-04 4.72612450e-04 4.86512816e-04
 5.00413182e-04 5.14313549e-04 5.28213915e-04 5.42114281e-04
 5.56014647e-04 5.69915013e-04 5.83815379e-04 5.97715746e-04
 6.11616112e-04 6.25516478e-04 6.39416844e-04 6.53317210e-04
 6.67217577e-04 6.81117943e-04 6.95018309e-04 7.08918675e-04
 7.22819041e-04 7.36719407e-04 7.50619774e-04 7.64520140e-04
 7.78420506e-04 7.92320872e-04 8.06221238e-04 8.20121605e-04
 8.34021971e-04 8.47922337e-04 8.61822703e-04 8.75723069e-04
 8.89623435e-04 9.03523802e-04 9.17424168e-04 9.31324534e-04
 9.45224900e-04 9.59125266e-04 9.73025632e-04 9.86925999e-04
 1.00082636e-03 1.01472673e-03 1.02862710e-03 1.04252746e-03
 1.05642783e-03 1.07032820e-03 1.08422856e-03 1.09812893e-03
 1.11202929e-03 1.12592966e-03 1.13983003e-03 1.15373039e-03
 1.16763076e-03 1.18153113e-03 1.19543149e-03 1.20933186e-03
 1.22323222e-03 1.23713259e-03 1.25103296e-03 1.26493332e-03
 1.27883369e-03 1.29273405e-03 1.30663442e-03 1.32053479e-03
 1.33443515e-03 1.34833552e-03 1.36223589e-03 1.37613625e-03
 1.39003662e-03]
Frequencies: [3.94323328e+09 1.52007501e+08 8.89096070e+07 6.46296910e+07
 5.04999340e+07 4.07164110e+07 3.34092550e+07 2.77595720e+07
 2.32756990e+07 1.96227300e+07 1.65696520e+07 1.40067440e+07
 1.18578110e+07 1.00361860e+07 8.46883700e+06 7.09473400e+06
 5.90063800e+06 4.84629300e+06 3.92999100e+06 3.14363800e+06
 2.47726200e+06 1.93088300e+06 1.49841900e+06 1.15445800e+06
 8.92336000e+05 6.93758000e+05 5.41525000e+05 4.28200000e+05
 3.40055000e+05 2.70742000e+05 2.15781000e+05 1.72537000e+05
 1.38462000e+05 1.09724000e+05 8.81650000e+04 7.01710000e+04
 5.53200000e+04 4.37250000e+04 3.39800000e+04 2.63220000e+04
 2.07710000e+04 1.58420000e+04 1.21190000e+04 9.33100000e+03
 7.14000000e+03 5.22500000e+03 4.00300000e+03 2.81500000e+03
 2.07500000e+03 1.41700000e+03 9.40000000e+02 6.85000000e+02
 4.81000000e+02 3.44000000e+02 2.16000000e+02 1.67000000e+02
 9.70000000e+01 7.70000000e+01 5.50000000e+01 3.50000000e+01
 3.80000000e+01 2.00000000e+01 1.30000000e+01 1.20000000e+01
 7.00000000e+00 8.00000000e+00 7.00000000e+00 4.00000000e+00
 3.00000000e+00 3.00000000e+00 5.00000000e+00 3.00000000e+00
 3.00000000e+00 1.00000000e+00 0.00000000e+00 1.00000000e+00
 1.00000000e+00 1.00000000e+00 0.00000000e+00 1.00000000e+00
 1.00000000e+00 0.00000000e+00 1.00000000e+00 0.00000000e+00
 0.00000000e+00 0.00000000e+00 0.00000000e+00 0.00000000e+00
 0.00000000e+00 0.00000000e+00 0.00000000e+00 0.00000000e+00
 0.00000000e+00 0.00000000e+00 0.00000000e+00 0.00000000e+00
 0.00000000e+00 0.00000000e+00 0.00000000e+00 1.00000000e+00]
