Standard Deviation: 0.0007972616183853911
Skewness: 1.8403312115651107
Kurtosis: 3.088756582425521
Median: 0.0003247970471959417
Mean: 0.0006615951598178246
Deciles: [0.00012396 0.00088067]
Minimum: 1.001731363352023e-12
Maximum: 0.008764018416682702
Bin Edges: [1.00173136e-12 8.76401852e-05 1.75280369e-04 2.62920553e-04
 3.50560738e-04 4.38200922e-04 5.25841106e-04 6.13481290e-04
 7.01121474e-04 7.88761658e-04 8.76401843e-04 9.64042027e-04
 1.05168221e-03 1.13932240e-03 1.22696258e-03 1.31460276e-03
 1.40224295e-03 1.48988313e-03 1.57752332e-03 1.66516350e-03
 1.75280368e-03 1.84044387e-03 1.92808405e-03 2.01572424e-03
 2.10336442e-03 2.19100460e-03 2.27864479e-03 2.36628497e-03
 2.45392516e-03 2.54156534e-03 2.62920553e-03 2.71684571e-03
 2.80448589e-03 2.89212608e-03 2.97976626e-03 3.06740645e-03
 3.15504663e-03 3.24268681e-03 3.33032700e-03 3.41796718e-03
 3.50560737e-03 3.59324755e-03 3.68088774e-03 3.76852792e-03
 3.85616810e-03 3.94380829e-03 4.03144847e-03 4.11908866e-03
 4.20672884e-03 4.29436902e-03 4.38200921e-03 4.46964939e-03
 4.55728958e-03 4.64492976e-03 4.73256995e-03 4.82021013e-03
 4.90785031e-03 4.99549050e-03 5.08313068e-03 5.17077087e-03
 5.25841105e-03 5.34605123e-03 5.43369142e-03 5.52133160e-03
 5.60897179e-03 5.69661197e-03 5.78425216e-03 5.87189234e-03
 5.95953252e-03 6.04717271e-03 6.13481289e-03 6.22245308e-03
 6.31009326e-03 6.39773344e-03 6.48537363e-03 6.57301381e-03
 6.66065400e-03 6.74829418e-03 6.83593437e-03 6.92357455e-03
 7.01121473e-03 7.09885492e-03 7.18649510e-03 7.27413529e-03
 7.36177547e-03 7.44941565e-03 7.53705584e-03 7.62469602e-03
 7.71233621e-03 7.79997639e-03 7.88761658e-03 7.97525676e-03
 8.06289694e-03 8.15053713e-03 8.23817731e-03 8.32581750e-03
 8.41345768e-03 8.50109786e-03 8.58873805e-03 8.67637823e-03
 8.76401842e-03]
Frequencies: [7.95494225e+08 7.31635516e+08 4.86773107e+08 3.48999751e+08
 2.66506608e+08 2.12595653e+08 1.74874210e+08 1.47433213e+08
 1.26476325e+08 1.10098347e+08 9.68935840e+07 8.60751440e+07
 7.69868280e+07 6.93551160e+07 6.28739110e+07 5.73182020e+07
 5.25358110e+07 4.84574650e+07 4.48836350e+07 4.18873690e+07
 3.93006750e+07 3.69644770e+07 3.48608150e+07 3.29213170e+07
 3.11461520e+07 2.94959300e+07 2.79520940e+07 2.64910980e+07
 2.50857800e+07 2.36956750e+07 2.23534420e+07 2.10163160e+07
 1.96726550e+07 1.82843010e+07 1.68645120e+07 1.54006160e+07
 1.39123920e+07 1.23878200e+07 1.08441670e+07 9.28665200e+06
 7.76241200e+06 6.30605500e+06 4.98267000e+06 3.83683800e+06
 2.89556700e+06 2.17325000e+06 1.62697900e+06 1.23339400e+06
 9.40779000e+05 7.23954000e+05 5.64320000e+05 4.38452000e+05
 3.41021000e+05 2.64643000e+05 2.07227000e+05 1.62271000e+05
 1.28136000e+05 1.00849000e+05 7.84240000e+04 6.29120000e+04
 4.97880000e+04 3.90190000e+04 3.12680000e+04 2.53730000e+04
 2.00130000e+04 1.65960000e+04 1.37700000e+04 1.13620000e+04
 9.68900000e+03 8.04200000e+03 6.96700000e+03 5.89900000e+03
 4.76200000e+03 4.07000000e+03 3.25300000e+03 2.61200000e+03
 2.06500000e+03 1.71000000e+03 1.42500000e+03 1.07000000e+03
 9.42000000e+02 7.93000000e+02 6.85000000e+02 4.52000000e+02
 3.48000000e+02 2.53000000e+02 1.82000000e+02 1.79000000e+02
 1.03000000e+02 7.10000000e+01 5.60000000e+01 4.20000000e+01
 1.90000000e+01 1.40000000e+01 8.00000000e+00 1.00000000e+01
 1.20000000e+01 1.00000000e+01 4.00000000e+00 5.00000000e+00]
