Standard Deviation: 7.453593298123451e-11
Skewness: -1.000000000003589
Kurtosis: -1.9999999999930607
Median: 44.92506351686618
Mean: 44.92506351694072
Deciles: [44.92506352 44.92506352]
Minimum: 44.92506351686618
Maximum: 44.92506351686618
Bin Edges: [44.42506352 44.43506352 44.44506352 44.45506352 44.46506352 44.47506352
 44.48506352 44.49506352 44.50506352 44.51506352 44.52506352 44.53506352
 44.54506352 44.55506352 44.56506352 44.57506352 44.58506352 44.59506352
 44.60506352 44.61506352 44.62506352 44.63506352 44.64506352 44.65506352
 44.66506352 44.67506352 44.68506352 44.69506352 44.70506352 44.71506352
 44.72506352 44.73506352 44.74506352 44.75506352 44.76506352 44.77506352
 44.78506352 44.79506352 44.80506352 44.81506352 44.82506352 44.83506352
 44.84506352 44.85506352 44.86506352 44.87506352 44.88506352 44.89506352
 44.90506352 44.91506352 44.92506352 44.93506352 44.94506352 44.95506352
 44.96506352 44.97506352 44.98506352 44.99506352 45.00506352 45.01506352
 45.02506352 45.03506352 45.04506352 45.05506352 45.06506352 45.07506352
 45.08506352 45.09506352 45.10506352 45.11506352 45.12506352 45.13506352
 45.14506352 45.15506352 45.16506352 45.17506352 45.18506352 45.19506352
 45.20506352 45.21506352 45.22506352 45.23506352 45.24506352 45.25506352
 45.26506352 45.27506352 45.28506352 45.29506352 45.30506352 45.31506352
 45.32506352 45.33506352 45.34506352 45.35506352 45.36506352 45.37506352
 45.38506352 45.39506352 45.40506352 45.41506352 45.42506352]
Frequencies: [0.000000e+00 0.000000e+00 0.000000e+00 0.000000e+00 0.000000e+00
 0.000000e+00 0.000000e+00 0.000000e+00 0.000000e+00 0.000000e+00
 0.000000e+00 0.000000e+00 0.000000e+00 0.000000e+00 0.000000e+00
 0.000000e+00 0.000000e+00 0.000000e+00 0.000000e+00 0.000000e+00
 0.000000e+00 0.000000e+00 0.000000e+00 0.000000e+00 0.000000e+00
 0.000000e+00 0.000000e+00 0.000000e+00 0.000000e+00 0.000000e+00
 0.000000e+00 0.000000e+00 0.000000e+00 0.000000e+00 0.000000e+00
 0.000000e+00 0.000000e+00 0.000000e+00 0.000000e+00 0.000000e+00
 0.000000e+00 0.000000e+00 0.000000e+00 0.000000e+00 0.000000e+00
 0.000000e+00 0.000000e+00 0.000000e+00 0.000000e+00 0.000000e+00
 4.541184e+09 0.000000e+00 0.000000e+00 0.000000e+00 0.000000e+00
 0.000000e+00 0.000000e+00 0.000000e+00 0.000000e+00 0.000000e+00
 0.000000e+00 0.000000e+00 0.000000e+00 0.000000e+00 0.000000e+00
 0.000000e+00 0.000000e+00 0.000000e+00 0.000000e+00 0.000000e+00
 0.000000e+00 0.000000e+00 0.000000e+00 0.000000e+00 0.000000e+00
 0.000000e+00 0.000000e+00 0.000000e+00 0.000000e+00 0.000000e+00
 0.000000e+00 0.000000e+00 0.000000e+00 0.000000e+00 0.000000e+00
 0.000000e+00 0.000000e+00 0.000000e+00 0.000000e+00 0.000000e+00
 0.000000e+00 0.000000e+00 0.000000e+00 0.000000e+00 0.000000e+00
 0.000000e+00 0.000000e+00 0.000000e+00 0.000000e+00 0.000000e+00]
