Standard Deviation: 2.4646486259148453e-06
Skewness: -0.2954552697804221
Kurtosis: -0.7149792775055652
Median: 1.4143759767892385e-05
Mean: 1.403358704874491e-05
Deciles: [1.21526936e-05 1.61435540e-05]
Minimum: 6.118291722858195e-06
Maximum: 1.827132322536228e-05
Bin Edges: [6.11829172e-06 6.23982204e-06 6.36135235e-06 6.48288267e-06
 6.60441298e-06 6.72594330e-06 6.84747361e-06 6.96900393e-06
 7.09053424e-06 7.21206456e-06 7.33359487e-06 7.45512519e-06
 7.57665550e-06 7.69818582e-06 7.81971613e-06 7.94124645e-06
 8.06277676e-06 8.18430708e-06 8.30583739e-06 8.42736771e-06
 8.54889802e-06 8.67042834e-06 8.79195865e-06 8.91348897e-06
 9.03501928e-06 9.15654960e-06 9.27807991e-06 9.39961023e-06
 9.52114054e-06 9.64267086e-06 9.76420117e-06 9.88573149e-06
 1.00072618e-05 1.01287921e-05 1.02503224e-05 1.03718527e-05
 1.04933831e-05 1.06149134e-05 1.07364437e-05 1.08579740e-05
 1.09795043e-05 1.11010346e-05 1.12225650e-05 1.13440953e-05
 1.14656256e-05 1.15871559e-05 1.17086862e-05 1.18302165e-05
 1.19517468e-05 1.20732772e-05 1.21948075e-05 1.23163378e-05
 1.24378681e-05 1.25593984e-05 1.26809287e-05 1.28024590e-05
 1.29239894e-05 1.30455197e-05 1.31670500e-05 1.32885803e-05
 1.34101106e-05 1.35316409e-05 1.36531713e-05 1.37747016e-05
 1.38962319e-05 1.40177622e-05 1.41392925e-05 1.42608228e-05
 1.43823531e-05 1.45038835e-05 1.46254138e-05 1.47469441e-05
 1.48684744e-05 1.49900047e-05 1.51115350e-05 1.52330653e-05
 1.53545957e-05 1.54761260e-05 1.55976563e-05 1.57191866e-05
 1.58407169e-05 1.59622472e-05 1.60837776e-05 1.62053079e-05
 1.63268382e-05 1.64483685e-05 1.65698988e-05 1.66914291e-05
 1.68129594e-05 1.69344898e-05 1.70560201e-05 1.71775504e-05
 1.72990807e-05 1.74206110e-05 1.75421413e-05 1.76636717e-05
 1.77852020e-05 1.79067323e-05 1.80282626e-05 1.81497929e-05
 1.82713232e-05]
Frequencies: [5.4272000e+04 3.2616000e+05 7.5353600e+05 1.1358560e+06 1.3671920e+06
 1.6598080e+06 1.8040720e+06 2.0104240e+06 2.3041040e+06 2.4901360e+06
 2.8205520e+06 3.1126800e+06 3.4889280e+06 3.8420560e+06 4.3163840e+06
 4.8292880e+06 5.5482480e+06 6.5065200e+06 7.5820160e+06 9.1648000e+06
 9.7652080e+06 1.0672544e+07 1.1728912e+07 1.3051360e+07 1.3813616e+07
 1.4334328e+07 1.5064784e+07 1.6149936e+07 1.6975912e+07 1.8585776e+07
 2.0235256e+07 2.2068224e+07 2.3474864e+07 2.5297720e+07 2.7000808e+07
 2.9770680e+07 3.2407296e+07 3.8422248e+07 4.8558000e+07 5.7508520e+07
 6.0738600e+07 6.4638184e+07 6.8305256e+07 6.8377480e+07 6.2187696e+07
 6.1503824e+07 5.9533368e+07 5.9432632e+07 6.0026088e+07 6.2062328e+07
 6.3997744e+07 6.5803304e+07 6.7562344e+07 6.8314688e+07 6.9407616e+07
 6.9887344e+07 6.9946368e+07 7.0787504e+07 6.9782440e+07 7.0681344e+07
 7.0276112e+07 7.0735816e+07 7.0429352e+07 7.0648088e+07 7.1339432e+07
 7.1519464e+07 7.1319136e+07 7.0106240e+07 7.0178904e+07 7.0276128e+07
 7.0891456e+07 7.0980312e+07 7.0780232e+07 7.1557624e+07 7.0071504e+07
 6.9989672e+07 6.9404416e+07 6.6626656e+07 6.7216016e+07 6.6294120e+07
 6.4950048e+07 6.5407592e+07 6.5227712e+07 6.3992560e+07 6.4269400e+07
 6.6770136e+07 6.7391896e+07 7.1743056e+07 7.5049848e+07 8.0189512e+07
 8.8448728e+07 9.6387296e+07 9.1665712e+07 8.8872080e+07 7.6669616e+07
 6.3540680e+07 4.0159224e+07 3.0286896e+07 2.6543760e+07 9.9983920e+06]
