Standard Deviation: 641.4631204150324
Skewness: -3.60484106525593
Kurtosis: 15.49889794353335
Median: 26616.835414721543
Mean: 26384.44199036348
Deciles: [26346.07459578 26687.61040778]
Minimum: 21728.295221493136
Maximum: 27296.31704612528
Bin Edges: [21728.29522149 21783.97543974 21839.65565799 21895.33587623
 21951.01609448 22006.69631272 22062.37653097 22118.05674922
 22173.73696746 22229.41718571 22285.09740396 22340.7776222
 22396.45784045 22452.1380587  22507.81827694 22563.49849519
 22619.17871343 22674.85893168 22730.53914993 22786.21936817
 22841.89958642 22897.57980467 22953.26002291 23008.94024116
 23064.6204594  23120.30067765 23175.9808959  23231.66111414
 23287.34133239 23343.02155064 23398.70176888 23454.38198713
 23510.06220538 23565.74242362 23621.42264187 23677.10286011
 23732.78307836 23788.46329661 23844.14351485 23899.8237331
 23955.50395135 24011.18416959 24066.86438784 24122.54460608
 24178.22482433 24233.90504258 24289.58526082 24345.26547907
 24400.94569732 24456.62591556 24512.30613381 24567.98635206
 24623.6665703  24679.34678855 24735.02700679 24790.70722504
 24846.38744329 24902.06766153 24957.74787978 25013.42809803
 25069.10831627 25124.78853452 25180.46875277 25236.14897101
 25291.82918926 25347.5094075  25403.18962575 25458.869844
 25514.55006224 25570.23028049 25625.91049874 25681.59071698
 25737.27093523 25792.95115347 25848.63137172 25904.31158997
 25959.99180821 26015.67202646 26071.35224471 26127.03246295
 26182.7126812  26238.39289945 26294.07311769 26349.75333594
 26405.43355418 26461.11377243 26516.79399068 26572.47420892
 26628.15442717 26683.83464542 26739.51486366 26795.19508191
 26850.87530015 26906.5555184  26962.23573665 27017.91595489
 27073.59617314 27129.27639139 27184.95660963 27240.63682788
 27296.31704613]
Frequencies: [3.24700000e+03 3.43760000e+04 2.14012000e+05 6.12063000e+05
 1.43533000e+06 2.30397700e+06 1.80202800e+06 1.15344100e+06
 7.14157000e+05 1.20462700e+06 1.22384100e+06 1.33601200e+06
 1.95257500e+06 2.31425600e+06 2.51995500e+06 2.48773000e+06
 2.11066500e+06 2.18244900e+06 2.48702500e+06 2.45461800e+06
 2.42623300e+06 3.17838500e+06 3.45430700e+06 3.28083100e+06
 3.14557500e+06 3.40240600e+06 2.82764100e+06 2.90280500e+06
 3.03415800e+06 3.03348500e+06 3.40175200e+06 3.36264500e+06
 2.61021600e+06 2.75447400e+06 2.95381700e+06 3.15654500e+06
 2.69484200e+06 2.25256500e+06 2.54093100e+06 2.69121500e+06
 2.64542100e+06 3.26721500e+06 3.11846400e+06 3.65982400e+06
 3.32332400e+06 2.83760300e+06 3.36972300e+06 3.89896600e+06
 4.07788300e+06 3.97736000e+06 4.66625500e+06 4.96991700e+06
 5.92658300e+06 6.74985100e+06 6.67534600e+06 7.58851900e+06
 7.57407800e+06 7.66260500e+06 8.11978200e+06 9.62523200e+06
 1.14691460e+07 1.23376660e+07 1.39266280e+07 1.63872500e+07
 1.89315660e+07 1.86620140e+07 1.91329730e+07 1.97260660e+07
 2.07127900e+07 2.09699570e+07 2.13203200e+07 2.08863200e+07
 2.26446040e+07 2.73754200e+07 3.06533520e+07 3.66760640e+07
 4.54878420e+07 5.31497890e+07 6.70524880e+07 8.21708750e+07
 9.96509420e+07 1.25561581e+08 1.47194028e+08 1.61996781e+08
 1.79611193e+08 2.07210758e+08 2.53269380e+08 4.68669780e+08
 9.36710193e+08 6.26285215e+08 3.58802163e+08 1.50625148e+08
 4.19595740e+07 8.46057100e+06 1.66038400e+06 3.41380000e+05
 8.73270000e+04 2.18880000e+04 5.56100000e+03 1.86000000e+03]
