Standard Deviation: 0.0058151060254042295
Skewness: 0.158040738826334
Kurtosis: -1.2988586377046991
Median: 0.008733253821108107
Mean: 0.009462677652380649
Deciles: [0.00426613 0.01494776]
Minimum: 1.3382686027589561e-06
Maximum: 0.024482463554229963
Bin Edges: [1.33826860e-06 2.46149521e-04 4.90960774e-04 7.35772027e-04
 9.80583280e-04 1.22539453e-03 1.47020579e-03 1.71501704e-03
 1.95982829e-03 2.20463954e-03 2.44945080e-03 2.69426205e-03
 2.93907330e-03 3.18388456e-03 3.42869581e-03 3.67350706e-03
 3.91831831e-03 4.16312957e-03 4.40794082e-03 4.65275207e-03
 4.89756333e-03 5.14237458e-03 5.38718583e-03 5.63199708e-03
 5.87680834e-03 6.12161959e-03 6.36643084e-03 6.61124210e-03
 6.85605335e-03 7.10086460e-03 7.34567585e-03 7.59048711e-03
 7.83529836e-03 8.08010961e-03 8.32492087e-03 8.56973212e-03
 8.81454337e-03 9.05935462e-03 9.30416588e-03 9.54897713e-03
 9.79378838e-03 1.00385996e-02 1.02834109e-02 1.05282221e-02
 1.07730334e-02 1.10178446e-02 1.12626559e-02 1.15074672e-02
 1.17522784e-02 1.19970897e-02 1.22419009e-02 1.24867122e-02
 1.27315234e-02 1.29763347e-02 1.32211459e-02 1.34659572e-02
 1.37107684e-02 1.39555797e-02 1.42003909e-02 1.44452022e-02
 1.46900134e-02 1.49348247e-02 1.51796359e-02 1.54244472e-02
 1.56692585e-02 1.59140697e-02 1.61588810e-02 1.64036922e-02
 1.66485035e-02 1.68933147e-02 1.71381260e-02 1.73829372e-02
 1.76277485e-02 1.78725597e-02 1.81173710e-02 1.83621822e-02
 1.86069935e-02 1.88518047e-02 1.90966160e-02 1.93414272e-02
 1.95862385e-02 1.98310497e-02 2.00758610e-02 2.03206723e-02
 2.05654835e-02 2.08102948e-02 2.10551060e-02 2.12999173e-02
 2.15447285e-02 2.17895398e-02 2.20343510e-02 2.22791623e-02
 2.25239735e-02 2.27687848e-02 2.30135960e-02 2.32584073e-02
 2.35032185e-02 2.37480298e-02 2.39928410e-02 2.42376523e-02
 2.44824636e-02]
Frequencies: [6.4125702e+07 6.3273092e+07 5.1767571e+07 4.3481714e+07 4.1452758e+07
 4.2829940e+07 4.5930822e+07 5.0365414e+07 5.5450754e+07 6.0878243e+07
 6.7315218e+07 7.4554110e+07 8.1637397e+07 8.6887917e+07 9.1061151e+07
 9.1901185e+07 8.7136824e+07 8.2566546e+07 7.8753903e+07 7.5576571e+07
 7.2981995e+07 7.0741836e+07 6.8805357e+07 6.6778797e+07 6.4843093e+07
 6.3148895e+07 6.1455652e+07 5.9784614e+07 5.8104774e+07 5.6378603e+07
 5.4707009e+07 5.3102944e+07 5.1595757e+07 5.0162262e+07 4.8943868e+07
 4.7919156e+07 4.7050082e+07 4.6347018e+07 4.5641297e+07 4.5089594e+07
 4.4540197e+07 4.4082164e+07 4.3607962e+07 4.3197268e+07 4.2866793e+07
 4.2603516e+07 4.2350154e+07 4.2196331e+07 4.2089427e+07 4.2100324e+07
 4.2181074e+07 4.2384543e+07 4.2718625e+07 4.3347351e+07 4.4135641e+07
 4.5022911e+07 4.6064279e+07 4.7306942e+07 4.8542098e+07 4.9894035e+07
 5.1375427e+07 5.2872641e+07 5.4471984e+07 5.6195477e+07 5.7870934e+07
 5.9450873e+07 6.0855618e+07 6.2179184e+07 6.3471046e+07 6.5034415e+07
 6.6753325e+07 6.8508583e+07 6.9870688e+07 6.9989799e+07 6.7899759e+07
 6.2969459e+07 5.4972078e+07 4.4628751e+07 3.3457056e+07 2.3281790e+07
 1.5260993e+07 9.6536750e+06 6.0808270e+06 3.9516480e+06 2.6697970e+06
 1.8633550e+06 1.3131920e+06 9.0213100e+05 6.0781600e+05 3.9376500e+05
 2.4348900e+05 1.4522900e+05 8.5945000e+04 5.3562000e+04 3.4503000e+04
 2.3594000e+04 1.6042000e+04 9.4430000e+03 4.3340000e+03 7.0300000e+02]
