Standard Deviation: 2.3224584786809814e-05
Skewness: 13.833095713582136
Kurtosis: 286.24260994373975
Median: 5.092736917833852e-14
Mean: 3.83513663300034e-06
Deciles: [0.00000000e+00 3.55927012e-08]
Minimum: 0.0
Maximum: 0.002069021913570564
Bin Edges: [0.00000000e+00 2.06902191e-05 4.13804383e-05 6.20706574e-05
 8.27608765e-05 1.03451096e-04 1.24141315e-04 1.44831534e-04
 1.65521753e-04 1.86211972e-04 2.06902191e-04 2.27592410e-04
 2.48282630e-04 2.68972849e-04 2.89663068e-04 3.10353287e-04
 3.31043506e-04 3.51733725e-04 3.72423944e-04 3.93114164e-04
 4.13804383e-04 4.34494602e-04 4.55184821e-04 4.75875040e-04
 4.96565259e-04 5.17255478e-04 5.37945698e-04 5.58635917e-04
 5.79326136e-04 6.00016355e-04 6.20706574e-04 6.41396793e-04
 6.62087012e-04 6.82777231e-04 7.03467451e-04 7.24157670e-04
 7.44847889e-04 7.65538108e-04 7.86228327e-04 8.06918546e-04
 8.27608765e-04 8.48298985e-04 8.68989204e-04 8.89679423e-04
 9.10369642e-04 9.31059861e-04 9.51750080e-04 9.72440299e-04
 9.93130519e-04 1.01382074e-03 1.03451096e-03 1.05520118e-03
 1.07589140e-03 1.09658161e-03 1.11727183e-03 1.13796205e-03
 1.15865227e-03 1.17934249e-03 1.20003271e-03 1.22072293e-03
 1.24141315e-03 1.26210337e-03 1.28279359e-03 1.30348381e-03
 1.32417402e-03 1.34486424e-03 1.36555446e-03 1.38624468e-03
 1.40693490e-03 1.42762512e-03 1.44831534e-03 1.46900556e-03
 1.48969578e-03 1.51038600e-03 1.53107622e-03 1.55176644e-03
 1.57245665e-03 1.59314687e-03 1.61383709e-03 1.63452731e-03
 1.65521753e-03 1.67590775e-03 1.69659797e-03 1.71728819e-03
 1.73797841e-03 1.75866863e-03 1.77935885e-03 1.80004906e-03
 1.82073928e-03 1.84142950e-03 1.86211972e-03 1.88280994e-03
 1.90350016e-03 1.92419038e-03 1.94488060e-03 1.96557082e-03
 1.98626104e-03 2.00695126e-03 2.02764148e-03 2.04833169e-03
 2.06902191e-03]
Frequencies: [4.35118235e+09 7.50384860e+07 3.92856620e+07 2.34999230e+07
 1.48383980e+07 9.56915900e+06 6.30004500e+06 4.32083600e+06
 3.11473500e+06 2.34929700e+06 1.83468100e+06 1.47488000e+06
 1.20843800e+06 1.00788100e+06 8.49928000e+05 7.24771000e+05
 6.22139000e+05 5.38849000e+05 4.66011000e+05 4.05119000e+05
 3.53095000e+05 3.08058000e+05 2.67347000e+05 2.31713000e+05
 2.02255000e+05 1.74870000e+05 1.50743000e+05 1.29946000e+05
 1.11807000e+05 9.65650000e+04 8.21090000e+04 7.03640000e+04
 6.06190000e+04 5.10470000e+04 4.35280000e+04 3.65860000e+04
 3.10620000e+04 2.59430000e+04 2.15470000e+04 1.79690000e+04
 1.50280000e+04 1.25300000e+04 1.04210000e+04 8.83400000e+03
 6.98400000e+03 5.87000000e+03 4.75400000e+03 3.97700000e+03
 3.22500000e+03 2.64400000e+03 2.13000000e+03 1.71300000e+03
 1.34200000e+03 1.14300000e+03 9.23000000e+02 7.14000000e+02
 5.61000000e+02 4.49000000e+02 3.86000000e+02 3.22000000e+02
 2.57000000e+02 1.95000000e+02 1.61000000e+02 1.23000000e+02
 1.00000000e+02 9.70000000e+01 7.20000000e+01 4.90000000e+01
 5.40000000e+01 2.80000000e+01 2.90000000e+01 2.70000000e+01
 1.60000000e+01 1.60000000e+01 7.00000000e+00 1.40000000e+01
 8.00000000e+00 6.00000000e+00 7.00000000e+00 7.00000000e+00
 4.00000000e+00 4.00000000e+00 1.00000000e+00 1.00000000e+00
 1.00000000e+00 1.00000000e+00 0.00000000e+00 2.00000000e+00
 1.00000000e+00 1.00000000e+00 1.00000000e+00 1.00000000e+00
 0.00000000e+00 0.00000000e+00 0.00000000e+00 0.00000000e+00
 0.00000000e+00 0.00000000e+00 0.00000000e+00 1.00000000e+00]
