Standard Deviation: 8.20716199464755
Skewness: 0.0832862537488398
Kurtosis: 2.409980272407335
Median: -0.09832365461607256
Mean: -0.045402994658344915
Deciles: [-4.06584631  3.89720212]
Minimum: -65.91037519537393
Maximum: 75.82804936936992
Bin Edges: [-65.9103752  -64.49299095 -63.0756067  -61.65822246 -60.24083821
 -58.82345397 -57.40606972 -55.98868548 -54.57130123 -53.15391698
 -51.73653274 -50.31914849 -48.90176425 -47.48438    -46.06699576
 -44.64961151 -43.23222727 -41.81484302 -40.39745877 -38.98007453
 -37.56269028 -36.14530604 -34.72792179 -33.31053755 -31.8931533
 -30.47576905 -29.05838481 -27.64100056 -26.22361632 -24.80623207
 -23.38884783 -21.97146358 -20.55407933 -19.13669509 -17.71931084
 -16.3019266  -14.88454235 -13.46715811 -12.04977386 -10.63238962
  -9.21500537  -7.79762112  -6.38023688  -4.96285263  -3.54546839
  -2.12808414  -0.7106999    0.70668435   2.1240686    3.54145284
   4.95883709   6.37622133   7.79360558   9.21098982  10.62837407
  12.04575832  13.46314256  14.88052681  16.29791105  17.7152953
  19.13267954  20.55006379  21.96744803  23.38483228  24.80221653
  26.21960077  27.63698502  29.05436926  30.47175351  31.88913775
  33.306522    34.72390625  36.14129049  37.55867474  38.97605898
  40.39344323  41.81082747  43.22821172  44.64559597  46.06298021
  47.48036446  48.8977487   50.31513295  51.73251719  53.14990144
  54.56728568  55.98466993  57.40205418  58.81943842  60.23682267
  61.65420691  63.07159116  64.4889754   65.90635965  67.3237439
  68.74112814  70.15851239  71.57589663  72.99328088  74.41066512
  75.82804937]
Frequencies: [1.00000000e+01 5.00000000e+00 1.20000000e+01 2.90000000e+01
 8.60000000e+01 2.04000000e+02 6.22000000e+02 1.30100000e+03
 2.53400000e+03 4.83800000e+03 8.62300000e+03 1.46120000e+04
 2.44730000e+04 3.91130000e+04 6.19750000e+04 9.56350000e+04
 1.44993000e+05 2.17196000e+05 3.17830000e+05 4.67428000e+05
 6.71647000e+05 9.48732000e+05 1.32961600e+06 1.82344900e+06
 2.47341900e+06 3.31259500e+06 4.39031700e+06 5.78003800e+06
 7.53632000e+06 9.71646700e+06 1.24466280e+07 1.58154180e+07
 1.99881090e+07 2.50953480e+07 3.14168720e+07 3.91408350e+07
 4.86725330e+07 6.06146480e+07 7.58214670e+07 9.58500440e+07
 1.23096906e+08 1.61263806e+08 2.14802852e+08 2.86571534e+08
 3.71152167e+08 4.45067110e+08 4.71831455e+08 4.34917744e+08
 3.56921370e+08 2.73225195e+08 2.04704770e+08 1.54376184e+08
 1.18775894e+08 9.29704260e+07 7.37363840e+07 5.89898810e+07
 4.74029370e+07 3.81814630e+07 3.08115320e+07 2.48039490e+07
 1.99467440e+07 1.59764740e+07 1.27412050e+07 1.01312090e+07
 8.02358700e+06 6.30589700e+06 4.92704300e+06 3.82127700e+06
 2.93730300e+06 2.25907900e+06 1.71166900e+06 1.28677200e+06
 9.51576000e+05 6.91988000e+05 4.95632000e+05 3.52273000e+05
 2.47324000e+05 1.72656000e+05 1.15289000e+05 7.81620000e+04
 5.29260000e+04 3.57020000e+04 2.42910000e+04 1.57150000e+04
 1.08430000e+04 7.49500000e+03 5.03400000e+03 3.21300000e+03
 2.09000000e+03 1.35300000e+03 9.25000000e+02 5.41000000e+02
 3.57000000e+02 2.13000000e+02 1.91000000e+02 1.20000000e+02
 9.70000000e+01 7.20000000e+01 5.20000000e+01 3.10000000e+01]
