Standard Deviation: 1.2839336704928428e-07
Skewness: -0.9999999999961454
Kurtosis: -1.9999999999997495
Median: 13097.780378937776
Mean: 13097.78037906617
Deciles: [13097.78037894 13097.78037894]
Minimum: 13097.780378937776
Maximum: 13097.780378937776
Bin Edges: [13097.28037894 13097.29037894 13097.30037894 13097.31037894
 13097.32037894 13097.33037894 13097.34037894 13097.35037894
 13097.36037894 13097.37037894 13097.38037894 13097.39037894
 13097.40037894 13097.41037894 13097.42037894 13097.43037894
 13097.44037894 13097.45037894 13097.46037894 13097.47037894
 13097.48037894 13097.49037894 13097.50037894 13097.51037894
 13097.52037894 13097.53037894 13097.54037894 13097.55037894
 13097.56037894 13097.57037894 13097.58037894 13097.59037894
 13097.60037894 13097.61037894 13097.62037894 13097.63037894
 13097.64037894 13097.65037894 13097.66037894 13097.67037894
 13097.68037894 13097.69037894 13097.70037894 13097.71037894
 13097.72037894 13097.73037894 13097.74037894 13097.75037894
 13097.76037894 13097.77037894 13097.78037894 13097.79037894
 13097.80037894 13097.81037894 13097.82037894 13097.83037894
 13097.84037894 13097.85037894 13097.86037894 13097.87037894
 13097.88037894 13097.89037894 13097.90037894 13097.91037894
 13097.92037894 13097.93037894 13097.94037894 13097.95037894
 13097.96037894 13097.97037894 13097.98037894 13097.99037894
 13098.00037894 13098.01037894 13098.02037894 13098.03037894
 13098.04037894 13098.05037894 13098.06037894 13098.07037894
 13098.08037894 13098.09037894 13098.10037894 13098.11037894
 13098.12037894 13098.13037894 13098.14037894 13098.15037894
 13098.16037894 13098.17037894 13098.18037894 13098.19037894
 13098.20037894 13098.21037894 13098.22037894 13098.23037894
 13098.24037894 13098.25037894 13098.26037894 13098.27037894
 13098.28037894]
Frequencies: [0.000000e+00 0.000000e+00 0.000000e+00 0.000000e+00 0.000000e+00
 0.000000e+00 0.000000e+00 0.000000e+00 0.000000e+00 0.000000e+00
 0.000000e+00 0.000000e+00 0.000000e+00 0.000000e+00 0.000000e+00
 0.000000e+00 0.000000e+00 0.000000e+00 0.000000e+00 0.000000e+00
 0.000000e+00 0.000000e+00 0.000000e+00 0.000000e+00 0.000000e+00
 0.000000e+00 0.000000e+00 0.000000e+00 0.000000e+00 0.000000e+00
 0.000000e+00 0.000000e+00 0.000000e+00 0.000000e+00 0.000000e+00
 0.000000e+00 0.000000e+00 0.000000e+00 0.000000e+00 0.000000e+00
 0.000000e+00 0.000000e+00 0.000000e+00 0.000000e+00 0.000000e+00
 0.000000e+00 0.000000e+00 0.000000e+00 0.000000e+00 0.000000e+00
 4.541184e+09 0.000000e+00 0.000000e+00 0.000000e+00 0.000000e+00
 0.000000e+00 0.000000e+00 0.000000e+00 0.000000e+00 0.000000e+00
 0.000000e+00 0.000000e+00 0.000000e+00 0.000000e+00 0.000000e+00
 0.000000e+00 0.000000e+00 0.000000e+00 0.000000e+00 0.000000e+00
 0.000000e+00 0.000000e+00 0.000000e+00 0.000000e+00 0.000000e+00
 0.000000e+00 0.000000e+00 0.000000e+00 0.000000e+00 0.000000e+00
 0.000000e+00 0.000000e+00 0.000000e+00 0.000000e+00 0.000000e+00
 0.000000e+00 0.000000e+00 0.000000e+00 0.000000e+00 0.000000e+00
 0.000000e+00 0.000000e+00 0.000000e+00 0.000000e+00 0.000000e+00
 0.000000e+00 0.000000e+00 0.000000e+00 0.000000e+00 0.000000e+00]
