Standard Deviation: 0.00014141035884369008
Skewness: 1.9150073042906544
Kurtosis: 4.178292890391414
Median: 6.0368744008575806e-05
Mean: 0.00011893536724634084
Deciles: [2.22326631e-05 1.60568044e-04]
Minimum: 1.1189739731624325e-12
Maximum: 0.0033657931778595094
Bin Edges: [1.11897397e-12 3.36579329e-05 6.73158647e-05 1.00973796e-04
 1.34631728e-04 1.68289660e-04 2.01947592e-04 2.35605523e-04
 2.69263455e-04 3.02921387e-04 3.36579319e-04 3.70237251e-04
 4.03895182e-04 4.37553114e-04 4.71211046e-04 5.04868978e-04
 5.38526909e-04 5.72184841e-04 6.05842773e-04 6.39500705e-04
 6.73158636e-04 7.06816568e-04 7.40474500e-04 7.74132432e-04
 8.07790364e-04 8.41448295e-04 8.75106227e-04 9.08764159e-04
 9.42422091e-04 9.76080022e-04 1.00973795e-03 1.04339589e-03
 1.07705382e-03 1.11071175e-03 1.14436968e-03 1.17802761e-03
 1.21168554e-03 1.24534348e-03 1.27900141e-03 1.31265934e-03
 1.34631727e-03 1.37997520e-03 1.41363314e-03 1.44729107e-03
 1.48094900e-03 1.51460693e-03 1.54826486e-03 1.58192279e-03
 1.61558073e-03 1.64923866e-03 1.68289659e-03 1.71655452e-03
 1.75021245e-03 1.78387038e-03 1.81752832e-03 1.85118625e-03
 1.88484418e-03 1.91850211e-03 1.95216004e-03 1.98581798e-03
 2.01947591e-03 2.05313384e-03 2.08679177e-03 2.12044970e-03
 2.15410763e-03 2.18776557e-03 2.22142350e-03 2.25508143e-03
 2.28873936e-03 2.32239729e-03 2.35605522e-03 2.38971316e-03
 2.42337109e-03 2.45702902e-03 2.49068695e-03 2.52434488e-03
 2.55800282e-03 2.59166075e-03 2.62531868e-03 2.65897661e-03
 2.69263454e-03 2.72629247e-03 2.75995041e-03 2.79360834e-03
 2.82726627e-03 2.86092420e-03 2.89458213e-03 2.92824006e-03
 2.96189800e-03 2.99555593e-03 3.02921386e-03 3.06287179e-03
 3.09652972e-03 3.13018766e-03 3.16384559e-03 3.19750352e-03
 3.23116145e-03 3.26481938e-03 3.29847731e-03 3.33213525e-03
 3.36579318e-03]
Frequencies: [1.58611407e+09 8.16500587e+08 4.87226035e+08 3.27496379e+08
 2.37216882e+08 1.82308906e+08 1.46230825e+08 1.21715262e+08
 1.04390850e+08 9.16750570e+07 8.15086870e+07 7.25115120e+07
 6.37101820e+07 5.45937820e+07 4.50317690e+07 3.54831010e+07
 2.65392460e+07 1.88299500e+07 1.28566000e+07 8.60886700e+06
 5.79816600e+06 3.98715300e+06 2.80621000e+06 2.02315000e+06
 1.47879400e+06 1.09171300e+06 8.19047000e+05 6.11387000e+05
 4.61105000e+05 3.49492000e+05 2.63680000e+05 2.01471000e+05
 1.55443000e+05 1.17933000e+05 9.21000000e+04 7.13310000e+04
 5.54030000e+04 4.39150000e+04 3.45940000e+04 2.74520000e+04
 2.22040000e+04 1.85410000e+04 1.50670000e+04 1.27020000e+04
 1.06970000e+04 9.24000000e+03 7.98300000e+03 6.82400000e+03
 5.86000000e+03 4.89200000e+03 4.29400000e+03 3.85900000e+03
 3.39300000e+03 2.83100000e+03 2.40900000e+03 2.05300000e+03
 1.66500000e+03 1.53500000e+03 1.37200000e+03 1.17100000e+03
 1.01700000e+03 8.67000000e+02 7.83000000e+02 7.15000000e+02
 5.81000000e+02 4.68000000e+02 4.50000000e+02 3.79000000e+02
 3.57000000e+02 2.80000000e+02 2.42000000e+02 2.16000000e+02
 1.72000000e+02 1.40000000e+02 1.27000000e+02 9.80000000e+01
 7.60000000e+01 6.50000000e+01 4.70000000e+01 4.20000000e+01
 3.80000000e+01 2.70000000e+01 2.60000000e+01 1.20000000e+01
 1.00000000e+01 6.00000000e+00 4.00000000e+00 7.00000000e+00
 2.00000000e+00 4.00000000e+00 6.00000000e+00 6.00000000e+00
 1.10000000e+01 9.00000000e+00 6.00000000e+00 6.00000000e+00
 7.00000000e+00 4.00000000e+00 6.00000000e+00 5.00000000e+00]
