Standard Deviation: 10.28695957727513
Skewness: 0.43420975847778076
Kurtosis: -0.7841384892461751
Median: 203.52501604219043
Mean: 205.72258835522598
Deciles: [197.37184142 213.86568404]
Minimum: 175.31421316313555
Maximum: 246.5178186541632
Bin Edges: [175.31421316 176.02624922 176.73828527 177.45032133 178.16235738
 178.87439344 179.58642949 180.29846555 181.0105016  181.72253766
 182.43457371 183.14660977 183.85864582 184.57068188 185.28271793
 185.99475399 186.70679004 187.4188261  188.13086215 188.84289821
 189.55493426 190.26697032 190.97900637 191.69104243 192.40307848
 193.11511454 193.82715059 194.53918665 195.2512227  195.96325876
 196.67529481 197.38733087 198.09936692 198.81140298 199.52343903
 200.23547508 200.94751114 201.65954719 202.37158325 203.0836193
 203.79565536 204.50769141 205.21972747 205.93176352 206.64379958
 207.35583563 208.06787169 208.77990774 209.4919438  210.20397985
 210.91601591 211.62805196 212.34008802 213.05212407 213.76416013
 214.47619618 215.18823224 215.90026829 216.61230435 217.3243404
 218.03637646 218.74841251 219.46044857 220.17248462 220.88452068
 221.59655673 222.30859279 223.02062884 223.7326649  224.44470095
 225.15673701 225.86877306 226.58080912 227.29284517 228.00488123
 228.71691728 229.42895334 230.14098939 230.85302545 231.5650615
 232.27709756 232.98913361 233.70116967 234.41320572 235.12524178
 235.83727783 236.54931389 237.26134994 237.973386   238.68542205
 239.39745811 240.10949416 240.82153021 241.53356627 242.24560232
 242.95763838 243.66967443 244.38171049 245.09374654 245.8057826
 246.51781865]
Frequencies: [3.90000000e+01 1.82000000e+02 3.32000000e+02 7.18000000e+02
 1.83800000e+03 3.54300000e+03 9.27500000e+03 2.12470000e+04
 4.44100000e+04 9.09170000e+04 1.90171000e+05 4.02539000e+05
 8.50118000e+05 1.73356200e+06 3.09644400e+06 5.21166000e+06
 8.33522400e+06 1.27576170e+07 1.85924650e+07 2.60239870e+07
 3.49409870e+07 4.49876400e+07 5.61060180e+07 6.80407290e+07
 8.05971720e+07 9.37154750e+07 1.07496716e+08 1.22289847e+08
 1.37812004e+08 1.52282703e+08 1.63297324e+08 1.68950921e+08
 1.68377777e+08 1.60827403e+08 1.47411933e+08 1.30928948e+08
 1.14229961e+08 9.99618170e+07 8.93433120e+07 8.22406460e+07
 7.77669360e+07 7.52184080e+07 7.40590990e+07 7.37605710e+07
 7.41368220e+07 7.51257620e+07 7.63604810e+07 7.77263790e+07
 7.91819890e+07 8.05868970e+07 8.15885500e+07 8.22626660e+07
 8.25769300e+07 8.25768040e+07 8.23136960e+07 8.15263670e+07
 8.00012580e+07 7.77932040e+07 7.49856640e+07 7.19056550e+07
 6.84395180e+07 6.44189950e+07 6.03372090e+07 5.61206580e+07
 5.23852620e+07 4.85844070e+07 4.46826950e+07 4.10343420e+07
 3.72348000e+07 3.34034960e+07 2.99966050e+07 2.67414210e+07
 2.36021380e+07 2.04411290e+07 1.70588470e+07 1.42921780e+07
 1.20633060e+07 9.59189800e+06 6.85164500e+06 4.60362200e+06
 2.77251100e+06 1.45395100e+06 8.14372000e+05 5.15153000e+05
 3.38752000e+05 2.20654000e+05 1.47639000e+05 1.09194000e+05
 7.82130000e+04 5.34230000e+04 4.09110000e+04 3.08570000e+04
 2.45710000e+04 1.84650000e+04 1.14860000e+04 5.12400000e+03
 2.66400000e+03 1.26100000e+03 5.89000000e+02 2.80000000e+02]
