Standard Deviation: 2.149004188359933e-08
Skewness: 0.4366632522416936
Kurtosis: -0.7270596439584227
Median: 4.6639998562125956e-08
Mean: 5.157442100706911e-08
Deciles: [3.46400970e-08 7.06996009e-08]
Minimum: 9.583682572076343e-09
Maximum: 1.4621885251121412e-07
Bin Edges: [9.58368257e-09 1.09500343e-08 1.23163860e-08 1.36827377e-08
 1.50490894e-08 1.64154411e-08 1.77817928e-08 1.91481445e-08
 2.05144962e-08 2.18808479e-08 2.32471996e-08 2.46135513e-08
 2.59799030e-08 2.73462547e-08 2.87126064e-08 3.00789581e-08
 3.14453098e-08 3.28116615e-08 3.41780132e-08 3.55443649e-08
 3.69107166e-08 3.82770683e-08 3.96434200e-08 4.10097717e-08
 4.23761234e-08 4.37424751e-08 4.51088268e-08 4.64751785e-08
 4.78415302e-08 4.92078819e-08 5.05742336e-08 5.19405853e-08
 5.33069370e-08 5.46732887e-08 5.60396404e-08 5.74059921e-08
 5.87723438e-08 6.01386954e-08 6.15050471e-08 6.28713988e-08
 6.42377505e-08 6.56041022e-08 6.69704539e-08 6.83368056e-08
 6.97031573e-08 7.10695090e-08 7.24358607e-08 7.38022124e-08
 7.51685641e-08 7.65349158e-08 7.79012675e-08 7.92676192e-08
 8.06339709e-08 8.20003226e-08 8.33666743e-08 8.47330260e-08
 8.60993777e-08 8.74657294e-08 8.88320811e-08 9.01984328e-08
 9.15647845e-08 9.29311362e-08 9.42974879e-08 9.56638396e-08
 9.70301913e-08 9.83965430e-08 9.97628947e-08 1.01129246e-07
 1.02495598e-07 1.03861950e-07 1.05228302e-07 1.06594653e-07
 1.07961005e-07 1.09327357e-07 1.10693708e-07 1.12060060e-07
 1.13426412e-07 1.14792763e-07 1.16159115e-07 1.17525467e-07
 1.18891819e-07 1.20258170e-07 1.21624522e-07 1.22990874e-07
 1.24357225e-07 1.25723577e-07 1.27089929e-07 1.28456280e-07
 1.29822632e-07 1.31188984e-07 1.32555336e-07 1.33921687e-07
 1.35288039e-07 1.36654391e-07 1.38020742e-07 1.39387094e-07
 1.40753446e-07 1.42119797e-07 1.43486149e-07 1.44852501e-07
 1.46218853e-07]
Frequencies: [1.87950000e+06 7.95464400e+06 1.48684390e+07 2.42375420e+07
 2.93364420e+07 2.99527790e+07 3.15337030e+07 3.54538850e+07
 4.07410830e+07 5.69308950e+07 7.71477250e+07 9.35893770e+07
 1.01695893e+08 1.08435700e+08 1.10777737e+08 1.12940601e+08
 1.11816867e+08 1.09494204e+08 1.08155052e+08 1.06212921e+08
 1.05848306e+08 1.07845041e+08 1.11502099e+08 1.17706091e+08
 1.25352979e+08 1.34619077e+08 2.16881686e+08 2.55921624e+08
 1.23261009e+08 7.29470610e+07 5.42422650e+07 4.86926170e+07
 4.61104110e+07 4.42949900e+07 4.47319060e+07 4.41148280e+07
 4.40718410e+07 4.47354830e+07 4.50165360e+07 4.76892140e+07
 4.94991470e+07 5.06938160e+07 5.38789040e+07 5.76634730e+07
 6.33842680e+07 7.16699750e+07 7.92982010e+07 8.16532020e+07
 8.37109080e+07 8.87325790e+07 9.22712250e+07 8.58136040e+07
 7.79920640e+07 7.03570610e+07 5.98511910e+07 5.17209580e+07
 4.19733830e+07 3.29541570e+07 2.73664310e+07 2.31684850e+07
 2.04941080e+07 1.82621190e+07 1.61394480e+07 1.47093500e+07
 1.38309100e+07 1.25543500e+07 1.07882770e+07 9.04925700e+06
 7.04332300e+06 5.01630000e+06 4.03726300e+06 3.20841700e+06
 2.71345000e+06 2.25154800e+06 1.85322400e+06 1.58833200e+06
 1.24898500e+06 9.69903000e+05 6.48096000e+05 3.88449000e+05
 2.68191000e+05 2.37344000e+05 2.11803000e+05 1.89045000e+05
 1.63749000e+05 1.49573000e+05 1.21536000e+05 1.09599000e+05
 9.50260000e+04 9.03530000e+04 8.31950000e+04 7.24280000e+04
 5.80320000e+04 4.01850000e+04 3.37260000e+04 3.08640000e+04
 2.00540000e+04 1.29270000e+04 6.02000000e+03 2.15600000e+03]
