Standard Deviation: 5.074150870526886e-18
Skewness: 1.0000000000069895
Kurtosis: -2.000000000000648
Median: 9.986058137126286e-07
Mean: 9.986058137075544e-07
Deciles: [9.98605814e-07 9.98605814e-07]
Minimum: 9.986058137126286e-07
Maximum: 9.986058137126286e-07
Bin Edges: [-4.99999001e-01 -4.89999001e-01 -4.79999001e-01 -4.69999001e-01
 -4.59999001e-01 -4.49999001e-01 -4.39999001e-01 -4.29999001e-01
 -4.19999001e-01 -4.09999001e-01 -3.99999001e-01 -3.89999001e-01
 -3.79999001e-01 -3.69999001e-01 -3.59999001e-01 -3.49999001e-01
 -3.39999001e-01 -3.29999001e-01 -3.19999001e-01 -3.09999001e-01
 -2.99999001e-01 -2.89999001e-01 -2.79999001e-01 -2.69999001e-01
 -2.59999001e-01 -2.49999001e-01 -2.39999001e-01 -2.29999001e-01
 -2.19999001e-01 -2.09999001e-01 -1.99999001e-01 -1.89999001e-01
 -1.79999001e-01 -1.69999001e-01 -1.59999001e-01 -1.49999001e-01
 -1.39999001e-01 -1.29999001e-01 -1.19999001e-01 -1.09999001e-01
 -9.99990014e-02 -8.99990014e-02 -7.99990014e-02 -6.99990014e-02
 -5.99990014e-02 -4.99990014e-02 -3.99990014e-02 -2.99990014e-02
 -1.99990014e-02 -9.99900139e-03  9.98605814e-07  1.00009986e-02
  2.00009986e-02  3.00009986e-02  4.00009986e-02  5.00009986e-02
  6.00009986e-02  7.00009986e-02  8.00009986e-02  9.00009986e-02
  1.00000999e-01  1.10000999e-01  1.20000999e-01  1.30000999e-01
  1.40000999e-01  1.50000999e-01  1.60000999e-01  1.70000999e-01
  1.80000999e-01  1.90000999e-01  2.00000999e-01  2.10000999e-01
  2.20000999e-01  2.30000999e-01  2.40000999e-01  2.50000999e-01
  2.60000999e-01  2.70000999e-01  2.80000999e-01  2.90000999e-01
  3.00000999e-01  3.10000999e-01  3.20000999e-01  3.30000999e-01
  3.40000999e-01  3.50000999e-01  3.60000999e-01  3.70000999e-01
  3.80000999e-01  3.90000999e-01  4.00000999e-01  4.10000999e-01
  4.20000999e-01  4.30000999e-01  4.40000999e-01  4.50000999e-01
  4.60000999e-01  4.70000999e-01  4.80000999e-01  4.90000999e-01
  5.00000999e-01]
Frequencies: [0.000000e+00 0.000000e+00 0.000000e+00 0.000000e+00 0.000000e+00
 0.000000e+00 0.000000e+00 0.000000e+00 0.000000e+00 0.000000e+00
 0.000000e+00 0.000000e+00 0.000000e+00 0.000000e+00 0.000000e+00
 0.000000e+00 0.000000e+00 0.000000e+00 0.000000e+00 0.000000e+00
 0.000000e+00 0.000000e+00 0.000000e+00 0.000000e+00 0.000000e+00
 0.000000e+00 0.000000e+00 0.000000e+00 0.000000e+00 0.000000e+00
 0.000000e+00 0.000000e+00 0.000000e+00 0.000000e+00 0.000000e+00
 0.000000e+00 0.000000e+00 0.000000e+00 0.000000e+00 0.000000e+00
 0.000000e+00 0.000000e+00 0.000000e+00 0.000000e+00 0.000000e+00
 0.000000e+00 0.000000e+00 0.000000e+00 0.000000e+00 0.000000e+00
 4.541184e+09 0.000000e+00 0.000000e+00 0.000000e+00 0.000000e+00
 0.000000e+00 0.000000e+00 0.000000e+00 0.000000e+00 0.000000e+00
 0.000000e+00 0.000000e+00 0.000000e+00 0.000000e+00 0.000000e+00
 0.000000e+00 0.000000e+00 0.000000e+00 0.000000e+00 0.000000e+00
 0.000000e+00 0.000000e+00 0.000000e+00 0.000000e+00 0.000000e+00
 0.000000e+00 0.000000e+00 0.000000e+00 0.000000e+00 0.000000e+00
 0.000000e+00 0.000000e+00 0.000000e+00 0.000000e+00 0.000000e+00
 0.000000e+00 0.000000e+00 0.000000e+00 0.000000e+00 0.000000e+00
 0.000000e+00 0.000000e+00 0.000000e+00 0.000000e+00 0.000000e+00
 0.000000e+00 0.000000e+00 0.000000e+00 0.000000e+00 0.000000e+00]
