Standard Deviation: 1.4328830776078247e-07
Skewness: -1.6600961348559884
Kurtosis: 1.877798379388535
Median: 9.488978098652411e-07
Mean: 8.926211414098568e-07
Deciles: [8.61636363e-07 9.98605814e-07]
Minimum: 3.7357193052704416e-07
Maximum: 9.986058137126286e-07
Bin Edges: [3.73571931e-07 3.79822269e-07 3.86072608e-07 3.92322947e-07
 3.98573286e-07 4.04823625e-07 4.11073964e-07 4.17324302e-07
 4.23574641e-07 4.29824980e-07 4.36075319e-07 4.42325658e-07
 4.48575997e-07 4.54826335e-07 4.61076674e-07 4.67327013e-07
 4.73577352e-07 4.79827691e-07 4.86078030e-07 4.92328368e-07
 4.98578707e-07 5.04829046e-07 5.11079385e-07 5.17329724e-07
 5.23580062e-07 5.29830401e-07 5.36080740e-07 5.42331079e-07
 5.48581418e-07 5.54831757e-07 5.61082095e-07 5.67332434e-07
 5.73582773e-07 5.79833112e-07 5.86083451e-07 5.92333790e-07
 5.98584128e-07 6.04834467e-07 6.11084806e-07 6.17335145e-07
 6.23585484e-07 6.29835823e-07 6.36086161e-07 6.42336500e-07
 6.48586839e-07 6.54837178e-07 6.61087517e-07 6.67337856e-07
 6.73588194e-07 6.79838533e-07 6.86088872e-07 6.92339211e-07
 6.98589550e-07 7.04839889e-07 7.11090227e-07 7.17340566e-07
 7.23590905e-07 7.29841244e-07 7.36091583e-07 7.42341922e-07
 7.48592260e-07 7.54842599e-07 7.61092938e-07 7.67343277e-07
 7.73593616e-07 7.79843955e-07 7.86094293e-07 7.92344632e-07
 7.98594971e-07 8.04845310e-07 8.11095649e-07 8.17345988e-07
 8.23596326e-07 8.29846665e-07 8.36097004e-07 8.42347343e-07
 8.48597682e-07 8.54848021e-07 8.61098359e-07 8.67348698e-07
 8.73599037e-07 8.79849376e-07 8.86099715e-07 8.92350054e-07
 8.98600392e-07 9.04850731e-07 9.11101070e-07 9.17351409e-07
 9.23601748e-07 9.29852087e-07 9.36102425e-07 9.42352764e-07
 9.48603103e-07 9.54853442e-07 9.61103781e-07 9.67354120e-07
 9.73604458e-07 9.79854797e-07 9.86105136e-07 9.92355475e-07
 9.98605814e-07]
Frequencies: [1.6819200e+06 3.3638400e+06 1.6819200e+06 6.7276800e+06 0.0000000e+00
 8.4096000e+06 3.3638400e+06 8.4096000e+06 3.3638400e+06 1.0091520e+07
 3.3638400e+06 1.1773440e+07 6.7276800e+06 6.7276800e+06 1.1773440e+07
 3.3638400e+06 1.3455360e+07 8.4096000e+06 1.0091520e+07 1.0091520e+07
 6.7276800e+06 1.5137280e+07 1.0091520e+07 1.0091520e+07 1.3455360e+07
 8.4096000e+06 6.7276800e+06 2.0183040e+07 1.1773440e+07 1.3455360e+07
 6.7276800e+06 1.6819200e+07 1.1773440e+07 1.6819200e+07 6.7276800e+06
 1.3455360e+07 1.6819200e+07 1.8501120e+07 3.3638400e+06 2.3546880e+07
 1.3455360e+07 1.1773440e+07 1.6819200e+07 2.0183040e+07 1.0091520e+07
 1.5137280e+07 1.6819200e+07 1.6819200e+07 1.3455360e+07 2.1864960e+07
 1.3455360e+07 1.6819200e+07 2.0183040e+07 1.5137280e+07 2.0183040e+07
 1.0091520e+07 2.6910720e+07 1.3455360e+07 2.1864960e+07 2.0183040e+07
 2.0183040e+07 1.3455360e+07 2.5228800e+07 2.3546880e+07 1.6819200e+07
 1.3455360e+07 3.5320320e+07 1.6819200e+07 2.0183040e+07 2.0183040e+07
 3.1956480e+07 1.6819200e+07 2.0183040e+07 2.8592640e+07 2.6910720e+07
 2.3546880e+07 3.3638400e+07 2.8592640e+07 2.0183040e+07 3.3638400e+07
 2.5228800e+07 2.6910720e+07 3.7002240e+07 3.0274560e+07 1.1437056e+08
 1.1941632e+08 1.3287168e+08 1.2278016e+08 1.1605248e+08 1.1605248e+08
 1.2109824e+08 1.1773440e+08 1.2446208e+08 1.2109824e+08 1.2446208e+08
 1.2446208e+08 1.2446208e+08 1.2446208e+08 1.5137280e+08 1.3791744e+09]
