Standard Deviation: 3.295310807710523e-19
Skewness: 63480.456399595816
Kurtosis: 4169589094.8095493
Median: 0.0
Mean: 7.210717874465092e-24
Deciles: [0. 0.]
Minimum: 0.0
Maximum: 2.1734783749496184e-14
Bin Edges: [0.00000000e+00 2.17347837e-16 4.34695675e-16 6.52043512e-16
 8.69391350e-16 1.08673919e-15 1.30408702e-15 1.52143486e-15
 1.73878270e-15 1.95613054e-15 2.17347837e-15 2.39082621e-15
 2.60817405e-15 2.82552189e-15 3.04286972e-15 3.26021756e-15
 3.47756540e-15 3.69491324e-15 3.91226107e-15 4.12960891e-15
 4.34695675e-15 4.56430459e-15 4.78165242e-15 4.99900026e-15
 5.21634810e-15 5.43369594e-15 5.65104377e-15 5.86839161e-15
 6.08573945e-15 6.30308729e-15 6.52043512e-15 6.73778296e-15
 6.95513080e-15 7.17247864e-15 7.38982647e-15 7.60717431e-15
 7.82452215e-15 8.04186999e-15 8.25921782e-15 8.47656566e-15
 8.69391350e-15 8.91126134e-15 9.12860917e-15 9.34595701e-15
 9.56330485e-15 9.78065269e-15 9.99800052e-15 1.02153484e-14
 1.04326962e-14 1.06500440e-14 1.08673919e-14 1.10847397e-14
 1.13020875e-14 1.15194354e-14 1.17367832e-14 1.19541311e-14
 1.21714789e-14 1.23888267e-14 1.26061746e-14 1.28235224e-14
 1.30408702e-14 1.32582181e-14 1.34755659e-14 1.36929138e-14
 1.39102616e-14 1.41276094e-14 1.43449573e-14 1.45623051e-14
 1.47796529e-14 1.49970008e-14 1.52143486e-14 1.54316965e-14
 1.56490443e-14 1.58663921e-14 1.60837400e-14 1.63010878e-14
 1.65184356e-14 1.67357835e-14 1.69531313e-14 1.71704792e-14
 1.73878270e-14 1.76051748e-14 1.78225227e-14 1.80398705e-14
 1.82572183e-14 1.84745662e-14 1.86919140e-14 1.89092619e-14
 1.91266097e-14 1.93439575e-14 1.95613054e-14 1.97786532e-14
 1.99960010e-14 2.02133489e-14 2.04306967e-14 2.06480446e-14
 2.08653924e-14 2.10827402e-14 2.13000881e-14 2.15174359e-14
 2.17347837e-14]
Frequencies: [4.54118399e+09 4.00000000e+00 0.00000000e+00 0.00000000e+00
 0.00000000e+00 0.00000000e+00 1.00000000e+00 0.00000000e+00
 0.00000000e+00 0.00000000e+00 1.00000000e+00 1.00000000e+00
 1.00000000e+00 0.00000000e+00 0.00000000e+00 0.00000000e+00
 0.00000000e+00 0.00000000e+00 0.00000000e+00 0.00000000e+00
 0.00000000e+00 0.00000000e+00 0.00000000e+00 0.00000000e+00
 0.00000000e+00 0.00000000e+00 0.00000000e+00 0.00000000e+00
 0.00000000e+00 0.00000000e+00 0.00000000e+00 0.00000000e+00
 0.00000000e+00 0.00000000e+00 0.00000000e+00 0.00000000e+00
 0.00000000e+00 0.00000000e+00 0.00000000e+00 0.00000000e+00
 0.00000000e+00 0.00000000e+00 0.00000000e+00 0.00000000e+00
 0.00000000e+00 0.00000000e+00 0.00000000e+00 0.00000000e+00
 0.00000000e+00 0.00000000e+00 0.00000000e+00 0.00000000e+00
 0.00000000e+00 0.00000000e+00 0.00000000e+00 0.00000000e+00
 0.00000000e+00 0.00000000e+00 0.00000000e+00 0.00000000e+00
 0.00000000e+00 0.00000000e+00 0.00000000e+00 0.00000000e+00
 0.00000000e+00 0.00000000e+00 0.00000000e+00 0.00000000e+00
 0.00000000e+00 0.00000000e+00 0.00000000e+00 0.00000000e+00
 0.00000000e+00 0.00000000e+00 0.00000000e+00 0.00000000e+00
 0.00000000e+00 0.00000000e+00 0.00000000e+00 0.00000000e+00
 0.00000000e+00 0.00000000e+00 0.00000000e+00 0.00000000e+00
 0.00000000e+00 0.00000000e+00 0.00000000e+00 0.00000000e+00
 0.00000000e+00 0.00000000e+00 0.00000000e+00 0.00000000e+00
 0.00000000e+00 0.00000000e+00 0.00000000e+00 0.00000000e+00
 0.00000000e+00 0.00000000e+00 0.00000000e+00 1.00000000e+00]
