Standard Deviation: 8.860511124850869e-05
Skewness: 1.8763929659666623
Kurtosis: 4.405823654518962
Median: 4.006412833191299e-05
Mean: 7.701295524006209e-05
Deciles: [1.51940786e-05 1.07357317e-04]
Minimum: 1.7166488326237284e-12
Maximum: 0.0024802061667596564
Bin Edges: [1.71664883e-12 2.48020634e-05 4.96041250e-05 7.44061867e-05
 9.92082483e-05 1.24010310e-04 1.48812372e-04 1.73614433e-04
 1.98416495e-04 2.23218557e-04 2.48020618e-04 2.72822680e-04
 2.97624742e-04 3.22426803e-04 3.47228865e-04 3.72030926e-04
 3.96832988e-04 4.21635050e-04 4.46437111e-04 4.71239173e-04
 4.96041235e-04 5.20843296e-04 5.45645358e-04 5.70447420e-04
 5.95249481e-04 6.20051543e-04 6.44853605e-04 6.69655666e-04
 6.94457728e-04 7.19259790e-04 7.44061851e-04 7.68863913e-04
 7.93665975e-04 8.18468036e-04 8.43270098e-04 8.68072159e-04
 8.92874221e-04 9.17676283e-04 9.42478344e-04 9.67280406e-04
 9.92082468e-04 1.01688453e-03 1.04168659e-03 1.06648865e-03
 1.09129071e-03 1.11609278e-03 1.14089484e-03 1.16569690e-03
 1.19049896e-03 1.21530102e-03 1.24010308e-03 1.26490515e-03
 1.28970721e-03 1.31450927e-03 1.33931133e-03 1.36411339e-03
 1.38891545e-03 1.41371752e-03 1.43851958e-03 1.46332164e-03
 1.48812370e-03 1.51292576e-03 1.53772782e-03 1.56252989e-03
 1.58733195e-03 1.61213401e-03 1.63693607e-03 1.66173813e-03
 1.68654019e-03 1.71134226e-03 1.73614432e-03 1.76094638e-03
 1.78574844e-03 1.81055050e-03 1.83535256e-03 1.86015463e-03
 1.88495669e-03 1.90975875e-03 1.93456081e-03 1.95936287e-03
 1.98416493e-03 2.00896700e-03 2.03376906e-03 2.05857112e-03
 2.08337318e-03 2.10817524e-03 2.13297730e-03 2.15777937e-03
 2.18258143e-03 2.20738349e-03 2.23218555e-03 2.25698761e-03
 2.28178967e-03 2.30659174e-03 2.33139380e-03 2.35619586e-03
 2.38099792e-03 2.40579998e-03 2.43060204e-03 2.45540411e-03
 2.48020617e-03]
Frequencies: [1.69952863e+09 8.25064883e+08 4.73860649e+08 3.21815959e+08
 2.38633110e+08 1.87532992e+08 1.54449102e+08 1.31789224e+08
 1.13860541e+08 9.73078780e+07 8.06059990e+07 6.40455730e+07
 4.84237430e+07 3.46829730e+07 2.35344380e+07 1.52860720e+07
 9.71797800e+06 6.23635100e+06 4.13036400e+06 2.84873100e+06
 2.02434200e+06 1.46736100e+06 1.07332500e+06 7.94865000e+05
 5.94242000e+05 4.42626000e+05 3.28019000e+05 2.45902000e+05
 1.85977000e+05 1.41404000e+05 1.08537000e+05 8.28270000e+04
 6.28990000e+04 4.90490000e+04 3.87600000e+04 3.07180000e+04
 2.42520000e+04 2.00100000e+04 1.67050000e+04 1.35300000e+04
 1.14860000e+04 9.88200000e+03 8.49100000e+03 7.25300000e+03
 6.08700000e+03 5.21700000e+03 4.61000000e+03 3.99300000e+03
 3.56300000e+03 3.10900000e+03 2.64400000e+03 2.23700000e+03
 1.95800000e+03 1.71600000e+03 1.48200000e+03 1.26100000e+03
 1.14600000e+03 9.39000000e+02 7.68000000e+02 8.09000000e+02
 6.12000000e+02 6.06000000e+02 4.84000000e+02 4.55000000e+02
 4.17000000e+02 3.18000000e+02 3.08000000e+02 2.51000000e+02
 2.14000000e+02 1.87000000e+02 1.61000000e+02 1.43000000e+02
 1.13000000e+02 9.90000000e+01 6.50000000e+01 6.40000000e+01
 5.00000000e+01 4.80000000e+01 3.20000000e+01 2.70000000e+01
 2.10000000e+01 2.00000000e+01 6.00000000e+00 1.10000000e+01
 9.00000000e+00 5.00000000e+00 6.00000000e+00 7.00000000e+00
 5.00000000e+00 6.00000000e+00 8.00000000e+00 6.00000000e+00
 4.00000000e+00 8.00000000e+00 6.00000000e+00 7.00000000e+00
 5.00000000e+00 7.00000000e+00 3.00000000e+00 3.00000000e+00]
