Standard Deviation: 2026.1983991805337
Skewness: -3.604841065254211
Kurtosis: 15.498897943525918
Median: 44720.53325601274
Mean: 43986.46894361628
Deciles: [43865.27732556 44944.09120201]
Minimum: 29279.03397318503
Maximum: 46866.82124982923
Bin Edges: [29279.03397319 29454.91184595 29630.78971872 29806.66759148
 29982.54546425 30158.42333702 30334.30120978 30510.17908255
 30686.05695532 30861.93482808 31037.81270085 31213.69057362
 31389.56844638 31565.44631915 31741.32419192 31917.20206468
 32093.07993745 32268.95781021 32444.83568298 32620.71355575
 32796.59142851 32972.46930128 33148.34717405 33324.22504681
 33500.10291958 33675.98079235 33851.85866511 34027.73653788
 34203.61441065 34379.49228341 34555.37015618 34731.24802894
 34907.12590171 35083.00377448 35258.88164724 35434.75952001
 35610.63739278 35786.51526554 35962.39313831 36138.27101108
 36314.14888384 36490.02675661 36665.90462938 36841.78250214
 37017.66037491 37193.53824767 37369.41612044 37545.29399321
 37721.17186597 37897.04973874 38072.92761151 38248.80548427
 38424.68335704 38600.56122981 38776.43910257 38952.31697534
 39128.19484811 39304.07272087 39479.95059364 39655.82846641
 39831.70633917 40007.58421194 40183.4620847  40359.33995747
 40535.21783024 40711.095703   40886.97357577 41062.85144854
 41238.7293213  41414.60719407 41590.48506684 41766.3629396
 41942.24081237 42118.11868514 42293.9965579  42469.87443067
 42645.75230343 42821.6301762  42997.50804897 43173.38592173
 43349.2637945  43525.14166727 43701.01954003 43876.8974128
 44052.77528557 44228.65315833 44404.5310311  44580.40890387
 44756.28677663 44932.1646494  45108.04252216 45283.92039493
 45459.7982677  45635.67614046 45811.55401323 45987.431886
 46163.30975876 46339.18763153 46515.0655043  46690.94337706
 46866.82124983]
Frequencies: [3.24700000e+03 3.43760000e+04 2.14012000e+05 6.12063000e+05
 1.43533000e+06 2.30397700e+06 1.80202800e+06 1.15344100e+06
 7.14157000e+05 1.20462700e+06 1.22384100e+06 1.33601200e+06
 1.95257500e+06 2.31425600e+06 2.51995500e+06 2.48773000e+06
 2.11066500e+06 2.18244900e+06 2.48702500e+06 2.45461800e+06
 2.42623300e+06 3.17838500e+06 3.45430700e+06 3.28083100e+06
 3.14557500e+06 3.40240600e+06 2.82764100e+06 2.90280500e+06
 3.03415800e+06 3.03348500e+06 3.40175200e+06 3.36264500e+06
 2.61021600e+06 2.75447400e+06 2.95381700e+06 3.15654500e+06
 2.69484200e+06 2.25256500e+06 2.54093100e+06 2.69121500e+06
 2.64542100e+06 3.26721500e+06 3.11846400e+06 3.65982400e+06
 3.32332400e+06 2.83760300e+06 3.36972300e+06 3.89896600e+06
 4.07788300e+06 3.97736000e+06 4.66625500e+06 4.96991700e+06
 5.92658300e+06 6.74985100e+06 6.67534600e+06 7.58851900e+06
 7.57407800e+06 7.66260500e+06 8.11978200e+06 9.62523200e+06
 1.14691460e+07 1.23376660e+07 1.39266280e+07 1.63872500e+07
 1.89315660e+07 1.86620140e+07 1.91329730e+07 1.97260660e+07
 2.07127900e+07 2.09699570e+07 2.13203200e+07 2.08863200e+07
 2.26446040e+07 2.73754200e+07 3.06533520e+07 3.66760640e+07
 4.54878420e+07 5.31497890e+07 6.70524880e+07 8.21708750e+07
 9.96509420e+07 1.25561581e+08 1.47194028e+08 1.61996781e+08
 1.79611193e+08 2.07210758e+08 2.53269380e+08 4.68669780e+08
 9.36710193e+08 6.26285215e+08 3.58802163e+08 1.50625148e+08
 4.19595740e+07 8.46057100e+06 1.66038400e+06 3.41380000e+05
 8.73270000e+04 2.18880000e+04 5.56100000e+03 1.86000000e+03]
