Standard Deviation: 3.945329229004955e-39
Skewness: 54956.97438751322
Kurtosis: 3288998469.6414595
Median: 1.5376761948847507e-50
Mean: 1.0397306410108205e-43
Deciles: [5.89352293e-53 3.37990048e-48]
Minimum: 0.0
Maximum: 2.4430607530514155e-34
Bin Edges: [0.00000000e+00 2.44306075e-36 4.88612151e-36 7.32918226e-36
 9.77224301e-36 1.22153038e-35 1.46583645e-35 1.71014253e-35
 1.95444860e-35 2.19875468e-35 2.44306075e-35 2.68736683e-35
 2.93167290e-35 3.17597898e-35 3.42028505e-35 3.66459113e-35
 3.90889720e-35 4.15320328e-35 4.39750936e-35 4.64181543e-35
 4.88612151e-35 5.13042758e-35 5.37473366e-35 5.61903973e-35
 5.86334581e-35 6.10765188e-35 6.35195796e-35 6.59626403e-35
 6.84057011e-35 7.08487618e-35 7.32918226e-35 7.57348833e-35
 7.81779441e-35 8.06210049e-35 8.30640656e-35 8.55071264e-35
 8.79501871e-35 9.03932479e-35 9.28363086e-35 9.52793694e-35
 9.77224301e-35 1.00165491e-34 1.02608552e-34 1.05051612e-34
 1.07494673e-34 1.09937734e-34 1.12380795e-34 1.14823855e-34
 1.17266916e-34 1.19709977e-34 1.22153038e-34 1.24596098e-34
 1.27039159e-34 1.29482220e-34 1.31925281e-34 1.34368341e-34
 1.36811402e-34 1.39254463e-34 1.41697524e-34 1.44140584e-34
 1.46583645e-34 1.49026706e-34 1.51469767e-34 1.53912827e-34
 1.56355888e-34 1.58798949e-34 1.61242010e-34 1.63685070e-34
 1.66128131e-34 1.68571192e-34 1.71014253e-34 1.73457313e-34
 1.75900374e-34 1.78343435e-34 1.80786496e-34 1.83229556e-34
 1.85672617e-34 1.88115678e-34 1.90558739e-34 1.93001799e-34
 1.95444860e-34 1.97887921e-34 2.00330982e-34 2.02774043e-34
 2.05217103e-34 2.07660164e-34 2.10103225e-34 2.12546286e-34
 2.14989346e-34 2.17432407e-34 2.19875468e-34 2.22318529e-34
 2.24761589e-34 2.27204650e-34 2.29647711e-34 2.32090772e-34
 2.34533832e-34 2.36976893e-34 2.39419954e-34 2.41863015e-34
 2.44306075e-34]
Frequencies: [4.54118399e+09 2.00000000e+00 0.00000000e+00 0.00000000e+00
 1.00000000e+00 0.00000000e+00 2.00000000e+00 0.00000000e+00
 0.00000000e+00 0.00000000e+00 0.00000000e+00 0.00000000e+00
 0.00000000e+00 1.00000000e+00 0.00000000e+00 0.00000000e+00
 0.00000000e+00 0.00000000e+00 0.00000000e+00 1.00000000e+00
 0.00000000e+00 0.00000000e+00 0.00000000e+00 0.00000000e+00
 0.00000000e+00 0.00000000e+00 0.00000000e+00 0.00000000e+00
 0.00000000e+00 0.00000000e+00 0.00000000e+00 0.00000000e+00
 0.00000000e+00 0.00000000e+00 1.00000000e+00 0.00000000e+00
 0.00000000e+00 0.00000000e+00 0.00000000e+00 0.00000000e+00
 0.00000000e+00 0.00000000e+00 0.00000000e+00 0.00000000e+00
 0.00000000e+00 0.00000000e+00 0.00000000e+00 0.00000000e+00
 0.00000000e+00 0.00000000e+00 0.00000000e+00 0.00000000e+00
 0.00000000e+00 0.00000000e+00 0.00000000e+00 0.00000000e+00
 0.00000000e+00 0.00000000e+00 0.00000000e+00 0.00000000e+00
 0.00000000e+00 0.00000000e+00 0.00000000e+00 0.00000000e+00
 0.00000000e+00 0.00000000e+00 0.00000000e+00 0.00000000e+00
 0.00000000e+00 0.00000000e+00 0.00000000e+00 0.00000000e+00
 0.00000000e+00 0.00000000e+00 0.00000000e+00 0.00000000e+00
 0.00000000e+00 0.00000000e+00 0.00000000e+00 0.00000000e+00
 0.00000000e+00 0.00000000e+00 0.00000000e+00 0.00000000e+00
 0.00000000e+00 0.00000000e+00 0.00000000e+00 0.00000000e+00
 0.00000000e+00 0.00000000e+00 0.00000000e+00 0.00000000e+00
 0.00000000e+00 0.00000000e+00 0.00000000e+00 0.00000000e+00
 0.00000000e+00 0.00000000e+00 0.00000000e+00 1.00000000e+00]
