Standard Deviation: 2.6787693039728314e-05
Skewness: 5.2287692472396845
Kurtosis: 34.44351939569177
Median: 8.077259337889005e-10
Mean: 8.107215251072695e-06
Deciles: [0.00000000e+00 1.06781057e-06]
Minimum: 0.0
Maximum: 0.0007530500827079904
Bin Edges: [0.00000000e+00 7.53050083e-06 1.50610017e-05 2.25915025e-05
 3.01220033e-05 3.76525041e-05 4.51830050e-05 5.27135058e-05
 6.02440066e-05 6.77745074e-05 7.53050083e-05 8.28355091e-05
 9.03660099e-05 9.78965108e-05 1.05427012e-04 1.12957512e-04
 1.20488013e-04 1.28018514e-04 1.35549015e-04 1.43079516e-04
 1.50610017e-04 1.58140517e-04 1.65671018e-04 1.73201519e-04
 1.80732020e-04 1.88262521e-04 1.95793022e-04 2.03323522e-04
 2.10854023e-04 2.18384524e-04 2.25915025e-04 2.33445526e-04
 2.40976026e-04 2.48506527e-04 2.56037028e-04 2.63567529e-04
 2.71098030e-04 2.78628531e-04 2.86159031e-04 2.93689532e-04
 3.01220033e-04 3.08750534e-04 3.16281035e-04 3.23811536e-04
 3.31342036e-04 3.38872537e-04 3.46403038e-04 3.53933539e-04
 3.61464040e-04 3.68994541e-04 3.76525041e-04 3.84055542e-04
 3.91586043e-04 3.99116544e-04 4.06647045e-04 4.14177545e-04
 4.21708046e-04 4.29238547e-04 4.36769048e-04 4.44299549e-04
 4.51830050e-04 4.59360550e-04 4.66891051e-04 4.74421552e-04
 4.81952053e-04 4.89482554e-04 4.97013055e-04 5.04543555e-04
 5.12074056e-04 5.19604557e-04 5.27135058e-04 5.34665559e-04
 5.42196060e-04 5.49726560e-04 5.57257061e-04 5.64787562e-04
 5.72318063e-04 5.79848564e-04 5.87379065e-04 5.94909565e-04
 6.02440066e-04 6.09970567e-04 6.17501068e-04 6.25031569e-04
 6.32562069e-04 6.40092570e-04 6.47623071e-04 6.55153572e-04
 6.62684073e-04 6.70214574e-04 6.77745074e-04 6.85275575e-04
 6.92806076e-04 7.00336577e-04 7.07867078e-04 7.15397579e-04
 7.22928079e-04 7.30458580e-04 7.37989081e-04 7.45519582e-04
 7.53050083e-04]
Frequencies: [3.85003264e+09 1.61550219e+08 9.94112240e+07 7.14822570e+07
 5.50045160e+07 4.37697850e+07 3.54832160e+07 2.91538440e+07
 2.43054300e+07 2.06193180e+07 1.77789310e+07 1.55655450e+07
 1.37837450e+07 1.23127890e+07 1.10545020e+07 9.92606500e+06
 8.89358700e+06 7.93442300e+06 7.03065300e+06 6.20312900e+06
 5.45120900e+06 4.77664200e+06 4.16767200e+06 3.62962300e+06
 3.15198400e+06 2.73127100e+06 2.36721400e+06 2.04280500e+06
 1.76219100e+06 1.51820100e+06 1.30182900e+06 1.11579500e+06
 9.53880000e+05 8.10172000e+05 6.86593000e+05 5.78705000e+05
 4.87580000e+05 4.05970000e+05 3.38743000e+05 2.83224000e+05
 2.34657000e+05 1.94550000e+05 1.60059000e+05 1.31201000e+05
 1.08567000e+05 8.88270000e+04 7.30670000e+04 6.07290000e+04
 4.96130000e+04 4.10530000e+04 3.37030000e+04 2.77470000e+04
 2.26650000e+04 1.84710000e+04 1.52790000e+04 1.24410000e+04
 1.01500000e+04 8.40300000e+03 7.00000000e+03 5.71800000e+03
 4.57800000e+03 3.71000000e+03 3.02200000e+03 2.44400000e+03
 1.91300000e+03 1.64000000e+03 1.22100000e+03 9.51000000e+02
 7.65000000e+02 6.55000000e+02 5.35000000e+02 3.66000000e+02
 3.36000000e+02 2.11000000e+02 1.91000000e+02 1.19000000e+02
 9.90000000e+01 6.20000000e+01 4.40000000e+01 3.30000000e+01
 2.10000000e+01 2.10000000e+01 1.00000000e+01 9.00000000e+00
 7.00000000e+00 6.00000000e+00 0.00000000e+00 1.00000000e+00
 3.00000000e+00 0.00000000e+00 0.00000000e+00 0.00000000e+00
 0.00000000e+00 0.00000000e+00 0.00000000e+00 0.00000000e+00
 0.00000000e+00 0.00000000e+00 0.00000000e+00 1.00000000e+00]
