Standard Deviation: 2.121033347101758e-08
Skewness: 0.48776906640255135
Kurtosis: -0.5756988221518795
Median: 4.5596144831445966e-08
Mean: 4.9915704913897305e-08
Deciles: [3.32780951e-08 6.76598220e-08]
Minimum: 8.686943856785056e-09
Maximum: 1.4623462495564128e-07
Bin Edges: [8.68694386e-09 1.00624207e-08 1.14378975e-08 1.28133743e-08
 1.41888511e-08 1.55643279e-08 1.69398047e-08 1.83152815e-08
 1.96907583e-08 2.10662352e-08 2.24417120e-08 2.38171888e-08
 2.51926656e-08 2.65681424e-08 2.79436192e-08 2.93190960e-08
 3.06945728e-08 3.20700496e-08 3.34455265e-08 3.48210033e-08
 3.61964801e-08 3.75719569e-08 3.89474337e-08 4.03229105e-08
 4.16983873e-08 4.30738641e-08 4.44493409e-08 4.58248178e-08
 4.72002946e-08 4.85757714e-08 4.99512482e-08 5.13267250e-08
 5.27022018e-08 5.40776786e-08 5.54531554e-08 5.68286322e-08
 5.82041091e-08 5.95795859e-08 6.09550627e-08 6.23305395e-08
 6.37060163e-08 6.50814931e-08 6.64569699e-08 6.78324467e-08
 6.92079235e-08 7.05834004e-08 7.19588772e-08 7.33343540e-08
 7.47098308e-08 7.60853076e-08 7.74607844e-08 7.88362612e-08
 8.02117380e-08 8.15872148e-08 8.29626917e-08 8.43381685e-08
 8.57136453e-08 8.70891221e-08 8.84645989e-08 8.98400757e-08
 9.12155525e-08 9.25910293e-08 9.39665061e-08 9.53419829e-08
 9.67174598e-08 9.80929366e-08 9.94684134e-08 1.00843890e-07
 1.02219367e-07 1.03594844e-07 1.04970321e-07 1.06345797e-07
 1.07721274e-07 1.09096751e-07 1.10472228e-07 1.11847705e-07
 1.13223181e-07 1.14598658e-07 1.15974135e-07 1.17349612e-07
 1.18725089e-07 1.20100566e-07 1.21476042e-07 1.22851519e-07
 1.24226996e-07 1.25602473e-07 1.26977950e-07 1.28353426e-07
 1.29728903e-07 1.31104380e-07 1.32479857e-07 1.33855334e-07
 1.35230810e-07 1.36606287e-07 1.37981764e-07 1.39357241e-07
 1.40732718e-07 1.42108195e-07 1.43483671e-07 1.44859148e-07
 1.46234625e-07]
Frequencies: [2.31948200e+06 9.48082100e+06 1.70575240e+07 2.32831500e+07
 2.62679620e+07 2.98623390e+07 3.36982140e+07 3.96514440e+07
 4.55447210e+07 6.03277270e+07 8.89509130e+07 1.07055685e+08
 1.13636019e+08 1.09096916e+08 1.12569794e+08 1.11866154e+08
 1.09507017e+08 1.07992692e+08 1.06400174e+08 1.04731394e+08
 1.06206534e+08 1.08206724e+08 1.12076552e+08 1.19684317e+08
 1.29461303e+08 1.46516728e+08 2.39598142e+08 2.33016347e+08
 1.11789566e+08 7.79488830e+07 5.57538830e+07 5.11761660e+07
 4.85832270e+07 4.77552000e+07 4.81730820e+07 4.79794180e+07
 4.89247380e+07 5.00960180e+07 5.10723350e+07 5.14900800e+07
 5.31924570e+07 5.69142390e+07 5.84042270e+07 6.13187390e+07
 6.71516800e+07 7.31414030e+07 7.88199580e+07 7.98156710e+07
 8.09893710e+07 8.35622180e+07 7.89182700e+07 7.44729210e+07
 6.48091220e+07 5.56804650e+07 4.76055580e+07 4.03625370e+07
 3.20588090e+07 2.65649120e+07 2.28078140e+07 2.01123280e+07
 1.79600840e+07 1.64423420e+07 1.50875650e+07 1.42778270e+07
 1.28176120e+07 1.16381590e+07 1.00423580e+07 8.53890300e+06
 6.61558600e+06 4.96355000e+06 4.05857600e+06 3.32621100e+06
 2.75923000e+06 2.23614500e+06 1.87430600e+06 1.46371100e+06
 1.10844700e+06 9.03681000e+05 5.53477000e+05 4.41169000e+05
 4.11376000e+05 3.44443000e+05 2.87961000e+05 2.50103000e+05
 2.13910000e+05 1.76226000e+05 1.56095000e+05 1.35214000e+05
 1.25716000e+05 8.52010000e+04 7.53150000e+04 7.01890000e+04
 6.26240000e+04 5.04090000e+04 3.73140000e+04 3.48410000e+04
 2.53830000e+04 1.17200000e+04 6.14600000e+03 2.79100000e+03]
