Standard Deviation: 3614.19493209957
Skewness: -3.604841065252962
Kurtosis: 15.498897943518624
Median: 65481.62011920974
Mean: 64172.24611182002
Deciles: [63956.07274401 65880.38758235]
Minimum: 37938.12365085512
Maximum: 69310.02270466973
Bin Edges: [37938.12365086 38251.84264139 38565.56163193 38879.28062247
 39192.99961301 39506.71860355 39820.43759408 40134.15658462
 40447.87557516 40761.5945657  41075.31355624 41389.03254677
 41702.75153731 42016.47052785 42330.18951839 42643.90850893
 42957.62749947 43271.34649    43585.06548054 43898.78447108
 44212.50346162 44526.22245216 44839.94144269 45153.66043323
 45467.37942377 45781.09841431 46094.81740485 46408.53639539
 46722.25538592 47035.97437646 47349.693367   47663.41235754
 47977.13134808 48290.85033861 48604.56932915 48918.28831969
 49232.00731023 49545.72630077 49859.4452913  50173.16428184
 50486.88327238 50800.60226292 51114.32125346 51428.040244
 51741.75923453 52055.47822507 52369.19721561 52682.91620615
 52996.63519669 53310.35418722 53624.07317776 53937.7921683
 54251.51115884 54565.23014938 54878.94913992 55192.66813045
 55506.38712099 55820.10611153 56133.82510207 56447.54409261
 56761.26308314 57074.98207368 57388.70106422 57702.42005476
 58016.1390453  58329.85803583 58643.57702637 58957.29601691
 59271.01500745 59584.73399799 59898.45298853 60212.17197906
 60525.8909696  60839.60996014 61153.32895068 61467.04794122
 61780.76693175 62094.48592229 62408.20491283 62721.92390337
 63035.64289391 63349.36188444 63663.08087498 63976.79986552
 64290.51885606 64604.2378466  64917.95683714 65231.67582767
 65545.39481821 65859.11380875 66172.83279929 66486.55178983
 66800.27078036 67113.9897709  67427.70876144 67741.42775198
 68055.14674252 68368.86573306 68682.58472359 68996.30371413
 69310.02270467]
Frequencies: [3.24700000e+03 3.43760000e+04 2.14012000e+05 6.12063000e+05
 1.43533000e+06 2.30397700e+06 1.80202800e+06 1.15344100e+06
 7.14157000e+05 1.20462700e+06 1.22384100e+06 1.33601200e+06
 1.95257500e+06 2.31425600e+06 2.51995500e+06 2.48773000e+06
 2.11066500e+06 2.18244900e+06 2.48702500e+06 2.45461800e+06
 2.42623300e+06 3.17838500e+06 3.45430700e+06 3.28083100e+06
 3.14557500e+06 3.40240600e+06 2.82764100e+06 2.90280500e+06
 3.03415800e+06 3.03348500e+06 3.40175200e+06 3.36264500e+06
 2.61021600e+06 2.75447400e+06 2.95381700e+06 3.15654500e+06
 2.69484200e+06 2.25256500e+06 2.54093100e+06 2.69121500e+06
 2.64542100e+06 3.26721500e+06 3.11846400e+06 3.65982400e+06
 3.32332400e+06 2.83760300e+06 3.36972300e+06 3.89896600e+06
 4.07788300e+06 3.97736000e+06 4.66625500e+06 4.96991700e+06
 5.92658300e+06 6.74985100e+06 6.67534600e+06 7.58851900e+06
 7.57407800e+06 7.66260500e+06 8.11978200e+06 9.62523200e+06
 1.14691460e+07 1.23376660e+07 1.39266280e+07 1.63872500e+07
 1.89315660e+07 1.86620140e+07 1.91329730e+07 1.97260660e+07
 2.07127900e+07 2.09699570e+07 2.13203200e+07 2.08863200e+07
 2.26446040e+07 2.73754200e+07 3.06533520e+07 3.66760640e+07
 4.54878420e+07 5.31497890e+07 6.70524880e+07 8.21708750e+07
 9.96509420e+07 1.25561581e+08 1.47194028e+08 1.61996781e+08
 1.79611193e+08 2.07210758e+08 2.53269380e+08 4.68669780e+08
 9.36710193e+08 6.26285215e+08 3.58802163e+08 1.50625148e+08
 4.19595740e+07 8.46057100e+06 1.66038400e+06 3.41380000e+05
 8.73270000e+04 2.18880000e+04 5.56100000e+03 1.86000000e+03]
