Standard Deviation: 1.5737232887400328e-07
Skewness: -1.5927173737416467
Kurtosis: 1.6214184517617998
Median: 9.118321154126386e-07
Mean: 8.535010748676588e-07
Deciles: [8.18692203e-07 9.63254569e-07]
Minimum: 3.0353219856830595e-07
Maximum: 9.85689859451675e-07
Bin Edges: [3.03532199e-07 3.10353775e-07 3.17175352e-07 3.23996928e-07
 3.30818505e-07 3.37640082e-07 3.44461658e-07 3.51283235e-07
 3.58104811e-07 3.64926388e-07 3.71747965e-07 3.78569541e-07
 3.85391118e-07 3.92212694e-07 3.99034271e-07 4.05855848e-07
 4.12677424e-07 4.19499001e-07 4.26320578e-07 4.33142154e-07
 4.39963731e-07 4.46785307e-07 4.53606884e-07 4.60428461e-07
 4.67250037e-07 4.74071614e-07 4.80893190e-07 4.87714767e-07
 4.94536344e-07 5.01357920e-07 5.08179497e-07 5.15001073e-07
 5.21822650e-07 5.28644227e-07 5.35465803e-07 5.42287380e-07
 5.49108956e-07 5.55930533e-07 5.62752110e-07 5.69573686e-07
 5.76395263e-07 5.83216840e-07 5.90038416e-07 5.96859993e-07
 6.03681569e-07 6.10503146e-07 6.17324723e-07 6.24146299e-07
 6.30967876e-07 6.37789452e-07 6.44611029e-07 6.51432606e-07
 6.58254182e-07 6.65075759e-07 6.71897335e-07 6.78718912e-07
 6.85540489e-07 6.92362065e-07 6.99183642e-07 7.06005218e-07
 7.12826795e-07 7.19648372e-07 7.26469948e-07 7.33291525e-07
 7.40113102e-07 7.46934678e-07 7.53756255e-07 7.60577831e-07
 7.67399408e-07 7.74220985e-07 7.81042561e-07 7.87864138e-07
 7.94685714e-07 8.01507291e-07 8.08328868e-07 8.15150444e-07
 8.21972021e-07 8.28793597e-07 8.35615174e-07 8.42436751e-07
 8.49258327e-07 8.56079904e-07 8.62901480e-07 8.69723057e-07
 8.76544634e-07 8.83366210e-07 8.90187787e-07 8.97009364e-07
 9.03830940e-07 9.10652517e-07 9.17474093e-07 9.24295670e-07
 9.31117247e-07 9.37938823e-07 9.44760400e-07 9.51581976e-07
 9.58403553e-07 9.65225130e-07 9.72046706e-07 9.78868283e-07
 9.85689859e-07]
Frequencies: [1.6819200e+06 3.3638400e+06 5.0457600e+06 3.3638400e+06 5.0457600e+06
 6.7276800e+06 6.7276800e+06 5.0457600e+06 1.0091520e+07 5.0457600e+06
 1.0091520e+07 6.7276800e+06 1.1773440e+07 6.7276800e+06 1.3455360e+07
 6.7276800e+06 1.1773440e+07 1.3455360e+07 6.7276800e+06 1.5137280e+07
 1.0091520e+07 1.3455360e+07 1.1773440e+07 1.3455360e+07 1.3455360e+07
 1.0091520e+07 1.1773440e+07 1.6819200e+07 1.3455360e+07 1.0091520e+07
 1.8501120e+07 1.0091520e+07 1.3455360e+07 1.6819200e+07 1.8501120e+07
 6.7276800e+06 2.0183040e+07 1.3455360e+07 1.5137280e+07 1.6819200e+07
 1.6819200e+07 1.0091520e+07 2.5228800e+07 1.3455360e+07 1.3455360e+07
 1.3455360e+07 2.1864960e+07 1.3455360e+07 1.6819200e+07 2.3546880e+07
 1.8501120e+07 1.0091520e+07 2.6910720e+07 1.6819200e+07 1.8501120e+07
 1.0091520e+07 2.6910720e+07 2.0183040e+07 1.5137280e+07 2.3546880e+07
 2.3546880e+07 1.3455360e+07 1.5137280e+07 3.3638400e+07 1.6819200e+07
 1.6819200e+07 2.5228800e+07 2.6910720e+07 1.6819200e+07 2.0183040e+07
 2.8592640e+07 2.3546880e+07 2.0183040e+07 3.0274560e+07 2.1864960e+07
 2.3546880e+07 2.3546880e+07 3.7002240e+07 2.1864960e+07 1.6819200e+07
 4.0366080e+07 2.6910720e+07 1.2109824e+08 1.4632704e+08 1.3623552e+08
 1.3455360e+08 1.3959936e+08 1.3791744e+08 1.2782592e+08 1.3791744e+08
 1.4128128e+08 1.3791744e+08 1.2782592e+08 1.6482816e+08 1.4800896e+08
 1.7491968e+08 1.6819200e+08 2.1192192e+08 2.6237952e+08 6.1558272e+08]
