Standard Deviation: 2.8561408008716923e-08
Skewness: 1962.3324520344484
Kurtosis: 5626743.620843513
Median: 0.0
Mean: 3.618968707537231e-11
Deciles: [0.00000000e+00 2.95253822e-36]
Minimum: 0.0
Maximum: 0.0001424675629146261
Bin Edges: [0.00000000e+00 1.42467563e-06 2.84935126e-06 4.27402689e-06
 5.69870252e-06 7.12337815e-06 8.54805377e-06 9.97272940e-06
 1.13974050e-05 1.28220807e-05 1.42467563e-05 1.56714319e-05
 1.70961075e-05 1.85207832e-05 1.99454588e-05 2.13701344e-05
 2.27948101e-05 2.42194857e-05 2.56441613e-05 2.70688370e-05
 2.84935126e-05 2.99181882e-05 3.13428638e-05 3.27675395e-05
 3.41922151e-05 3.56168907e-05 3.70415664e-05 3.84662420e-05
 3.98909176e-05 4.13155932e-05 4.27402689e-05 4.41649445e-05
 4.55896201e-05 4.70142958e-05 4.84389714e-05 4.98636470e-05
 5.12883226e-05 5.27129983e-05 5.41376739e-05 5.55623495e-05
 5.69870252e-05 5.84117008e-05 5.98363764e-05 6.12610521e-05
 6.26857277e-05 6.41104033e-05 6.55350789e-05 6.69597546e-05
 6.83844302e-05 6.98091058e-05 7.12337815e-05 7.26584571e-05
 7.40831327e-05 7.55078083e-05 7.69324840e-05 7.83571596e-05
 7.97818352e-05 8.12065109e-05 8.26311865e-05 8.40558621e-05
 8.54805377e-05 8.69052134e-05 8.83298890e-05 8.97545646e-05
 9.11792403e-05 9.26039159e-05 9.40285915e-05 9.54532672e-05
 9.68779428e-05 9.83026184e-05 9.97272940e-05 1.01151970e-04
 1.02576645e-04 1.04001321e-04 1.05425997e-04 1.06850672e-04
 1.08275348e-04 1.09700023e-04 1.11124699e-04 1.12549375e-04
 1.13974050e-04 1.15398726e-04 1.16823402e-04 1.18248077e-04
 1.19672753e-04 1.21097428e-04 1.22522104e-04 1.23946780e-04
 1.25371455e-04 1.26796131e-04 1.28220807e-04 1.29645482e-04
 1.31070158e-04 1.32494834e-04 1.33919509e-04 1.35344185e-04
 1.36768860e-04 1.38193536e-04 1.39618212e-04 1.41042887e-04
 1.42467563e-04]
Frequencies: [4.54116621e+09 6.63000000e+03 2.98400000e+03 1.72000000e+03
 1.16300000e+03 8.46000000e+02 6.40000000e+02 4.82000000e+02
 4.23000000e+02 3.57000000e+02 2.89000000e+02 2.43000000e+02
 2.21000000e+02 1.74000000e+02 1.58000000e+02 1.46000000e+02
 1.13000000e+02 1.11000000e+02 1.00000000e+02 9.60000000e+01
 8.70000000e+01 6.60000000e+01 4.90000000e+01 5.50000000e+01
 5.90000000e+01 4.60000000e+01 4.90000000e+01 2.90000000e+01
 4.00000000e+01 3.10000000e+01 3.40000000e+01 2.40000000e+01
 2.60000000e+01 1.60000000e+01 2.00000000e+01 1.10000000e+01
 1.00000000e+01 1.00000000e+01 6.00000000e+00 1.40000000e+01
 1.30000000e+01 1.60000000e+01 6.00000000e+00 1.30000000e+01
 8.00000000e+00 6.00000000e+00 4.00000000e+00 4.00000000e+00
 1.20000000e+01 3.00000000e+00 3.00000000e+00 4.00000000e+00
 4.00000000e+00 1.00000000e+00 7.00000000e+00 3.00000000e+00
 5.00000000e+00 7.00000000e+00 1.00000000e+00 4.00000000e+00
 2.00000000e+00 3.00000000e+00 3.00000000e+00 9.00000000e+00
 3.00000000e+00 0.00000000e+00 1.00000000e+00 3.00000000e+00
 4.00000000e+00 6.00000000e+00 2.00000000e+00 4.00000000e+00
 3.00000000e+00 3.00000000e+00 3.00000000e+00 6.00000000e+00
 2.00000000e+00 3.00000000e+00 3.00000000e+00 3.00000000e+00
 3.00000000e+00 2.00000000e+00 2.00000000e+00 0.00000000e+00
 2.00000000e+00 0.00000000e+00 1.00000000e+00 1.00000000e+00
 1.00000000e+00 0.00000000e+00 1.00000000e+00 0.00000000e+00
 1.00000000e+00 0.00000000e+00 0.00000000e+00 0.00000000e+00
 2.00000000e+00 2.00000000e+00 0.00000000e+00 2.00000000e+00]
