Standard Deviation: 2.060195885959272e-18
Skewness: 0.9999999999989333
Kurtosis: -2.0000000000008016
Median: 4.908583856935717e-07
Mean: 4.908583856915115e-07
Deciles: [4.90858386e-07 4.90858386e-07]
Minimum: 4.908583856935717e-07
Maximum: 4.908583856935717e-07
Bin Edges: [-4.99999509e-01 -4.89999509e-01 -4.79999509e-01 -4.69999509e-01
 -4.59999509e-01 -4.49999509e-01 -4.39999509e-01 -4.29999509e-01
 -4.19999509e-01 -4.09999509e-01 -3.99999509e-01 -3.89999509e-01
 -3.79999509e-01 -3.69999509e-01 -3.59999509e-01 -3.49999509e-01
 -3.39999509e-01 -3.29999509e-01 -3.19999509e-01 -3.09999509e-01
 -2.99999509e-01 -2.89999509e-01 -2.79999509e-01 -2.69999509e-01
 -2.59999509e-01 -2.49999509e-01 -2.39999509e-01 -2.29999509e-01
 -2.19999509e-01 -2.09999509e-01 -1.99999509e-01 -1.89999509e-01
 -1.79999509e-01 -1.69999509e-01 -1.59999509e-01 -1.49999509e-01
 -1.39999509e-01 -1.29999509e-01 -1.19999509e-01 -1.09999509e-01
 -9.99995091e-02 -8.99995091e-02 -7.99995091e-02 -6.99995091e-02
 -5.99995091e-02 -4.99995091e-02 -3.99995091e-02 -2.99995091e-02
 -1.99995091e-02 -9.99950914e-03  4.90858386e-07  1.00004909e-02
  2.00004909e-02  3.00004909e-02  4.00004909e-02  5.00004909e-02
  6.00004909e-02  7.00004909e-02  8.00004909e-02  9.00004909e-02
  1.00000491e-01  1.10000491e-01  1.20000491e-01  1.30000491e-01
  1.40000491e-01  1.50000491e-01  1.60000491e-01  1.70000491e-01
  1.80000491e-01  1.90000491e-01  2.00000491e-01  2.10000491e-01
  2.20000491e-01  2.30000491e-01  2.40000491e-01  2.50000491e-01
  2.60000491e-01  2.70000491e-01  2.80000491e-01  2.90000491e-01
  3.00000491e-01  3.10000491e-01  3.20000491e-01  3.30000491e-01
  3.40000491e-01  3.50000491e-01  3.60000491e-01  3.70000491e-01
  3.80000491e-01  3.90000491e-01  4.00000491e-01  4.10000491e-01
  4.20000491e-01  4.30000491e-01  4.40000491e-01  4.50000491e-01
  4.60000491e-01  4.70000491e-01  4.80000491e-01  4.90000491e-01
  5.00000491e-01]
Frequencies: [0.000000e+00 0.000000e+00 0.000000e+00 0.000000e+00 0.000000e+00
 0.000000e+00 0.000000e+00 0.000000e+00 0.000000e+00 0.000000e+00
 0.000000e+00 0.000000e+00 0.000000e+00 0.000000e+00 0.000000e+00
 0.000000e+00 0.000000e+00 0.000000e+00 0.000000e+00 0.000000e+00
 0.000000e+00 0.000000e+00 0.000000e+00 0.000000e+00 0.000000e+00
 0.000000e+00 0.000000e+00 0.000000e+00 0.000000e+00 0.000000e+00
 0.000000e+00 0.000000e+00 0.000000e+00 0.000000e+00 0.000000e+00
 0.000000e+00 0.000000e+00 0.000000e+00 0.000000e+00 0.000000e+00
 0.000000e+00 0.000000e+00 0.000000e+00 0.000000e+00 0.000000e+00
 0.000000e+00 0.000000e+00 0.000000e+00 0.000000e+00 4.541184e+09
 0.000000e+00 0.000000e+00 0.000000e+00 0.000000e+00 0.000000e+00
 0.000000e+00 0.000000e+00 0.000000e+00 0.000000e+00 0.000000e+00
 0.000000e+00 0.000000e+00 0.000000e+00 0.000000e+00 0.000000e+00
 0.000000e+00 0.000000e+00 0.000000e+00 0.000000e+00 0.000000e+00
 0.000000e+00 0.000000e+00 0.000000e+00 0.000000e+00 0.000000e+00
 0.000000e+00 0.000000e+00 0.000000e+00 0.000000e+00 0.000000e+00
 0.000000e+00 0.000000e+00 0.000000e+00 0.000000e+00 0.000000e+00
 0.000000e+00 0.000000e+00 0.000000e+00 0.000000e+00 0.000000e+00
 0.000000e+00 0.000000e+00 0.000000e+00 0.000000e+00 0.000000e+00
 0.000000e+00 0.000000e+00 0.000000e+00 0.000000e+00 0.000000e+00]
