Standard Deviation: 6.5750689323415275
Skewness: 0.09366616577231103
Kurtosis: 15.617076862586362
Median: -0.01771124303299315
Mean: -0.005862047397540151
Deciles: [-2.03995059  2.00511   ]
Minimum: -79.10327179835315
Maximum: 87.09757661103359
Bin Edges: [-79.1032718  -77.44126331 -75.77925483 -74.11724635 -72.45523786
 -70.79322938 -69.13122089 -67.46921241 -65.80720393 -64.14519544
 -62.48318696 -60.82117847 -59.15916999 -57.49716151 -55.83515302
 -54.17314454 -52.51113605 -50.84912757 -49.18711908 -47.5251106
 -45.86310212 -44.20109363 -42.53908515 -40.87707666 -39.21506818
 -37.5530597  -35.89105121 -34.22904273 -32.56703424 -30.90502576
 -29.24301728 -27.58100879 -25.91900031 -24.25699182 -22.59498334
 -20.93297486 -19.27096637 -17.60895789 -15.9469494  -14.28494092
 -12.62293243 -10.96092395  -9.29891547  -7.63690698  -5.9748985
  -4.31289001  -2.65088153  -0.98887305   0.67313544   2.33514392
   3.99715241   5.65916089   7.32116937   8.98317786  10.64518634
  12.30719483  13.96920331  15.63121179  17.29322028  18.95522876
  20.61723725  22.27924573  23.94125422  25.6032627   27.26527118
  28.92727967  30.58928815  32.25129664  33.91330512  35.5753136
  37.23732209  38.89933057  40.56133906  42.22334754  43.88535602
  45.54736451  47.20937299  48.87138148  50.53338996  52.19539845
  53.85740693  55.51941541  57.1814239   58.84343238  60.50544087
  62.16744935  63.82945783  65.49146632  67.1534748   68.81548329
  70.47749177  72.13950025  73.80150874  75.46351722  77.12552571
  78.78753419  80.44954267  82.11155116  83.77355964  85.43556813
  87.09757661]
Frequencies: [2.20000000e+01 1.21000000e+02 4.96000000e+02 1.21300000e+03
 3.00300000e+03 6.20600000e+03 1.13760000e+04 1.90710000e+04
 3.31440000e+04 5.79370000e+04 8.99110000e+04 1.24121000e+05
 1.65353000e+05 2.16498000e+05 2.75868000e+05 3.46108000e+05
 4.25155000e+05 4.66043000e+05 5.29668000e+05 6.26344000e+05
 7.44280000e+05 8.91521000e+05 1.06365300e+06 1.25031600e+06
 1.47363400e+06 1.75008300e+06 2.06339100e+06 2.43265700e+06
 2.87817700e+06 3.41172400e+06 4.03855200e+06 4.82250200e+06
 5.74046900e+06 6.86368800e+06 8.19085400e+06 9.78228800e+06
 1.18177670e+07 1.44100190e+07 1.76610610e+07 2.18999150e+07
 2.77996280e+07 3.66988420e+07 5.24992530e+07 8.70893380e+07
 1.76009605e+08 3.93293127e+08 7.71173517e+08 1.03220375e+09
 8.36805043e+08 4.48374921e+08 2.01325047e+08 9.63153250e+07
 5.57235030e+07 3.79938270e+07 2.85569050e+07 2.25424180e+07
 1.82301760e+07 1.49404030e+07 1.23069820e+07 1.01998930e+07
 8.51088100e+06 7.12369900e+06 6.01645200e+06 5.09795200e+06
 4.33057000e+06 3.67835100e+06 3.12793900e+06 2.64329300e+06
 2.22919100e+06 1.89443900e+06 1.61489100e+06 1.38019000e+06
 1.18192800e+06 1.00905900e+06 8.61192000e+05 7.28745000e+05
 6.11356000e+05 5.11729000e+05 4.23254000e+05 3.46245000e+05
 2.79752000e+05 2.22942000e+05 1.75443000e+05 1.36571000e+05
 1.03372000e+05 7.77600000e+04 5.77040000e+04 4.22570000e+04
 3.16510000e+04 2.33710000e+04 1.56860000e+04 1.10360000e+04
 7.53100000e+03 5.54500000e+03 3.40000000e+03 1.79300000e+03
 6.86000000e+02 2.73000000e+02 9.90000000e+01 5.70000000e+01]
