Standard Deviation: 11.792228283588189
Skewness: -1.2017354380394347
Kurtosis: 0.9186852948267483
Median: 270.92190105140264
Mean: 266.29454531108905
Deciles: [259.21309077 275.62117988]
Minimum: 209.3477096277607
Maximum: 286.5813674828342
Bin Edges: [209.34770963 210.12004621 210.89238278 211.66471936 212.43705594
 213.20939252 213.9817291  214.75406568 215.52640226 216.29873883
 217.07107541 217.84341199 218.61574857 219.38808515 220.16042173
 220.93275831 221.70509488 222.47743146 223.24976804 224.02210462
 224.7944412  225.56677778 226.33911436 227.11145093 227.88378751
 228.65612409 229.42846067 230.20079725 230.97313383 231.74547041
 232.51780698 233.29014356 234.06248014 234.83481672 235.6071533
 236.37948988 237.15182646 237.92416303 238.69649961 239.46883619
 240.24117277 241.01350935 241.78584593 242.55818251 243.33051908
 244.10285566 244.87519224 245.64752882 246.4198654  247.19220198
 247.96453856 248.73687513 249.50921171 250.28154829 251.05388487
 251.82622145 252.59855803 253.37089461 254.14323118 254.91556776
 255.68790434 256.46024092 257.2325775  258.00491408 258.77725066
 259.54958723 260.32192381 261.09426039 261.86659697 262.63893355
 263.41127013 264.1836067  264.95594328 265.72827986 266.50061644
 267.27295302 268.0452896  268.81762618 269.58996275 270.36229933
 271.13463591 271.90697249 272.67930907 273.45164565 274.22398223
 274.9963188  275.76865538 276.54099196 277.31332854 278.08566512
 278.8580017  279.63033828 280.40267485 281.17501143 281.94734801
 282.71968459 283.49202117 284.26435775 285.03669433 285.8090309
 286.58136748]
Frequencies: [1.96400000e+03 1.21380000e+04 2.90740000e+04 6.40770000e+04
 1.13970000e+05 1.99112000e+05 3.15121000e+05 4.69617000e+05
 6.48007000e+05 8.27639000e+05 1.02789400e+06 1.23521200e+06
 1.45293600e+06 1.65602800e+06 1.83780000e+06 2.00693800e+06
 2.19841600e+06 2.33669300e+06 2.46332200e+06 2.59531700e+06
 2.70627700e+06 2.80449100e+06 2.93328100e+06 3.06541200e+06
 3.18155100e+06 3.37380000e+06 3.59682800e+06 3.83583600e+06
 4.13178600e+06 4.53101300e+06 5.01579400e+06 5.65719900e+06
 6.48376100e+06 7.49119700e+06 8.69504100e+06 1.00534600e+07
 1.15361850e+07 1.32160050e+07 1.50684760e+07 1.69000240e+07
 1.87924810e+07 2.08167210e+07 2.27532320e+07 2.46578700e+07
 2.65680200e+07 2.85016580e+07 3.03780740e+07 3.23760710e+07
 3.43407980e+07 3.62370410e+07 3.80765950e+07 3.99628270e+07
 4.17619550e+07 4.33668260e+07 4.47248460e+07 4.60883790e+07
 4.75175130e+07 4.90056730e+07 5.03059300e+07 5.15004330e+07
 5.26890340e+07 5.41209450e+07 5.54802270e+07 5.68096590e+07
 5.82384590e+07 5.97108560e+07 6.10570040e+07 6.25490830e+07
 6.41472970e+07 6.58120920e+07 6.75384160e+07 6.94544250e+07
 7.17106320e+07 7.43664780e+07 7.74149170e+07 8.10165440e+07
 8.56197150e+07 9.14142170e+07 9.95347320e+07 1.09741613e+08
 1.21734034e+08 1.37552461e+08 1.58446124e+08 1.87196665e+08
 2.39726733e+08 3.30154297e+08 3.96082143e+08 3.26360398e+08
 1.90578893e+08 9.16289180e+07 3.88702180e+07 1.42890210e+07
 4.65777000e+06 1.43819100e+06 3.97437000e+05 1.05427000e+05
 2.91870000e+04 6.21000000e+03 1.56300000e+03 3.30000000e+02]
