Standard Deviation: 13.046671361702161
Skewness: 0.04764228744234812
Kurtosis: 2.4071971029253207
Median: -0.014885632749727418
Mean: 0.02960280460308076
Deciles: [-6.38632669  6.39451396]
Minimum: -82.87342822169835
Maximum: 94.48587475895313
Bin Edges: [-82.87342822 -81.09983519 -79.32624216 -77.55264913 -75.7790561
 -74.00546307 -72.23187004 -70.45827701 -68.68468398 -66.91109095
 -65.13749792 -63.36390489 -61.59031186 -59.81671883 -58.0431258
 -56.26953277 -54.49593974 -52.72234671 -50.94875369 -49.17516066
 -47.40156763 -45.6279746  -43.85438157 -42.08078854 -40.30719551
 -38.53360248 -36.76000945 -34.98641642 -33.21282339 -31.43923036
 -29.66563733 -27.8920443  -26.11845127 -24.34485824 -22.57126521
 -20.79767218 -19.02407915 -17.25048612 -15.47689309 -13.70330006
 -11.92970703 -10.156114    -8.38252097  -6.60892794  -4.83533491
  -3.06174188  -1.28814885   0.48544418   2.25903721   4.03263024
   5.80622327   7.5798163    9.35340933  11.12700236  12.90059539
  14.67418842  16.44778145  18.22137448  19.99496751  21.76856054
  23.54215357  25.3157466   27.08933963  28.86293266  30.63652569
  32.41011872  34.18371175  35.95730478  37.73089781  39.50449083
  41.27808386  43.05167689  44.82526992  46.59886295  48.37245598
  50.14604901  51.91964204  53.69323507  55.4668281   57.24042113
  59.01401416  60.78760719  62.56120022  64.33479325  66.10838628
  67.88197931  69.65557234  71.42916537  73.2027584   74.97635143
  76.74994446  78.52353749  80.29713052  82.07072355  83.84431658
  85.61790961  87.39150264  89.16509567  90.9386887   92.71228173
  94.48587476]
Frequencies: [1.08000000e+02 2.44000000e+02 5.68000000e+02 1.19700000e+03
 3.00300000e+03 6.92800000e+03 1.53920000e+04 3.13650000e+04
 6.00970000e+04 1.06334000e+05 1.75835000e+05 2.68670000e+05
 3.99024000e+05 5.74318000e+05 8.07251000e+05 1.08839600e+06
 1.42923400e+06 1.81654800e+06 2.16530400e+06 2.59253700e+06
 3.16074600e+06 3.84755800e+06 4.68139000e+06 5.65722800e+06
 6.81458900e+06 8.20087500e+06 9.82568500e+06 1.17593190e+07
 1.40633900e+07 1.67955320e+07 1.99782860e+07 2.37897080e+07
 2.83352150e+07 3.37855850e+07 4.03230380e+07 4.82863910e+07
 5.80141020e+07 7.01392010e+07 8.54612040e+07 1.05058792e+08
 1.30315833e+08 1.62848673e+08 2.03753760e+08 2.52055683e+08
 3.02985400e+08 3.46034894e+08 3.66982739e+08 3.57351255e+08
 3.21750254e+08 2.72977897e+08 2.23079114e+08 1.79238017e+08
 1.43791292e+08 1.15833724e+08 9.38955020e+07 7.66571830e+07
 6.31005550e+07 5.22721610e+07 4.35608390e+07 3.64492310e+07
 3.05824730e+07 2.56949180e+07 2.16386520e+07 1.82126080e+07
 1.53647410e+07 1.29451490e+07 1.09066780e+07 9.17593600e+06
 7.67967900e+06 6.41162000e+06 5.33999000e+06 4.43634500e+06
 3.66658300e+06 3.02065500e+06 2.47482400e+06 2.00144000e+06
 1.61902100e+06 1.29799700e+06 1.02856100e+06 8.10194000e+05
 6.33033000e+05 4.86251000e+05 3.67385000e+05 2.73831000e+05
 2.00508000e+05 1.44300000e+05 1.03019000e+05 7.25170000e+04
 5.04170000e+04 3.29060000e+04 2.11810000e+04 1.36880000e+04
 8.66200000e+03 5.82400000e+03 3.92400000e+03 2.38700000e+03
 1.15300000e+03 5.30000000e+02 1.81000000e+02 4.60000000e+01]
