Standard Deviation: 1.9740875677758473e-08
Skewness: 0.5060827522183117
Kurtosis: -0.4829446393916945
Median: 4.394402590976267e-08
Mean: 4.729018089645247e-08
Deciles: [3.20302926e-08 6.27172551e-08]
Minimum: 8.347505969963764e-09
Maximum: 1.3827571644549075e-07
Bin Edges: [8.34750597e-09 9.64678807e-09 1.09460702e-08 1.22453523e-08
 1.35446344e-08 1.48439165e-08 1.61431986e-08 1.74424807e-08
 1.87417628e-08 2.00410449e-08 2.13403270e-08 2.26396091e-08
 2.39388912e-08 2.52381733e-08 2.65374554e-08 2.78367375e-08
 2.91360196e-08 3.04353018e-08 3.17345839e-08 3.30338660e-08
 3.43331481e-08 3.56324302e-08 3.69317123e-08 3.82309944e-08
 3.95302765e-08 4.08295586e-08 4.21288407e-08 4.34281228e-08
 4.47274049e-08 4.60266870e-08 4.73259691e-08 4.86252512e-08
 4.99245333e-08 5.12238154e-08 5.25230975e-08 5.38223796e-08
 5.51216617e-08 5.64209438e-08 5.77202260e-08 5.90195081e-08
 6.03187902e-08 6.16180723e-08 6.29173544e-08 6.42166365e-08
 6.55159186e-08 6.68152007e-08 6.81144828e-08 6.94137649e-08
 7.07130470e-08 7.20123291e-08 7.33116112e-08 7.46108933e-08
 7.59101754e-08 7.72094575e-08 7.85087396e-08 7.98080217e-08
 8.11073038e-08 8.24065859e-08 8.37058680e-08 8.50051502e-08
 8.63044323e-08 8.76037144e-08 8.89029965e-08 9.02022786e-08
 9.15015607e-08 9.28008428e-08 9.41001249e-08 9.53994070e-08
 9.66986891e-08 9.79979712e-08 9.92972533e-08 1.00596535e-07
 1.01895818e-07 1.03195100e-07 1.04494382e-07 1.05793664e-07
 1.07092946e-07 1.08392228e-07 1.09691510e-07 1.10990792e-07
 1.12290074e-07 1.13589356e-07 1.14888639e-07 1.16187921e-07
 1.17487203e-07 1.18786485e-07 1.20085767e-07 1.21385049e-07
 1.22684331e-07 1.23983613e-07 1.25282895e-07 1.26582178e-07
 1.27881460e-07 1.29180742e-07 1.30480024e-07 1.31779306e-07
 1.33078588e-07 1.34377870e-07 1.35677152e-07 1.36976434e-07
 1.38275716e-07]
Frequencies: [1.75883100e+06 8.50447500e+06 1.48221180e+07 1.90717360e+07
 2.35810940e+07 2.84772260e+07 3.41492250e+07 4.09206490e+07
 4.78715790e+07 6.54355890e+07 9.17240900e+07 1.04710910e+08
 1.05204843e+08 1.02879442e+08 1.04120448e+08 1.08131667e+08
 1.05001374e+08 1.04879085e+08 1.04129459e+08 1.04821213e+08
 1.03673142e+08 1.07248187e+08 1.14385509e+08 1.18772021e+08
 1.26524825e+08 1.36203877e+08 1.60363942e+08 2.34429409e+08
 1.94678689e+08 1.18013329e+08 9.31377520e+07 6.95450060e+07
 5.25736350e+07 5.10877360e+07 4.98101050e+07 5.01054960e+07
 5.03536460e+07 5.04792960e+07 5.15047400e+07 5.31373820e+07
 5.34312440e+07 5.47815600e+07 5.64071300e+07 5.81496500e+07
 5.94695920e+07 6.18316350e+07 6.55853110e+07 7.12572450e+07
 7.36095400e+07 7.38863120e+07 7.17007800e+07 7.19158730e+07
 6.64622350e+07 6.03104180e+07 5.07482110e+07 4.37560030e+07
 3.82836700e+07 3.12965580e+07 2.50584230e+07 2.06625520e+07
 1.74808910e+07 1.47713630e+07 1.26597600e+07 1.12236910e+07
 1.06539420e+07 9.38731700e+06 8.10735100e+06 7.31215600e+06
 6.12259000e+06 4.97639800e+06 4.18677400e+06 3.39418700e+06
 2.82926400e+06 2.34271200e+06 1.92634600e+06 1.61398700e+06
 1.36700700e+06 1.16985200e+06 1.06563900e+06 9.33857000e+05
 6.96636000e+05 5.55076000e+05 3.67232000e+05 2.31788000e+05
 1.84187000e+05 1.76812000e+05 1.44344000e+05 1.18049000e+05
 9.42810000e+04 7.36470000e+04 5.65040000e+04 4.82150000e+04
 3.35790000e+04 2.31060000e+04 1.44080000e+04 8.01500000e+03
 5.60500000e+03 5.13000000e+02 1.88000000e+02 1.20000000e+01]
