Standard Deviation: 6.915663577574279e-10
Skewness: -21.77709793533054
Kurtosis: 526.1074439840718
Median: 4.908583856935717e-07
Mean: 4.908206989033858e-07
Deciles: [4.90858386e-07 4.90858386e-07]
Minimum: 4.624964499546319e-07
Maximum: 4.908583856935717e-07
Bin Edges: [4.62496450e-07 4.62780069e-07 4.63063689e-07 4.63347308e-07
 4.63630927e-07 4.63914547e-07 4.64198166e-07 4.64481785e-07
 4.64765405e-07 4.65049024e-07 4.65332644e-07 4.65616263e-07
 4.65899882e-07 4.66183502e-07 4.66467121e-07 4.66750740e-07
 4.67034360e-07 4.67317979e-07 4.67601598e-07 4.67885218e-07
 4.68168837e-07 4.68452456e-07 4.68736076e-07 4.69019695e-07
 4.69303315e-07 4.69586934e-07 4.69870553e-07 4.70154173e-07
 4.70437792e-07 4.70721411e-07 4.71005031e-07 4.71288650e-07
 4.71572269e-07 4.71855889e-07 4.72139508e-07 4.72423127e-07
 4.72706747e-07 4.72990366e-07 4.73273986e-07 4.73557605e-07
 4.73841224e-07 4.74124844e-07 4.74408463e-07 4.74692082e-07
 4.74975702e-07 4.75259321e-07 4.75542940e-07 4.75826560e-07
 4.76110179e-07 4.76393798e-07 4.76677418e-07 4.76961037e-07
 4.77244657e-07 4.77528276e-07 4.77811895e-07 4.78095515e-07
 4.78379134e-07 4.78662753e-07 4.78946373e-07 4.79229992e-07
 4.79513611e-07 4.79797231e-07 4.80080850e-07 4.80364469e-07
 4.80648089e-07 4.80931708e-07 4.81215328e-07 4.81498947e-07
 4.81782566e-07 4.82066186e-07 4.82349805e-07 4.82633424e-07
 4.82917044e-07 4.83200663e-07 4.83484282e-07 4.83767902e-07
 4.84051521e-07 4.84335140e-07 4.84618760e-07 4.84902379e-07
 4.85185999e-07 4.85469618e-07 4.85753237e-07 4.86036857e-07
 4.86320476e-07 4.86604095e-07 4.86887715e-07 4.87171334e-07
 4.87454953e-07 4.87738573e-07 4.88022192e-07 4.88305811e-07
 4.88589431e-07 4.88873050e-07 4.89156670e-07 4.89440289e-07
 4.89723908e-07 4.90007528e-07 4.90291147e-07 4.90574766e-07
 4.90858386e-07]
Frequencies: [5.70000000e+01 3.43000000e+02 5.48000000e+02 9.07000000e+02
 1.22600000e+03 1.75500000e+03 2.33600000e+03 3.33400000e+03
 4.87200000e+03 6.22000000e+03 8.45100000e+03 1.02350000e+04
 1.19830000e+04 1.34300000e+04 1.72560000e+04 2.15050000e+04
 2.57580000e+04 2.77890000e+04 3.44360000e+04 3.91000000e+04
 4.30250000e+04 4.64180000e+04 5.27340000e+04 5.87100000e+04
 6.44680000e+04 7.19010000e+04 7.69450000e+04 7.83360000e+04
 8.22470000e+04 8.99260000e+04 1.00063000e+05 1.04174000e+05
 1.07370000e+05 1.13500000e+05 1.14882000e+05 1.24273000e+05
 1.28750000e+05 1.38669000e+05 1.39650000e+05 1.45016000e+05
 1.48650000e+05 1.52507000e+05 1.51800000e+05 1.62214000e+05
 1.72365000e+05 1.76771000e+05 1.83202000e+05 1.88712000e+05
 1.89130000e+05 2.01721000e+05 2.07458000e+05 2.12115000e+05
 2.22677000e+05 2.27191000e+05 2.37030000e+05 2.45533000e+05
 2.50941000e+05 2.56735000e+05 2.63903000e+05 2.69749000e+05
 2.79699000e+05 2.88253000e+05 2.87499000e+05 2.97465000e+05
 3.03487000e+05 3.08220000e+05 3.12764000e+05 3.08312000e+05
 3.11093000e+05 3.16643000e+05 3.17222000e+05 3.22524000e+05
 3.21928000e+05 3.27449000e+05 3.27637000e+05 3.27046000e+05
 3.31939000e+05 3.36738000e+05 3.35164000e+05 3.31452000e+05
 3.33236000e+05 3.28540000e+05 3.31449000e+05 3.35743000e+05
 3.33819000e+05 3.43781000e+05 3.37921000e+05 3.35350000e+05
 3.40836000e+05 3.38213000e+05 3.33184000e+05 3.40228000e+05
 3.34539000e+05 3.37064000e+05 3.43265000e+05 3.43885000e+05
 3.44168000e+05 3.44881000e+05 3.46453000e+05 4.52223191e+09]
