Standard Deviation: 4.560516928422579e-07
Skewness: 1.0435276181535524
Kurtosis: 0.027019031411159133
Median: 2.4828528244239524e-07
Mean: 4.691649666874726e-07
Deciles: [9.94760637e-08 7.93901812e-07]
Minimum: 4.0601414835755425e-08
Maximum: 2.105596614155539e-06
Bin Edges: [4.06014148e-08 6.12513668e-08 8.19013188e-08 1.02551271e-07
 1.23201223e-07 1.43851175e-07 1.64501127e-07 1.85151079e-07
 2.05801031e-07 2.26450983e-07 2.47100935e-07 2.67750887e-07
 2.88400839e-07 3.09050791e-07 3.29700743e-07 3.50350695e-07
 3.71000647e-07 3.91650599e-07 4.12300551e-07 4.32950503e-07
 4.53600455e-07 4.74250407e-07 4.94900359e-07 5.15550311e-07
 5.36200263e-07 5.56850215e-07 5.77500167e-07 5.98150119e-07
 6.18800071e-07 6.39450023e-07 6.60099975e-07 6.80749927e-07
 7.01399879e-07 7.22049831e-07 7.42699783e-07 7.63349735e-07
 7.83999687e-07 8.04649639e-07 8.25299591e-07 8.45949543e-07
 8.66599495e-07 8.87249447e-07 9.07899399e-07 9.28549351e-07
 9.49199303e-07 9.69849255e-07 9.90499207e-07 1.01114916e-06
 1.03179911e-06 1.05244906e-06 1.07309901e-06 1.09374897e-06
 1.11439892e-06 1.13504887e-06 1.15569882e-06 1.17634877e-06
 1.19699873e-06 1.21764868e-06 1.23829863e-06 1.25894858e-06
 1.27959853e-06 1.30024849e-06 1.32089844e-06 1.34154839e-06
 1.36219834e-06 1.38284829e-06 1.40349825e-06 1.42414820e-06
 1.44479815e-06 1.46544810e-06 1.48609805e-06 1.50674801e-06
 1.52739796e-06 1.54804791e-06 1.56869786e-06 1.58934781e-06
 1.60999777e-06 1.63064772e-06 1.65129767e-06 1.67194762e-06
 1.69259757e-06 1.71324753e-06 1.73389748e-06 1.75454743e-06
 1.77519738e-06 1.79584733e-06 1.81649729e-06 1.83714724e-06
 1.85779719e-06 1.87844714e-06 1.89909709e-06 1.91974705e-06
 1.94039700e-06 1.96104695e-06 1.98169690e-06 2.00234685e-06
 2.02299681e-06 2.04364676e-06 2.06429671e-06 2.08494666e-06
 2.10559661e-06]
Frequencies: [2.03342216e+08 5.17510080e+08 4.82578880e+08 3.59115616e+08
 2.04704136e+08 1.47531216e+08 1.10435048e+08 9.04846960e+07
 7.95326320e+07 7.14630080e+07 6.54742960e+07 5.99118480e+07
 5.64520720e+07 5.33242720e+07 5.10987120e+07 4.97909840e+07
 4.74009200e+07 4.63289440e+07 4.50256640e+07 4.42205120e+07
 4.28144240e+07 4.15200480e+07 4.12949840e+07 4.02456640e+07
 3.93096720e+07 3.87218480e+07 3.82362800e+07 3.74954480e+07
 3.67456000e+07 3.59188400e+07 3.58372160e+07 3.51499840e+07
 3.51274560e+07 3.51197440e+07 3.46813280e+07 3.50111920e+07
 3.51989680e+07 3.57726880e+07 3.61647200e+07 3.70673120e+07
 3.93428720e+07 3.85349200e+07 3.64184800e+07 3.54811680e+07
 3.43796800e+07 3.40609440e+07 3.49124960e+07 3.62454480e+07
 3.75086640e+07 3.92978480e+07 4.06000880e+07 4.25779600e+07
 4.03287200e+07 3.65276640e+07 3.40822160e+07 3.16769280e+07
 2.91831040e+07 2.63872960e+07 2.51006880e+07 2.40732080e+07
 2.28087680e+07 2.11552080e+07 1.96662640e+07 1.80450800e+07
 1.66894480e+07 1.55906080e+07 1.44724000e+07 1.36359760e+07
 1.28157520e+07 1.18148480e+07 1.11940320e+07 1.03722640e+07
 9.99562400e+06 9.41074400e+06 8.84560000e+06 8.56800000e+06
 7.98950400e+06 7.46070400e+06 6.96342400e+06 6.23322400e+06
 5.90093600e+06 5.59318400e+06 5.32460800e+06 5.00604000e+06
 4.73134400e+06 4.38461600e+06 4.14404000e+06 3.96726400e+06
 3.63631200e+06 3.02095200e+06 2.57784000e+06 2.35364800e+06
 1.93718400e+06 1.50333600e+06 1.18585600e+06 1.09088800e+06
 7.09856000e+05 3.56736000e+05 1.34560000e+05 1.77680000e+04]
