Standard Deviation: 11.87449744346006
Skewness: -1.0988281637199646
Kurtosis: 0.5068302673691751
Median: 263.2038498217046
Mean: 258.7104810472089
Deciles: [251.30424829 268.36181517]
Minimum: 204.89165134366337
Maximum: 281.4567563933349
Bin Edges: [204.89165134 205.65730239 206.42295344 207.1886045  207.95425555
 208.7199066  209.48555765 210.2512087  211.01685975 211.7825108
 212.54816185 213.3138129  214.07946395 214.845115   215.61076605
 216.3764171  217.14206815 217.9077192  218.67337025 219.4390213
 220.20467235 220.9703234  221.73597445 222.50162551 223.26727656
 224.03292761 224.79857866 225.56422971 226.32988076 227.09553181
 227.86118286 228.62683391 229.39248496 230.15813601 230.92378706
 231.68943811 232.45508916 233.22074021 233.98639126 234.75204231
 235.51769336 236.28334441 237.04899546 237.81464652 238.58029757
 239.34594862 240.11159967 240.87725072 241.64290177 242.40855282
 243.17420387 243.93985492 244.70550597 245.47115702 246.23680807
 247.00245912 247.76811017 248.53376122 249.29941227 250.06506332
 250.83071437 251.59636542 252.36201647 253.12766752 253.89331858
 254.65896963 255.42462068 256.19027173 256.95592278 257.72157383
 258.48722488 259.25287593 260.01852698 260.78417803 261.54982908
 262.31548013 263.08113118 263.84678223 264.61243328 265.37808433
 266.14373538 266.90938643 267.67503748 268.44068853 269.20633959
 269.97199064 270.73764169 271.50329274 272.26894379 273.03459484
 273.80024589 274.56589694 275.33154799 276.09719904 276.86285009
 277.62850114 278.39415219 279.15980324 279.92545429 280.69110534
 281.45675639]
Frequencies: [3.70000000e+02 3.18300000e+03 1.27000000e+04 4.12610000e+04
 9.71810000e+04 1.85704000e+05 3.28546000e+05 5.21499000e+05
 7.49835000e+05 1.01100800e+06 1.27740400e+06 1.52111100e+06
 1.76397700e+06 2.01030900e+06 2.23264600e+06 2.43461300e+06
 2.61290600e+06 2.77119000e+06 2.94253100e+06 3.07667700e+06
 3.20890700e+06 3.36630300e+06 3.52396000e+06 3.70070500e+06
 4.01515000e+06 4.34677300e+06 4.78827500e+06 5.37683300e+06
 6.17958500e+06 7.20944400e+06 8.47230500e+06 1.00210700e+07
 1.17339150e+07 1.36357090e+07 1.55894930e+07 1.76403990e+07
 1.97150100e+07 2.18017800e+07 2.39342630e+07 2.59923160e+07
 2.79731740e+07 2.98207100e+07 3.16734910e+07 3.35090880e+07
 3.52937720e+07 3.70201060e+07 3.87220560e+07 4.03422650e+07
 4.18800190e+07 4.32843580e+07 4.45230310e+07 4.57130830e+07
 4.69993210e+07 4.81480130e+07 4.94518090e+07 5.07335560e+07
 5.19263070e+07 5.32357540e+07 5.44441560e+07 5.56748130e+07
 5.69747880e+07 5.84944020e+07 6.02229370e+07 6.23515560e+07
 6.43111140e+07 6.61261760e+07 6.77311560e+07 6.94440360e+07
 7.14418880e+07 7.36432420e+07 7.58521300e+07 7.83867440e+07
 8.10189530e+07 8.43618420e+07 8.88104860e+07 9.51942270e+07
 1.04154719e+08 1.15732147e+08 1.29523045e+08 1.47886807e+08
 1.74440625e+08 2.17624281e+08 2.97303692e+08 3.83987140e+08
 3.50088074e+08 2.10965736e+08 9.70218740e+07 3.76940900e+07
 1.32064620e+07 4.49041100e+06 1.57892100e+06 5.81769000e+05
 2.12193000e+05 7.35650000e+04 2.50930000e+04 7.86500000e+03
 2.68900000e+03 1.11500000e+03 2.40000000e+02 4.20000000e+01]
