Standard Deviation: 6.759907144722592e-08
Skewness: -1.1803616989073116
Kurtosis: -0.39719665385866687
Median: 1.7168000652746476e-07
Mean: 1.3631190566417297e-07
Deciles: [9.60788083e-08 1.81361841e-07]
Minimum: 5.051324198613085e-11
Maximum: 1.8558596329779352e-07
Bin Edges: [5.05132420e-11 1.90586774e-09 3.76122224e-09 5.61657674e-09
 7.47193124e-09 9.32728574e-09 1.11826402e-08 1.30379947e-08
 1.48933492e-08 1.67487037e-08 1.86040582e-08 2.04594127e-08
 2.23147672e-08 2.41701217e-08 2.60254762e-08 2.78808308e-08
 2.97361853e-08 3.15915398e-08 3.34468943e-08 3.53022488e-08
 3.71576033e-08 3.90129578e-08 4.08683123e-08 4.27236668e-08
 4.45790213e-08 4.64343758e-08 4.82897303e-08 5.01450848e-08
 5.20004393e-08 5.38557938e-08 5.57111483e-08 5.75665028e-08
 5.94218573e-08 6.12772118e-08 6.31325663e-08 6.49879208e-08
 6.68432753e-08 6.86986298e-08 7.05539843e-08 7.24093388e-08
 7.42646933e-08 7.61200478e-08 7.79754023e-08 7.98307568e-08
 8.16861113e-08 8.35414658e-08 8.53968203e-08 8.72521748e-08
 8.91075293e-08 9.09628838e-08 9.28182383e-08 9.46735928e-08
 9.65289473e-08 9.83843018e-08 1.00239656e-07 1.02095011e-07
 1.03950365e-07 1.05805720e-07 1.07661074e-07 1.09516429e-07
 1.11371783e-07 1.13227138e-07 1.15082492e-07 1.16937847e-07
 1.18793201e-07 1.20648556e-07 1.22503910e-07 1.24359265e-07
 1.26214619e-07 1.28069974e-07 1.29925328e-07 1.31780683e-07
 1.33636037e-07 1.35491392e-07 1.37346746e-07 1.39202101e-07
 1.41057455e-07 1.42912810e-07 1.44768164e-07 1.46623519e-07
 1.48478873e-07 1.50334228e-07 1.52189582e-07 1.54044937e-07
 1.55900291e-07 1.57755646e-07 1.59611000e-07 1.61466355e-07
 1.63321709e-07 1.65177064e-07 1.67032418e-07 1.68887773e-07
 1.70743127e-07 1.72598482e-07 1.74453836e-07 1.76309191e-07
 1.78164545e-07 1.80019900e-07 1.81875254e-07 1.83730609e-07
 1.85585963e-07]
Frequencies: [2.5565184e+08 1.0091520e+08 6.8958720e+07 5.8867200e+07 3.3638400e+07
 3.8684160e+07 4.0366080e+07 2.8592640e+07 2.6910720e+07 2.3546880e+07
 2.1864960e+07 2.0183040e+07 2.3546880e+07 1.0091520e+07 1.8501120e+07
 2.0183040e+07 1.6819200e+07 1.3455360e+07 1.0091520e+07 1.5137280e+07
 2.0183040e+07 1.0091520e+07 1.3455360e+07 1.0091520e+07 1.0091520e+07
 3.3638400e+06 1.5137280e+07 2.0183040e+07 6.7276800e+06 6.7276800e+06
 1.0091520e+07 1.0091520e+07 3.3638400e+06 6.7276800e+06 1.6819200e+07
 6.7276800e+06 1.5137280e+07 6.7276800e+06 6.7276800e+06 3.3638400e+06
 6.7276800e+06 6.7276800e+06 6.7276800e+06 6.7276800e+06 3.3638400e+06
 1.6819200e+07 1.0091520e+07 3.3638400e+06 3.3638400e+06 1.1773440e+07
 6.7276800e+06 6.7276800e+06 3.3638400e+06 0.0000000e+00 3.3638400e+06
 1.0091520e+07 0.0000000e+00 6.7276800e+06 1.3455360e+07 3.3638400e+06
 1.0091520e+07 6.7276800e+06 6.7276800e+06 0.0000000e+00 6.7276800e+06
 5.0457600e+06 6.7276800e+06 3.3638400e+06 6.7276800e+06 3.3638400e+06
 3.3638400e+06 0.0000000e+00 3.3638400e+06 1.0091520e+07 0.0000000e+00
 0.0000000e+00 6.7276800e+06 1.3455360e+07 6.7276800e+06 3.3638400e+06
 3.3638400e+06 6.7276800e+06 6.7276800e+06 3.3638400e+06 0.0000000e+00
 6.7276800e+06 0.0000000e+00 7.5686400e+07 2.0519424e+08 2.0183040e+08
 1.9510272e+08 1.9173888e+08 1.9510272e+08 2.0183040e+08 1.9846656e+08
 2.1528576e+08 2.2874112e+08 2.6237952e+08 3.1283712e+08 7.5013632e+08]
