Standard Deviation: 2.155934434734883e-08
Skewness: 0.27942231047907956
Kurtosis: -0.9843701541667751
Median: 5.086273707831134e-08
Mean: 5.766086605009456e-08
Deciles: [4.14325000e-08 7.80454361e-08]
Minimum: 1.2215955833534662e-08
Maximum: 1.3135601871576535e-07
Bin Edges: [1.22159558e-08 1.34073565e-08 1.45987571e-08 1.57901577e-08
 1.69815583e-08 1.81729590e-08 1.93643596e-08 2.05557602e-08
 2.17471609e-08 2.29385615e-08 2.41299621e-08 2.53213628e-08
 2.65127634e-08 2.77041640e-08 2.88955646e-08 3.00869653e-08
 3.12783659e-08 3.24697665e-08 3.36611672e-08 3.48525678e-08
 3.60439684e-08 3.72353690e-08 3.84267697e-08 3.96181703e-08
 4.08095709e-08 4.20009716e-08 4.31923722e-08 4.43837728e-08
 4.55751734e-08 4.67665741e-08 4.79579747e-08 4.91493753e-08
 5.03407760e-08 5.15321766e-08 5.27235772e-08 5.39149778e-08
 5.51063785e-08 5.62977791e-08 5.74891797e-08 5.86805804e-08
 5.98719810e-08 6.10633816e-08 6.22547822e-08 6.34461829e-08
 6.46375835e-08 6.58289841e-08 6.70203848e-08 6.82117854e-08
 6.94031860e-08 7.05945866e-08 7.17859873e-08 7.29773879e-08
 7.41687885e-08 7.53601892e-08 7.65515898e-08 7.77429904e-08
 7.89343910e-08 8.01257917e-08 8.13171923e-08 8.25085929e-08
 8.36999936e-08 8.48913942e-08 8.60827948e-08 8.72741954e-08
 8.84655961e-08 8.96569967e-08 9.08483973e-08 9.20397980e-08
 9.32311986e-08 9.44225992e-08 9.56139999e-08 9.68054005e-08
 9.79968011e-08 9.91882017e-08 1.00379602e-07 1.01571003e-07
 1.02762404e-07 1.03953804e-07 1.05145205e-07 1.06336606e-07
 1.07528006e-07 1.08719407e-07 1.09910807e-07 1.11102208e-07
 1.12293609e-07 1.13485009e-07 1.14676410e-07 1.15867811e-07
 1.17059211e-07 1.18250612e-07 1.19442012e-07 1.20633413e-07
 1.21824814e-07 1.23016214e-07 1.24207615e-07 1.25399016e-07
 1.26590416e-07 1.27781817e-07 1.28973217e-07 1.30164618e-07
 1.31356019e-07]
Frequencies: [7.41792000e+05 3.92658800e+06 8.59805600e+06 1.37816520e+07
 2.00241020e+07 2.27631050e+07 2.37541000e+07 2.44553580e+07
 2.35248620e+07 2.38863130e+07 2.44110350e+07 2.92797220e+07
 3.83012770e+07 4.96221100e+07 5.72267210e+07 5.97619640e+07
 6.41016610e+07 6.78523000e+07 7.27318010e+07 7.85591790e+07
 8.74647790e+07 9.49260550e+07 9.60256810e+07 9.77854580e+07
 9.93139170e+07 1.02124479e+08 1.06613694e+08 1.13907600e+08
 1.24312581e+08 1.73347144e+08 2.36875044e+08 1.73749687e+08
 1.17484021e+08 8.31084080e+07 6.82201400e+07 5.70563740e+07
 4.91443040e+07 4.37486140e+07 4.06630580e+07 3.85227850e+07
 3.71045540e+07 3.66191970e+07 3.64261680e+07 3.58521980e+07
 3.57997730e+07 3.56898220e+07 3.65232870e+07 3.86764910e+07
 4.21548890e+07 4.67305720e+07 5.15557350e+07 5.44010330e+07
 5.84451420e+07 6.31817300e+07 6.71054950e+07 7.19376820e+07
 7.38865860e+07 7.94860300e+07 8.89933880e+07 9.67556620e+07
 9.27224980e+07 8.02971370e+07 7.44928340e+07 7.22912380e+07
 7.01897480e+07 6.26167010e+07 5.30012220e+07 4.35546410e+07
 3.47127940e+07 2.77567110e+07 2.25650700e+07 1.85258750e+07
 1.58632760e+07 1.35721300e+07 1.17380610e+07 9.64997900e+06
 8.26615200e+06 6.75424700e+06 5.37743200e+06 4.01092000e+06
 3.10496900e+06 2.36650800e+06 1.89059500e+06 1.51321900e+06
 1.15023700e+06 9.76385000e+05 8.11209000e+05 7.23171000e+05
 5.64756000e+05 4.51937000e+05 2.34075000e+05 1.80231000e+05
 1.15776000e+05 6.35680000e+04 3.30940000e+04 1.63480000e+04
 2.48700000e+03 1.83300000e+03 1.68800000e+03 2.93000000e+02]
