Standard Deviation: 8.650798420691612e-08
Skewness: -1.2169583139072342
Kurtosis: -0.2767945468608701
Median: 2.2619264111686782e-07
Mean: 1.815493916592774e-07
Deciles: [1.36864009e-07 2.38948696e-07]
Minimum: 2.1253786173358536e-10
Maximum: 2.4451408199259645e-07
Bin Edges: [2.12537862e-10 2.65555330e-09 5.09856874e-09 7.54158419e-09
 9.98459963e-09 1.24276151e-08 1.48706305e-08 1.73136460e-08
 1.97566614e-08 2.21996768e-08 2.46426923e-08 2.70857077e-08
 2.95287232e-08 3.19717386e-08 3.44147540e-08 3.68577695e-08
 3.93007849e-08 4.17438004e-08 4.41868158e-08 4.66298312e-08
 4.90728467e-08 5.15158621e-08 5.39588776e-08 5.64018930e-08
 5.88449085e-08 6.12879239e-08 6.37309393e-08 6.61739548e-08
 6.86169702e-08 7.10599857e-08 7.35030011e-08 7.59460165e-08
 7.83890320e-08 8.08320474e-08 8.32750629e-08 8.57180783e-08
 8.81610937e-08 9.06041092e-08 9.30471246e-08 9.54901401e-08
 9.79331555e-08 1.00376171e-07 1.02819186e-07 1.05262202e-07
 1.07705217e-07 1.10148233e-07 1.12591248e-07 1.15034264e-07
 1.17477279e-07 1.19920294e-07 1.22363310e-07 1.24806325e-07
 1.27249341e-07 1.29692356e-07 1.32135372e-07 1.34578387e-07
 1.37021403e-07 1.39464418e-07 1.41907433e-07 1.44350449e-07
 1.46793464e-07 1.49236480e-07 1.51679495e-07 1.54122511e-07
 1.56565526e-07 1.59008542e-07 1.61451557e-07 1.63894572e-07
 1.66337588e-07 1.68780603e-07 1.71223619e-07 1.73666634e-07
 1.76109650e-07 1.78552665e-07 1.80995681e-07 1.83438696e-07
 1.85881711e-07 1.88324727e-07 1.90767742e-07 1.93210758e-07
 1.95653773e-07 1.98096789e-07 2.00539804e-07 2.02982819e-07
 2.05425835e-07 2.07868850e-07 2.10311866e-07 2.12754881e-07
 2.15197897e-07 2.17640912e-07 2.20083928e-07 2.22526943e-07
 2.24969958e-07 2.27412974e-07 2.29855989e-07 2.32299005e-07
 2.34742020e-07 2.37185036e-07 2.39628051e-07 2.42071067e-07
 2.44514082e-07]
Frequencies: [1.7155584e+08 9.7551360e+07 6.8958720e+07 4.8775680e+07 5.2139520e+07
 3.5320320e+07 3.3638400e+07 3.5320320e+07 2.0183040e+07 3.0274560e+07
 2.5228800e+07 1.6819200e+07 2.6910720e+07 1.5137280e+07 2.0183040e+07
 2.0183040e+07 2.0183040e+07 1.3455360e+07 1.1773440e+07 2.0183040e+07
 1.6819200e+07 1.3455360e+07 1.3455360e+07 3.3638400e+06 1.8501120e+07
 1.6819200e+07 1.0091520e+07 1.3455360e+07 1.0091520e+07 6.7276800e+06
 6.7276800e+06 1.5137280e+07 2.0183040e+07 6.7276800e+06 6.7276800e+06
 1.0091520e+07 3.3638400e+06 1.0091520e+07 6.7276800e+06 1.6819200e+07
 6.7276800e+06 1.5137280e+07 6.7276800e+06 6.7276800e+06 3.3638400e+06
 1.3455360e+07 0.0000000e+00 1.0091520e+07 3.3638400e+06 1.3455360e+07
 1.0091520e+07 6.7276800e+06 6.7276800e+06 5.0457600e+06 1.3455360e+07
 6.7276800e+06 3.3638400e+06 0.0000000e+00 3.3638400e+06 1.0091520e+07
 3.3638400e+06 6.7276800e+06 1.3455360e+07 6.7276800e+06 6.7276800e+06
 1.0091520e+07 0.0000000e+00 6.7276800e+06 5.0457600e+06 6.7276800e+06
 1.0091520e+07 3.3638400e+06 3.3638400e+06 0.0000000e+00 3.3638400e+06
 1.0091520e+07 0.0000000e+00 3.3638400e+06 1.0091520e+07 1.3455360e+07
 3.3638400e+06 3.3638400e+06 6.7276800e+06 6.7276800e+06 3.3638400e+06
 6.7276800e+06 0.0000000e+00 7.5686400e+07 2.0519424e+08 2.0519424e+08
 1.9510272e+08 1.8837504e+08 1.9510272e+08 2.0183040e+08 2.0183040e+08
 2.1528576e+08 2.2537728e+08 2.6237952e+08 3.1283712e+08 7.5013632e+08]
