Standard Deviation: 11.846619679722467
Skewness: 0.3727336101167997
Kurtosis: -1.0871010053714323
Median: 200.62656750013113
Mean: 202.5969197827672
Deciles: [191.82696289 212.6668006 ]
Minimum: 179.23261418235145
Maximum: 241.12828897940332
Bin Edges: [179.23261418 179.85157093 180.47052768 181.08948443 181.70844117
 182.32739792 182.94635467 183.56531142 184.18426817 184.80322491
 185.42218166 186.04113841 186.66009516 187.27905191 187.89800865
 188.5169654  189.13592215 189.7548789  190.37383565 190.99279239
 191.61174914 192.23070589 192.84966264 193.46861939 194.08757613
 194.70653288 195.32548963 195.94444638 196.56340313 197.18235987
 197.80131662 198.42027337 199.03923012 199.65818687 200.27714361
 200.89610036 201.51505711 202.13401386 202.75297061 203.37192735
 203.9908841  204.60984085 205.2287976  205.84775435 206.46671109
 207.08566784 207.70462459 208.32358134 208.94253808 209.56149483
 210.18045158 210.79940833 211.41836508 212.03732182 212.65627857
 213.27523532 213.89419207 214.51314882 215.13210556 215.75106231
 216.37001906 216.98897581 217.60793256 218.2268893  218.84584605
 219.4648028  220.08375955 220.7027163  221.32167304 221.94062979
 222.55958654 223.17854329 223.79750004 224.41645678 225.03541353
 225.65437028 226.27332703 226.89228378 227.51124052 228.13019727
 228.74915402 229.36811077 229.98706752 230.60602426 231.22498101
 231.84393776 232.46289451 233.08185126 233.700808   234.31976475
 234.9387215  235.55767825 236.176635   236.79559174 237.41454849
 238.03350524 238.65246199 239.27141874 239.89037548 240.50933223
 241.12828898]
Frequencies: [2.12000000e+02 4.49000000e+03 3.56590000e+04 1.54407000e+05
 5.49998000e+05 1.69795800e+06 4.12260700e+06 8.26880600e+06
 1.46552610e+07 2.37070230e+07 3.55703220e+07 4.97268660e+07
 6.58946070e+07 8.37959120e+07 1.02638169e+08 1.20449775e+08
 1.35094866e+08 1.45003918e+08 1.48672981e+08 1.46038832e+08
 1.38586517e+08 1.28137866e+08 1.16500653e+08 1.04740078e+08
 9.35852380e+07 8.36368160e+07 7.52727770e+07 6.87006550e+07
 6.37563050e+07 6.02025930e+07 5.76304010e+07 5.56775810e+07
 5.44217970e+07 5.36425810e+07 5.30790640e+07 5.27662300e+07
 5.26075450e+07 5.25569190e+07 5.28310640e+07 5.30778690e+07
 5.35558820e+07 5.42052480e+07 5.50407870e+07 5.60691450e+07
 5.71993020e+07 5.84419820e+07 5.97199430e+07 6.10538700e+07
 6.24210630e+07 6.37921160e+07 6.49824540e+07 6.61399860e+07
 6.70124730e+07 6.76080370e+07 6.79319180e+07 6.79520770e+07
 6.75441150e+07 6.67991620e+07 6.53982570e+07 6.33984070e+07
 6.12386640e+07 5.89555930e+07 5.63925330e+07 5.34443980e+07
 5.03755690e+07 4.76047150e+07 4.48333920e+07 4.20483950e+07
 3.91437070e+07 3.64904510e+07 3.38076850e+07 3.10558100e+07
 2.82161040e+07 2.55076100e+07 2.28717630e+07 2.03750030e+07
 1.81364070e+07 1.59801960e+07 1.36985530e+07 1.13877580e+07
 9.18728000e+06 6.59229700e+06 4.31052400e+06 2.54533000e+06
 1.39842500e+06 7.62206000e+05 4.15394000e+05 2.38509000e+05
 1.43433000e+05 9.14890000e+04 6.13810000e+04 4.11060000e+04
 2.71210000e+04 1.76180000e+04 1.16020000e+04 7.43300000e+03
 4.98900000e+03 2.74900000e+03 9.99000000e+02 3.67000000e+02]
