Standard Deviation: 6.270408337833154
Skewness: -0.01072282350271995
Kurtosis: 2.262244709544704
Median: 0.08136060538013676
Mean: 0.06851853982488575
Deciles: [-3.32222194  3.48181929]
Minimum: -61.04280059558016
Maximum: 67.25946410234755
Bin Edges: [-61.0428006  -59.75977795 -58.4767553  -57.19373265 -55.91071001
 -54.62768736 -53.34466471 -52.06164207 -50.77861942 -49.49559677
 -48.21257413 -46.92955148 -45.64652883 -44.36350618 -43.08048354
 -41.79746089 -40.51443824 -39.2314156  -37.94839295 -36.6653703
 -35.38234766 -34.09932501 -32.81630236 -31.53327972 -30.25025707
 -28.96723442 -27.68421177 -26.40118913 -25.11816648 -23.83514383
 -22.55212119 -21.26909854 -19.98607589 -18.70305325 -17.4200306
 -16.13700795 -14.8539853  -13.57096266 -12.28794001 -11.00491736
  -9.72189472  -8.43887207  -7.15584942  -5.87282678  -4.58980413
  -3.30678148  -2.02375883  -0.74073619   0.54228646   1.82530911
   3.10833175   4.3913544    5.67437705   6.95739969   8.24042234
   9.52344499  10.80646764  12.08949028  13.37251293  14.65553558
  15.93855822  17.22158087  18.50460352  19.78762616  21.07064881
  22.35367146  23.63669411  24.91971675  26.2027394   27.48576205
  28.76878469  30.05180734  31.33482999  32.61785263  33.90087528
  35.18389793  36.46692057  37.74994322  39.03296587  40.31598852
  41.59901116  42.88203381  44.16505646  45.4480791   46.73110175
  48.0141244   49.29714704  50.58016969  51.86319234  53.14621499
  54.42923763  55.71226028  56.99528293  58.27830557  59.56132822
  60.84435087  62.12737351  63.41039616  64.69341881  65.97644146
  67.2594641 ]
Frequencies: [1.80000000e+01 6.10000000e+01 1.12000000e+02 2.28000000e+02
 3.74000000e+02 6.12000000e+02 9.37000000e+02 1.46800000e+03
 2.37800000e+03 3.74100000e+03 5.79600000e+03 8.43500000e+03
 1.21140000e+04 1.70230000e+04 2.37400000e+04 3.23460000e+04
 4.53290000e+04 6.24750000e+04 8.74520000e+04 1.22032000e+05
 1.67319000e+05 2.30578000e+05 3.19539000e+05 4.42102000e+05
 6.10542000e+05 8.46115000e+05 1.17109600e+06 1.61543200e+06
 2.22179200e+06 3.05691700e+06 4.19328900e+06 5.75175400e+06
 7.85027100e+06 1.06625030e+07 1.44698930e+07 1.96395920e+07
 2.65977340e+07 3.59409800e+07 4.86391410e+07 6.58429520e+07
 8.90866170e+07 1.20713834e+08 1.63657588e+08 2.21024991e+08
 2.94143205e+08 3.76812040e+08 4.47531174e+08 4.79825278e+08
 4.61153811e+08 3.99830359e+08 3.19105350e+08 2.41857288e+08
 1.78706511e+08 1.31427159e+08 9.68704500e+07 7.15480970e+07
 5.28556950e+07 3.89783690e+07 2.86713340e+07 2.09728260e+07
 1.52576020e+07 1.10169800e+07 7.96532600e+06 5.75936200e+06
 4.17614900e+06 3.03546400e+06 2.21737600e+06 1.62242100e+06
 1.18697300e+06 8.73324000e+05 6.48687000e+05 4.80438000e+05
 3.56934000e+05 2.71066000e+05 2.05671000e+05 1.55823000e+05
 1.18776000e+05 9.10430000e+04 6.94590000e+04 5.24170000e+04
 4.04160000e+04 3.03900000e+04 2.25360000e+04 1.68300000e+04
 1.27780000e+04 9.37400000e+03 6.68000000e+03 4.81000000e+03
 3.33700000e+03 2.38700000e+03 1.69200000e+03 1.09800000e+03
 7.12000000e+02 5.16000000e+02 3.57000000e+02 2.56000000e+02
 1.80000000e+02 1.03000000e+02 4.00000000e+01 2.90000000e+01]
