Standard Deviation: 7.179536112038976e-08
Skewness: -1.013480281189717
Kurtosis: 0.1523209588751695
Median: 4.232657367131209e-07
Mean: 4.0439778900552776e-07
Deciles: [3.67619262e-07 4.64138240e-07]
Minimum: 1.8841083470802291e-07
Maximum: 4.814866792991269e-07
Bin Edges: [1.88410835e-07 1.91341593e-07 1.94272352e-07 1.97203110e-07
 2.00133868e-07 2.03064627e-07 2.05995385e-07 2.08926144e-07
 2.11856902e-07 2.14787661e-07 2.17718419e-07 2.20649178e-07
 2.23579936e-07 2.26510695e-07 2.29441453e-07 2.32372211e-07
 2.35302970e-07 2.38233728e-07 2.41164487e-07 2.44095245e-07
 2.47026004e-07 2.49956762e-07 2.52887521e-07 2.55818279e-07
 2.58749037e-07 2.61679796e-07 2.64610554e-07 2.67541313e-07
 2.70472071e-07 2.73402830e-07 2.76333588e-07 2.79264347e-07
 2.82195105e-07 2.85125863e-07 2.88056622e-07 2.90987380e-07
 2.93918139e-07 2.96848897e-07 2.99779656e-07 3.02710414e-07
 3.05641173e-07 3.08571931e-07 3.11502689e-07 3.14433448e-07
 3.17364206e-07 3.20294965e-07 3.23225723e-07 3.26156482e-07
 3.29087240e-07 3.32017999e-07 3.34948757e-07 3.37879515e-07
 3.40810274e-07 3.43741032e-07 3.46671791e-07 3.49602549e-07
 3.52533308e-07 3.55464066e-07 3.58394825e-07 3.61325583e-07
 3.64256341e-07 3.67187100e-07 3.70117858e-07 3.73048617e-07
 3.75979375e-07 3.78910134e-07 3.81840892e-07 3.84771651e-07
 3.87702409e-07 3.90633167e-07 3.93563926e-07 3.96494684e-07
 3.99425443e-07 4.02356201e-07 4.05286960e-07 4.08217718e-07
 4.11148477e-07 4.14079235e-07 4.17009993e-07 4.19940752e-07
 4.22871510e-07 4.25802269e-07 4.28733027e-07 4.31663786e-07
 4.34594544e-07 4.37525303e-07 4.40456061e-07 4.43386820e-07
 4.46317578e-07 4.49248336e-07 4.52179095e-07 4.55109853e-07
 4.58040612e-07 4.60971370e-07 4.63902129e-07 4.66832887e-07
 4.69763646e-07 4.72694404e-07 4.75625162e-07 4.78555921e-07
 4.81486679e-07]
Frequencies: [1.6819200e+06 5.0457600e+06 3.3638400e+06 8.4096000e+06 3.3638400e+06
 1.0091520e+07 5.0457600e+06 1.3455360e+07 8.4096000e+06 1.0091520e+07
 1.1773440e+07 1.0091520e+07 1.6819200e+07 8.4096000e+06 1.6819200e+07
 6.7276800e+06 1.8501120e+07 1.0091520e+07 2.0183040e+07 1.5137280e+07
 2.0183040e+07 8.4096000e+06 2.0183040e+07 1.6819200e+07 1.0091520e+07
 2.5228800e+07 1.6819200e+07 1.6819200e+07 1.8501120e+07 2.0183040e+07
 2.0183040e+07 1.5137280e+07 2.3546880e+07 2.0183040e+07 1.8501120e+07
 2.0183040e+07 1.6819200e+07 2.5228800e+07 2.0183040e+07 1.6819200e+07
 2.6910720e+07 2.5228800e+07 2.0183040e+07 2.3546880e+07 2.1864960e+07
 2.6910720e+07 2.6910720e+07 1.8501120e+07 2.6910720e+07 2.6910720e+07
 1.8501120e+07 3.3638400e+07 3.0274560e+07 1.6819200e+07 3.8684160e+07
 2.0183040e+07 3.3638400e+07 3.1956480e+07 2.0183040e+07 3.7002240e+07
 3.5320320e+07 2.0183040e+07 3.7002240e+07 3.1956480e+07 2.6910720e+07
 4.0366080e+07 4.2048000e+07 7.7368320e+07 7.5686400e+07 5.5503360e+07
 8.5777920e+07 7.0640640e+07 7.2322560e+07 6.2231040e+07 8.0732160e+07
 7.2322560e+07 6.7276800e+07 7.4004480e+07 7.4004480e+07 5.7185280e+07
 8.0732160e+07 7.7368320e+07 6.0549120e+07 8.4096000e+07 7.7368320e+07
 6.7276800e+07 7.7368320e+07 8.4096000e+07 8.4096000e+07 6.7276800e+07
 9.4187520e+07 9.4187520e+07 9.7551360e+07 9.4187520e+07 1.0764288e+08
 1.1437056e+08 1.2782592e+08 1.4128128e+08 2.0519424e+08 4.4739072e+08]
