Standard Deviation: 6.702249850668237
Skewness: 0.8998625725865745
Kurtosis: 0.4082465696935107
Median: 208.18343075687767
Mean: 210.61398313234034
Deciles: [206.08322404 214.25588664]
Minimum: 179.67725296077901
Maximum: 237.80947778331623
Bin Edges: [179.67725296 180.25857521 180.83989746 181.42121971 182.00254195
 182.5838642  183.16518645 183.7465087  184.32783095 184.90915319
 185.49047544 186.07179769 186.65311994 187.23444219 187.81576444
 188.39708668 188.97840893 189.55973118 190.14105343 190.72237568
 191.30369793 191.88502017 192.46634242 193.04766467 193.62898692
 194.21030917 194.79163141 195.37295366 195.95427591 196.53559816
 197.11692041 197.69824266 198.2795649  198.86088715 199.4422094
 200.02353165 200.6048539  201.18617615 201.76749839 202.34882064
 202.93014289 203.51146514 204.09278739 204.67410963 205.25543188
 205.83675413 206.41807638 206.99939863 207.58072088 208.16204312
 208.74336537 209.32468762 209.90600987 210.48733212 211.06865436
 211.64997661 212.23129886 212.81262111 213.39394336 213.97526561
 214.55658785 215.1379101  215.71923235 216.3005546  216.88187685
 217.4631991  218.04452134 218.62584359 219.20716584 219.78848809
 220.36981034 220.95113258 221.53245483 222.11377708 222.69509933
 223.27642158 223.85774383 224.43906607 225.02038832 225.60171057
 226.18303282 226.76435507 227.34567732 227.92699956 228.50832181
 229.08964406 229.67096631 230.25228856 230.8336108  231.41493305
 231.9962553  232.57757755 233.1588998  233.74022205 234.32154429
 234.90286654 235.48418879 236.06551104 236.64683329 237.22815554
 237.80947778]
Frequencies: [7.10000000e+01 3.35000000e+02 1.38000000e+03 2.38300000e+03
 3.75600000e+03 6.19400000e+03 1.29010000e+04 2.00510000e+04
 3.14050000e+04 5.05980000e+04 7.41570000e+04 1.03071000e+05
 1.40363000e+05 1.84296000e+05 2.35709000e+05 3.05010000e+05
 4.11855000e+05 5.53272000e+05 7.27534000e+05 9.47621000e+05
 1.21569200e+06 1.54547800e+06 1.96438300e+06 2.41428500e+06
 2.90961000e+06 3.37189200e+06 3.89683300e+06 4.42707200e+06
 4.92571600e+06 5.45935600e+06 6.03117600e+06 6.71161600e+06
 7.51802000e+06 8.60218800e+06 1.00888470e+07 1.21594910e+07
 1.50054260e+07 1.89272130e+07 2.46149350e+07 3.34488670e+07
 4.89563950e+07 7.83536670e+07 1.33345956e+08 2.20967691e+08
 3.18429170e+08 3.75606987e+08 3.63651303e+08 3.05074442e+08
 2.39458617e+08 1.86914940e+08 1.51538244e+08 1.29218670e+08
 1.14409184e+08 1.03756070e+08 9.57415240e+07 8.92768210e+07
 8.39118900e+07 7.90135210e+07 7.46038700e+07 7.07444200e+07
 6.73086450e+07 6.43397590e+07 6.17702850e+07 5.93859290e+07
 5.73131470e+07 5.53696030e+07 5.35379950e+07 5.17916170e+07
 5.00650130e+07 4.83165860e+07 4.66634370e+07 4.50598470e+07
 4.34728160e+07 4.17967720e+07 4.01086290e+07 3.83866170e+07
 3.64976400e+07 3.45959210e+07 3.25740390e+07 3.03434060e+07
 2.78608020e+07 2.49916090e+07 2.19233460e+07 1.86050420e+07
 1.49043700e+07 1.12000310e+07 7.96435100e+06 5.33146600e+06
 3.33638000e+06 2.00779600e+06 1.13315000e+06 6.05212000e+05
 3.14181000e+05 1.56286000e+05 7.06900000e+04 3.26350000e+04
 1.50870000e+04 6.78300000e+03 2.94600000e+03 6.94000000e+02]
