Standard Deviation: 2.867271996810784e-08
Skewness: 0.7325414455653434
Kurtosis: 0.22829826991493585
Median: 8.09943286145527e-08
Mean: 8.703159592933436e-08
Deciles: [6.7003455e-08 1.0446693e-07]
Minimum: 3.0051670422205185e-08
Maximum: 2.696017409263136e-07
Bin Edges: [3.00516704e-08 3.24471711e-08 3.48426718e-08 3.72381725e-08
 3.96336732e-08 4.20291739e-08 4.44246747e-08 4.68201754e-08
 4.92156761e-08 5.16111768e-08 5.40066775e-08 5.64021782e-08
 5.87976789e-08 6.11931796e-08 6.35886803e-08 6.59841810e-08
 6.83796817e-08 7.07751824e-08 7.31706831e-08 7.55661838e-08
 7.79616845e-08 8.03571852e-08 8.27526859e-08 8.51481866e-08
 8.75436873e-08 8.99391880e-08 9.23346888e-08 9.47301895e-08
 9.71256902e-08 9.95211909e-08 1.01916692e-07 1.04312192e-07
 1.06707693e-07 1.09103194e-07 1.11498694e-07 1.13894195e-07
 1.16289696e-07 1.18685197e-07 1.21080697e-07 1.23476198e-07
 1.25871699e-07 1.28267199e-07 1.30662700e-07 1.33058201e-07
 1.35453701e-07 1.37849202e-07 1.40244703e-07 1.42640204e-07
 1.45035704e-07 1.47431205e-07 1.49826706e-07 1.52222206e-07
 1.54617707e-07 1.57013208e-07 1.59408708e-07 1.61804209e-07
 1.64199710e-07 1.66595211e-07 1.68990711e-07 1.71386212e-07
 1.73781713e-07 1.76177213e-07 1.78572714e-07 1.80968215e-07
 1.83363716e-07 1.85759216e-07 1.88154717e-07 1.90550218e-07
 1.92945718e-07 1.95341219e-07 1.97736720e-07 2.00132220e-07
 2.02527721e-07 2.04923222e-07 2.07318723e-07 2.09714223e-07
 2.12109724e-07 2.14505225e-07 2.16900725e-07 2.19296226e-07
 2.21691727e-07 2.24087228e-07 2.26482728e-07 2.28878229e-07
 2.31273730e-07 2.33669230e-07 2.36064731e-07 2.38460232e-07
 2.40855732e-07 2.43251233e-07 2.45646734e-07 2.48042235e-07
 2.50437735e-07 2.52833236e-07 2.55228737e-07 2.57624237e-07
 2.60019738e-07 2.62415239e-07 2.64810740e-07 2.67206240e-07
 2.69601741e-07]
Frequencies: [2.02481400e+06 1.83811820e+07 2.99298390e+07 3.52872080e+07
 4.17370770e+07 4.92457040e+07 5.70699830e+07 5.72454100e+07
 6.33107240e+07 7.06167470e+07 7.84963640e+07 9.19455390e+07
 1.19109113e+08 1.55836294e+08 1.83233420e+08 1.92743473e+08
 1.88609368e+08 1.81309876e+08 1.85957505e+08 2.01193857e+08
 2.12268211e+08 2.00433459e+08 1.66820317e+08 1.48156693e+08
 1.28862427e+08 1.17653138e+08 1.08731768e+08 9.63579670e+07
 8.08695830e+07 6.95334410e+07 6.83225670e+07 7.12066330e+07
 7.12804260e+07 7.40962700e+07 7.50867530e+07 7.34960030e+07
 6.99521770e+07 6.42268490e+07 5.72589670e+07 5.21864170e+07
 4.95294110e+07 4.60683190e+07 4.22093930e+07 4.03415680e+07
 3.94890940e+07 3.82491620e+07 3.63468300e+07 3.44853700e+07
 3.28377160e+07 2.96770230e+07 2.67537010e+07 2.50743270e+07
 2.04572980e+07 1.61230660e+07 1.29180840e+07 9.93611900e+06
 7.39085200e+06 5.19252800e+06 3.84224700e+06 2.95444900e+06
 2.08987900e+06 1.35567000e+06 9.25249000e+05 6.82406000e+05
 6.00788000e+05 5.42582000e+05 4.92813000e+05 4.39019000e+05
 3.97393000e+05 3.67677000e+05 3.21339000e+05 2.98528000e+05
 2.69410000e+05 2.47627000e+05 2.36566000e+05 2.37128000e+05
 2.25071000e+05 2.15876000e+05 1.99572000e+05 1.69682000e+05
 1.64554000e+05 1.40290000e+05 1.27817000e+05 1.06252000e+05
 9.32460000e+04 7.44270000e+04 5.90690000e+04 4.36990000e+04
 3.39560000e+04 2.53380000e+04 1.57180000e+04 9.47700000e+03
 6.18500000e+03 4.57300000e+03 2.51500000e+03 1.56700000e+03
 4.90000000e+02 2.62000000e+02 8.30000000e+01 8.70000000e+01]
