Standard Deviation: 0.004113515663011555
Skewness: 0.3403163307661238
Kurtosis: -1.1310424458076473
Median: 0.005321333633689505
Mean: 0.006077609097352888
Deciles: [0.00245064 0.00963426]
Minimum: 1.8556655562281944e-12
Maximum: 0.021422866928661643
Bin Edges: [1.85566556e-12 2.14228671e-04 4.28457340e-04 6.42686010e-04
 8.56914679e-04 1.07114335e-03 1.28537202e-03 1.49960069e-03
 1.71382936e-03 1.92805803e-03 2.14228669e-03 2.35651536e-03
 2.57074403e-03 2.78497270e-03 2.99920137e-03 3.21343004e-03
 3.42765871e-03 3.64188738e-03 3.85611605e-03 4.07034472e-03
 4.28457339e-03 4.49880206e-03 4.71303073e-03 4.92725940e-03
 5.14148806e-03 5.35571673e-03 5.56994540e-03 5.78417407e-03
 5.99840274e-03 6.21263141e-03 6.42686008e-03 6.64108875e-03
 6.85531742e-03 7.06954609e-03 7.28377476e-03 7.49800343e-03
 7.71223210e-03 7.92646076e-03 8.14068943e-03 8.35491810e-03
 8.56914677e-03 8.78337544e-03 8.99760411e-03 9.21183278e-03
 9.42606145e-03 9.64029012e-03 9.85451879e-03 1.00687475e-02
 1.02829761e-02 1.04972048e-02 1.07114335e-02 1.09256621e-02
 1.11398908e-02 1.13541195e-02 1.15683481e-02 1.17825768e-02
 1.19968055e-02 1.22110342e-02 1.24252628e-02 1.26394915e-02
 1.28537202e-02 1.30679488e-02 1.32821775e-02 1.34964062e-02
 1.37106348e-02 1.39248635e-02 1.41390922e-02 1.43533208e-02
 1.45675495e-02 1.47817782e-02 1.49960069e-02 1.52102355e-02
 1.54244642e-02 1.56386929e-02 1.58529215e-02 1.60671502e-02
 1.62813789e-02 1.64956075e-02 1.67098362e-02 1.69240649e-02
 1.71382935e-02 1.73525222e-02 1.75667509e-02 1.77809796e-02
 1.79952082e-02 1.82094369e-02 1.84236656e-02 1.86378942e-02
 1.88521229e-02 1.90663516e-02 1.92805802e-02 1.94948089e-02
 1.97090376e-02 1.99232662e-02 2.01374949e-02 2.03517236e-02
 2.05659523e-02 2.07801809e-02 2.09944096e-02 2.12086383e-02
 2.14228669e-02]
Frequencies: [6.92273820e+07 9.76239720e+07 1.04071003e+08 1.01215029e+08
 9.96507490e+07 1.01083908e+08 1.02741703e+08 1.03914197e+08
 1.04297749e+08 1.04093943e+08 1.02805019e+08 1.00816863e+08
 9.85845750e+07 9.60667630e+07 9.36664750e+07 9.12802090e+07
 8.90427300e+07 8.69352370e+07 8.48973740e+07 8.26735800e+07
 7.99663710e+07 7.66978000e+07 7.32246870e+07 6.97991780e+07
 6.67398460e+07 6.41081820e+07 6.18159580e+07 5.98932090e+07
 5.82180040e+07 5.68009680e+07 5.57186750e+07 5.49112590e+07
 5.42847530e+07 5.39167560e+07 5.37593540e+07 5.38525550e+07
 5.40169740e+07 5.42601820e+07 5.45419960e+07 5.48562030e+07
 5.53644520e+07 5.58022080e+07 5.62926170e+07 5.67546550e+07
 5.72186480e+07 5.75711820e+07 5.78841320e+07 5.80614030e+07
 5.81390120e+07 5.81702480e+07 5.81020380e+07 5.79850380e+07
 5.77641720e+07 5.75007610e+07 5.71636050e+07 5.68488700e+07
 5.65251870e+07 5.60774060e+07 5.52635480e+07 5.38178870e+07
 5.14085610e+07 4.77231640e+07 4.26422020e+07 3.63355980e+07
 2.91730290e+07 2.20181310e+07 1.56164820e+07 1.04905690e+07
 6.79039400e+06 4.37336900e+06 2.89058100e+06 2.01028900e+06
 1.45047700e+06 1.06794300e+06 8.02102000e+05 5.91209000e+05
 4.29867000e+05 3.06711000e+05 2.17371000e+05 1.53586000e+05
 1.05165000e+05 7.07490000e+04 4.62100000e+04 3.06220000e+04
 1.99460000e+04 1.35520000e+04 8.70700000e+03 5.89900000e+03
 4.13600000e+03 2.86600000e+03 1.98400000e+03 1.62000000e+03
 1.12600000e+03 7.00000000e+02 3.41000000e+02 1.87000000e+02
 6.70000000e+01 1.70000000e+01 1.60000000e+01 1.60000000e+01]
