Standard Deviation: 0.0046282823983263615
Skewness: 0.19963044609611272
Kurtosis: -1.2622987559787533
Median: 0.006708866488210015
Mean: 0.007342591500201797
Deciles: [0.00323497 0.01159762]
Minimum: 1.6747653006248559e-10
Maximum: 0.02276533556571856
Bin Edges: [1.67476530e-10 2.27653521e-04 4.55306875e-04 6.82960229e-04
 9.10613583e-04 1.13826694e-03 1.36592029e-03 1.59357365e-03
 1.82122700e-03 2.04888035e-03 2.27653371e-03 2.50418706e-03
 2.73184042e-03 2.95949377e-03 3.18714712e-03 3.41480048e-03
 3.64245383e-03 3.87010719e-03 4.09776054e-03 4.32541389e-03
 4.55306725e-03 4.78072060e-03 5.00837396e-03 5.23602731e-03
 5.46368066e-03 5.69133402e-03 5.91898737e-03 6.14664073e-03
 6.37429408e-03 6.60194743e-03 6.82960079e-03 7.05725414e-03
 7.28490749e-03 7.51256085e-03 7.74021420e-03 7.96786756e-03
 8.19552091e-03 8.42317426e-03 8.65082762e-03 8.87848097e-03
 9.10613433e-03 9.33378768e-03 9.56144103e-03 9.78909439e-03
 1.00167477e-02 1.02444011e-02 1.04720545e-02 1.06997078e-02
 1.09273612e-02 1.11550145e-02 1.13826679e-02 1.16103212e-02
 1.18379746e-02 1.20656279e-02 1.22932813e-02 1.25209346e-02
 1.27485880e-02 1.29762413e-02 1.32038947e-02 1.34315481e-02
 1.36592014e-02 1.38868548e-02 1.41145081e-02 1.43421615e-02
 1.45698148e-02 1.47974682e-02 1.50251215e-02 1.52527749e-02
 1.54804282e-02 1.57080816e-02 1.59357349e-02 1.61633883e-02
 1.63910417e-02 1.66186950e-02 1.68463484e-02 1.70740017e-02
 1.73016551e-02 1.75293084e-02 1.77569618e-02 1.79846151e-02
 1.82122685e-02 1.84399218e-02 1.86675752e-02 1.88952285e-02
 1.91228819e-02 1.93505353e-02 1.95781886e-02 1.98058420e-02
 2.00334953e-02 2.02611487e-02 2.04888020e-02 2.07164554e-02
 2.09441087e-02 2.11717621e-02 2.13994154e-02 2.16270688e-02
 2.18547221e-02 2.20823755e-02 2.23100289e-02 2.25376822e-02
 2.27653356e-02]
Frequencies: [5.2408064e+07 7.3698384e+07 7.5541878e+07 6.9627411e+07 6.7020326e+07
 6.9343181e+07 7.4854481e+07 8.1407978e+07 8.7059639e+07 9.1436168e+07
 9.3718522e+07 9.4387539e+07 9.3460153e+07 9.2170417e+07 9.0640073e+07
 8.9167387e+07 8.7972539e+07 8.6600505e+07 8.4504806e+07 8.1988314e+07
 7.9143359e+07 7.5949316e+07 7.2676724e+07 6.9595939e+07 6.6725212e+07
 6.4064283e+07 6.1680154e+07 5.9573028e+07 5.7664815e+07 5.6024951e+07
 5.4522504e+07 5.3267769e+07 5.2191840e+07 5.1341077e+07 5.0650303e+07
 5.0236593e+07 5.0054213e+07 5.0018096e+07 4.9976499e+07 5.0062130e+07
 5.0220010e+07 5.0452191e+07 5.0825668e+07 5.1345655e+07 5.2149608e+07
 5.3195274e+07 5.4465034e+07 5.5999923e+07 5.7681748e+07 5.9452414e+07
 6.1128581e+07 6.2751926e+07 6.4173902e+07 6.5450453e+07 6.6541378e+07
 6.7410409e+07 6.8014711e+07 6.8313877e+07 6.8460774e+07 6.8458080e+07
 6.8326842e+07 6.7855775e+07 6.6687957e+07 6.4185000e+07 5.9778884e+07
 5.2993321e+07 4.4150786e+07 3.4343766e+07 2.4861615e+07 1.6883734e+07
 1.0944141e+07 6.9455960e+06 4.4681970e+06 2.9536840e+06 2.0283740e+06
 1.4310890e+06 1.0273640e+06 7.3954400e+05 5.3087100e+05 3.7321000e+05
 2.5704300e+05 1.7514200e+05 1.1497900e+05 7.5543000e+04 4.7547000e+04
 3.0317000e+04 1.8842000e+04 1.2566000e+04 8.8340000e+03 5.6000000e+03
 3.5220000e+03 2.5030000e+03 1.6030000e+03 1.0090000e+03 6.3400000e+02
 2.5100000e+02 7.6000000e+01 3.0000000e+01 1.4000000e+01 9.0000000e+00]
