Standard Deviation: 3.4503634742522464e-05
Skewness: 5.249799360919766
Kurtosis: 39.94406947002409
Median: 1.645598846418286e-09
Mean: 1.1343606377968067e-05
Deciles: [0.00000000e+00 2.52485026e-06]
Minimum: 0.0
Maximum: 0.0009871990493547473
Bin Edges: [0.00000000e+00 9.87199049e-06 1.97439810e-05 2.96159715e-05
 3.94879620e-05 4.93599525e-05 5.92319430e-05 6.91039335e-05
 7.89759239e-05 8.88479144e-05 9.87199049e-05 1.08591895e-04
 1.18463886e-04 1.28335876e-04 1.38207867e-04 1.48079857e-04
 1.57951848e-04 1.67823838e-04 1.77695829e-04 1.87567819e-04
 1.97439810e-04 2.07311800e-04 2.17183791e-04 2.27055781e-04
 2.36927772e-04 2.46799762e-04 2.56671753e-04 2.66543743e-04
 2.76415734e-04 2.86287724e-04 2.96159715e-04 3.06031705e-04
 3.15903696e-04 3.25775686e-04 3.35647677e-04 3.45519667e-04
 3.55391658e-04 3.65263648e-04 3.75135639e-04 3.85007629e-04
 3.94879620e-04 4.04751610e-04 4.14623601e-04 4.24495591e-04
 4.34367582e-04 4.44239572e-04 4.54111563e-04 4.63983553e-04
 4.73855544e-04 4.83727534e-04 4.93599525e-04 5.03471515e-04
 5.13343506e-04 5.23215496e-04 5.33087487e-04 5.42959477e-04
 5.52831468e-04 5.62703458e-04 5.72575449e-04 5.82447439e-04
 5.92319430e-04 6.02191420e-04 6.12063411e-04 6.21935401e-04
 6.31807392e-04 6.41679382e-04 6.51551373e-04 6.61423363e-04
 6.71295354e-04 6.81167344e-04 6.91039335e-04 7.00911325e-04
 7.10783316e-04 7.20655306e-04 7.30527297e-04 7.40399287e-04
 7.50271278e-04 7.60143268e-04 7.70015258e-04 7.79887249e-04
 7.89759239e-04 7.99631230e-04 8.09503220e-04 8.19375211e-04
 8.29247201e-04 8.39119192e-04 8.48991182e-04 8.58863173e-04
 8.68735163e-04 8.78607154e-04 8.88479144e-04 8.98351135e-04
 9.08223125e-04 9.18095116e-04 9.27967106e-04 9.37839097e-04
 9.47711087e-04 9.57583078e-04 9.67455068e-04 9.77327059e-04
 9.87199049e-04]
Frequencies: [3.76604326e+09 1.82049041e+08 1.04009565e+08 7.65416960e+07
 6.22529720e+07 5.24030470e+07 4.46175280e+07 3.82363570e+07
 3.29114880e+07 2.83678330e+07 2.43683350e+07 2.07556720e+07
 1.74908260e+07 1.45855790e+07 1.20350900e+07 9.89526700e+06
 8.13631000e+06 6.73269000e+06 5.60223600e+06 4.68828900e+06
 3.95928500e+06 3.36190600e+06 2.86768000e+06 2.46288000e+06
 2.12287400e+06 1.83614800e+06 1.59052700e+06 1.38447700e+06
 1.20463300e+06 1.05312600e+06 9.20109000e+05 8.03858000e+05
 7.06235000e+05 6.18959000e+05 5.44361000e+05 4.78712000e+05
 4.21766000e+05 3.70038000e+05 3.27152000e+05 2.88070000e+05
 2.53683000e+05 2.23283000e+05 1.96303000e+05 1.73788000e+05
 1.54204000e+05 1.35224000e+05 1.19554000e+05 1.05435000e+05
 9.28880000e+04 8.17530000e+04 7.27430000e+04 6.38470000e+04
 5.56720000e+04 4.97920000e+04 4.35130000e+04 3.84210000e+04
 3.37970000e+04 2.98260000e+04 2.65530000e+04 2.34380000e+04
 2.03560000e+04 1.80210000e+04 1.61010000e+04 1.40220000e+04
 1.23860000e+04 1.09550000e+04 9.67400000e+03 8.42700000e+03
 7.35400000e+03 6.57400000e+03 5.68800000e+03 5.15600000e+03
 4.50000000e+03 3.90000000e+03 3.42200000e+03 2.93400000e+03
 2.53400000e+03 2.12700000e+03 1.88500000e+03 1.54300000e+03
 1.30900000e+03 1.09300000e+03 9.71000000e+02 7.90000000e+02
 6.74000000e+02 5.02000000e+02 4.32000000e+02 3.20000000e+02
 2.27000000e+02 1.51000000e+02 1.10000000e+02 9.10000000e+01
 5.40000000e+01 3.80000000e+01 3.60000000e+01 3.00000000e+01
 9.00000000e+00 6.00000000e+00 4.00000000e+00 2.00000000e+00]
