Standard Deviation: 2.0179470185905663e-05
Skewness: 6.382213708666146
Kurtosis: 52.06483450072602
Median: 9.389105079307149e-22
Mean: 4.854423232775711e-06
Deciles: [0.00000000e+00 3.13848229e-08]
Minimum: 0.0
Maximum: 0.0007315813343542969
Bin Edges: [0.00000000e+00 7.31581334e-06 1.46316267e-05 2.19474400e-05
 2.92632534e-05 3.65790667e-05 4.38948801e-05 5.12106934e-05
 5.85265067e-05 6.58423201e-05 7.31581334e-05 8.04739468e-05
 8.77897601e-05 9.51055735e-05 1.02421387e-04 1.09737200e-04
 1.17053013e-04 1.24368827e-04 1.31684640e-04 1.39000454e-04
 1.46316267e-04 1.53632080e-04 1.60947894e-04 1.68263707e-04
 1.75579520e-04 1.82895334e-04 1.90211147e-04 1.97526960e-04
 2.04842774e-04 2.12158587e-04 2.19474400e-04 2.26790214e-04
 2.34106027e-04 2.41421840e-04 2.48737654e-04 2.56053467e-04
 2.63369280e-04 2.70685094e-04 2.78000907e-04 2.85316720e-04
 2.92632534e-04 2.99948347e-04 3.07264160e-04 3.14579974e-04
 3.21895787e-04 3.29211600e-04 3.36527414e-04 3.43843227e-04
 3.51159040e-04 3.58474854e-04 3.65790667e-04 3.73106481e-04
 3.80422294e-04 3.87738107e-04 3.95053921e-04 4.02369734e-04
 4.09685547e-04 4.17001361e-04 4.24317174e-04 4.31632987e-04
 4.38948801e-04 4.46264614e-04 4.53580427e-04 4.60896241e-04
 4.68212054e-04 4.75527867e-04 4.82843681e-04 4.90159494e-04
 4.97475307e-04 5.04791121e-04 5.12106934e-04 5.19422747e-04
 5.26738561e-04 5.34054374e-04 5.41370187e-04 5.48686001e-04
 5.56001814e-04 5.63317627e-04 5.70633441e-04 5.77949254e-04
 5.85265067e-04 5.92580881e-04 5.99896694e-04 6.07212508e-04
 6.14528321e-04 6.21844134e-04 6.29159948e-04 6.36475761e-04
 6.43791574e-04 6.51107388e-04 6.58423201e-04 6.65739014e-04
 6.73054828e-04 6.80370641e-04 6.87686454e-04 6.95002268e-04
 7.02318081e-04 7.09633894e-04 7.16949708e-04 7.24265521e-04
 7.31581334e-04]
Frequencies: [4.11960747e+09 9.52930380e+07 5.45442220e+07 4.04768190e+07
 3.27929370e+07 2.74402850e+07 2.32682320e+07 1.98990600e+07
 1.71298820e+07 1.48212240e+07 1.28828500e+07 1.12384200e+07
 9.82402300e+06 8.60632400e+06 7.53284800e+06 6.59091000e+06
 5.74608000e+06 4.99858400e+06 4.32682600e+06 3.73852700e+06
 3.20695200e+06 2.73762500e+06 2.32157900e+06 1.96135300e+06
 1.65018700e+06 1.38573200e+06 1.16031500e+06 9.73320000e+05
 8.13595000e+05 6.82293000e+05 5.73327000e+05 4.81544000e+05
 4.02129000e+05 3.38532000e+05 2.83874000e+05 2.38537000e+05
 1.99839000e+05 1.68481000e+05 1.41082000e+05 1.17952000e+05
 9.88030000e+04 8.25700000e+04 6.90960000e+04 5.77330000e+04
 4.78550000e+04 4.00390000e+04 3.33580000e+04 2.78660000e+04
 2.31780000e+04 1.90300000e+04 1.59310000e+04 1.29990000e+04
 1.06730000e+04 8.75200000e+03 7.04600000e+03 5.95500000e+03
 4.81900000e+03 4.00000000e+03 3.27000000e+03 2.63000000e+03
 2.07600000e+03 1.71600000e+03 1.47000000e+03 1.21500000e+03
 9.74000000e+02 7.88000000e+02 6.36000000e+02 5.23000000e+02
 4.41000000e+02 3.13000000e+02 2.58000000e+02 2.09000000e+02
 1.76000000e+02 1.64000000e+02 1.01000000e+02 9.10000000e+01
 7.70000000e+01 7.10000000e+01 5.00000000e+01 4.50000000e+01
 2.60000000e+01 3.30000000e+01 2.50000000e+01 2.20000000e+01
 2.50000000e+01 1.50000000e+01 8.00000000e+00 1.30000000e+01
 5.00000000e+00 8.00000000e+00 2.00000000e+00 5.00000000e+00
 1.00000000e+00 0.00000000e+00 0.00000000e+00 1.00000000e+00
 0.00000000e+00 0.00000000e+00 0.00000000e+00 1.00000000e+00]
