Standard Deviation: 6.732879576005921
Skewness: -1.6811162009458616
Kurtosis: 5.264022363835043
Median: 223.09601236446053
Mean: 222.05495125635952
Deciles: [220.55028398 225.34203818]
Minimum: 180.94537242677697
Maximum: 284.7712004630452
Bin Edges: [180.94537243 181.98363071 183.02188899 184.06014727 185.09840555
 186.13666383 187.17492211 188.21318039 189.25143867 190.28969695
 191.32795523 192.36621351 193.40447179 194.44273007 195.48098835
 196.51924663 197.55750491 198.59576319 199.63402147 200.67227975
 201.71053803 202.74879631 203.78705459 204.82531288 205.86357116
 206.90182944 207.94008772 208.978346   210.01660428 211.05486256
 212.09312084 213.13137912 214.1696374  215.20789568 216.24615396
 217.28441224 218.32267052 219.3609288  220.39918708 221.43744536
 222.47570364 223.51396192 224.5522202  225.59047848 226.62873676
 227.66699504 228.70525332 229.7435116  230.78176988 231.82002816
 232.85828644 233.89654473 234.93480301 235.97306129 237.01131957
 238.04957785 239.08783613 240.12609441 241.16435269 242.20261097
 243.24086925 244.27912753 245.31738581 246.35564409 247.39390237
 248.43216065 249.47041893 250.50867721 251.54693549 252.58519377
 253.62345205 254.66171033 255.69996861 256.73822689 257.77648517
 258.81474345 259.85300173 260.89126001 261.9295183  262.96777658
 264.00603486 265.04429314 266.08255142 267.1208097  268.15906798
 269.19732626 270.23558454 271.27384282 272.3121011  273.35035938
 274.38861766 275.42687594 276.46513422 277.5033925  278.54165078
 279.57990906 280.61816734 281.65642562 282.6946839  283.73294218
 284.77120046]
Frequencies: [1.80000000e+01 1.20100000e+03 4.71200000e+03 1.62540000e+04
 4.66000000e+04 1.28967000e+05 3.76312000e+05 1.02876100e+06
 2.27370900e+06 4.20565600e+06 6.18622000e+06 8.06078400e+06
 9.59259200e+06 1.06670750e+07 1.16160030e+07 1.23885100e+07
 1.31881100e+07 1.39025050e+07 1.46903430e+07 1.53171320e+07
 1.60455290e+07 1.68189500e+07 1.75698140e+07 1.83186220e+07
 1.92487240e+07 2.02961990e+07 2.15508800e+07 2.32228970e+07
 2.53440660e+07 2.81457480e+07 3.17953710e+07 3.63128330e+07
 4.30105630e+07 5.42472060e+07 7.38679160e+07 1.07045638e+08
 1.63465258e+08 2.49765872e+08 3.67047979e+08 4.85914347e+08
 5.54944473e+08 5.47262315e+08 4.59498082e+08 3.29695608e+08
 2.16603579e+08 1.41081422e+08 9.65175790e+07 6.94953810e+07
 5.01849110e+07 3.44597880e+07 2.38237090e+07 1.82389630e+07
 1.48799610e+07 1.21711540e+07 8.44075400e+06 5.46423000e+06
 3.71535600e+06 2.77809500e+06 2.12791600e+06 1.67542600e+06
 1.28798200e+06 9.77657000e+05 7.63284000e+05 5.63704000e+05
 4.25191000e+05 3.18398000e+05 2.36980000e+05 1.75524000e+05
 1.34679000e+05 1.06431000e+05 8.26680000e+04 6.53300000e+04
 5.30900000e+04 4.16500000e+04 3.20030000e+04 2.38480000e+04
 1.84580000e+04 1.51620000e+04 1.24420000e+04 1.07440000e+04
 8.75000000e+03 7.25500000e+03 6.01100000e+03 5.62800000e+03
 4.80800000e+03 4.19600000e+03 3.55700000e+03 2.86000000e+03
 2.69300000e+03 2.15700000e+03 1.34400000e+03 9.84000000e+02
 9.11000000e+02 7.38000000e+02 6.64000000e+02 5.16000000e+02
 4.23000000e+02 3.45000000e+02 2.32000000e+02 1.25000000e+02]
