Standard Deviation: 1.0077757275029822e-34
Skewness: 6.337910986512539
Kurtosis: 46.96444306559879
Median: 7.305520140688797e-39
Mean: 2.5015300493208965e-35
Deciles: [2.46425715e-41 1.78709901e-36]
Minimum: 1.8943807871615985e-44
Maximum: 1.7690125975623817e-33
Bin Edges: [1.89438079e-44 1.76901260e-35 3.53802520e-35 5.30703779e-35
 7.07605039e-35 8.84506299e-35 1.06140756e-34 1.23830882e-34
 1.41521008e-34 1.59211134e-34 1.76901260e-34 1.94591386e-34
 2.12281512e-34 2.29971638e-34 2.47661764e-34 2.65351890e-34
 2.83042016e-34 3.00732142e-34 3.18422268e-34 3.36112394e-34
 3.53802520e-34 3.71492646e-34 3.89182771e-34 4.06872897e-34
 4.24563023e-34 4.42253149e-34 4.59943275e-34 4.77633401e-34
 4.95323527e-34 5.13013653e-34 5.30703779e-34 5.48393905e-34
 5.66084031e-34 5.83774157e-34 6.01464283e-34 6.19154409e-34
 6.36844535e-34 6.54534661e-34 6.72224787e-34 6.89914913e-34
 7.07605039e-34 7.25295165e-34 7.42985291e-34 7.60675417e-34
 7.78365543e-34 7.96055669e-34 8.13745795e-34 8.31435921e-34
 8.49126047e-34 8.66816173e-34 8.84506299e-34 9.02196425e-34
 9.19886551e-34 9.37576677e-34 9.55266803e-34 9.72956929e-34
 9.90647055e-34 1.00833718e-33 1.02602731e-33 1.04371743e-33
 1.06140756e-33 1.07909768e-33 1.09678781e-33 1.11447794e-33
 1.13216806e-33 1.14985819e-33 1.16754831e-33 1.18523844e-33
 1.20292857e-33 1.22061869e-33 1.23830882e-33 1.25599894e-33
 1.27368907e-33 1.29137920e-33 1.30906932e-33 1.32675945e-33
 1.34444957e-33 1.36213970e-33 1.37982983e-33 1.39751995e-33
 1.41521008e-33 1.43290020e-33 1.45059033e-33 1.46828046e-33
 1.48597058e-33 1.50366071e-33 1.52135083e-33 1.53904096e-33
 1.55673109e-33 1.57442121e-33 1.59211134e-33 1.60980146e-33
 1.62749159e-33 1.64518172e-33 1.66287184e-33 1.68056197e-33
 1.69825209e-33 1.71594222e-33 1.73363235e-33 1.75132247e-33
 1.76901260e-33]
Frequencies: [3.88580064e+09 1.84933502e+08 8.53681900e+07 4.74647240e+07
 3.41828900e+07 2.90831700e+07 2.61570550e+07 2.61076060e+07
 2.35825640e+07 1.87821880e+07 1.58165350e+07 1.35618780e+07
 1.21955440e+07 9.74305200e+06 7.87352800e+06 6.94166400e+06
 6.28063500e+06 5.40775000e+06 4.64323600e+06 4.21594800e+06
 3.84720700e+06 3.62795700e+06 3.59013400e+06 3.68502900e+06
 3.73830900e+06 3.76318500e+06 3.82237400e+06 3.84317300e+06
 3.68240600e+06 3.33615200e+06 3.18369000e+06 3.13593800e+06
 3.09476000e+06 3.11689900e+06 3.36706400e+06 2.54176100e+06
 2.03081700e+06 1.97213900e+06 2.06533700e+06 2.15586700e+06
 2.19848900e+06 2.18574000e+06 2.06063600e+06 1.90220200e+06
 1.73005800e+06 1.61419700e+06 1.53332400e+06 1.47247400e+06
 1.40638400e+06 1.32422900e+06 1.19640000e+06 1.07937600e+06
 9.85846000e+05 8.87001000e+05 8.27280000e+05 7.70436000e+05
 7.03491000e+05 6.34502000e+05 5.79014000e+05 5.50821000e+05
 5.37115000e+05 5.08240000e+05 4.71154000e+05 4.42998000e+05
 3.99547000e+05 3.80826000e+05 2.51345000e+05 1.69854000e+05
 1.27103000e+05 9.47410000e+04 7.69300000e+04 6.41520000e+04
 5.49000000e+04 4.47740000e+04 3.61200000e+04 2.86840000e+04
 2.20770000e+04 1.98990000e+04 1.76070000e+04 1.36530000e+04
 9.81900000e+03 7.15400000e+03 5.18500000e+03 4.10000000e+03
 3.23500000e+03 2.61400000e+03 1.74600000e+03 1.26000000e+03
 8.29000000e+02 4.58000000e+02 3.60000000e+02 2.25000000e+02
 2.28000000e+02 1.97000000e+02 1.70000000e+02 1.19000000e+02
 6.10000000e+01 7.30000000e+01 3.10000000e+01 2.30000000e+01]
