Standard Deviation: 7.1596162465236176e-12
Skewness: 14921.919911009421
Kurtosis: 285795155.22370464
Median: 0.0
Mean: 8.2603273099294e-16
Deciles: [0.00000000e+00 1.17694552e-44]
Minimum: 0.0
Maximum: 1.8047867928310995e-07
Bin Edges: [0.00000000e+00 1.80478679e-09 3.60957359e-09 5.41436038e-09
 7.21914717e-09 9.02393396e-09 1.08287208e-08 1.26335075e-08
 1.44382943e-08 1.62430811e-08 1.80478679e-08 1.98526547e-08
 2.16574415e-08 2.34622283e-08 2.52670151e-08 2.70718019e-08
 2.88765887e-08 3.06813755e-08 3.24861623e-08 3.42909491e-08
 3.60957359e-08 3.79005226e-08 3.97053094e-08 4.15100962e-08
 4.33148830e-08 4.51196698e-08 4.69244566e-08 4.87292434e-08
 5.05340302e-08 5.23388170e-08 5.41436038e-08 5.59483906e-08
 5.77531774e-08 5.95579642e-08 6.13627510e-08 6.31675377e-08
 6.49723245e-08 6.67771113e-08 6.85818981e-08 7.03866849e-08
 7.21914717e-08 7.39962585e-08 7.58010453e-08 7.76058321e-08
 7.94106189e-08 8.12154057e-08 8.30201925e-08 8.48249793e-08
 8.66297661e-08 8.84345528e-08 9.02393396e-08 9.20441264e-08
 9.38489132e-08 9.56537000e-08 9.74584868e-08 9.92632736e-08
 1.01068060e-07 1.02872847e-07 1.04677634e-07 1.06482421e-07
 1.08287208e-07 1.10091994e-07 1.11896781e-07 1.13701568e-07
 1.15506355e-07 1.17311142e-07 1.19115928e-07 1.20920715e-07
 1.22725502e-07 1.24530289e-07 1.26335075e-07 1.28139862e-07
 1.29944649e-07 1.31749436e-07 1.33554223e-07 1.35359009e-07
 1.37163796e-07 1.38968583e-07 1.40773370e-07 1.42578157e-07
 1.44382943e-07 1.46187730e-07 1.47992517e-07 1.49797304e-07
 1.51602091e-07 1.53406877e-07 1.55211664e-07 1.57016451e-07
 1.58821238e-07 1.60626025e-07 1.62430811e-07 1.64235598e-07
 1.66040385e-07 1.67845172e-07 1.69649959e-07 1.71454745e-07
 1.73259532e-07 1.75064319e-07 1.76869106e-07 1.78673892e-07
 1.80478679e-07]
Frequencies: [4.54118383e+09 5.20000000e+01 2.20000000e+01 1.70000000e+01
 3.00000000e+00 7.00000000e+00 6.00000000e+00 4.00000000e+00
 4.00000000e+00 3.00000000e+00 2.00000000e+00 0.00000000e+00
 2.00000000e+00 5.00000000e+00 7.00000000e+00 1.00000000e+00
 2.00000000e+00 2.00000000e+00 0.00000000e+00 1.00000000e+00
 3.00000000e+00 2.00000000e+00 0.00000000e+00 1.00000000e+00
 1.00000000e+00 0.00000000e+00 1.00000000e+00 0.00000000e+00
 1.00000000e+00 1.00000000e+00 1.00000000e+00 1.00000000e+00
 1.00000000e+00 5.00000000e+00 2.00000000e+00 1.00000000e+00
 0.00000000e+00 1.00000000e+00 0.00000000e+00 0.00000000e+00
 1.00000000e+00 2.00000000e+00 1.00000000e+00 1.00000000e+00
 1.00000000e+00 0.00000000e+00 0.00000000e+00 0.00000000e+00
 0.00000000e+00 1.00000000e+00 0.00000000e+00 0.00000000e+00
 0.00000000e+00 0.00000000e+00 0.00000000e+00 0.00000000e+00
 0.00000000e+00 0.00000000e+00 0.00000000e+00 0.00000000e+00
 0.00000000e+00 0.00000000e+00 0.00000000e+00 0.00000000e+00
 0.00000000e+00 0.00000000e+00 0.00000000e+00 0.00000000e+00
 0.00000000e+00 0.00000000e+00 0.00000000e+00 0.00000000e+00
 0.00000000e+00 0.00000000e+00 0.00000000e+00 0.00000000e+00
 0.00000000e+00 1.00000000e+00 0.00000000e+00 1.00000000e+00
 0.00000000e+00 0.00000000e+00 0.00000000e+00 0.00000000e+00
 0.00000000e+00 0.00000000e+00 0.00000000e+00 0.00000000e+00
 0.00000000e+00 0.00000000e+00 0.00000000e+00 0.00000000e+00
 0.00000000e+00 0.00000000e+00 0.00000000e+00 0.00000000e+00
 0.00000000e+00 0.00000000e+00 0.00000000e+00 2.00000000e+00]
