Standard Deviation: 2.459032340158169e-07
Skewness: -0.9754971564325304
Kurtosis: 0.4954722577269135
Median: 2.9357896006192347e-06
Mean: 2.8794529465985824e-06
Deciles: [2.74921953e-06 3.05830098e-06]
Minimum: 1.99003891714175e-06
Maximum: 3.3119631526667153e-06
Bin Edges: [1.99003892e-06 2.00325816e-06 2.01647740e-06 2.02969664e-06
 2.04291589e-06 2.05613513e-06 2.06935437e-06 2.08257361e-06
 2.09579286e-06 2.10901210e-06 2.12223134e-06 2.13545058e-06
 2.14866983e-06 2.16188907e-06 2.17510831e-06 2.18832755e-06
 2.20154679e-06 2.21476604e-06 2.22798528e-06 2.24120452e-06
 2.25442376e-06 2.26764301e-06 2.28086225e-06 2.29408149e-06
 2.30730073e-06 2.32051998e-06 2.33373922e-06 2.34695846e-06
 2.36017770e-06 2.37339695e-06 2.38661619e-06 2.39983543e-06
 2.41305467e-06 2.42627391e-06 2.43949316e-06 2.45271240e-06
 2.46593164e-06 2.47915088e-06 2.49237013e-06 2.50558937e-06
 2.51880861e-06 2.53202785e-06 2.54524710e-06 2.55846634e-06
 2.57168558e-06 2.58490482e-06 2.59812407e-06 2.61134331e-06
 2.62456255e-06 2.63778179e-06 2.65100103e-06 2.66422028e-06
 2.67743952e-06 2.69065876e-06 2.70387800e-06 2.71709725e-06
 2.73031649e-06 2.74353573e-06 2.75675497e-06 2.76997422e-06
 2.78319346e-06 2.79641270e-06 2.80963194e-06 2.82285119e-06
 2.83607043e-06 2.84928967e-06 2.86250891e-06 2.87572815e-06
 2.88894740e-06 2.90216664e-06 2.91538588e-06 2.92860512e-06
 2.94182437e-06 2.95504361e-06 2.96826285e-06 2.98148209e-06
 2.99470134e-06 3.00792058e-06 3.02113982e-06 3.03435906e-06
 3.04757831e-06 3.06079755e-06 3.07401679e-06 3.08723603e-06
 3.10045527e-06 3.11367452e-06 3.12689376e-06 3.14011300e-06
 3.15333224e-06 3.16655149e-06 3.17977073e-06 3.19298997e-06
 3.20620921e-06 3.21942846e-06 3.23264770e-06 3.24586694e-06
 3.25908618e-06 3.27230543e-06 3.28552467e-06 3.29874391e-06
 3.31196315e-06]
Frequencies: [4.48936000e+05 1.77692000e+06 3.11686400e+06 4.15921600e+06
 3.92070400e+06 3.88560000e+06 3.42410400e+06 2.82616800e+06
 2.81405600e+06 2.74728000e+06 2.94809600e+06 3.07195200e+06
 3.85644000e+06 5.10075200e+06 6.41737600e+06 8.56908800e+06
 9.71827200e+06 8.05914400e+06 8.12880800e+06 8.11129600e+06
 8.77917600e+06 9.78880800e+06 1.07945840e+07 1.19452080e+07
 1.29530400e+07 1.42027920e+07 1.52508800e+07 1.59707920e+07
 1.69155200e+07 1.80866400e+07 1.94673440e+07 2.12910160e+07
 2.32968560e+07 2.55812160e+07 2.69948080e+07 2.78064160e+07
 2.80356000e+07 2.83689680e+07 2.84915840e+07 2.95150320e+07
 3.03323760e+07 3.15007120e+07 3.23430720e+07 3.39604000e+07
 3.49242480e+07 3.61844800e+07 3.52726400e+07 3.55056720e+07
 3.57422240e+07 3.66247440e+07 3.77325600e+07 3.81161280e+07
 3.93448400e+07 4.07230080e+07 4.20043040e+07 4.34392480e+07
 4.50469760e+07 4.70357760e+07 4.94124640e+07 5.13246000e+07
 5.35354160e+07 5.53485040e+07 5.80008160e+07 6.07292400e+07
 6.47732720e+07 6.85585840e+07 7.56797280e+07 8.70267440e+07
 1.03252920e+08 1.26344624e+08 1.64262704e+08 1.58566760e+08
 1.38863752e+08 1.26747528e+08 1.19927040e+08 1.20282824e+08
 1.22675904e+08 1.22030440e+08 1.17631768e+08 1.10883264e+08
 1.07614096e+08 1.07457816e+08 1.12081816e+08 1.12828264e+08
 1.06576800e+08 9.55841520e+07 8.73571680e+07 8.06545680e+07
 7.92903440e+07 7.57600320e+07 6.19795760e+07 5.45311120e+07
 4.70855600e+07 3.81281760e+07 2.61153840e+07 1.71802240e+07
 7.46984000e+06 3.19972000e+06 1.63403200e+06 3.25664000e+05]
