Standard Deviation: 19.55072358131142
Skewness: 0.00350395295168653
Kurtosis: 0.856317496351152
Median: -0.14509084281570014
Mean: -0.17937622744436296
Deciles: [-12.12417998  11.75179701]
Minimum: -143.22911694963315
Maximum: 153.83065675946295
Bin Edges: [-143.22911695 -140.25851921 -137.28792148 -134.31732374 -131.346726
 -128.37612826 -125.40553053 -122.43493279 -119.46433505 -116.49373732
 -113.52313958 -110.55254184 -107.5819441  -104.61134637 -101.64074863
  -98.67015089  -95.69955316  -92.72895542  -89.75835768  -86.78775994
  -83.81716221  -80.84656447  -77.87596673  -74.905369    -71.93477126
  -68.96417352  -65.99357579  -63.02297805  -60.05238031  -57.08178257
  -54.11118484  -51.1405871   -48.16998936  -45.19939163  -42.22879389
  -39.25819615  -36.28759841  -33.31700068  -30.34640294  -27.3758052
  -24.40520747  -21.43460973  -18.46401199  -15.49341425  -12.52281652
   -9.55221878   -6.58162104   -3.61102331   -0.64042557    2.33017217
    5.3007699     8.27136764   11.24196538   14.21256312   17.18316085
   20.15375859   23.12435633   26.09495406   29.0655518    32.03614954
   35.00674728   37.97734501   40.94794275   43.91854049   46.88913822
   49.85973596   52.8303337    55.80093144   58.77152917   61.74212691
   64.71272465   67.68332238   70.65392012   73.62451786   76.5951156
   79.56571333   82.53631107   85.50690881   88.47750654   91.44810428
   94.41870202   97.38929975  100.35989749  103.33049523  106.30109297
  109.2716907   112.24228844  115.21288618  118.18348391  121.15408165
  124.12467939  127.09527713  130.06587486  133.0364726   136.00707034
  138.97766807  141.94826581  144.91886355  147.88946129  150.86005902
  153.83065676]
Frequencies: [1.40000000e+01 3.20000000e+01 4.80000000e+01 1.17000000e+02
 2.56000000e+02 5.10000000e+02 9.60000000e+02 1.65400000e+03
 2.51100000e+03 3.88900000e+03 6.12800000e+03 9.68200000e+03
 1.50510000e+04 2.37460000e+04 3.63050000e+04 5.54490000e+04
 8.30100000e+04 1.24924000e+05 1.83318000e+05 2.71537000e+05
 3.97460000e+05 5.70826000e+05 8.13970000e+05 1.15030500e+06
 1.60468400e+06 2.23620900e+06 3.06689700e+06 4.18022700e+06
 5.63765800e+06 7.56065100e+06 1.00434290e+07 1.32580280e+07
 1.73735160e+07 2.26345570e+07 2.93117910e+07 3.78109980e+07
 4.84759120e+07 6.18123200e+07 7.82697770e+07 9.81095280e+07
 1.21646986e+08 1.48710458e+08 1.78686553e+08 2.10427781e+08
 2.42098661e+08 2.70870024e+08 2.93643595e+08 3.07495155e+08
 3.10317040e+08 3.01193544e+08 2.81358044e+08 2.53847893e+08
 2.22098965e+08 1.89218110e+08 1.57812650e+08 1.29394005e+08
 1.04595186e+08 8.35904370e+07 6.61019120e+07 5.18763320e+07
 4.04468540e+07 3.13391270e+07 2.41790000e+07 1.85731050e+07
 1.42005410e+07 1.08106310e+07 8.19533300e+06 6.18358900e+06
 4.64274500e+06 3.45707000e+06 2.55573500e+06 1.87640800e+06
 1.36448500e+06 9.84221000e+05 7.03353000e+05 4.94456000e+05
 3.43666000e+05 2.36147000e+05 1.59374000e+05 1.06745000e+05
 7.12380000e+04 4.63680000e+04 3.12870000e+04 2.03370000e+04
 1.36710000e+04 8.72300000e+03 5.97300000e+03 4.06900000e+03
 2.77000000e+03 2.08700000e+03 1.43500000e+03 9.72000000e+02
 5.87000000e+02 3.12000000e+02 1.82000000e+02 8.00000000e+01
 5.50000000e+01 2.00000000e+01 1.70000000e+01 1.70000000e+01]
