Standard Deviation: 1.1347786330806544e-05
Skewness: 7.736588737055557
Kurtosis: 74.58195237679386
Median: 1.6008080664756069e-31
Mean: 2.201101066975207e-06
Deciles: [0.00000000e+00 5.01096815e-11]
Minimum: 0.0
Maximum: 0.0004906745134896319
Bin Edges: [0.00000000e+00 4.90674513e-06 9.81349027e-06 1.47202354e-05
 1.96269805e-05 2.45337257e-05 2.94404708e-05 3.43472159e-05
 3.92539611e-05 4.41607062e-05 4.90674513e-05 5.39741965e-05
 5.88809416e-05 6.37876868e-05 6.86944319e-05 7.36011770e-05
 7.85079222e-05 8.34146673e-05 8.83214124e-05 9.32281576e-05
 9.81349027e-05 1.03041648e-04 1.07948393e-04 1.12855138e-04
 1.17761883e-04 1.22668628e-04 1.27575374e-04 1.32482119e-04
 1.37388864e-04 1.42295609e-04 1.47202354e-04 1.52109099e-04
 1.57015844e-04 1.61922589e-04 1.66829335e-04 1.71736080e-04
 1.76642825e-04 1.81549570e-04 1.86456315e-04 1.91363060e-04
 1.96269805e-04 2.01176551e-04 2.06083296e-04 2.10990041e-04
 2.15896786e-04 2.20803531e-04 2.25710276e-04 2.30617021e-04
 2.35523766e-04 2.40430512e-04 2.45337257e-04 2.50244002e-04
 2.55150747e-04 2.60057492e-04 2.64964237e-04 2.69870982e-04
 2.74777728e-04 2.79684473e-04 2.84591218e-04 2.89497963e-04
 2.94404708e-04 2.99311453e-04 3.04218198e-04 3.09124943e-04
 3.14031689e-04 3.18938434e-04 3.23845179e-04 3.28751924e-04
 3.33658669e-04 3.38565414e-04 3.43472159e-04 3.48378905e-04
 3.53285650e-04 3.58192395e-04 3.63099140e-04 3.68005885e-04
 3.72912630e-04 3.77819375e-04 3.82726121e-04 3.87632866e-04
 3.92539611e-04 3.97446356e-04 4.02353101e-04 4.07259846e-04
 4.12166591e-04 4.17073336e-04 4.21980082e-04 4.26886827e-04
 4.31793572e-04 4.36700317e-04 4.41607062e-04 4.46513807e-04
 4.51420552e-04 4.56327298e-04 4.61234043e-04 4.66140788e-04
 4.71047533e-04 4.75954278e-04 4.80861023e-04 4.85767768e-04
 4.90674513e-04]
Frequencies: [4.26406294e+09 6.09609340e+07 3.52018690e+07 2.64321650e+07
 2.14731540e+07 1.79067010e+07 1.51605870e+07 1.29595220e+07
 1.11696880e+07 9.69687600e+06 8.46999000e+06 7.43204000e+06
 6.54819900e+06 5.77130700e+06 5.11118800e+06 4.51911800e+06
 3.98959400e+06 3.51653700e+06 3.09412700e+06 2.70632500e+06
 2.35443100e+06 2.03569200e+06 1.74535200e+06 1.48742000e+06
 1.25709200e+06 1.05870300e+06 8.83811000e+05 7.36915000e+05
 6.09957000e+05 5.04785000e+05 4.17310000e+05 3.43907000e+05
 2.84808000e+05 2.34847000e+05 1.92676000e+05 1.58344000e+05
 1.30867000e+05 1.06854000e+05 8.83380000e+04 7.20490000e+04
 5.79740000e+04 4.70290000e+04 3.77090000e+04 3.04830000e+04
 2.41930000e+04 1.96440000e+04 1.57500000e+04 1.25830000e+04
 1.00400000e+04 7.93100000e+03 6.47500000e+03 5.10400000e+03
 4.24000000e+03 3.29800000e+03 2.75400000e+03 2.29200000e+03
 1.76200000e+03 1.43100000e+03 1.17700000e+03 9.42000000e+02
 7.86000000e+02 6.43000000e+02 4.87000000e+02 3.96000000e+02
 2.88000000e+02 2.71000000e+02 2.24000000e+02 1.65000000e+02
 1.33000000e+02 1.20000000e+02 1.11000000e+02 1.04000000e+02
 8.00000000e+01 6.40000000e+01 6.10000000e+01 3.80000000e+01
 3.50000000e+01 3.10000000e+01 2.00000000e+01 1.70000000e+01
 1.50000000e+01 1.60000000e+01 6.00000000e+00 6.00000000e+00
 7.00000000e+00 1.00000000e+01 2.00000000e+00 6.00000000e+00
 3.00000000e+00 8.00000000e+00 3.00000000e+00 3.00000000e+00
 1.00000000e+00 2.00000000e+00 2.00000000e+00 0.00000000e+00
 2.00000000e+00 0.00000000e+00 0.00000000e+00 3.00000000e+00]
