Standard Deviation: 11.895498812540897
Skewness: -1.22848012293936
Kurtosis: 1.0755633044737776
Median: 276.9824409872492
Mean: 272.29773656418445
Deciles: [265.13557204 281.64824195]
Minimum: 212.3283681398127
Maximum: 294.11309134612657
Bin Edges: [212.32836814 213.14621537 213.9640626  214.78190984 215.59975707
 216.4176043  217.23545153 218.05329876 218.871146   219.68899323
 220.50684046 221.32468769 222.14253492 222.96038216 223.77822939
 224.59607662 225.41392385 226.23177108 227.04961832 227.86746555
 228.68531278 229.50316001 230.32100725 231.13885448 231.95670171
 232.77454894 233.59239617 234.41024341 235.22809064 236.04593787
 236.8637851  237.68163233 238.49947957 239.3173268  240.13517403
 240.95302126 241.77086849 242.58871573 243.40656296 244.22441019
 245.04225742 245.86010465 246.67795189 247.49579912 248.31364635
 249.13149358 249.94934081 250.76718805 251.58503528 252.40288251
 253.22072974 254.03857698 254.85642421 255.67427144 256.49211867
 257.3099659  258.12781314 258.94566037 259.7635076  260.58135483
 261.39920206 262.2170493  263.03489653 263.85274376 264.67059099
 265.48843822 266.30628546 267.12413269 267.94197992 268.75982715
 269.57767438 270.39552162 271.21336885 272.03121608 272.84906331
 273.66691054 274.48475778 275.30260501 276.12045224 276.93829947
 277.7561467  278.57399394 279.39184117 280.2096884  281.02753563
 281.84538287 282.6632301  283.48107733 284.29892456 285.11677179
 285.93461903 286.75246626 287.57031349 288.38816072 289.20600795
 290.02385519 290.84170242 291.65954965 292.47739688 293.29524411
 294.11309135]
Frequencies: [1.77600000e+03 8.94100000e+03 2.33780000e+04 4.44080000e+04
 8.33030000e+04 1.42441000e+05 2.31125000e+05 3.51436000e+05
 4.92027000e+05 6.59249000e+05 8.33186000e+05 1.02370500e+06
 1.23186800e+06 1.43829900e+06 1.61631200e+06 1.80011700e+06
 1.97628500e+06 2.12657400e+06 2.27087600e+06 2.41316500e+06
 2.53030900e+06 2.65544000e+06 2.75931600e+06 2.89351800e+06
 3.02286700e+06 3.17241500e+06 3.34962600e+06 3.58326200e+06
 3.83707600e+06 4.13944000e+06 4.51012400e+06 4.97932200e+06
 5.55122000e+06 6.28334400e+06 7.21546600e+06 8.30318900e+06
 9.58797300e+06 1.09233210e+07 1.24155890e+07 1.40791520e+07
 1.58799220e+07 1.78152460e+07 1.99342250e+07 2.22461270e+07
 2.45213430e+07 2.68762360e+07 2.92414440e+07 3.15638640e+07
 3.40042990e+07 3.66061640e+07 3.93464380e+07 4.16072510e+07
 4.37142340e+07 4.54748520e+07 4.70501350e+07 4.84918500e+07
 4.99177250e+07 5.14025850e+07 5.27163860e+07 5.40142350e+07
 5.56925980e+07 5.74242850e+07 5.91092680e+07 6.08014480e+07
 6.23916000e+07 6.36594910e+07 6.48286540e+07 6.60134130e+07
 6.71514980e+07 6.86134660e+07 7.02002320e+07 7.21463650e+07
 7.45662880e+07 7.77449600e+07 8.19386790e+07 8.70813880e+07
 9.34812840e+07 1.01992485e+08 1.12377747e+08 1.24409768e+08
 1.39434638e+08 1.60472828e+08 1.92188762e+08 2.55470439e+08
 3.68891038e+08 4.19226715e+08 3.14122872e+08 1.71411932e+08
 7.86975800e+07 3.20704530e+07 1.19687350e+07 4.56403600e+06
 2.03339900e+06 1.05857500e+06 5.58259000e+05 2.65750000e+05
 1.01082000e+05 2.99940000e+04 6.46200000e+03 5.33000000e+02]
