Standard Deviation: 8.121756755271888e-06
Skewness: 58.16767614297668
Kurtosis: 4925.538737415619
Median: 1.9562215246097842e-29
Mean: 3.5194414399091436e-07
Deciles: [0.00000000e+00 6.00385994e-14]
Minimum: 0.0
Maximum: 0.002265475196951087
Bin Edges: [0.00000000e+00 2.26547520e-05 4.53095039e-05 6.79642559e-05
 9.06190079e-05 1.13273760e-04 1.35928512e-04 1.58583264e-04
 1.81238016e-04 2.03892768e-04 2.26547520e-04 2.49202272e-04
 2.71857024e-04 2.94511776e-04 3.17166528e-04 3.39821280e-04
 3.62476032e-04 3.85130783e-04 4.07785535e-04 4.30440287e-04
 4.53095039e-04 4.75749791e-04 4.98404543e-04 5.21059295e-04
 5.43714047e-04 5.66368799e-04 5.89023551e-04 6.11678303e-04
 6.34333055e-04 6.56987807e-04 6.79642559e-04 7.02297311e-04
 7.24952063e-04 7.47606815e-04 7.70261567e-04 7.92916319e-04
 8.15571071e-04 8.38225823e-04 8.60880575e-04 8.83535327e-04
 9.06190079e-04 9.28844831e-04 9.51499583e-04 9.74154335e-04
 9.96809087e-04 1.01946384e-03 1.04211859e-03 1.06477334e-03
 1.08742809e-03 1.11008285e-03 1.13273760e-03 1.15539235e-03
 1.17804710e-03 1.20070185e-03 1.22335661e-03 1.24601136e-03
 1.26866611e-03 1.29132086e-03 1.31397561e-03 1.33663037e-03
 1.35928512e-03 1.38193987e-03 1.40459462e-03 1.42724937e-03
 1.44990413e-03 1.47255888e-03 1.49521363e-03 1.51786838e-03
 1.54052313e-03 1.56317789e-03 1.58583264e-03 1.60848739e-03
 1.63114214e-03 1.65379689e-03 1.67645165e-03 1.69910640e-03
 1.72176115e-03 1.74441590e-03 1.76707065e-03 1.78972541e-03
 1.81238016e-03 1.83503491e-03 1.85768966e-03 1.88034441e-03
 1.90299917e-03 1.92565392e-03 1.94830867e-03 1.97096342e-03
 1.99361817e-03 2.01627293e-03 2.03892768e-03 2.06158243e-03
 2.08423718e-03 2.10689193e-03 2.12954669e-03 2.15220144e-03
 2.17485619e-03 2.19751094e-03 2.22016569e-03 2.24282044e-03
 2.26547520e-03]
Frequencies: [4.52829524e+09 5.27033200e+06 2.50541300e+06 1.46308600e+06
 8.44142000e+05 5.28059000e+05 3.79514000e+05 2.97687000e+05
 2.38065000e+05 1.94901000e+05 1.60428000e+05 1.33550000e+05
 1.12054000e+05 9.52970000e+04 8.19240000e+04 7.05790000e+04
 6.13900000e+04 5.35000000e+04 4.65780000e+04 4.08810000e+04
 3.57180000e+04 3.18000000e+04 2.78270000e+04 2.46380000e+04
 2.16490000e+04 1.94480000e+04 1.73970000e+04 1.50230000e+04
 1.32760000e+04 1.15330000e+04 1.04630000e+04 9.28400000e+03
 8.44300000e+03 7.23200000e+03 6.59500000e+03 5.89300000e+03
 5.18100000e+03 4.68800000e+03 4.22700000e+03 3.75700000e+03
 3.30800000e+03 2.85900000e+03 2.57800000e+03 2.23300000e+03
 2.00900000e+03 1.80000000e+03 1.60600000e+03 1.38000000e+03
 1.27100000e+03 1.09300000e+03 9.59000000e+02 8.15000000e+02
 7.46000000e+02 6.81000000e+02 5.86000000e+02 4.87000000e+02
 4.15000000e+02 3.88000000e+02 3.38000000e+02 2.74000000e+02
 2.12000000e+02 1.90000000e+02 1.54000000e+02 1.27000000e+02
 1.27000000e+02 1.10000000e+02 8.10000000e+01 8.10000000e+01
 6.00000000e+01 5.40000000e+01 4.40000000e+01 4.60000000e+01
 4.10000000e+01 3.70000000e+01 1.60000000e+01 2.00000000e+01
 1.60000000e+01 1.50000000e+01 1.50000000e+01 7.00000000e+00
 1.10000000e+01 5.00000000e+00 4.00000000e+00 0.00000000e+00
 1.00000000e+00 3.00000000e+00 1.00000000e+00 0.00000000e+00
 1.00000000e+00 0.00000000e+00 0.00000000e+00 0.00000000e+00
 0.00000000e+00 0.00000000e+00 0.00000000e+00 1.00000000e+00
 0.00000000e+00 1.00000000e+00 1.00000000e+00 1.00000000e+00]
