Standard Deviation: 1.1330177088879774e-07
Skewness: 2.6177142866278245
Kurtosis: 6.816041149885679
Median: 1.738640261523649e-06
Mean: 1.782081062391218e-06
Deciles: [1.71601243e-06 1.79765020e-06]
Minimum: 1.6947423215506084e-06
Maximum: 2.2999086265804157e-06
Bin Edges: [1.69474232e-06 1.70079398e-06 1.70684565e-06 1.71289731e-06
 1.71894897e-06 1.72500064e-06 1.73105230e-06 1.73710396e-06
 1.74315563e-06 1.74920729e-06 1.75525895e-06 1.76131062e-06
 1.76736228e-06 1.77341394e-06 1.77946560e-06 1.78551727e-06
 1.79156893e-06 1.79762059e-06 1.80367226e-06 1.80972392e-06
 1.81577558e-06 1.82182725e-06 1.82787891e-06 1.83393057e-06
 1.83998223e-06 1.84603390e-06 1.85208556e-06 1.85813722e-06
 1.86418889e-06 1.87024055e-06 1.87629221e-06 1.88234388e-06
 1.88839554e-06 1.89444720e-06 1.90049887e-06 1.90655053e-06
 1.91260219e-06 1.91865385e-06 1.92470552e-06 1.93075718e-06
 1.93680884e-06 1.94286051e-06 1.94891217e-06 1.95496383e-06
 1.96101550e-06 1.96706716e-06 1.97311882e-06 1.97917048e-06
 1.98522215e-06 1.99127381e-06 1.99732547e-06 2.00337714e-06
 2.00942880e-06 2.01548046e-06 2.02153213e-06 2.02758379e-06
 2.03363545e-06 2.03968712e-06 2.04573878e-06 2.05179044e-06
 2.05784210e-06 2.06389377e-06 2.06994543e-06 2.07599709e-06
 2.08204876e-06 2.08810042e-06 2.09415208e-06 2.10020375e-06
 2.10625541e-06 2.11230707e-06 2.11835874e-06 2.12441040e-06
 2.13046206e-06 2.13651372e-06 2.14256539e-06 2.14861705e-06
 2.15466871e-06 2.16072038e-06 2.16677204e-06 2.17282370e-06
 2.17887537e-06 2.18492703e-06 2.19097869e-06 2.19703035e-06
 2.20308202e-06 2.20913368e-06 2.21518534e-06 2.22123701e-06
 2.22728867e-06 2.23334033e-06 2.23939200e-06 2.24544366e-06
 2.25149532e-06 2.25754699e-06 2.26359865e-06 2.26965031e-06
 2.27570197e-06 2.28175364e-06 2.28780530e-06 2.29385696e-06
 2.29990863e-06]
Frequencies: [2.65530150e+08 8.29254150e+07 4.35290687e+08 6.70521090e+08
 3.27006506e+08 3.41220395e+08 1.27114977e+08 7.38888540e+07
 6.45781450e+07 2.19774839e+08 3.87443600e+07 2.09296740e+07
 7.84749600e+07 1.73774775e+08 2.20637295e+08 1.40274254e+08
 1.24035929e+08 3.10717954e+08 3.01747650e+07 1.59804260e+07
 1.22808160e+07 1.10007300e+07 1.22231420e+07 1.36783930e+07
 2.09015370e+07 8.07770830e+07 1.03844270e+08 2.44509560e+07
 1.92429920e+07 1.22033680e+07 1.18821240e+07 1.28349120e+07
 1.44139360e+07 2.27578620e+07 2.85107270e+07 1.79429710e+07
 1.25178120e+07 1.05406540e+07 7.97766400e+06 7.32912200e+06
 5.91333500e+06 5.49117200e+06 5.47293000e+06 4.56226200e+06
 4.51566100e+06 4.80720900e+06 4.53826700e+06 4.16331700e+06
 3.80523900e+06 3.70700300e+06 3.86438700e+06 3.67273700e+06
 3.75065800e+06 3.26058100e+06 2.80998000e+06 2.91559000e+06
 2.94643900e+06 2.79672900e+06 2.79885200e+06 2.82699400e+06
 3.10437000e+06 3.40404200e+06 3.05038800e+06 2.70539600e+06
 2.85986800e+06 2.75943100e+06 2.55530400e+06 2.64809100e+06
 2.50401300e+06 2.89902300e+06 3.15078700e+06 2.76948200e+06
 2.66275100e+06 2.94658200e+06 3.37756800e+06 3.69748800e+06
 4.11362400e+06 4.82647700e+06 7.03208200e+06 1.06016930e+07
 1.35171340e+07 2.09617070e+07 2.93722630e+07 2.20978630e+07
 1.38126190e+07 1.06477030e+07 9.32162700e+06 8.65970400e+06
 8.37018200e+06 6.33273100e+06 5.14024900e+06 4.28067700e+06
 3.47511500e+06 3.66224900e+06 2.78071700e+06 2.61273300e+06
 2.05674200e+06 1.72982300e+06 1.06491600e+06 9.29230000e+04]
