Standard Deviation: 29.167359457304133
Skewness: 0.7857856431989194
Kurtosis: 0.6851362746003713
Median: -0.2757976775176978
Mean: 4.141420554978627
Deciles: [-15.93461127  19.8090707 ]
Minimum: -130.41513946101745
Maximum: 169.63313529916888
Bin Edges: [-130.41513946 -127.41465671 -124.41417397 -121.41369122 -118.41320847
 -115.41272572 -112.41224298 -109.41176023 -106.41127748 -103.41079473
 -100.41031198  -97.40982924  -94.40934649  -91.40886374  -88.40838099
  -85.40789825  -82.4074155   -79.40693275  -76.40645     -73.40596726
  -70.40548451  -67.40500176  -64.40451901  -61.40403627  -58.40355352
  -55.40307077  -52.40258802  -49.40210528  -46.40162253  -43.40113978
  -40.40065703  -37.40017429  -34.39969154  -31.39920879  -28.39872604
  -25.39824329  -22.39776055  -19.3972778   -16.39679505  -13.3963123
  -10.39582956   -7.39534681   -4.39486406   -1.39438131    1.60610143
    4.60658418    7.60706693   10.60754968   13.60803242   16.60851517
   19.60899792   22.60948067   25.60996341   28.61044616   31.61092891
   34.61141166   37.6118944    40.61237715   43.6128599    46.61334265
   49.6138254    52.61430814   55.61479089   58.61527364   61.61575639
   64.61623913   67.61672188   70.61720463   73.61768738   76.61817012
   79.61865287   82.61913562   85.61961837   88.62010111   91.62058386
   94.62106661   97.62154936  100.6220321   103.62251485  106.6229976
  109.62348035  112.62396309  115.62444584  118.62492859  121.62541134
  124.62589409  127.62637683  130.62685958  133.62734233  136.62782508
  139.62830782  142.62879057  145.62927332  148.62975607  151.63023881
  154.63072156  157.63120431  160.63168706  163.6321698   166.63265255
  169.6331353 ]
Frequencies: [3.40000000e+01 6.20000000e+01 2.46000000e+02 4.38000000e+02
 7.05000000e+02 9.10000000e+02 1.29500000e+03 1.52900000e+03
 1.98900000e+03 3.20400000e+03 5.08400000e+03 7.84100000e+03
 1.04570000e+04 1.95030000e+04 3.36970000e+04 5.04720000e+04
 6.61580000e+04 9.11760000e+04 1.31490000e+05 1.86366000e+05
 2.69379000e+05 4.45077000e+05 8.59754000e+05 1.92049000e+06
 4.30370200e+06 8.75417400e+06 1.51917490e+07 2.34217110e+07
 3.39243170e+07 4.70931240e+07 6.33509960e+07 8.23536360e+07
 1.02289576e+08 1.19691238e+08 1.33776950e+08 1.44705433e+08
 1.55299939e+08 1.69365020e+08 1.88249684e+08 2.09946986e+08
 2.27599134e+08 2.31729584e+08 2.24715450e+08 2.12708050e+08
 2.00127495e+08 1.87258041e+08 1.73471004e+08 1.59243678e+08
 1.44563875e+08 1.30415144e+08 1.17795373e+08 1.06329599e+08
 9.54646400e+07 8.55634860e+07 7.69295630e+07 6.94519540e+07
 6.28202310e+07 5.69066060e+07 5.15584820e+07 4.70023380e+07
 4.31452190e+07 3.97753370e+07 3.67527200e+07 3.37186460e+07
 3.05994710e+07 2.74783010e+07 2.45576450e+07 2.18000300e+07
 1.92365370e+07 1.68024110e+07 1.43896210e+07 1.21779430e+07
 1.02793280e+07 8.62578600e+06 7.15398100e+06 5.84878700e+06
 4.73544400e+06 3.80687600e+06 3.03720800e+06 2.37488000e+06
 1.83673800e+06 1.42062100e+06 1.09288300e+06 8.37640000e+05
 6.34364000e+05 4.75231000e+05 3.45729000e+05 2.46416000e+05
 1.74566000e+05 1.22514000e+05 8.58270000e+04 5.65900000e+04
 3.51370000e+04 2.10640000e+04 1.12500000e+04 6.13000000e+03
 3.41900000e+03 1.65900000e+03 6.14000000e+02 1.19000000e+02]
