Standard Deviation: 13.322841921061402
Skewness: -1.2851150546647705
Kurtosis: 1.800347911711043
Median: 289.8601438150054
Mean: 285.78423194874574
Deciles: [278.60089207 295.70417835]
Minimum: 209.41847984052984
Maximum: 321.42896606906766
Bin Edges: [209.41847984 210.5385847  211.65868957 212.77879443 213.89889929
 215.01900415 216.13910901 217.25921388 218.37931874 219.4994236
 220.61952846 221.73963333 222.85973819 223.97984305 225.09994791
 226.22005277 227.34015764 228.4602625  229.58036736 230.70047222
 231.82057709 232.94068195 234.06078681 235.18089167 236.30099654
 237.4211014  238.54120626 239.66131112 240.78141598 241.90152085
 243.02162571 244.14173057 245.26183543 246.3819403  247.50204516
 248.62215002 249.74225488 250.86235975 251.98246461 253.10256947
 254.22267433 255.34277919 256.46288406 257.58298892 258.70309378
 259.82319864 260.94330351 262.06340837 263.18351323 264.30361809
 265.42372295 266.54382782 267.66393268 268.78403754 269.9041424
 271.02424727 272.14435213 273.26445699 274.38456185 275.50466672
 276.62477158 277.74487644 278.8649813  279.98508616 281.10519103
 282.22529589 283.34540075 284.46550561 285.58561048 286.70571534
 287.8258202  288.94592506 290.06602993 291.18613479 292.30623965
 293.42634451 294.54644937 295.66655424 296.7866591  297.90676396
 299.02686882 300.14697369 301.26707855 302.38718341 303.50728827
 304.62739313 305.747498   306.86760286 307.98770772 309.10781258
 310.22791745 311.34802231 312.46812717 313.58823203 314.7083369
 315.82844176 316.94854662 318.06865148 319.18875634 320.30886121
 321.42896607]
Frequencies: [3.70000000e+02 1.68400000e+03 5.46400000e+03 1.06090000e+04
 1.61030000e+04 2.70010000e+04 4.66390000e+04 7.37580000e+04
 1.12112000e+05 1.67610000e+05 2.41823000e+05 3.51260000e+05
 4.94825000e+05 6.69155000e+05 8.63222000e+05 1.07469100e+06
 1.31964300e+06 1.57583000e+06 1.82657100e+06 2.04262100e+06
 2.25984800e+06 2.48226600e+06 2.69763100e+06 2.96410100e+06
 3.20595300e+06 3.49509200e+06 3.87204500e+06 4.33777100e+06
 4.94831300e+06 5.71479700e+06 6.57829600e+06 7.53890200e+06
 8.53103300e+06 9.59243400e+06 1.06130760e+07 1.15940970e+07
 1.25179510e+07 1.33359110e+07 1.42098680e+07 1.50637150e+07
 1.57289200e+07 1.64069350e+07 1.71114360e+07 1.78618690e+07
 1.87002330e+07 1.97358760e+07 2.11838910e+07 2.30150830e+07
 2.54462510e+07 2.90168640e+07 3.41403650e+07 4.17021460e+07
 5.21158680e+07 6.28174440e+07 6.88543900e+07 7.03438650e+07
 7.07253270e+07 7.25308420e+07 7.53779650e+07 7.86257480e+07
 8.21749940e+07 8.57482650e+07 8.95779480e+07 9.35861000e+07
 9.77045560e+07 1.02286047e+08 1.07760541e+08 1.14326395e+08
 1.21984644e+08 1.29698400e+08 1.37985780e+08 1.47796473e+08
 1.60181857e+08 1.76850661e+08 2.00383204e+08 2.42297902e+08
 3.15272781e+08 4.01649776e+08 3.64138012e+08 1.24396801e+08
 5.69858620e+07 4.34443380e+07 3.50040130e+07 2.86644210e+07
 2.35106090e+07 1.91524340e+07 1.53190970e+07 1.17929130e+07
 8.64620100e+06 5.94812800e+06 3.90680100e+06 2.44176200e+06
 1.41066800e+06 7.40810000e+05 3.34671000e+05 1.18479000e+05
 3.54170000e+04 8.73700000e+03 1.85100000e+03 2.42000000e+02]
