Standard Deviation: 3.731912556759198e-10
Skewness: 0.9999999999993391
Kurtosis: -2.0000000000091
Median: 78.63461614709878
Mean: 78.63461614672559
Deciles: [78.63461615 78.63461615]
Minimum: 78.63461614709878
Maximum: 78.63461614709878
Bin Edges: [78.13461615 78.14461615 78.15461615 78.16461615 78.17461615 78.18461615
 78.19461615 78.20461615 78.21461615 78.22461615 78.23461615 78.24461615
 78.25461615 78.26461615 78.27461615 78.28461615 78.29461615 78.30461615
 78.31461615 78.32461615 78.33461615 78.34461615 78.35461615 78.36461615
 78.37461615 78.38461615 78.39461615 78.40461615 78.41461615 78.42461615
 78.43461615 78.44461615 78.45461615 78.46461615 78.47461615 78.48461615
 78.49461615 78.50461615 78.51461615 78.52461615 78.53461615 78.54461615
 78.55461615 78.56461615 78.57461615 78.58461615 78.59461615 78.60461615
 78.61461615 78.62461615 78.63461615 78.64461615 78.65461615 78.66461615
 78.67461615 78.68461615 78.69461615 78.70461615 78.71461615 78.72461615
 78.73461615 78.74461615 78.75461615 78.76461615 78.77461615 78.78461615
 78.79461615 78.80461615 78.81461615 78.82461615 78.83461615 78.84461615
 78.85461615 78.86461615 78.87461615 78.88461615 78.89461615 78.90461615
 78.91461615 78.92461615 78.93461615 78.94461615 78.95461615 78.96461615
 78.97461615 78.98461615 78.99461615 79.00461615 79.01461615 79.02461615
 79.03461615 79.04461615 79.05461615 79.06461615 79.07461615 79.08461615
 79.09461615 79.10461615 79.11461615 79.12461615 79.13461615]
Frequencies: [0.000000e+00 0.000000e+00 0.000000e+00 0.000000e+00 0.000000e+00
 0.000000e+00 0.000000e+00 0.000000e+00 0.000000e+00 0.000000e+00
 0.000000e+00 0.000000e+00 0.000000e+00 0.000000e+00 0.000000e+00
 0.000000e+00 0.000000e+00 0.000000e+00 0.000000e+00 0.000000e+00
 0.000000e+00 0.000000e+00 0.000000e+00 0.000000e+00 0.000000e+00
 0.000000e+00 0.000000e+00 0.000000e+00 0.000000e+00 0.000000e+00
 0.000000e+00 0.000000e+00 0.000000e+00 0.000000e+00 0.000000e+00
 0.000000e+00 0.000000e+00 0.000000e+00 0.000000e+00 0.000000e+00
 0.000000e+00 0.000000e+00 0.000000e+00 0.000000e+00 0.000000e+00
 0.000000e+00 0.000000e+00 0.000000e+00 0.000000e+00 0.000000e+00
 4.541184e+09 0.000000e+00 0.000000e+00 0.000000e+00 0.000000e+00
 0.000000e+00 0.000000e+00 0.000000e+00 0.000000e+00 0.000000e+00
 0.000000e+00 0.000000e+00 0.000000e+00 0.000000e+00 0.000000e+00
 0.000000e+00 0.000000e+00 0.000000e+00 0.000000e+00 0.000000e+00
 0.000000e+00 0.000000e+00 0.000000e+00 0.000000e+00 0.000000e+00
 0.000000e+00 0.000000e+00 0.000000e+00 0.000000e+00 0.000000e+00
 0.000000e+00 0.000000e+00 0.000000e+00 0.000000e+00 0.000000e+00
 0.000000e+00 0.000000e+00 0.000000e+00 0.000000e+00 0.000000e+00
 0.000000e+00 0.000000e+00 0.000000e+00 0.000000e+00 0.000000e+00
 0.000000e+00 0.000000e+00 0.000000e+00 0.000000e+00 0.000000e+00]
