Standard Deviation: 3822.7222173774076
Skewness: -3.6048410652513727
Kurtosis: 15.498897943512834
Median: 68207.85597253515
Mean: 66822.93534624128
Deciles: [66594.28947864 68629.63102052]
Minimum: 39075.18939755607
Maximum: 72257.14492773861
Bin Edges: [39075.18939756 39407.00895286 39738.82850816 40070.64806346
 40402.46761876 40734.28717407 41066.10672937 41397.92628467
 41729.74583997 42061.56539527 42393.38495057 42725.20450588
 43057.02406118 43388.84361648 43720.66317178 44052.48272708
 44384.30228239 44716.12183769 45047.94139299 45379.76094829
 45711.58050359 46043.40005889 46375.2196142  46707.0391695
 47038.8587248  47370.6782801  47702.4978354  48034.31739071
 48366.13694601 48697.95650131 49029.77605661 49361.59561191
 49693.41516721 50025.23472252 50357.05427782 50688.87383312
 51020.69338842 51352.51294372 51684.33249903 52016.15205433
 52347.97160963 52679.79116493 53011.61072023 53343.43027553
 53675.24983084 54007.06938614 54338.88894144 54670.70849674
 55002.52805204 55334.34760735 55666.16716265 55997.98671795
 56329.80627325 56661.62582855 56993.44538385 57325.26493916
 57657.08449446 57988.90404976 58320.72360506 58652.54316036
 58984.36271567 59316.18227097 59648.00182627 59979.82138157
 60311.64093687 60643.46049217 60975.28004748 61307.09960278
 61638.91915808 61970.73871338 62302.55826868 62634.37782399
 62966.19737929 63298.01693459 63629.83648989 63961.65604519
 64293.47560049 64625.2951558  64957.1147111  65288.9342664
 65620.7538217  65952.573377   66284.39293231 66616.21248761
 66948.03204291 67279.85159821 67611.67115351 67943.49070881
 68275.31026412 68607.12981942 68938.94937472 69270.76893002
 69602.58848532 69934.40804063 70266.22759593 70598.04715123
 70929.86670653 71261.68626183 71593.50581713 71925.32537244
 72257.14492774]
Frequencies: [3.24700000e+03 3.43760000e+04 2.14012000e+05 6.12063000e+05
 1.43533000e+06 2.30397700e+06 1.80202800e+06 1.15344100e+06
 7.14157000e+05 1.20462700e+06 1.22384100e+06 1.33601200e+06
 1.95257500e+06 2.31425600e+06 2.51995500e+06 2.48773000e+06
 2.11066500e+06 2.18244900e+06 2.48702500e+06 2.45461800e+06
 2.42623300e+06 3.17838500e+06 3.45430700e+06 3.28083100e+06
 3.14557500e+06 3.40240600e+06 2.82764100e+06 2.90280500e+06
 3.03415800e+06 3.03348500e+06 3.40175200e+06 3.36264500e+06
 2.61021600e+06 2.75447400e+06 2.95381700e+06 3.15654500e+06
 2.69484200e+06 2.25256500e+06 2.54093100e+06 2.69121500e+06
 2.64542100e+06 3.26721500e+06 3.11846400e+06 3.65982400e+06
 3.32332400e+06 2.83760300e+06 3.36972300e+06 3.89896600e+06
 4.07788300e+06 3.97736000e+06 4.66625500e+06 4.96991700e+06
 5.92658300e+06 6.74985100e+06 6.67534600e+06 7.58851900e+06
 7.57407800e+06 7.66260500e+06 8.11978200e+06 9.62523200e+06
 1.14691460e+07 1.23376660e+07 1.39266280e+07 1.63872500e+07
 1.89315660e+07 1.86620140e+07 1.91329730e+07 1.97260660e+07
 2.07127900e+07 2.09699570e+07 2.13203200e+07 2.08863200e+07
 2.26446040e+07 2.73754200e+07 3.06533520e+07 3.66760640e+07
 4.54878420e+07 5.31497890e+07 6.70524880e+07 8.21708750e+07
 9.96509420e+07 1.25561581e+08 1.47194028e+08 1.61996781e+08
 1.79611193e+08 2.07210758e+08 2.53269380e+08 4.68669780e+08
 9.36710193e+08 6.26285215e+08 3.58802163e+08 1.50625148e+08
 4.19595740e+07 8.46057100e+06 1.66038400e+06 3.41380000e+05
 8.73270000e+04 2.18880000e+04 5.56100000e+03 1.86000000e+03]
