Standard Deviation: 2.944124164672787e-07
Skewness: 1.1291244339330397
Kurtosis: 0.3129671948802004
Median: 1.5880401584242326e-07
Mean: 3.0774469594015433e-07
Deciles: [7.74754706e-08 5.14430067e-07]
Minimum: 3.079794279479281e-08
Maximum: 1.371869368085689e-06
Bin Edges: [3.07979428e-08 4.42086570e-08 5.76193713e-08 7.10300856e-08
 8.44407998e-08 9.78515141e-08 1.11262228e-07 1.24672943e-07
 1.38083657e-07 1.51494371e-07 1.64905085e-07 1.78315800e-07
 1.91726514e-07 2.05137228e-07 2.18547942e-07 2.31958657e-07
 2.45369371e-07 2.58780085e-07 2.72190799e-07 2.85601514e-07
 2.99012228e-07 3.12422942e-07 3.25833656e-07 3.39244371e-07
 3.52655085e-07 3.66065799e-07 3.79476513e-07 3.92887228e-07
 4.06297942e-07 4.19708656e-07 4.33119370e-07 4.46530085e-07
 4.59940799e-07 4.73351513e-07 4.86762227e-07 5.00172942e-07
 5.13583656e-07 5.26994370e-07 5.40405084e-07 5.53815799e-07
 5.67226513e-07 5.80637227e-07 5.94047941e-07 6.07458656e-07
 6.20869370e-07 6.34280084e-07 6.47690798e-07 6.61101513e-07
 6.74512227e-07 6.87922941e-07 7.01333655e-07 7.14744370e-07
 7.28155084e-07 7.41565798e-07 7.54976512e-07 7.68387227e-07
 7.81797941e-07 7.95208655e-07 8.08619369e-07 8.22030084e-07
 8.35440798e-07 8.48851512e-07 8.62262226e-07 8.75672941e-07
 8.89083655e-07 9.02494369e-07 9.15905083e-07 9.29315798e-07
 9.42726512e-07 9.56137226e-07 9.69547940e-07 9.82958655e-07
 9.96369369e-07 1.00978008e-06 1.02319080e-06 1.03660151e-06
 1.05001223e-06 1.06342294e-06 1.07683365e-06 1.09024437e-06
 1.10365508e-06 1.11706580e-06 1.13047651e-06 1.14388723e-06
 1.15729794e-06 1.17070865e-06 1.18411937e-06 1.19753008e-06
 1.21094080e-06 1.22435151e-06 1.23776223e-06 1.25117294e-06
 1.26458365e-06 1.27799437e-06 1.29140508e-06 1.30481580e-06
 1.31822651e-06 1.33163723e-06 1.34504794e-06 1.35845865e-06
 1.37186937e-06]
Frequencies: [1.60684145e+08 3.72923581e+08 3.87422592e+08 4.27705896e+08
 3.33455443e+08 1.99484178e+08 1.35657471e+08 1.12776521e+08
 9.41705960e+07 8.10198230e+07 6.95083140e+07 6.25957650e+07
 5.83057410e+07 5.52890930e+07 5.31837060e+07 5.04685540e+07
 4.82865820e+07 4.64999520e+07 4.38507120e+07 4.31054690e+07
 4.06650500e+07 3.96413380e+07 3.87897750e+07 3.70849570e+07
 3.60675760e+07 3.53166370e+07 3.45679710e+07 3.47801390e+07
 3.43540340e+07 3.40134410e+07 3.32708710e+07 3.33081200e+07
 3.37407540e+07 3.37544060e+07 3.36111550e+07 3.43045980e+07
 3.47557760e+07 3.51922690e+07 3.67395170e+07 3.83676690e+07
 4.00973670e+07 3.97595500e+07 3.76551180e+07 3.72802060e+07
 3.82204570e+07 3.84785800e+07 3.82648420e+07 3.74341010e+07
 3.61535800e+07 3.58767770e+07 3.64943280e+07 3.76371760e+07
 3.86531830e+07 4.07712330e+07 4.26023320e+07 3.71824890e+07
 2.85977800e+07 2.43924280e+07 2.12700360e+07 1.96200430e+07
 1.72175730e+07 1.59053970e+07 1.51249900e+07 1.46074700e+07
 1.36572750e+07 1.31295780e+07 1.22310730e+07 1.15973470e+07
 1.04511740e+07 9.50750300e+06 8.75044900e+06 8.29729200e+06
 7.89439300e+06 7.62206000e+06 7.58428400e+06 7.41519700e+06
 7.26813100e+06 7.18132500e+06 6.94773500e+06 6.75810700e+06
 6.58867400e+06 6.44397700e+06 6.22695300e+06 6.04765300e+06
 5.88027800e+06 5.61535200e+06 5.42479900e+06 5.08445800e+06
 4.67112800e+06 4.38186000e+06 4.18104100e+06 3.66006100e+06
 3.27132000e+06 2.92240600e+06 2.58768000e+06 2.07060200e+06
 9.73104000e+05 5.26832000e+05 2.66770000e+05 4.89060000e+04]
