Standard Deviation: 4.4497028284240514e-10
Skewness: -1.0
Kurtosis: -1.999999999996392
Median: 361.6431483025772
Mean: 361.64314830302214
Deciles: [361.6431483 361.6431483]
Minimum: 361.6431483025772
Maximum: 361.6431483025772
Bin Edges: [361.1431483 361.1531483 361.1631483 361.1731483 361.1831483 361.1931483
 361.2031483 361.2131483 361.2231483 361.2331483 361.2431483 361.2531483
 361.2631483 361.2731483 361.2831483 361.2931483 361.3031483 361.3131483
 361.3231483 361.3331483 361.3431483 361.3531483 361.3631483 361.3731483
 361.3831483 361.3931483 361.4031483 361.4131483 361.4231483 361.4331483
 361.4431483 361.4531483 361.4631483 361.4731483 361.4831483 361.4931483
 361.5031483 361.5131483 361.5231483 361.5331483 361.5431483 361.5531483
 361.5631483 361.5731483 361.5831483 361.5931483 361.6031483 361.6131483
 361.6231483 361.6331483 361.6431483 361.6531483 361.6631483 361.6731483
 361.6831483 361.6931483 361.7031483 361.7131483 361.7231483 361.7331483
 361.7431483 361.7531483 361.7631483 361.7731483 361.7831483 361.7931483
 361.8031483 361.8131483 361.8231483 361.8331483 361.8431483 361.8531483
 361.8631483 361.8731483 361.8831483 361.8931483 361.9031483 361.9131483
 361.9231483 361.9331483 361.9431483 361.9531483 361.9631483 361.9731483
 361.9831483 361.9931483 362.0031483 362.0131483 362.0231483 362.0331483
 362.0431483 362.0531483 362.0631483 362.0731483 362.0831483 362.0931483
 362.1031483 362.1131483 362.1231483 362.1331483 362.1431483]
Frequencies: [0.000000e+00 0.000000e+00 0.000000e+00 0.000000e+00 0.000000e+00
 0.000000e+00 0.000000e+00 0.000000e+00 0.000000e+00 0.000000e+00
 0.000000e+00 0.000000e+00 0.000000e+00 0.000000e+00 0.000000e+00
 0.000000e+00 0.000000e+00 0.000000e+00 0.000000e+00 0.000000e+00
 0.000000e+00 0.000000e+00 0.000000e+00 0.000000e+00 0.000000e+00
 0.000000e+00 0.000000e+00 0.000000e+00 0.000000e+00 0.000000e+00
 0.000000e+00 0.000000e+00 0.000000e+00 0.000000e+00 0.000000e+00
 0.000000e+00 0.000000e+00 0.000000e+00 0.000000e+00 0.000000e+00
 0.000000e+00 0.000000e+00 0.000000e+00 0.000000e+00 0.000000e+00
 0.000000e+00 0.000000e+00 0.000000e+00 0.000000e+00 0.000000e+00
 4.541184e+09 0.000000e+00 0.000000e+00 0.000000e+00 0.000000e+00
 0.000000e+00 0.000000e+00 0.000000e+00 0.000000e+00 0.000000e+00
 0.000000e+00 0.000000e+00 0.000000e+00 0.000000e+00 0.000000e+00
 0.000000e+00 0.000000e+00 0.000000e+00 0.000000e+00 0.000000e+00
 0.000000e+00 0.000000e+00 0.000000e+00 0.000000e+00 0.000000e+00
 0.000000e+00 0.000000e+00 0.000000e+00 0.000000e+00 0.000000e+00
 0.000000e+00 0.000000e+00 0.000000e+00 0.000000e+00 0.000000e+00
 0.000000e+00 0.000000e+00 0.000000e+00 0.000000e+00 0.000000e+00
 0.000000e+00 0.000000e+00 0.000000e+00 0.000000e+00 0.000000e+00
 0.000000e+00 0.000000e+00 0.000000e+00 0.000000e+00 0.000000e+00]
