Standard Deviation: 6.507239191932968e-11
Skewness: -1.000000000010513
Kurtosis: -2.0000000000038463
Median: 7.834781133863082
Mean: 7.834781133928154
Deciles: [7.83478113 7.83478113]
Minimum: 7.834781133863082
Maximum: 7.834781133863082
Bin Edges: [7.33478113 7.34478113 7.35478113 7.36478113 7.37478113 7.38478113
 7.39478113 7.40478113 7.41478113 7.42478113 7.43478113 7.44478113
 7.45478113 7.46478113 7.47478113 7.48478113 7.49478113 7.50478113
 7.51478113 7.52478113 7.53478113 7.54478113 7.55478113 7.56478113
 7.57478113 7.58478113 7.59478113 7.60478113 7.61478113 7.62478113
 7.63478113 7.64478113 7.65478113 7.66478113 7.67478113 7.68478113
 7.69478113 7.70478113 7.71478113 7.72478113 7.73478113 7.74478113
 7.75478113 7.76478113 7.77478113 7.78478113 7.79478113 7.80478113
 7.81478113 7.82478113 7.83478113 7.84478113 7.85478113 7.86478113
 7.87478113 7.88478113 7.89478113 7.90478113 7.91478113 7.92478113
 7.93478113 7.94478113 7.95478113 7.96478113 7.97478113 7.98478113
 7.99478113 8.00478113 8.01478113 8.02478113 8.03478113 8.04478113
 8.05478113 8.06478113 8.07478113 8.08478113 8.09478113 8.10478113
 8.11478113 8.12478113 8.13478113 8.14478113 8.15478113 8.16478113
 8.17478113 8.18478113 8.19478113 8.20478113 8.21478113 8.22478113
 8.23478113 8.24478113 8.25478113 8.26478113 8.27478113 8.28478113
 8.29478113 8.30478113 8.31478113 8.32478113 8.33478113]
Frequencies: [0.000000e+00 0.000000e+00 0.000000e+00 0.000000e+00 0.000000e+00
 0.000000e+00 0.000000e+00 0.000000e+00 0.000000e+00 0.000000e+00
 0.000000e+00 0.000000e+00 0.000000e+00 0.000000e+00 0.000000e+00
 0.000000e+00 0.000000e+00 0.000000e+00 0.000000e+00 0.000000e+00
 0.000000e+00 0.000000e+00 0.000000e+00 0.000000e+00 0.000000e+00
 0.000000e+00 0.000000e+00 0.000000e+00 0.000000e+00 0.000000e+00
 0.000000e+00 0.000000e+00 0.000000e+00 0.000000e+00 0.000000e+00
 0.000000e+00 0.000000e+00 0.000000e+00 0.000000e+00 0.000000e+00
 0.000000e+00 0.000000e+00 0.000000e+00 0.000000e+00 0.000000e+00
 0.000000e+00 0.000000e+00 0.000000e+00 0.000000e+00 0.000000e+00
 4.541184e+09 0.000000e+00 0.000000e+00 0.000000e+00 0.000000e+00
 0.000000e+00 0.000000e+00 0.000000e+00 0.000000e+00 0.000000e+00
 0.000000e+00 0.000000e+00 0.000000e+00 0.000000e+00 0.000000e+00
 0.000000e+00 0.000000e+00 0.000000e+00 0.000000e+00 0.000000e+00
 0.000000e+00 0.000000e+00 0.000000e+00 0.000000e+00 0.000000e+00
 0.000000e+00 0.000000e+00 0.000000e+00 0.000000e+00 0.000000e+00
 0.000000e+00 0.000000e+00 0.000000e+00 0.000000e+00 0.000000e+00
 0.000000e+00 0.000000e+00 0.000000e+00 0.000000e+00 0.000000e+00
 0.000000e+00 0.000000e+00 0.000000e+00 0.000000e+00 0.000000e+00
 0.000000e+00 0.000000e+00 0.000000e+00 0.000000e+00 0.000000e+00]
