Standard Deviation: 6.42111641543995e-11
Skewness: -155.07870792079675
Kurtosis: 28116.079049953325
Median: 9.986058137126286e-07
Mean: 9.986052823456608e-07
Deciles: [9.98605814e-07 9.98605814e-07]
Minimum: 9.768998214796678e-07
Maximum: 9.986058137126286e-07
Bin Edges: [9.76899821e-07 9.77116881e-07 9.77333941e-07 9.77551001e-07
 9.77768061e-07 9.77985121e-07 9.78202181e-07 9.78419241e-07
 9.78636301e-07 9.78853361e-07 9.79070421e-07 9.79287481e-07
 9.79504541e-07 9.79721600e-07 9.79938660e-07 9.80155720e-07
 9.80372780e-07 9.80589840e-07 9.80806900e-07 9.81023960e-07
 9.81241020e-07 9.81458080e-07 9.81675140e-07 9.81892200e-07
 9.82109260e-07 9.82326320e-07 9.82543379e-07 9.82760439e-07
 9.82977499e-07 9.83194559e-07 9.83411619e-07 9.83628679e-07
 9.83845739e-07 9.84062799e-07 9.84279859e-07 9.84496919e-07
 9.84713979e-07 9.84931039e-07 9.85148099e-07 9.85365158e-07
 9.85582218e-07 9.85799278e-07 9.86016338e-07 9.86233398e-07
 9.86450458e-07 9.86667518e-07 9.86884578e-07 9.87101638e-07
 9.87318698e-07 9.87535758e-07 9.87752818e-07 9.87969878e-07
 9.88186937e-07 9.88403997e-07 9.88621057e-07 9.88838117e-07
 9.89055177e-07 9.89272237e-07 9.89489297e-07 9.89706357e-07
 9.89923417e-07 9.90140477e-07 9.90357537e-07 9.90574597e-07
 9.90791657e-07 9.91008716e-07 9.91225776e-07 9.91442836e-07
 9.91659896e-07 9.91876956e-07 9.92094016e-07 9.92311076e-07
 9.92528136e-07 9.92745196e-07 9.92962256e-07 9.93179316e-07
 9.93396376e-07 9.93613435e-07 9.93830495e-07 9.94047555e-07
 9.94264615e-07 9.94481675e-07 9.94698735e-07 9.94915795e-07
 9.95132855e-07 9.95349915e-07 9.95566975e-07 9.95784035e-07
 9.96001095e-07 9.96218155e-07 9.96435214e-07 9.96652274e-07
 9.96869334e-07 9.97086394e-07 9.97303454e-07 9.97520514e-07
 9.97737574e-07 9.97954634e-07 9.98171694e-07 9.98388754e-07
 9.98605814e-07]
Frequencies: [2.40000e+01 1.30000e+01 1.20000e+01 1.10000e+01 4.80000e+01 6.60000e+01
 1.20000e+02 6.60000e+01 6.70000e+01 3.80000e+01 1.41000e+02 1.83000e+02
 1.30000e+02 1.38000e+02 1.45000e+02 2.10000e+02 2.02000e+02 2.55000e+02
 2.84000e+02 2.84000e+02 2.98000e+02 2.52000e+02 4.14000e+02 4.29000e+02
 3.65000e+02 4.68000e+02 4.77000e+02 5.53000e+02 6.89000e+02 8.13000e+02
 7.98000e+02 8.84000e+02 9.81000e+02 9.87000e+02 1.23900e+03 1.24400e+03
 1.25000e+03 1.56300e+03 1.61200e+03 1.62200e+03 1.47500e+03 1.74000e+03
 1.92600e+03 2.13800e+03 2.24600e+03 2.43800e+03 2.33200e+03 2.36300e+03
 2.71200e+03 2.76700e+03 2.92400e+03 2.90700e+03 3.08900e+03 3.32200e+03
 3.86500e+03 4.11300e+03 4.39300e+03 4.41400e+03 4.36900e+03 4.51500e+03
 4.58400e+03 5.48100e+03 5.57400e+03 5.88000e+03 5.60800e+03 6.39600e+03
 6.07900e+03 6.46800e+03 7.18600e+03 7.70400e+03 7.87900e+03 8.02700e+03
 8.34800e+03 8.72100e+03 8.41300e+03 8.90100e+03 9.28500e+03 9.38300e+03
 9.40000e+03 9.75000e+03 1.02700e+04 1.09960e+04 1.15440e+04 1.15390e+04
 1.15180e+04 1.27540e+04 1.32980e+04 1.32220e+04 1.35390e+04 1.43860e+04
 1.43840e+04 1.48340e+04 1.47700e+04 1.53220e+04 1.53490e+04 1.68850e+04
 1.69030e+04 1.68360e+04 1.71660e+04 4.54069e+09]
