Standard Deviation: 0.005626502098228578
Skewness: 0.16882473466066408
Kurtosis: -1.3134964277349355
Median: 0.008317264901790314
Mean: 0.009097026183293262
Deciles: [0.00408103 0.01445767]
Minimum: 6.274035294513612e-09
Maximum: 0.02414447704099726
Bin Edges: [6.27403529e-09 2.41450982e-04 4.82895689e-04 7.24340397e-04
 9.65785105e-04 1.20722981e-03 1.44867452e-03 1.69011923e-03
 1.93156394e-03 2.17300864e-03 2.41445335e-03 2.65589806e-03
 2.89734277e-03 3.13878747e-03 3.38023218e-03 3.62167689e-03
 3.86312160e-03 4.10456630e-03 4.34601101e-03 4.58745572e-03
 4.82890043e-03 5.07034514e-03 5.31178984e-03 5.55323455e-03
 5.79467926e-03 6.03612397e-03 6.27756867e-03 6.51901338e-03
 6.76045809e-03 7.00190280e-03 7.24334750e-03 7.48479221e-03
 7.72623692e-03 7.96768163e-03 8.20912633e-03 8.45057104e-03
 8.69201575e-03 8.93346046e-03 9.17490517e-03 9.41634987e-03
 9.65779458e-03 9.89923929e-03 1.01406840e-02 1.03821287e-02
 1.06235734e-02 1.08650181e-02 1.11064628e-02 1.13479075e-02
 1.15893522e-02 1.18307969e-02 1.20722417e-02 1.23136864e-02
 1.25551311e-02 1.27965758e-02 1.30380205e-02 1.32794652e-02
 1.35209099e-02 1.37623546e-02 1.40037993e-02 1.42452440e-02
 1.44866887e-02 1.47281334e-02 1.49695781e-02 1.52110229e-02
 1.54524676e-02 1.56939123e-02 1.59353570e-02 1.61768017e-02
 1.64182464e-02 1.66596911e-02 1.69011358e-02 1.71425805e-02
 1.73840252e-02 1.76254699e-02 1.78669146e-02 1.81083593e-02
 1.83498041e-02 1.85912488e-02 1.88326935e-02 1.90741382e-02
 1.93155829e-02 1.95570276e-02 1.97984723e-02 2.00399170e-02
 2.02813617e-02 2.05228064e-02 2.07642511e-02 2.10056958e-02
 2.12471405e-02 2.14885853e-02 2.17300300e-02 2.19714747e-02
 2.22129194e-02 2.24543641e-02 2.26958088e-02 2.29372535e-02
 2.31786982e-02 2.34201429e-02 2.36615876e-02 2.39030323e-02
 2.41444770e-02]
Frequencies: [5.3119389e+07 6.4574749e+07 5.7075295e+07 4.7801364e+07 4.4948176e+07
 4.6165534e+07 4.9376899e+07 5.4040259e+07 5.9978347e+07 6.7015446e+07
 7.5198443e+07 8.2787964e+07 8.7032154e+07 8.9436575e+07 8.9928541e+07
 8.8540627e+07 8.6626307e+07 8.4015301e+07 8.1057820e+07 7.8180586e+07
 7.5520371e+07 7.2993285e+07 7.0594507e+07 6.8309746e+07 6.6177463e+07
 6.4128269e+07 6.2174778e+07 6.0211811e+07 5.8243091e+07 5.6296310e+07
 5.4364832e+07 5.2568336e+07 5.0924201e+07 4.9444693e+07 4.8246043e+07
 4.7192522e+07 4.6299839e+07 4.5495046e+07 4.4823249e+07 4.4221758e+07
 4.3675791e+07 4.3222328e+07 4.2881660e+07 4.2555264e+07 4.2271137e+07
 4.2117524e+07 4.1968322e+07 4.1912989e+07 4.1959336e+07 4.2141673e+07
 4.2419782e+07 4.2846538e+07 4.3480940e+07 4.4218610e+07 4.5164443e+07
 4.6208352e+07 4.7386974e+07 4.8770501e+07 5.0207403e+07 5.1640219e+07
 5.3291728e+07 5.5159220e+07 5.7190302e+07 5.9261160e+07 6.1319782e+07
 6.3543411e+07 6.5963358e+07 6.8538162e+07 7.1141095e+07 7.3232032e+07
 7.4308439e+07 7.3529997e+07 7.0512856e+07 6.5120568e+07 5.7454929e+07
 4.8013763e+07 3.7610961e+07 2.7201156e+07 1.8118229e+07 1.1205519e+07
 6.6941710e+06 4.0014010e+06 2.4782230e+06 1.5644400e+06 9.8578300e+05
 6.1471800e+05 3.7400300e+05 2.2826400e+05 1.3883300e+05 8.4108000e+04
 5.0482000e+04 3.0861000e+04 1.9202000e+04 1.1022000e+04 6.3730000e+03
 3.1060000e+03 1.5790000e+03 7.4600000e+02 2.4600000e+02 6.0000000e+01]
