Standard Deviation: 6.773391233238994
Skewness: 0.06793696680731405
Kurtosis: 1.991795217147864
Median: -0.06192931086404038
Mean: -0.04597821870540362
Deciles: [-3.56263325  3.40394836]
Minimum: -59.192979039692446
Maximum: 63.58098835923547
Bin Edges: [-59.19297904 -57.96523937 -56.73749969 -55.50976002 -54.28202034
 -53.05428067 -51.826541   -50.59880132 -49.37106165 -48.14332197
 -46.9155823  -45.68784263 -44.46010295 -43.23236328 -42.0046236
 -40.77688393 -39.54914426 -38.32140458 -37.09366491 -35.86592523
 -34.63818556 -33.41044589 -32.18270621 -30.95496654 -29.72722686
 -28.49948719 -27.27174752 -26.04400784 -24.81626817 -23.58852849
 -22.36078882 -21.13304915 -19.90530947 -18.6775698  -17.44983012
 -16.22209045 -14.99435078 -13.7666111  -12.53887143 -11.31113175
 -10.08339208  -8.85565241  -7.62791273  -6.40017306  -5.17243338
  -3.94469371  -2.71695404  -1.48921436  -0.26147469   0.96626499
   2.19400466   3.42174433   4.64948401   5.87722368   7.10496336
   8.33270303   9.5604427   10.78818238  12.01592205  13.24366173
  14.4714014   15.69914107  16.92688075  18.15462042  19.3823601
  20.61009977  21.83783944  23.06557912  24.29331879  25.52105847
  26.74879814  27.97653781  29.20427749  30.43201716  31.65975684
  32.88749651  34.11523618  35.34297586  36.57071553  37.79845521
  39.02619488  40.25393455  41.48167423  42.7094139   43.93715358
  45.16489325  46.39263292  47.6203726   48.84811227  50.07585195
  51.30359162  52.53133129  53.75907097  54.98681064  56.21455032
  57.44228999  58.67002966  59.89776934  61.12550901  62.35324869
  63.58098836]
Frequencies: [6.00000000e+00 4.00000000e+00 9.00000000e+00 1.40000000e+01
 1.90000000e+01 1.30000000e+01 5.80000000e+01 1.26000000e+02
 2.85000000e+02 6.43000000e+02 1.19800000e+03 2.10400000e+03
 3.70100000e+03 5.95300000e+03 1.02350000e+04 1.71770000e+04
 2.75770000e+04 4.40590000e+04 7.02930000e+04 1.11180000e+05
 1.70170000e+05 2.58600000e+05 3.84069000e+05 5.65526000e+05
 8.26064000e+05 1.19021200e+06 1.69492100e+06 2.37649700e+06
 3.28435700e+06 4.51564500e+06 6.12718300e+06 8.22689100e+06
 1.09376290e+07 1.44660490e+07 1.89021650e+07 2.45532190e+07
 3.17104460e+07 4.07467330e+07 5.20858460e+07 6.65107000e+07
 8.49034340e+07 1.08821595e+08 1.40556241e+08 1.83032505e+08
 2.39636338e+08 3.11059830e+08 3.88736716e+08 4.48446534e+08
 4.60125988e+08 4.15720691e+08 3.39362856e+08 2.61351266e+08
 1.97060435e+08 1.49206830e+08 1.14441071e+08 8.88838450e+07
 6.96366150e+07 5.50177800e+07 4.36077060e+07 3.46053470e+07
 2.73364280e+07 2.14750470e+07 1.67575690e+07 1.29798840e+07
 9.93242500e+06 7.54776600e+06 5.67429000e+06 4.23687200e+06
 3.13653100e+06 2.29378800e+06 1.66516600e+06 1.20775900e+06
 8.66011000e+05 6.15405000e+05 4.30680000e+05 3.00842000e+05
 2.09265000e+05 1.46933000e+05 1.01400000e+05 7.07390000e+04
 4.92470000e+04 3.44900000e+04 2.42590000e+04 1.68660000e+04
 1.17880000e+04 7.97300000e+03 4.89800000e+03 3.36100000e+03
 2.15800000e+03 1.23300000e+03 7.41000000e+02 3.66000000e+02
 2.47000000e+02 1.47000000e+02 1.05000000e+02 5.60000000e+01
 3.70000000e+01 1.80000000e+01 6.00000000e+00 5.00000000e+00]
