Standard Deviation: 6.193908377424769
Skewness: 0.012535256941771435
Kurtosis: 2.267604352550812
Median: 0.035131687108576753
Mean: 0.03443394948883954
Deciles: [-3.29782022  3.35884532]
Minimum: -61.16442788275194
Maximum: 69.94031996264576
Bin Edges: [-61.16442788 -59.8533804  -58.54233293 -57.23128545 -55.92023797
 -54.60919049 -53.29814301 -51.98709553 -50.67604806 -49.36500058
 -48.0539531  -46.74290562 -45.43185814 -44.12081066 -42.80976318
 -41.49871571 -40.18766823 -38.87662075 -37.56557327 -36.25452579
 -34.94347831 -33.63243084 -32.32138336 -31.01033588 -29.6992884
 -28.38824092 -27.07719344 -25.76614596 -24.45509849 -23.14405101
 -21.83300353 -20.52195605 -19.21090857 -17.89986109 -16.58881362
 -15.27776614 -13.96671866 -12.65567118 -11.3446237  -10.03357622
  -8.72252874  -7.41148127  -6.10043379  -4.78938631  -3.47833883
  -2.16729135  -0.85624387   0.4548036    1.76585108   3.07689856
   4.38794604   5.69899352   7.010041     8.32108848   9.63213595
  10.94318343  12.25423091  13.56527839  14.87632587  16.18737335
  17.49842082  18.8094683   20.12051578  21.43156326  22.74261074
  24.05365822  25.3647057   26.67575317  27.98680065  29.29784813
  30.60889561  31.91994309  33.23099057  34.54203804  35.85308552
  37.164133    38.47518048  39.78622796  41.09727544  42.40832292
  43.71937039  45.03041787  46.34146535  47.65251283  48.96356031
  50.27460779  51.58565526  52.89670274  54.20775022  55.5187977
  56.82984518  58.14089266  59.45194014  60.76298761  62.07403509
  63.38508257  64.69613005  66.00717753  67.31822501  68.62927248
  69.94031996]
Frequencies: [1.80000000e+01 6.50000000e+01 1.02000000e+02 1.59000000e+02
 2.91000000e+02 4.73000000e+02 8.12000000e+02 1.14700000e+03
 1.88200000e+03 2.94100000e+03 4.29600000e+03 6.49100000e+03
 9.64800000e+03 1.34820000e+04 1.87840000e+04 2.67250000e+04
 3.86230000e+04 5.50620000e+04 7.80470000e+04 1.10854000e+05
 1.57404000e+05 2.24467000e+05 3.20433000e+05 4.57372000e+05
 6.45582000e+05 9.14271000e+05 1.28955400e+06 1.81238000e+06
 2.53810700e+06 3.54460000e+06 4.92728700e+06 6.81357600e+06
 9.38113500e+06 1.28868610e+07 1.76952480e+07 2.41765600e+07
 3.29630670e+07 4.49626490e+07 6.13184270e+07 8.36313370e+07
 1.14310465e+08 1.56912884e+08 2.15093046e+08 2.91060379e+08
 3.79869294e+08 4.61397616e+08 5.02739052e+08 4.83478416e+08
 4.13004457e+08 3.22117438e+08 2.39063525e+08 1.74347036e+08
 1.27421179e+08 9.36342660e+07 6.90548160e+07 5.08818990e+07
 3.73810430e+07 2.73532680e+07 1.99028310e+07 1.43620760e+07
 1.03007930e+07 7.37177800e+06 5.27317000e+06 3.78018000e+06
 2.71874200e+06 1.97013800e+06 1.42467000e+06 1.04195300e+06
 7.58727000e+05 5.54283000e+05 4.03247000e+05 2.96605000e+05
 2.21943000e+05 1.64918000e+05 1.24078000e+05 9.27460000e+04
 6.91030000e+04 5.25910000e+04 3.94580000e+04 2.91930000e+04
 2.14470000e+04 1.60900000e+04 1.19370000e+04 8.92400000e+03
 6.37100000e+03 4.61700000e+03 3.27800000e+03 2.42300000e+03
 1.66900000e+03 1.12000000e+03 7.84000000e+02 5.92000000e+02
 4.16000000e+02 3.08000000e+02 2.15000000e+02 1.28000000e+02
 8.10000000e+01 6.00000000e+01 1.30000000e+01 6.00000000e+00]
