Standard Deviation: 8.264698285789514
Skewness: -1.3320168543752924
Kurtosis: 2.6856880640700416
Median: 239.3314288159022
Mean: 237.65873254707543
Deciles: [235.34295973 242.48192225]
Minimum: 188.84682501512992
Maximum: 308.2482448632696
Bin Edges: [188.84682502 190.04083921 191.23485341 192.42886761 193.62288181
 194.81689601 196.01091021 197.2049244  198.3989386  199.5929528
 200.786967   201.9809812  203.1749954  204.3690096  205.56302379
 206.75703799 207.95105219 209.14506639 210.33908059 211.53309479
 212.72710898 213.92112318 215.11513738 216.30915158 217.50316578
 218.69717998 219.89119418 221.08520837 222.27922257 223.47323677
 224.66725097 225.86126517 227.05527937 228.24929357 229.44330776
 230.63732196 231.83133616 233.02535036 234.21936456 235.41337876
 236.60739295 237.80140715 238.99542135 240.18943555 241.38344975
 242.57746395 243.77147815 244.96549234 246.15950654 247.35352074
 248.54753494 249.74154914 250.93556334 252.12957753 253.32359173
 254.51760593 255.71162013 256.90563433 258.09964853 259.29366273
 260.48767692 261.68169112 262.87570532 264.06971952 265.26373372
 266.45774792 267.65176211 268.84577631 270.03979051 271.23380471
 272.42781891 273.62183311 274.81584731 276.0098615  277.2038757
 278.3978899  279.5919041  280.7859183  281.9799325  283.1739467
 284.36796089 285.56197509 286.75598929 287.95000349 289.14401769
 290.33803189 291.53204608 292.72606028 293.92007448 295.11408868
 296.30810288 297.50211708 298.69613128 299.89014547 301.08415967
 302.27817387 303.47218807 304.66620227 305.86021647 307.05423066
 308.24824486]
Frequencies: [1.32400000e+03 6.21000000e+03 1.16180000e+04 1.94650000e+04
 3.08270000e+04 5.53330000e+04 1.08714000e+05 2.10371000e+05
 3.82041000e+05 6.81118000e+05 1.18958400e+06 1.91432600e+06
 2.87124700e+06 4.09703400e+06 5.65506500e+06 7.55697100e+06
 9.78076600e+06 1.24467000e+07 1.53704050e+07 1.84484510e+07
 2.15635250e+07 2.44581370e+07 2.71516640e+07 2.94115500e+07
 3.13008280e+07 3.30765530e+07 3.47931750e+07 3.64585740e+07
 3.81491220e+07 3.99065920e+07 4.20305680e+07 4.49073510e+07
 4.89666130e+07 5.45400240e+07 6.30771320e+07 7.65768010e+07
 9.85189100e+07 1.34185800e+08 1.88327426e+08 2.59490256e+08
 3.36837001e+08 4.03687225e+08 4.43767008e+08 4.43919400e+08
 3.99412733e+08 3.24278102e+08 2.42359287e+08 1.73779497e+08
 1.22939310e+08 8.57195320e+07 5.68274210e+07 3.55299000e+07
 2.19192630e+07 1.36883830e+07 8.24479500e+06 4.77164200e+06
 3.25659700e+06 2.48733100e+06 1.97069800e+06 1.58929000e+06
 1.26772600e+06 9.97615000e+05 7.89386000e+05 6.35934000e+05
 5.08081000e+05 4.04388000e+05 3.27286000e+05 2.66789000e+05
 2.16411000e+05 1.82367000e+05 1.48076000e+05 1.19799000e+05
 9.91100000e+04 8.51470000e+04 7.26690000e+04 6.15140000e+04
 5.15740000e+04 4.29930000e+04 3.49700000e+04 2.89680000e+04
 2.51840000e+04 2.18980000e+04 1.80240000e+04 1.50320000e+04
 1.24070000e+04 9.73800000e+03 7.62700000e+03 5.69400000e+03
 3.95300000e+03 3.33000000e+03 2.35700000e+03 1.87800000e+03
 1.27600000e+03 7.42000000e+02 3.97000000e+02 3.10000000e+02
 2.50000000e+02 2.25000000e+02 1.70000000e+02 1.19000000e+02]
