Standard Deviation: 5.554156479543435
Skewness: 0.01710041562778027
Kurtosis: 9.659581095660645
Median: 0.004178516741512584
Mean: 0.006013641728357587
Deciles: [-2.3053275   2.30935287]
Minimum: -64.1351981532372
Maximum: 65.4978157850057
Bin Edges: [-64.13519815 -62.83886801 -61.54253787 -60.24620774 -58.9498776
 -57.65354746 -56.35721732 -55.06088718 -53.76455704 -52.4682269
 -51.17189676 -49.87556662 -48.57923648 -47.28290634 -45.9865762
 -44.69024606 -43.39391592 -42.09758578 -40.80125564 -39.5049255
 -38.20859537 -36.91226523 -35.61593509 -34.31960495 -33.02327481
 -31.72694467 -30.43061453 -29.13428439 -27.83795425 -26.54162411
 -25.24529397 -23.94896383 -22.65263369 -21.35630355 -20.05997341
 -18.76364327 -17.46731314 -16.170983   -14.87465286 -13.57832272
 -12.28199258 -10.98566244  -9.6893323   -8.39300216  -7.09667202
  -5.80034188  -4.50401174  -3.2076816   -1.91135146  -0.61502132
   0.68130882   1.97763896   3.27396909   4.57029923   5.86662937
   7.16295951   8.45928965   9.75561979  11.05194993  12.34828007
  13.64461021  14.94094035  16.23727049  17.53360063  18.82993077
  20.12626091  21.42259105  22.71892119  24.01525132  25.31158146
  26.6079116   27.90424174  29.20057188  30.49690202  31.79323216
  33.0895623   34.38589244  35.68222258  36.97855272  38.27488286
  39.571213    40.86754314  42.16387328  43.46020342  44.75653355
  46.05286369  47.34919383  48.64552397  49.94185411  51.23818425
  52.53451439  53.83084453  55.12717467  56.42350481  57.71983495
  59.01616509  60.31249523  61.60882537  62.90515551  64.20148565
  65.49781579]
Frequencies: [1.52000000e+02 4.14000000e+02 6.53000000e+02 1.01400000e+03
 2.07800000e+03 3.12000000e+03 5.86700000e+03 8.75800000e+03
 1.45290000e+04 2.36790000e+04 3.50710000e+04 4.62680000e+04
 6.00160000e+04 7.88320000e+04 1.03475000e+05 1.37698000e+05
 1.84424000e+05 2.42920000e+05 3.14557000e+05 3.97769000e+05
 4.96283000e+05 6.09754000e+05 7.36392000e+05 8.95666000e+05
 1.06587700e+06 1.26631700e+06 1.52551900e+06 1.82032400e+06
 2.16838900e+06 2.59107600e+06 3.08470500e+06 3.67193600e+06
 4.37675000e+06 5.23566600e+06 6.26931700e+06 7.56918500e+06
 9.18743400e+06 1.12199210e+07 1.38459380e+07 1.74470670e+07
 2.26212180e+07 3.04086460e+07 4.27962750e+07 6.41375290e+07
 1.03170521e+08 1.74440784e+08 2.95744787e+08 4.66716435e+08
 6.35698226e+08 7.07553658e+08 6.30621767e+08 4.58878921e+08
 2.88211937e+08 1.68879062e+08 1.00217555e+08 6.30362100e+07
 4.22529350e+07 2.99591010e+07 2.23749230e+07 1.73398710e+07
 1.38041230e+07 1.11630570e+07 9.15290500e+06 7.58686400e+06
 6.30158000e+06 5.25445400e+06 4.39973900e+06 3.70057800e+06
 3.10746500e+06 2.62563600e+06 2.20581700e+06 1.84780900e+06
 1.54389000e+06 1.27942200e+06 1.05668600e+06 8.80665000e+05
 7.23425000e+05 5.82019000e+05 4.66651000e+05 3.77409000e+05
 3.02002000e+05 2.42331000e+05 1.89877000e+05 1.48535000e+05
 1.15560000e+05 8.91230000e+04 6.54310000e+04 4.59020000e+04
 3.34150000e+04 2.47480000e+04 1.82780000e+04 1.36740000e+04
 1.05800000e+04 7.47600000e+03 4.42300000e+03 2.63000000e+03
 2.05900000e+03 1.51000000e+03 8.49000000e+02 2.32000000e+02]
