Standard Deviation: 3.328837110163716e-05
Skewness: 5.009394853911174
Kurtosis: 32.43419970404423
Median: 1.65205382662694e-09
Mean: 1.0330874393150178e-05
Deciles: [0.00000000e+00 1.34385506e-06]
Minimum: 0.0
Maximum: 0.0011544633494344743
Bin Edges: [0.00000000e+00 1.15446335e-05 2.30892670e-05 3.46339005e-05
 4.61785340e-05 5.77231675e-05 6.92678010e-05 8.08124345e-05
 9.23570680e-05 1.03901701e-04 1.15446335e-04 1.26990968e-04
 1.38535602e-04 1.50080235e-04 1.61624869e-04 1.73169502e-04
 1.84714136e-04 1.96258769e-04 2.07803403e-04 2.19348036e-04
 2.30892670e-04 2.42437303e-04 2.53981937e-04 2.65526570e-04
 2.77071204e-04 2.88615837e-04 3.00160471e-04 3.11705104e-04
 3.23249738e-04 3.34794371e-04 3.46339005e-04 3.57883638e-04
 3.69428272e-04 3.80972905e-04 3.92517539e-04 4.04062172e-04
 4.15606806e-04 4.27151439e-04 4.38696073e-04 4.50240706e-04
 4.61785340e-04 4.73329973e-04 4.84874607e-04 4.96419240e-04
 5.07963874e-04 5.19508507e-04 5.31053141e-04 5.42597774e-04
 5.54142408e-04 5.65687041e-04 5.77231675e-04 5.88776308e-04
 6.00320942e-04 6.11865575e-04 6.23410209e-04 6.34954842e-04
 6.46499476e-04 6.58044109e-04 6.69588743e-04 6.81133376e-04
 6.92678010e-04 7.04222643e-04 7.15767277e-04 7.27311910e-04
 7.38856544e-04 7.50401177e-04 7.61945811e-04 7.73490444e-04
 7.85035078e-04 7.96579711e-04 8.08124345e-04 8.19668978e-04
 8.31213612e-04 8.42758245e-04 8.54302879e-04 8.65847512e-04
 8.77392146e-04 8.88936779e-04 9.00481413e-04 9.12026046e-04
 9.23570680e-04 9.35115313e-04 9.46659947e-04 9.58204580e-04
 9.69749214e-04 9.81293847e-04 9.92838481e-04 1.00438311e-03
 1.01592775e-03 1.02747238e-03 1.03901701e-03 1.05056165e-03
 1.06210628e-03 1.07365091e-03 1.08519555e-03 1.09674018e-03
 1.10828482e-03 1.11982945e-03 1.13137408e-03 1.14291872e-03
 1.15446335e-03]
Frequencies: [3.90290852e+09 1.50998435e+08 8.97651450e+07 6.68283030e+07
 5.33432260e+07 4.38337570e+07 3.66274720e+07 3.09319410e+07
 2.63583180e+07 2.25631990e+07 1.93403010e+07 1.65394650e+07
 1.40959600e+07 1.19297140e+07 1.00199640e+07 8.32860700e+06
 6.82204100e+06 5.53336500e+06 4.44809600e+06 3.57132100e+06
 2.88203200e+06 2.34171900e+06 1.92030800e+06 1.58543600e+06
 1.31774800e+06 1.09923800e+06 9.13501000e+05 7.62657000e+05
 6.36221000e+05 5.29178000e+05 4.39901000e+05 3.64254000e+05
 3.01010000e+05 2.46552000e+05 2.04823000e+05 1.68051000e+05
 1.37294000e+05 1.11705000e+05 9.03980000e+04 7.36040000e+04
 5.83620000e+04 4.67970000e+04 3.72380000e+04 2.90560000e+04
 2.28060000e+04 1.80490000e+04 1.39700000e+04 1.07240000e+04
 8.07300000e+03 6.30600000e+03 5.04300000e+03 3.85200000e+03
 2.97900000e+03 2.19900000e+03 1.58100000e+03 1.26200000e+03
 9.41000000e+02 5.93000000e+02 4.32000000e+02 3.05000000e+02
 2.13000000e+02 1.36000000e+02 9.10000000e+01 6.10000000e+01
 3.50000000e+01 3.10000000e+01 1.90000000e+01 1.20000000e+01
 1.40000000e+01 4.00000000e+00 9.00000000e+00 4.00000000e+00
 2.00000000e+00 4.00000000e+00 3.00000000e+00 1.00000000e+00
 1.00000000e+00 0.00000000e+00 2.00000000e+00 0.00000000e+00
 1.00000000e+00 0.00000000e+00 1.00000000e+00 0.00000000e+00
 0.00000000e+00 0.00000000e+00 0.00000000e+00 1.00000000e+00
 1.00000000e+00 0.00000000e+00 1.00000000e+00 0.00000000e+00
 0.00000000e+00 0.00000000e+00 0.00000000e+00 1.00000000e+00
 0.00000000e+00 0.00000000e+00 0.00000000e+00 1.00000000e+00]
