Standard Deviation: 5606.901818558844
Skewness: -3.6048410652558376
Kurtosis: 15.498897943534434
Median: 91533.79334822134
Mean: 89502.488551132
Deciles: [89167.12677019 92152.42351518]
Minimum: 48804.0337920099
Maximum: 97473.00742545485
Bin Edges: [48804.03379201 49290.72352834 49777.41326468 50264.10300101
 50750.79273735 51237.48247368 51724.17221002 52210.86194635
 52697.55168269 53184.24141902 53670.93115535 54157.62089169
 54644.31062802 55131.00036436 55617.69010069 56104.37983703
 56591.06957336 57077.7593097  57564.44904603 58051.13878236
 58537.8285187  59024.51825503 59511.20799137 59997.8977277
 60484.58746404 60971.27720037 61457.96693671 61944.65667304
 62431.34640937 62918.03614571 63404.72588204 63891.41561838
 64378.10535471 64864.79509105 65351.48482738 65838.17456372
 66324.86430005 66811.55403638 67298.24377272 67784.93350905
 68271.62324539 68758.31298172 69245.00271806 69731.69245439
 70218.38219073 70705.07192706 71191.76166339 71678.45139973
 72165.14113606 72651.8308724  73138.52060873 73625.21034507
 74111.9000814  74598.58981774 75085.27955407 75571.9692904
 76058.65902674 76545.34876307 77032.03849941 77518.72823574
 78005.41797208 78492.10770841 78978.79744475 79465.48718108
 79952.17691741 80438.86665375 80925.55639008 81412.24612642
 81898.93586275 82385.62559909 82872.31533542 83359.00507176
 83845.69480809 84332.38454442 84819.07428076 85305.76401709
 85792.45375343 86279.14348976 86765.8332261  87252.52296243
 87739.21269877 88225.9024351  88712.59217143 89199.28190777
 89685.9716441  90172.66138044 90659.35111677 91146.04085311
 91632.73058944 92119.42032578 92606.11006211 93092.79979844
 93579.48953478 94066.17927111 94552.86900745 95039.55874378
 95526.24848012 96012.93821645 96499.62795279 96986.31768912
 97473.00742545]
Frequencies: [3.24700000e+03 3.43760000e+04 2.14012000e+05 6.12063000e+05
 1.43533000e+06 2.30397700e+06 1.80202800e+06 1.15344100e+06
 7.14157000e+05 1.20462700e+06 1.22384100e+06 1.33601200e+06
 1.95257500e+06 2.31425600e+06 2.51995500e+06 2.48773000e+06
 2.11066500e+06 2.18244900e+06 2.48702500e+06 2.45461800e+06
 2.42623300e+06 3.17838500e+06 3.45430700e+06 3.28083100e+06
 3.14557500e+06 3.40240600e+06 2.82764100e+06 2.90280500e+06
 3.03415800e+06 3.03348500e+06 3.40175200e+06 3.36264500e+06
 2.61021600e+06 2.75447400e+06 2.95381700e+06 3.15654500e+06
 2.69484200e+06 2.25256500e+06 2.54093100e+06 2.69121500e+06
 2.64542100e+06 3.26721500e+06 3.11846400e+06 3.65982400e+06
 3.32332400e+06 2.83760300e+06 3.36972300e+06 3.89896600e+06
 4.07788300e+06 3.97736000e+06 4.66625500e+06 4.96991700e+06
 5.92658300e+06 6.74985100e+06 6.67534600e+06 7.58851900e+06
 7.57407800e+06 7.66260500e+06 8.11978200e+06 9.62523200e+06
 1.14691460e+07 1.23376660e+07 1.39266280e+07 1.63872500e+07
 1.89315660e+07 1.86620140e+07 1.91329730e+07 1.97260660e+07
 2.07127900e+07 2.09699570e+07 2.13203200e+07 2.08863200e+07
 2.26446040e+07 2.73754200e+07 3.06533520e+07 3.66760640e+07
 4.54878420e+07 5.31497890e+07 6.70524880e+07 8.21708750e+07
 9.96509420e+07 1.25561581e+08 1.47194028e+08 1.61996781e+08
 1.79611193e+08 2.07210758e+08 2.53269380e+08 4.68669780e+08
 9.36710193e+08 6.26285215e+08 3.58802163e+08 1.50625148e+08
 4.19595740e+07 8.46057100e+06 1.66038400e+06 3.41380000e+05
 8.73270000e+04 2.18880000e+04 5.56100000e+03 1.86000000e+03]
