Standard Deviation: 5714.922761393447
Skewness: -3.604841065254731
Kurtosis: 15.498897943527389
Median: 92946.03331898965
Mean: 90875.59399333608
Deciles: [90533.77122968 93576.58183517]
Minimum: 49393.05461899516
Maximum: 98999.67057056779
Bin Edges: [49393.054619   49889.12077851 50385.18693803 50881.25309754
 51377.31925706 51873.38541657 52369.45157609 52865.51773561
 53361.58389512 53857.65005464 54353.71621415 54849.78237367
 55345.84853318 55841.9146927  56337.98085222 56834.04701173
 57330.11317125 57826.17933076 58322.24549028 58818.31164979
 59314.37780931 59810.44396883 60306.51012834 60802.57628786
 61298.64244737 61794.70860689 62290.7747664  62786.84092592
 63282.90708544 63778.97324495 64275.03940447 64771.10556398
 65267.1717235  65763.23788301 66259.30404253 66755.37020205
 67251.43636156 67747.50252108 68243.56868059 68739.63484011
 69235.70099962 69731.76715914 70227.83331866 70723.89947817
 71219.96563769 71716.0317972  72212.09795672 72708.16411623
 73204.23027575 73700.29643527 74196.36259478 74692.4287543
 75188.49491381 75684.56107333 76180.62723284 76676.69339236
 77172.75955188 77668.82571139 78164.89187091 78660.95803042
 79157.02418994 79653.09034945 80149.15650897 80645.22266849
 81141.288828   81637.35498752 82133.42114703 82629.48730655
 83125.55346606 83621.61962558 84117.6857851  84613.75194461
 85109.81810413 85605.88426364 86101.95042316 86598.01658267
 87094.08274219 87590.14890171 88086.21506122 88582.28122074
 89078.34738025 89574.41353977 90070.47969928 90566.5458588
 91062.61201832 91558.67817783 92054.74433735 92550.81049686
 93046.87665638 93542.94281589 94039.00897541 94535.07513493
 95031.14129444 95527.20745396 96023.27361347 96519.33977299
 97015.4059325  97511.47209202 98007.53825154 98503.60441105
 98999.67057057]
Frequencies: [3.24700000e+03 3.43760000e+04 2.14012000e+05 6.12063000e+05
 1.43533000e+06 2.30397700e+06 1.80202800e+06 1.15344100e+06
 7.14157000e+05 1.20462700e+06 1.22384100e+06 1.33601200e+06
 1.95257500e+06 2.31425600e+06 2.51995500e+06 2.48773000e+06
 2.11066500e+06 2.18244900e+06 2.48702500e+06 2.45461800e+06
 2.42623300e+06 3.17838500e+06 3.45430700e+06 3.28083100e+06
 3.14557500e+06 3.40240600e+06 2.82764100e+06 2.90280500e+06
 3.03415800e+06 3.03348500e+06 3.40175200e+06 3.36264500e+06
 2.61021600e+06 2.75447400e+06 2.95381700e+06 3.15654500e+06
 2.69484200e+06 2.25256500e+06 2.54093100e+06 2.69121500e+06
 2.64542100e+06 3.26721500e+06 3.11846400e+06 3.65982400e+06
 3.32332400e+06 2.83760300e+06 3.36972300e+06 3.89896600e+06
 4.07788300e+06 3.97736000e+06 4.66625500e+06 4.96991700e+06
 5.92658300e+06 6.74985100e+06 6.67534600e+06 7.58851900e+06
 7.57407800e+06 7.66260500e+06 8.11978200e+06 9.62523200e+06
 1.14691460e+07 1.23376660e+07 1.39266280e+07 1.63872500e+07
 1.89315660e+07 1.86620140e+07 1.91329730e+07 1.97260660e+07
 2.07127900e+07 2.09699570e+07 2.13203200e+07 2.08863200e+07
 2.26446040e+07 2.73754200e+07 3.06533520e+07 3.66760640e+07
 4.54878420e+07 5.31497890e+07 6.70524880e+07 8.21708750e+07
 9.96509420e+07 1.25561581e+08 1.47194028e+08 1.61996781e+08
 1.79611193e+08 2.07210758e+08 2.53269380e+08 4.68669780e+08
 9.36710193e+08 6.26285215e+08 3.58802163e+08 1.50625148e+08
 4.19595740e+07 8.46057100e+06 1.66038400e+06 3.41380000e+05
 8.73270000e+04 2.18880000e+04 5.56100000e+03 1.86000000e+03]
