Standard Deviation: 7.834120402987332
Skewness: 0.08367935404294878
Kurtosis: 2.3142622354703066
Median: -0.08954821693131615
Mean: -0.044237165507865946
Deciles: [-3.91654914  3.74956959]
Minimum: -60.773288316592385
Maximum: 70.46944761057827
Bin Edges: [-60.77328832 -59.46086096 -58.1484336  -56.83600624 -55.52357888
 -54.21115152 -52.89872416 -51.5862968  -50.27386944 -48.96144208
 -47.64901472 -46.33658736 -45.02416001 -43.71173265 -42.39930529
 -41.08687793 -39.77445057 -38.46202321 -37.14959585 -35.83716849
 -34.52474113 -33.21231377 -31.89988641 -30.58745905 -29.27503169
 -27.96260433 -26.65017698 -25.33774962 -24.02532226 -22.7128949
 -21.40046754 -20.08804018 -18.77561282 -17.46318546 -16.1507581
 -14.83833074 -13.52590338 -12.21347602 -10.90104866  -9.5886213
  -8.27619395  -6.96376659  -5.65133923  -4.33891187  -3.02648451
  -1.71405715  -0.40162979   0.91079757   2.22322493   3.53565229
   4.84807965   6.16050701   7.47293437   8.78536172  10.09778908
  11.41021644  12.7226438   14.03507116  15.34749852  16.65992588
  17.97235324  19.2847806   20.59720796  21.90963532  23.22206268
  24.53449004  25.8469174   27.15934475  28.47177211  29.78419947
  31.09662683  32.40905419  33.72148155  35.03390891  36.34633627
  37.65876363  38.97119099  40.28361835  41.59604571  42.90847307
  44.22090043  45.53332778  46.84575514  48.1581825   49.47060986
  50.78303722  52.09546458  53.40789194  54.7203193   56.03274666
  57.34517402  58.65760138  59.97002874  61.2824561   62.59488345
  63.90731081  65.21973817  66.53216553  67.84459289  69.15702025
  70.46944761]
Frequencies: [2.00000000e+01 2.10000000e+01 5.80000000e+01 1.70000000e+02
 4.19000000e+02 7.57000000e+02 1.56500000e+03 2.74500000e+03
 4.83500000e+03 8.13500000e+03 1.39870000e+04 2.25610000e+04
 3.57670000e+04 5.68760000e+04 8.59260000e+04 1.29946000e+05
 1.93858000e+05 2.86314000e+05 4.16612000e+05 6.03977000e+05
 8.52446000e+05 1.19173100e+06 1.64022000e+06 2.22725300e+06
 2.98763300e+06 3.96295200e+06 5.19143300e+06 6.75758700e+06
 8.71798700e+06 1.11698750e+07 1.41883990e+07 1.79110070e+07
 2.24408630e+07 2.79910930e+07 3.47680330e+07 4.30477370e+07
 5.32698250e+07 6.60241490e+07 8.24142960e+07 1.03965075e+08
 1.33107178e+08 1.73345209e+08 2.28376127e+08 2.99240269e+08
 3.77301738e+08 4.38222058e+08 4.51742268e+08 4.09770824e+08
 3.35131680e+08 2.58285403e+08 1.95636367e+08 1.49158009e+08
 1.15776886e+08 9.13319400e+07 7.29645240e+07 5.87234580e+07
 4.75158060e+07 3.85341520e+07 3.12652580e+07 2.53630710e+07
 2.05108680e+07 1.65295430e+07 1.32636120e+07 1.05946820e+07
 8.43438400e+06 6.66192500e+06 5.21955600e+06 4.07262200e+06
 3.15348200e+06 2.41876900e+06 1.85566300e+06 1.40576200e+06
 1.04300700e+06 7.69417000e+05 5.56056000e+05 3.99159000e+05
 2.83666000e+05 1.98045000e+05 1.36952000e+05 9.59980000e+04
 6.54960000e+04 4.45690000e+04 3.02320000e+04 2.10480000e+04
 1.42790000e+04 9.82700000e+03 6.34500000e+03 4.44000000e+03
 2.87600000e+03 1.85200000e+03 1.16400000e+03 7.30000000e+02
 5.03000000e+02 4.24000000e+02 2.31000000e+02 1.56000000e+02
 1.29000000e+02 7.40000000e+01 5.90000000e+01 3.00000000e+01]
