Standard Deviation: 5.489924622371078
Skewness: -1.0213782618157259
Kurtosis: 1.6000176481847417
Median: 217.97934413762107
Mean: 216.5286584862357
Deciles: [213.79423328 219.88126646]
Minimum: 185.71858605479207
Maximum: 243.01285077614003
Bin Edges: [185.71858605 186.2915287  186.86447135 187.437414   188.01035664
 188.58329929 189.15624194 189.72918459 190.30212723 190.87506988
 191.44801253 192.02095517 192.59389782 193.16684047 193.73978312
 194.31272576 194.88566841 195.45861106 196.0315537  196.60449635
 197.177439   197.75038165 198.32332429 198.89626694 199.46920959
 200.04215224 200.61509488 201.18803753 201.76098018 202.33392282
 202.90686547 203.47980812 204.05275077 204.62569341 205.19863606
 205.77157871 206.34452135 206.917464   207.49040665 208.0633493
 208.63629194 209.20923459 209.78217724 210.35511988 210.92806253
 211.50100518 212.07394783 212.64689047 213.21983312 213.79277577
 214.36571842 214.93866106 215.51160371 216.08454636 216.657489
 217.23043165 217.8033743  218.37631695 218.94925959 219.52220224
 220.09514489 220.66808753 221.24103018 221.81397283 222.38691548
 222.95985812 223.53280077 224.10574342 224.67868607 225.25162871
 225.82457136 226.39751401 226.97045665 227.5433993  228.11634195
 228.6892846  229.26222724 229.83516989 230.40811254 230.98105518
 231.55399783 232.12694048 232.69988313 233.27282577 233.84576842
 234.41871107 234.99165372 235.56459636 236.13753901 236.71048166
 237.2834243  237.85636695 238.4293096  239.00225225 239.57519489
 240.14813754 240.72108019 241.29402283 241.86696548 242.43990813
 243.01285078]
Frequencies: [1.67000000e+02 8.15000000e+02 2.66200000e+03 6.42600000e+03
 1.33680000e+04 2.74840000e+04 5.60010000e+04 1.01903000e+05
 1.73728000e+05 2.80980000e+05 4.51507000e+05 6.76458000e+05
 9.62073000e+05 1.33083400e+06 1.78932200e+06 2.30807400e+06
 2.88705200e+06 3.53620900e+06 4.22613900e+06 4.94262100e+06
 5.63599600e+06 6.30123400e+06 7.03880300e+06 7.77484900e+06
 8.55087400e+06 9.35776800e+06 1.03513590e+07 1.15159460e+07
 1.28727690e+07 1.44699190e+07 1.64068100e+07 1.87251110e+07
 2.13627670e+07 2.44228630e+07 2.78251150e+07 3.14879440e+07
 3.54367610e+07 3.96966550e+07 4.43489750e+07 4.93859970e+07
 5.47018390e+07 6.02315540e+07 6.60582530e+07 7.21506430e+07
 7.84025860e+07 8.47462060e+07 9.10369110e+07 9.73619150e+07
 1.03592378e+08 1.09902595e+08 1.16953419e+08 1.24856523e+08
 1.35217758e+08 1.52083017e+08 1.81464850e+08 2.31307729e+08
 2.95322979e+08 3.48932526e+08 3.63014280e+08 3.27061507e+08
 2.58281743e+08 1.85519594e+08 1.27625818e+08 9.00607850e+07
 6.79936210e+07 5.44016990e+07 4.52998380e+07 3.86327230e+07
 3.27864470e+07 2.74114500e+07 2.22375770e+07 1.76997700e+07
 1.37973070e+07 1.05609670e+07 7.89210700e+06 5.82978100e+06
 4.25231300e+06 3.05764900e+06 2.15788100e+06 1.51442400e+06
 1.04463200e+06 7.03854000e+05 4.65959000e+05 3.02660000e+05
 1.98690000e+05 1.28146000e+05 7.85820000e+04 4.57750000e+04
 2.58630000e+04 1.40090000e+04 8.54900000e+03 5.78100000e+03
 3.27600000e+03 1.47500000e+03 5.88000000e+02 3.35000000e+02
 2.10000000e+02 1.64000000e+02 1.03000000e+02 4.90000000e+01]
