Standard Deviation: 32.51908360008894
Skewness: 0.6128652224756473
Kurtosis: 0.14084977581776403
Median: 5.81821551644989
Mean: 10.173341707698722
Deciles: [-13.8154534   30.11644374]
Minimum: -154.44575049534038
Maximum: 185.50615032494773
Bin Edges: [-154.4457505  -151.04623149 -147.64671248 -144.24719347 -140.84767446
 -137.44815545 -134.04863645 -130.64911744 -127.24959843 -123.85007942
 -120.45056041 -117.05104141 -113.6515224  -110.25200339 -106.85248438
 -103.45296537 -100.05344636  -96.65392736  -93.25440835  -89.85488934
  -86.45537033  -83.05585132  -79.65633231  -76.25681331  -72.8572943
  -69.45777529  -66.05825628  -62.65873727  -59.25921827  -55.85969926
  -52.46018025  -49.06066124  -45.66114223  -42.26162322  -38.86210422
  -35.46258521  -32.0630662   -28.66354719  -25.26402818  -21.86450918
  -18.46499017  -15.06547116  -11.66595215   -8.26643314   -4.86691413
   -1.46739513    1.93212388    5.33164289    8.7311619    12.13068091
   15.53019991   18.92971892   22.32923793   25.72875694   29.12827595
   32.52779496   35.92731396   39.32683297   42.72635198   46.12587099
   49.52539      52.92490901   56.32442801   59.72394702   63.12346603
   66.52298504   69.92250405   73.32202305   76.72154206   80.12106107
   83.52058008   86.92009909   90.3196181    93.7191371    97.11865611
  100.51817512  103.91769413  107.31721314  110.71673214  114.11625115
  117.51577016  120.91528917  124.31480818  127.71432719  131.11384619
  134.5133652   137.91288421  141.31240322  144.71192223  148.11144123
  151.51096024  154.91047925  158.30999826  161.70951727  165.10903628
  168.50855528  171.90807429  175.3075933   178.70711231  182.10663132
  185.50615032]
Frequencies: [2.50000000e+01 2.60000000e+01 4.40000000e+01 5.10000000e+01
 1.01000000e+02 1.72000000e+02 3.27000000e+02 5.45000000e+02
 8.26000000e+02 1.26800000e+03 2.23600000e+03 3.72600000e+03
 6.35700000e+03 9.00000000e+03 1.41670000e+04 2.04130000e+04
 2.84020000e+04 3.83350000e+04 5.24520000e+04 6.95140000e+04
 9.03570000e+04 1.16147000e+05 1.61360000e+05 2.29788000e+05
 3.39544000e+05 5.71593000e+05 1.06633700e+06 2.17045500e+06
 4.44261000e+06 8.63909100e+06 1.57271030e+07 2.63577900e+07
 4.05199780e+07 5.73178950e+07 7.54828850e+07 9.34986960e+07
 1.11423560e+08 1.29930782e+08 1.48613913e+08 1.66407195e+08
 1.81943827e+08 1.93131791e+08 1.99049180e+08 2.00715722e+08
 1.98908474e+08 1.95541226e+08 1.91043051e+08 1.85322911e+08
 1.78678468e+08 1.70763170e+08 1.62232517e+08 1.52845836e+08
 1.42873169e+08 1.32777476e+08 1.22632732e+08 1.12371965e+08
 1.02555403e+08 9.37173040e+07 8.56356530e+07 7.80788830e+07
 7.09980590e+07 6.44873110e+07 5.84641770e+07 5.27606500e+07
 4.75116090e+07 4.25207680e+07 3.78919570e+07 3.34294720e+07
 2.91871100e+07 2.52497970e+07 2.15992320e+07 1.82685680e+07
 1.52467270e+07 1.26405330e+07 1.03750100e+07 8.37863200e+06
 6.71687500e+06 5.31362100e+06 4.14824400e+06 3.20964600e+06
 2.45107900e+06 1.83158800e+06 1.34665700e+06 9.67034000e+05
 6.75008000e+05 4.65407000e+05 3.16800000e+05 2.11731000e+05
 1.36827000e+05 8.54190000e+04 5.09500000e+04 2.93160000e+04
 1.74640000e+04 1.07750000e+04 7.18600000e+03 4.50100000e+03
 2.74500000e+03 1.14000000e+03 4.10000000e+02 1.41000000e+02]
