Standard Deviation: 2.4212362570988808e-05
Skewness: 6.2272690809677265
Kurtosis: 50.795175120824666
Median: 0.0
Mean: 5.775161583978302e-06
Deciles: [0. 0.]
Minimum: 0.0
Maximum: 0.0010253477255387803
Bin Edges: [0.00000000e+00 1.02534773e-05 2.05069545e-05 3.07604318e-05
 4.10139090e-05 5.12673863e-05 6.15208635e-05 7.17743408e-05
 8.20278180e-05 9.22812953e-05 1.02534773e-04 1.12788250e-04
 1.23041727e-04 1.33295204e-04 1.43548682e-04 1.53802159e-04
 1.64055636e-04 1.74309113e-04 1.84562591e-04 1.94816068e-04
 2.05069545e-04 2.15323022e-04 2.25576500e-04 2.35829977e-04
 2.46083454e-04 2.56336931e-04 2.66590409e-04 2.76843886e-04
 2.87097363e-04 2.97350840e-04 3.07604318e-04 3.17857795e-04
 3.28111272e-04 3.38364749e-04 3.48618227e-04 3.58871704e-04
 3.69125181e-04 3.79378658e-04 3.89632136e-04 3.99885613e-04
 4.10139090e-04 4.20392567e-04 4.30646045e-04 4.40899522e-04
 4.51152999e-04 4.61406476e-04 4.71659954e-04 4.81913431e-04
 4.92166908e-04 5.02420386e-04 5.12673863e-04 5.22927340e-04
 5.33180817e-04 5.43434295e-04 5.53687772e-04 5.63941249e-04
 5.74194726e-04 5.84448204e-04 5.94701681e-04 6.04955158e-04
 6.15208635e-04 6.25462113e-04 6.35715590e-04 6.45969067e-04
 6.56222544e-04 6.66476022e-04 6.76729499e-04 6.86982976e-04
 6.97236453e-04 7.07489931e-04 7.17743408e-04 7.27996885e-04
 7.38250362e-04 7.48503840e-04 7.58757317e-04 7.69010794e-04
 7.79264271e-04 7.89517749e-04 7.99771226e-04 8.10024703e-04
 8.20278180e-04 8.30531658e-04 8.40785135e-04 8.51038612e-04
 8.61292089e-04 8.71545567e-04 8.81799044e-04 8.92052521e-04
 9.02305998e-04 9.12559476e-04 9.22812953e-04 9.33066430e-04
 9.43319907e-04 9.53573385e-04 9.63826862e-04 9.74080339e-04
 9.84333817e-04 9.94587294e-04 1.00484077e-03 1.01509425e-03
 1.02534773e-03]
Frequencies: [4.14400926e+09 7.34480410e+07 5.54022470e+07 4.47236050e+07
 3.69127000e+07 3.07791060e+07 2.57865650e+07 2.16666870e+07
 1.82340940e+07 1.53610980e+07 1.29370950e+07 1.08710470e+07
 9.09845000e+06 7.56758000e+06 6.24862700e+06 5.12496200e+06
 4.18353600e+06 3.39887700e+06 2.76656900e+06 2.25319100e+06
 1.84140400e+06 1.51004100e+06 1.24343300e+06 1.02300900e+06
 8.43982000e+05 6.96206000e+05 5.76510000e+05 4.77034000e+05
 3.93590000e+05 3.24653000e+05 2.67165000e+05 2.21440000e+05
 1.82446000e+05 1.50521000e+05 1.22676000e+05 9.98020000e+04
 8.20430000e+04 6.63940000e+04 5.44600000e+04 4.44070000e+04
 3.60050000e+04 2.94150000e+04 2.34910000e+04 1.92380000e+04
 1.54060000e+04 1.24350000e+04 1.02510000e+04 8.26100000e+03
 6.67600000e+03 5.38200000e+03 4.32100000e+03 3.59200000e+03
 2.88200000e+03 2.28700000e+03 1.88600000e+03 1.49600000e+03
 1.16100000e+03 9.80000000e+02 8.20000000e+02 6.44000000e+02
 5.26000000e+02 4.25000000e+02 3.29000000e+02 3.08000000e+02
 2.26000000e+02 1.73000000e+02 1.52000000e+02 1.30000000e+02
 1.08000000e+02 9.90000000e+01 9.70000000e+01 5.70000000e+01
 3.60000000e+01 2.70000000e+01 2.00000000e+01 2.10000000e+01
 2.20000000e+01 1.80000000e+01 8.00000000e+00 7.00000000e+00
 5.00000000e+00 3.00000000e+00 4.00000000e+00 1.00000000e+00
 4.00000000e+00 6.00000000e+00 0.00000000e+00 3.00000000e+00
 0.00000000e+00 1.00000000e+00 1.00000000e+00 1.00000000e+00
 0.00000000e+00 0.00000000e+00 0.00000000e+00 1.00000000e+00
 0.00000000e+00 0.00000000e+00 0.00000000e+00 1.00000000e+00]
