Standard Deviation: 4.886261595804453e-05
Skewness: 1.6657592865913933
Kurtosis: 3.149328872039555
Median: 2.4586356045946704e-05
Mean: 4.51708767762637e-05
Deciles: [9.78314778e-06 6.53564558e-05]
Minimum: 1e-12
Maximum: 0.0010374268165349886
Bin Edges: [1.00000000e-12 1.03742692e-05 2.07485373e-05 3.11228055e-05
 4.14970736e-05 5.18713418e-05 6.22456099e-05 7.26198781e-05
 8.29941462e-05 9.33684144e-05 1.03742683e-04 1.14116951e-04
 1.24491219e-04 1.34865487e-04 1.45239755e-04 1.55614023e-04
 1.65988291e-04 1.76362560e-04 1.86736828e-04 1.97111096e-04
 2.07485364e-04 2.17859632e-04 2.28233900e-04 2.38608169e-04
 2.48982437e-04 2.59356705e-04 2.69730973e-04 2.80105241e-04
 2.90479509e-04 3.00853778e-04 3.11228046e-04 3.21602314e-04
 3.31976582e-04 3.42350850e-04 3.52725118e-04 3.63099386e-04
 3.73473655e-04 3.83847923e-04 3.94222191e-04 4.04596459e-04
 4.14970727e-04 4.25344995e-04 4.35719264e-04 4.46093532e-04
 4.56467800e-04 4.66842068e-04 4.77216336e-04 4.87590604e-04
 4.97964872e-04 5.08339141e-04 5.18713409e-04 5.29087677e-04
 5.39461945e-04 5.49836213e-04 5.60210481e-04 5.70584750e-04
 5.80959018e-04 5.91333286e-04 6.01707554e-04 6.12081822e-04
 6.22456090e-04 6.32830358e-04 6.43204627e-04 6.53578895e-04
 6.63953163e-04 6.74327431e-04 6.84701699e-04 6.95075967e-04
 7.05450236e-04 7.15824504e-04 7.26198772e-04 7.36573040e-04
 7.46947308e-04 7.57321576e-04 7.67695844e-04 7.78070113e-04
 7.88444381e-04 7.98818649e-04 8.09192917e-04 8.19567185e-04
 8.29941453e-04 8.40315722e-04 8.50689990e-04 8.61064258e-04
 8.71438526e-04 8.81812794e-04 8.92187062e-04 9.02561331e-04
 9.12935599e-04 9.23309867e-04 9.33684135e-04 9.44058403e-04
 9.54432671e-04 9.64806939e-04 9.75181208e-04 9.85555476e-04
 9.95929744e-04 1.00630401e-03 1.01667828e-03 1.02705255e-03
 1.03742682e-03]
Frequencies: [1.20378950e+09 8.55715732e+08 4.97714668e+08 3.37053226e+08
 2.53620860e+08 2.03874863e+08 1.70567609e+08 1.46927868e+08
 1.29816782e+08 1.17120550e+08 1.07140876e+08 9.82101540e+07
 8.87340570e+07 7.76441560e+07 6.51435280e+07 5.19941520e+07
 3.94380350e+07 2.84592470e+07 1.98091200e+07 1.34634980e+07
 9.11992300e+06 6.29116600e+06 4.44883100e+06 3.26214500e+06
 2.46765400e+06 1.90895200e+06 1.50142000e+06 1.19768800e+06
 9.55871000e+05 7.65246000e+05 6.12030000e+05 4.92780000e+05
 3.92617000e+05 3.13873000e+05 2.50595000e+05 2.00308000e+05
 1.58213000e+05 1.24750000e+05 9.78910000e+04 7.72470000e+04
 5.93540000e+04 4.69870000e+04 3.58970000e+04 2.79470000e+04
 2.20320000e+04 1.75800000e+04 1.37120000e+04 1.11590000e+04
 9.23300000e+03 7.66400000e+03 6.74000000e+03 5.92700000e+03
 5.06700000e+03 4.60600000e+03 4.00800000e+03 3.54600000e+03
 3.07800000e+03 2.83600000e+03 2.38100000e+03 2.25000000e+03
 2.00200000e+03 1.78900000e+03 1.49900000e+03 1.16900000e+03
 9.95000000e+02 8.71000000e+02 8.19000000e+02 7.45000000e+02
 6.85000000e+02 5.93000000e+02 4.73000000e+02 4.00000000e+02
 3.33000000e+02 2.88000000e+02 2.29000000e+02 1.78000000e+02
 1.48000000e+02 1.15000000e+02 1.13000000e+02 8.90000000e+01
 8.30000000e+01 8.20000000e+01 7.00000000e+01 4.80000000e+01
 4.20000000e+01 3.70000000e+01 4.90000000e+01 4.70000000e+01
 4.40000000e+01 4.60000000e+01 3.90000000e+01 4.20000000e+01
 2.50000000e+01 3.50000000e+01 2.40000000e+01 1.40000000e+01
 1.70000000e+01 1.20000000e+01 1.60000000e+01 6.00000000e+00]
