Standard Deviation: 16.67369384811704
Skewness: 1.2603141331904235
Kurtosis: 2.601568797377512
Median: 0.8819226356412695
Mean: 3.2493018906249516
Deciles: [-6.75624679  9.77075855]
Minimum: -64.05770515469861
Maximum: 100.33532066700374
Bin Edges: [-6.40577052e+01 -6.24137749e+01 -6.07698446e+01 -5.91259144e+01
 -5.74819841e+01 -5.58380539e+01 -5.41941236e+01 -5.25501933e+01
 -5.09062631e+01 -4.92623328e+01 -4.76184026e+01 -4.59744723e+01
 -4.43305421e+01 -4.26866118e+01 -4.10426815e+01 -3.93987513e+01
 -3.77548210e+01 -3.61108908e+01 -3.44669605e+01 -3.28230302e+01
 -3.11791000e+01 -2.95351697e+01 -2.78912395e+01 -2.62473092e+01
 -2.46033790e+01 -2.29594487e+01 -2.13155184e+01 -1.96715882e+01
 -1.80276579e+01 -1.63837277e+01 -1.47397974e+01 -1.30958671e+01
 -1.14519369e+01 -9.80800663e+00 -8.16407638e+00 -6.52014612e+00
 -4.87621586e+00 -3.23228560e+00 -1.58835534e+00  5.55749158e-02
  1.69950517e+00  3.34343543e+00  4.98736569e+00  6.63129595e+00
  8.27522621e+00  9.91915647e+00  1.15630867e+01  1.32070170e+01
  1.48509472e+01  1.64948775e+01  1.81388078e+01  1.97827380e+01
  2.14266683e+01  2.30705985e+01  2.47145288e+01  2.63584590e+01
  2.80023893e+01  2.96463196e+01  3.12902498e+01  3.29341801e+01
  3.45781103e+01  3.62220406e+01  3.78659709e+01  3.95099011e+01
  4.11538314e+01  4.27977616e+01  4.44416919e+01  4.60856221e+01
  4.77295524e+01  4.93734827e+01  5.10174129e+01  5.26613432e+01
  5.43052734e+01  5.59492037e+01  5.75931340e+01  5.92370642e+01
  6.08809945e+01  6.25249247e+01  6.41688550e+01  6.58127852e+01
  6.74567155e+01  6.91006458e+01  7.07445760e+01  7.23885063e+01
  7.40324365e+01  7.56763668e+01  7.73202971e+01  7.89642273e+01
  8.06081576e+01  8.22520878e+01  8.38960181e+01  8.55399483e+01
  8.71838786e+01  8.88278089e+01  9.04717391e+01  9.21156694e+01
  9.37595996e+01  9.54035299e+01  9.70474602e+01  9.86913904e+01
  1.00335321e+02]
Frequencies: [7.80000000e+01 1.79000000e+02 5.10000000e+02 1.02100000e+03
 1.68200000e+03 2.93700000e+03 5.35900000e+03 8.57600000e+03
 1.03740000e+04 1.06700000e+04 1.29610000e+04 1.61250000e+04
 2.08130000e+04 2.62300000e+04 3.23160000e+04 4.18240000e+04
 5.72710000e+04 9.73450000e+04 2.62682000e+05 8.71652000e+05
 2.77639700e+06 7.60634300e+06 1.68582380e+07 3.04133080e+07
 4.55401750e+07 5.87517690e+07 6.90158990e+07 7.67776600e+07
 8.33649910e+07 9.06341560e+07 1.00711276e+08 1.14623381e+08
 1.32333331e+08 1.53767068e+08 1.77799928e+08 2.05571326e+08
 2.35887699e+08 2.60648403e+08 2.71086541e+08 2.65622140e+08
 2.49727279e+08 2.27512040e+08 2.03622039e+08 1.79822362e+08
 1.57220141e+08 1.36107903e+08 1.16501141e+08 9.85184580e+07
 8.28735950e+07 6.99532760e+07 5.95137160e+07 5.09525250e+07
 4.39437320e+07 3.84424150e+07 3.42206900e+07 3.09222480e+07
 2.82248710e+07 2.60829500e+07 2.41739160e+07 2.25457480e+07
 2.10646750e+07 1.96302820e+07 1.83273460e+07 1.71668700e+07
 1.61458690e+07 1.51830550e+07 1.42821420e+07 1.34269640e+07
 1.26290080e+07 1.17840300e+07 1.09657590e+07 1.01860490e+07
 9.47434900e+06 8.78516000e+06 8.09693800e+06 7.39770900e+06
 6.72288900e+06 6.03628900e+06 5.38198800e+06 4.75029500e+06
 4.15717000e+06 3.60308000e+06 3.07757100e+06 2.57122800e+06
 2.09622700e+06 1.66072500e+06 1.29329500e+06 9.84418000e+05
 7.17691000e+05 5.12403000e+05 3.56491000e+05 2.32321000e+05
 1.49515000e+05 8.99300000e+04 4.82350000e+04 2.39960000e+04
 1.21480000e+04 5.33300000e+03 2.36400000e+03 5.14000000e+02]
