Standard Deviation: 6.265597635712091
Skewness: -0.011892133890875688
Kurtosis: 2.2573240880477066
Median: 0.08169557521338841
Mean: 0.06810603291954602
Deciles: [-3.32077565  3.48106242]
Minimum: -60.75191750367816
Maximum: 67.19010489308722
Bin Edges: [-60.7519175  -59.47249728 -58.19307706 -56.91365683 -55.63423661
 -54.35481638 -53.07539616 -51.79597594 -50.51655571 -49.23713549
 -47.95771526 -46.67829504 -45.39887482 -44.11945459 -42.84003437
 -41.56061414 -40.28119392 -39.0017737  -37.72235347 -36.44293325
 -35.16351302 -33.8840928  -32.60467258 -31.32525235 -30.04583213
 -28.7664119  -27.48699168 -26.20757146 -24.92815123 -23.64873101
 -22.36931078 -21.08989056 -19.81047034 -18.53105011 -17.25162989
 -15.97220966 -14.69278944 -13.41336922 -12.13394899 -10.85452877
  -9.57510854  -8.29568832  -7.0162681   -5.73684787  -4.45742765
  -3.17800743  -1.8985872   -0.61916698   0.66025325   1.93967347
   3.21909369   4.49851392   5.77793414   7.05735437   8.33677459
   9.61619481  10.89561504  12.17503526  13.45445549  14.73387571
  16.01329593  17.29271616  18.57213638  19.85155661  21.13097683
  22.41039705  23.68981728  24.9692375   26.24865773  27.52807795
  28.80749817  30.0869184   31.36633862  32.64575885  33.92517907
  35.20459929  36.48401952  37.76343974  39.04285997  40.32228019
  41.60170041  42.88112064  44.16054086  45.43996109  46.71938131
  47.99880153  49.27822176  50.55764198  51.83706221  53.11648243
  54.39590265  55.67532288  56.9547431   58.23416333  59.51358355
  60.79300377  62.072424    63.35184422  64.63126445  65.91068467
  67.19010489]
Frequencies: [2.40000000e+01 7.10000000e+01 1.14000000e+02 2.54000000e+02
 3.94000000e+02 6.20000000e+02 9.79000000e+02 1.53900000e+03
 2.48000000e+03 3.89500000e+03 6.10200000e+03 8.68600000e+03
 1.26790000e+04 1.77000000e+04 2.47810000e+04 3.37840000e+04
 4.74020000e+04 6.57890000e+04 9.13240000e+04 1.28089000e+05
 1.75174000e+05 2.41204000e+05 3.34458000e+05 4.63076000e+05
 6.37658000e+05 8.83557000e+05 1.22269900e+06 1.68316000e+06
 2.31401600e+06 3.18221200e+06 4.35958100e+06 5.97276600e+06
 8.14257600e+06 1.10504250e+07 1.49890970e+07 2.03319190e+07
 2.75014120e+07 3.71452580e+07 5.02412140e+07 6.79466680e+07
 9.18865760e+07 1.24394244e+08 1.68555739e+08 2.27320911e+08
 3.01599308e+08 3.83941245e+08 4.51457828e+08 4.78882765e+08
 4.55802530e+08 3.92309123e+08 3.11608348e+08 2.35611124e+08
 1.73969898e+08 1.27984916e+08 9.43815080e+07 6.97492490e+07
 5.15440050e+07 3.80291950e+07 2.79720850e+07 2.04647940e+07
 1.48904640e+07 1.07567390e+07 7.77987500e+06 5.63022900e+06
 4.08434500e+06 2.97117000e+06 2.17065500e+06 1.58943000e+06
 1.16415700e+06 8.57123000e+05 6.36815000e+05 4.71949000e+05
 3.51000000e+05 2.66611000e+05 2.02391000e+05 1.53458000e+05
 1.16788000e+05 8.95890000e+04 6.84610000e+04 5.15000000e+04
 3.97260000e+04 2.97450000e+04 2.21940000e+04 1.65000000e+04
 1.24460000e+04 9.11600000e+03 6.47700000e+03 4.62000000e+03
 3.21200000e+03 2.28500000e+03 1.63300000e+03 1.03400000e+03
 6.53000000e+02 4.72000000e+02 3.45000000e+02 2.41000000e+02
 1.61000000e+02 1.00000000e+02 3.80000000e+01 2.60000000e+01]
