Standard Deviation: 0.00028667519690360097
Skewness: 1.8545055877563454
Kurtosis: 3.1923124699538707
Median: 0.00011490769057180921
Mean: 0.0002357823582494102
Deciles: [4.34181820e-05 3.09652184e-04]
Minimum: 1e-12
Maximum: 0.004006585758547176
Bin Edges: [1.00000000e-12 4.00658586e-05 8.01317162e-05 1.20197574e-04
 1.60263431e-04 2.00329289e-04 2.40395146e-04 2.80461004e-04
 3.20526862e-04 3.60592719e-04 4.00658577e-04 4.40724434e-04
 4.80790292e-04 5.20856149e-04 5.60922007e-04 6.00987865e-04
 6.41053722e-04 6.81119580e-04 7.21185437e-04 7.61251295e-04
 8.01317153e-04 8.41383010e-04 8.81448868e-04 9.21514725e-04
 9.61580583e-04 1.00164644e-03 1.04171230e-03 1.08177816e-03
 1.12184401e-03 1.16190987e-03 1.20197573e-03 1.24204159e-03
 1.28210744e-03 1.32217330e-03 1.36223916e-03 1.40230502e-03
 1.44237087e-03 1.48243673e-03 1.52250259e-03 1.56256845e-03
 1.60263430e-03 1.64270016e-03 1.68276602e-03 1.72283188e-03
 1.76289773e-03 1.80296359e-03 1.84302945e-03 1.88309531e-03
 1.92316116e-03 1.96322702e-03 2.00329288e-03 2.04335874e-03
 2.08342459e-03 2.12349045e-03 2.16355631e-03 2.20362217e-03
 2.24368803e-03 2.28375388e-03 2.32381974e-03 2.36388560e-03
 2.40395146e-03 2.44401731e-03 2.48408317e-03 2.52414903e-03
 2.56421489e-03 2.60428074e-03 2.64434660e-03 2.68441246e-03
 2.72447832e-03 2.76454417e-03 2.80461003e-03 2.84467589e-03
 2.88474175e-03 2.92480760e-03 2.96487346e-03 3.00493932e-03
 3.04500518e-03 3.08507103e-03 3.12513689e-03 3.16520275e-03
 3.20526861e-03 3.24533446e-03 3.28540032e-03 3.32546618e-03
 3.36553204e-03 3.40559789e-03 3.44566375e-03 3.48572961e-03
 3.52579547e-03 3.56586133e-03 3.60592718e-03 3.64599304e-03
 3.68605890e-03 3.72612476e-03 3.76619061e-03 3.80625647e-03
 3.84632233e-03 3.88638819e-03 3.92645404e-03 3.96651990e-03
 4.00658576e-03]
Frequencies: [1.05676308e+09 7.64479137e+08 5.05597283e+08 3.52648443e+08
 2.60963612e+08 2.02409360e+08 1.62709704e+08 1.34503347e+08
 1.13659828e+08 9.77721560e+07 8.54713780e+07 7.55810800e+07
 6.75201300e+07 6.09449390e+07 5.54475600e+07 5.08931820e+07
 4.71021910e+07 4.39622990e+07 4.13014850e+07 3.90711580e+07
 3.70792820e+07 3.53693990e+07 3.37864710e+07 3.21667070e+07
 3.02992240e+07 2.80390740e+07 2.52453640e+07 2.19877090e+07
 1.84031960e+07 1.48072870e+07 1.14648040e+07 8.57315200e+06
 6.24974100e+06 4.50702900e+06 3.27577000e+06 2.43259900e+06
 1.84674900e+06 1.43667800e+06 1.12265800e+06 8.85872000e+05
 7.00253000e+05 5.55655000e+05 4.42076000e+05 3.54078000e+05
 2.82699000e+05 2.26007000e+05 1.78025000e+05 1.38715000e+05
 1.08608000e+05 8.54520000e+04 6.65340000e+04 5.28910000e+04
 4.10220000e+04 3.19160000e+04 2.45800000e+04 1.92700000e+04
 1.51950000e+04 1.21340000e+04 1.01630000e+04 8.61100000e+03
 7.13800000e+03 5.85300000e+03 4.92000000e+03 4.44400000e+03
 3.78200000e+03 3.38500000e+03 2.68900000e+03 2.46900000e+03
 2.22100000e+03 2.01000000e+03 1.79000000e+03 1.58600000e+03
 1.26800000e+03 9.69000000e+02 9.22000000e+02 7.70000000e+02
 6.11000000e+02 5.73000000e+02 4.63000000e+02 4.06000000e+02
 3.15000000e+02 2.49000000e+02 2.32000000e+02 1.62000000e+02
 1.40000000e+02 1.09000000e+02 1.03000000e+02 7.40000000e+01
 4.60000000e+01 4.50000000e+01 3.60000000e+01 4.50000000e+01
 4.50000000e+01 3.60000000e+01 3.30000000e+01 2.60000000e+01
 1.40000000e+01 6.00000000e+00 8.00000000e+00 5.00000000e+00]
