Standard Deviation: 12.41672921516133
Skewness: 0.7060320579169436
Kurtosis: 1.6552076442961372
Median: 240.70867361559067
Mean: 241.60870572111529
Deciles: [234.54688659 247.03365908]
Minimum: 169.40917415645146
Maximum: 321.00601639331126
Bin Edges: [169.40917416 170.92514258 172.441111   173.95707942 175.47304785
 176.98901627 178.50498469 180.02095311 181.53692154 183.05288996
 184.56885838 186.0848268  187.60079522 189.11676365 190.63273207
 192.14870049 193.66466891 195.18063734 196.69660576 198.21257418
 199.7285426  201.24451103 202.76047945 204.27644787 205.79241629
 207.30838472 208.82435314 210.34032156 211.85628998 213.37225841
 214.88822683 216.40419525 217.92016367 219.43613209 220.95210052
 222.46806894 223.98403736 225.50000578 227.01597421 228.53194263
 230.04791105 231.56387947 233.0798479  234.59581632 236.11178474
 237.62775316 239.14372159 240.65969001 242.17565843 243.69162685
 245.20759527 246.7235637  248.23953212 249.75550054 251.27146896
 252.78743739 254.30340581 255.81937423 257.33534265 258.85131108
 260.3672795  261.88324792 263.39921634 264.91518477 266.43115319
 267.94712161 269.46309003 270.97905846 272.49502688 274.0109953
 275.52696372 277.04293214 278.55890057 280.07486899 281.59083741
 283.10680583 284.62277426 286.13874268 287.6547111  289.17067952
 290.68664795 292.20261637 293.71858479 295.23455321 296.75052164
 298.26649006 299.78245848 301.2984269  302.81439532 304.33036375
 305.84633217 307.36230059 308.87826901 310.39423744 311.91020586
 313.42617428 314.9421427  316.45811113 317.97407955 319.49004797
 321.00601639]
Frequencies: [1.40000000e+01 1.90000000e+01 3.50000000e+01 4.00000000e+01
 6.90000000e+01 3.25000000e+02 1.54600000e+03 3.68400000e+03
 5.76000000e+03 9.30000000e+03 1.27440000e+04 1.77110000e+04
 2.66850000e+04 4.05720000e+04 5.89890000e+04 8.67790000e+04
 1.27554000e+05 1.86693000e+05 2.70432000e+05 3.80345000e+05
 5.32714000e+05 7.71118000e+05 1.12476100e+06 1.62973500e+06
 2.37651500e+06 3.47756400e+06 5.05938500e+06 7.24231300e+06
 1.01645160e+07 1.39982840e+07 1.89853980e+07 2.52640370e+07
 3.27508750e+07 4.13430420e+07 5.11331180e+07 6.16972110e+07
 7.28795790e+07 8.48988550e+07 9.78790400e+07 1.13703786e+08
 1.34815468e+08 1.62599378e+08 1.96663350e+08 2.34214209e+08
 2.70372546e+08 2.98955814e+08 3.14589361e+08 3.13398770e+08
 2.96164189e+08 2.65953478e+08 2.28241341e+08 1.88651707e+08
 1.51537107e+08 1.19663651e+08 9.42654230e+07 7.52120740e+07
 6.16676110e+07 5.21180280e+07 4.53822260e+07 4.04987320e+07
 3.68466110e+07 3.39016360e+07 3.13536120e+07 2.90848760e+07
 2.69786090e+07 2.49342090e+07 2.29524350e+07 2.10193670e+07
 1.90783070e+07 1.71591990e+07 1.52534870e+07 1.33765890e+07
 1.15618700e+07 9.82167500e+06 8.17950400e+06 6.66915100e+06
 5.30571900e+06 4.14384400e+06 3.15488500e+06 2.32309800e+06
 1.66366900e+06 1.16467400e+06 7.95644000e+05 5.25156000e+05
 3.34325000e+05 2.08816000e+05 1.26065000e+05 7.29680000e+04
 4.06560000e+04 2.16760000e+04 1.16280000e+04 6.19200000e+03
 3.48200000e+03 2.22500000e+03 1.27300000e+03 6.55000000e+02
 3.23000000e+02 1.83000000e+02 8.00000000e+01 2.20000000e+01]
