Standard Deviation: 0.0003845524216913256
Skewness: 1.8662526499734318
Kurtosis: 3.2047647559780597
Median: 0.00015109962085831932
Mean: 0.0003144876732652684
Deciles: [5.82556045e-05 4.12280581e-04]
Minimum: 1e-12
Maximum: 0.0049212359832416655
Bin Edges: [1.00000000e-12 4.92123608e-05 9.84247206e-05 1.47637080e-04
 1.96849440e-04 2.46061800e-04 2.95274160e-04 3.44486520e-04
 3.93698880e-04 4.42911239e-04 4.92123599e-04 5.41335959e-04
 5.90548319e-04 6.39760679e-04 6.88973039e-04 7.38185398e-04
 7.87397758e-04 8.36610118e-04 8.85822478e-04 9.35034838e-04
 9.84247197e-04 1.03345956e-03 1.08267192e-03 1.13188428e-03
 1.18109664e-03 1.23030900e-03 1.27952136e-03 1.32873372e-03
 1.37794608e-03 1.42715844e-03 1.47637080e-03 1.52558316e-03
 1.57479552e-03 1.62400788e-03 1.67322023e-03 1.72243259e-03
 1.77164495e-03 1.82085731e-03 1.87006967e-03 1.91928203e-03
 1.96849439e-03 2.01770675e-03 2.06691911e-03 2.11613147e-03
 2.16534383e-03 2.21455619e-03 2.26376855e-03 2.31298091e-03
 2.36219327e-03 2.41140563e-03 2.46061799e-03 2.50983035e-03
 2.55904271e-03 2.60825507e-03 2.65746743e-03 2.70667979e-03
 2.75589215e-03 2.80510451e-03 2.85431687e-03 2.90352923e-03
 2.95274159e-03 3.00195395e-03 3.05116631e-03 3.10037867e-03
 3.14959103e-03 3.19880339e-03 3.24801575e-03 3.29722811e-03
 3.34644047e-03 3.39565283e-03 3.44486519e-03 3.49407755e-03
 3.54328991e-03 3.59250227e-03 3.64171463e-03 3.69092699e-03
 3.74013935e-03 3.78935171e-03 3.83856407e-03 3.88777643e-03
 3.93698879e-03 3.98620115e-03 4.03541351e-03 4.08462587e-03
 4.13383823e-03 4.18305059e-03 4.23226295e-03 4.28147531e-03
 4.33068767e-03 4.37990003e-03 4.42911239e-03 4.47832474e-03
 4.52753710e-03 4.57674946e-03 4.62596182e-03 4.67517418e-03
 4.72438654e-03 4.77359890e-03 4.82281126e-03 4.87202362e-03
 4.92123598e-03]
Frequencies: [9.70357093e+08 7.65005219e+08 5.06451972e+08 3.50955381e+08
 2.60747637e+08 2.03929807e+08 1.65026926e+08 1.37275632e+08
 1.16524376e+08 1.00508168e+08 8.79512380e+07 7.77454000e+07
 6.95310850e+07 6.26727260e+07 5.68882220e+07 5.20359260e+07
 4.78717030e+07 4.43016250e+07 4.12604920e+07 3.86762130e+07
 3.64189920e+07 3.44491790e+07 3.27221900e+07 3.12140370e+07
 2.98516730e+07 2.85384590e+07 2.71965810e+07 2.57128280e+07
 2.39438940e+07 2.17811880e+07 1.92751350e+07 1.64841940e+07
 1.35682960e+07 1.08081040e+07 8.30662500e+06 6.22250900e+06
 4.55126500e+06 3.30517600e+06 2.40272700e+06 1.79600100e+06
 1.39520200e+06 1.10338200e+06 8.76891000e+05 7.00047000e+05
 5.60346000e+05 4.49932000e+05 3.63394000e+05 2.94041000e+05
 2.37157000e+05 1.89349000e+05 1.51807000e+05 1.20009000e+05
 9.57830000e+04 7.50680000e+04 6.00910000e+04 4.82500000e+04
 3.82920000e+04 3.01500000e+04 2.32510000e+04 1.76740000e+04
 1.44070000e+04 1.15360000e+04 9.45400000e+03 8.06100000e+03
 6.40500000e+03 5.69100000e+03 4.86400000e+03 4.12700000e+03
 3.42100000e+03 2.86600000e+03 2.57900000e+03 2.32500000e+03
 2.09200000e+03 1.66800000e+03 1.48900000e+03 1.21900000e+03
 9.94000000e+02 8.07000000e+02 7.28000000e+02 6.00000000e+02
 5.14000000e+02 4.22000000e+02 3.54000000e+02 2.74000000e+02
 2.27000000e+02 1.60000000e+02 1.36000000e+02 1.31000000e+02
 9.10000000e+01 5.60000000e+01 2.60000000e+01 5.30000000e+01
 5.90000000e+01 4.70000000e+01 3.50000000e+01 3.40000000e+01
 1.20000000e+01 1.90000000e+01 3.00000000e+00 4.00000000e+00]
