Standard Deviation: 2.8453327677214125e-05
Skewness: 5.314158236833477
Kurtosis: 36.32381163257732
Median: 0.0
Mean: 8.24824705958059e-06
Deciles: [0.00000000e+00 1.26217745e-28]
Minimum: 0.0
Maximum: 0.0009534010990863464
Bin Edges: [0.00000000e+00 9.53401099e-06 1.90680220e-05 2.86020330e-05
 3.81360440e-05 4.76700550e-05 5.72040659e-05 6.67380769e-05
 7.62720879e-05 8.58060989e-05 9.53401099e-05 1.04874121e-04
 1.14408132e-04 1.23942143e-04 1.33476154e-04 1.43010165e-04
 1.52544176e-04 1.62078187e-04 1.71612198e-04 1.81146209e-04
 1.90680220e-04 2.00214231e-04 2.09748242e-04 2.19282253e-04
 2.28816264e-04 2.38350275e-04 2.47884286e-04 2.57418297e-04
 2.66952308e-04 2.76486319e-04 2.86020330e-04 2.95554341e-04
 3.05088352e-04 3.14622363e-04 3.24156374e-04 3.33690385e-04
 3.43224396e-04 3.52758407e-04 3.62292418e-04 3.71826429e-04
 3.81360440e-04 3.90894451e-04 4.00428462e-04 4.09962473e-04
 4.19496484e-04 4.29030495e-04 4.38564506e-04 4.48098517e-04
 4.57632528e-04 4.67166539e-04 4.76700550e-04 4.86234561e-04
 4.95768572e-04 5.05302583e-04 5.14836594e-04 5.24370604e-04
 5.33904615e-04 5.43438626e-04 5.52972637e-04 5.62506648e-04
 5.72040659e-04 5.81574670e-04 5.91108681e-04 6.00642692e-04
 6.10176703e-04 6.19710714e-04 6.29244725e-04 6.38778736e-04
 6.48312747e-04 6.57846758e-04 6.67380769e-04 6.76914780e-04
 6.86448791e-04 6.95982802e-04 7.05516813e-04 7.15050824e-04
 7.24584835e-04 7.34118846e-04 7.43652857e-04 7.53186868e-04
 7.62720879e-04 7.72254890e-04 7.81788901e-04 7.91322912e-04
 8.00856923e-04 8.10390934e-04 8.19924945e-04 8.29458956e-04
 8.38992967e-04 8.48526978e-04 8.58060989e-04 8.67595000e-04
 8.77129011e-04 8.86663022e-04 8.96197033e-04 9.05731044e-04
 9.15265055e-04 9.24799066e-04 9.34333077e-04 9.43867088e-04
 9.53401099e-04]
Frequencies: [3.92906529e+09 1.34534635e+08 9.25269750e+07 6.88912130e+07
 5.32909610e+07 4.21451660e+07 3.38012570e+07 2.74874340e+07
 2.28120980e+07 1.93332380e+07 1.67133960e+07 1.46253160e+07
 1.28343680e+07 1.11982980e+07 9.67201600e+06 8.27509000e+06
 7.03381200e+06 5.95118900e+06 5.02865700e+06 4.24028400e+06
 3.58027300e+06 3.01541100e+06 2.53332200e+06 2.13087500e+06
 1.78748200e+06 1.50192000e+06 1.25230700e+06 1.04649500e+06
 8.69194000e+05 7.23260000e+05 5.98573000e+05 4.94614000e+05
 4.05846000e+05 3.31325000e+05 2.72503000e+05 2.21023000e+05
 1.79456000e+05 1.46023000e+05 1.18220000e+05 9.59630000e+04
 7.73230000e+04 6.32580000e+04 5.12690000e+04 4.15320000e+04
 3.39510000e+04 2.75180000e+04 2.26270000e+04 1.84490000e+04
 1.47130000e+04 1.23380000e+04 1.00740000e+04 8.16600000e+03
 6.89400000e+03 5.60800000e+03 4.55900000e+03 3.78700000e+03
 3.23900000e+03 2.50700000e+03 2.05600000e+03 1.67500000e+03
 1.46400000e+03 1.22600000e+03 9.50000000e+02 7.66000000e+02
 6.93000000e+02 5.20000000e+02 4.27000000e+02 3.46000000e+02
 2.70000000e+02 2.13000000e+02 1.57000000e+02 1.38000000e+02
 1.23000000e+02 7.90000000e+01 7.10000000e+01 7.00000000e+01
 3.90000000e+01 3.60000000e+01 2.50000000e+01 2.10000000e+01
 1.10000000e+01 6.00000000e+00 1.00000000e+01 2.00000000e+00
 3.00000000e+00 4.00000000e+00 2.00000000e+00 1.00000000e+00
 0.00000000e+00 1.00000000e+00 1.00000000e+00 0.00000000e+00
 1.00000000e+00 2.00000000e+00 0.00000000e+00 0.00000000e+00
 0.00000000e+00 0.00000000e+00 0.00000000e+00 1.00000000e+00]
