Standard Deviation: 3.261629190865594e-05
Skewness: 5.2036060030198055
Kurtosis: 36.11489701829868
Median: 0.0
Mean: 9.675681230664244e-06
Deciles: [0.00000000e+00 2.58493941e-25]
Minimum: 0.0
Maximum: 0.0014464306466923718
Bin Edges: [0.00000000e+00 1.44643065e-05 2.89286129e-05 4.33929194e-05
 5.78572259e-05 7.23215323e-05 8.67858388e-05 1.01250145e-04
 1.15714452e-04 1.30178758e-04 1.44643065e-04 1.59107371e-04
 1.73571678e-04 1.88035984e-04 2.02500291e-04 2.16964597e-04
 2.31428903e-04 2.45893210e-04 2.60357516e-04 2.74821823e-04
 2.89286129e-04 3.03750436e-04 3.18214742e-04 3.32679049e-04
 3.47143355e-04 3.61607662e-04 3.76071968e-04 3.90536275e-04
 4.05000581e-04 4.19464888e-04 4.33929194e-04 4.48393500e-04
 4.62857807e-04 4.77322113e-04 4.91786420e-04 5.06250726e-04
 5.20715033e-04 5.35179339e-04 5.49643646e-04 5.64107952e-04
 5.78572259e-04 5.93036565e-04 6.07500872e-04 6.21965178e-04
 6.36429485e-04 6.50893791e-04 6.65358097e-04 6.79822404e-04
 6.94286710e-04 7.08751017e-04 7.23215323e-04 7.37679630e-04
 7.52143936e-04 7.66608243e-04 7.81072549e-04 7.95536856e-04
 8.10001162e-04 8.24465469e-04 8.38929775e-04 8.53394082e-04
 8.67858388e-04 8.82322694e-04 8.96787001e-04 9.11251307e-04
 9.25715614e-04 9.40179920e-04 9.54644227e-04 9.69108533e-04
 9.83572840e-04 9.98037146e-04 1.01250145e-03 1.02696576e-03
 1.04143007e-03 1.05589437e-03 1.07035868e-03 1.08482299e-03
 1.09928729e-03 1.11375160e-03 1.12821590e-03 1.14268021e-03
 1.15714452e-03 1.17160882e-03 1.18607313e-03 1.20053744e-03
 1.21500174e-03 1.22946605e-03 1.24393036e-03 1.25839466e-03
 1.27285897e-03 1.28732328e-03 1.30178758e-03 1.31625189e-03
 1.33071619e-03 1.34518050e-03 1.35964481e-03 1.37410911e-03
 1.38857342e-03 1.40303773e-03 1.41750203e-03 1.43196634e-03
 1.44643065e-03]
Frequencies: [3.97708151e+09 1.33276303e+08 9.13139150e+07 6.92389860e+07
 5.44386190e+07 4.36737330e+07 3.54904000e+07 2.89644430e+07
 2.34548890e+07 1.86644100e+07 1.45130530e+07 1.11230320e+07
 8.49230500e+06 6.53553600e+06 5.08536300e+06 4.00439000e+06
 3.18064900e+06 2.54176300e+06 2.03619900e+06 1.63771300e+06
 1.31399200e+06 1.05520300e+06 8.47002000e+05 6.74975000e+05
 5.38644000e+05 4.28635000e+05 3.41121000e+05 2.70370000e+05
 2.12637000e+05 1.67345000e+05 1.31168000e+05 1.02899000e+05
 8.01960000e+04 6.22120000e+04 4.83890000e+04 3.70640000e+04
 2.90730000e+04 2.21960000e+04 1.69930000e+04 1.32560000e+04
 1.02440000e+04 7.84300000e+03 5.97100000e+03 4.67300000e+03
 3.55800000e+03 2.57100000e+03 2.06400000e+03 1.58400000e+03
 1.18400000e+03 9.02000000e+02 7.16000000e+02 5.43000000e+02
 4.66000000e+02 3.24000000e+02 2.02000000e+02 1.53000000e+02
 1.12000000e+02 1.00000000e+02 6.20000000e+01 4.70000000e+01
 1.20000000e+01 2.10000000e+01 1.20000000e+01 1.20000000e+01
 1.10000000e+01 7.00000000e+00 6.00000000e+00 4.00000000e+00
 2.00000000e+00 1.00000000e+00 2.00000000e+00 2.00000000e+00
 3.00000000e+00 1.00000000e+00 1.00000000e+00 1.00000000e+00
 0.00000000e+00 2.00000000e+00 1.00000000e+00 0.00000000e+00
 0.00000000e+00 0.00000000e+00 0.00000000e+00 1.00000000e+00
 0.00000000e+00 0.00000000e+00 0.00000000e+00 0.00000000e+00
 0.00000000e+00 1.00000000e+00 0.00000000e+00 0.00000000e+00
 0.00000000e+00 0.00000000e+00 0.00000000e+00 0.00000000e+00
 0.00000000e+00 0.00000000e+00 0.00000000e+00 1.00000000e+00]
