Standard Deviation: 27.3194587109236
Skewness: 0.8197671852201616
Kurtosis: 0.9696206184257492
Median: -1.4102595487266654
Mean: 2.4636352006482616
Deciles: [-15.42209144  16.02327346]
Minimum: -123.68716341484291
Maximum: 159.47142348920823
Bin Edges: [-123.68716341 -120.85557755 -118.02399168 -115.19240581 -112.36081994
 -109.52923407 -106.6976482  -103.86606233 -101.03447646  -98.20289059
  -95.37130472  -92.53971886  -89.70813299  -86.87654712  -84.04496125
  -81.21337538  -78.38178951  -75.55020364  -72.71861777  -69.8870319
  -67.05544603  -64.22386016  -61.3922743   -58.56068843  -55.72910256
  -52.89751669  -50.06593082  -47.23434495  -44.40275908  -41.57117321
  -38.73958734  -35.90800147  -33.07641561  -30.24482974  -27.41324387
  -24.581658    -21.75007213  -18.91848626  -16.08690039  -13.25531452
  -10.42372865   -7.59214278   -4.76055692   -1.92897105    0.90261482
    3.73420069    6.56578656    9.39737243   12.2289583    15.06054417
   17.89213004   20.72371591   23.55530178   26.38688764   29.21847351
   32.05005938   34.88164525   37.71323112   40.54481699   43.37640286
   46.20798873   49.0395746    51.87116047   54.70274633   57.5343322
   60.36591807   63.19750394   66.02908981   68.86067568   71.69226155
   74.52384742   77.35543329   80.18701916   83.01860503   85.85019089
   88.68177676   91.51336263   94.3449485    97.17653437  100.00812024
  102.83970611  105.67129198  108.50287785  111.33446372  114.16604958
  116.99763545  119.82922132  122.66080719  125.49239306  128.32397893
  131.1555648   133.98715067  136.81873654  139.65032241  142.48190827
  145.31349414  148.14508001  150.97666588  153.80825175  156.63983762
  159.47142349]
Frequencies: [6.60000000e+01 7.40000000e+01 1.60000000e+02 3.05000000e+02
 4.65000000e+02 6.02000000e+02 8.47000000e+02 1.17800000e+03
 1.56800000e+03 2.12400000e+03 2.52400000e+03 3.84400000e+03
 6.40000000e+03 9.23200000e+03 1.47510000e+04 2.31480000e+04
 3.21770000e+04 5.50880000e+04 9.91320000e+04 1.76805000e+05
 3.57866000e+05 8.44499000e+05 2.05409000e+06 4.63860600e+06
 9.27361600e+06 1.54880920e+07 2.22570490e+07 2.93938560e+07
 3.76567980e+07 4.76737470e+07 6.05994560e+07 7.71155970e+07
 9.56251460e+07 1.13347094e+08 1.27504243e+08 1.38612340e+08
 1.49641722e+08 1.62319949e+08 1.80584849e+08 2.06492579e+08
 2.37536953e+08 2.55974121e+08 2.50839639e+08 2.34966101e+08
 2.17505376e+08 1.99328058e+08 1.80002262e+08 1.61005362e+08
 1.42411859e+08 1.25306770e+08 1.10795451e+08 9.84181070e+07
 8.75469900e+07 7.81816040e+07 7.00425980e+07 6.27152120e+07
 5.62299620e+07 5.08752570e+07 4.63899170e+07 4.22622190e+07
 3.86170170e+07 3.54355220e+07 3.26925050e+07 3.01063660e+07
 2.77634540e+07 2.53694280e+07 2.29957250e+07 2.07175330e+07
 1.84771420e+07 1.62507180e+07 1.42179480e+07 1.22756540e+07
 1.04305190e+07 8.84789500e+06 7.46060000e+06 6.18762200e+06
 5.03942700e+06 4.09023600e+06 3.26718300e+06 2.55411000e+06
 1.98018400e+06 1.53467400e+06 1.19083500e+06 9.17585000e+05
 6.97823000e+05 5.29671000e+05 3.92285000e+05 2.88840000e+05
 2.10810000e+05 1.50903000e+05 1.01013000e+05 6.65910000e+04
 3.98440000e+04 2.18150000e+04 1.10280000e+04 5.09900000e+03
 2.04700000e+03 6.38000000e+02 1.71000000e+02 3.80000000e+01]
