Standard Deviation: 20.26816652666208
Skewness: 0.5983226930253452
Kurtosis: 0.21601900455313228
Median: 13.205642627489329
Mean: 15.680481038774946
Deciles: [ 0.60689626 28.35295847]
Minimum: -64.45902556582229
Maximum: 128.94964180443472
Bin Edges: [-64.45902557 -62.52493889 -60.59085222 -58.65676554 -56.72267887
 -54.7885922  -52.85450552 -50.92041885 -48.98633218 -47.0522455
 -45.11815883 -43.18407216 -41.24998548 -39.31589881 -37.38181213
 -35.44772546 -33.51363879 -31.57955211 -29.64546544 -27.71137877
 -25.77729209 -23.84320542 -21.90911874 -19.97503207 -18.0409454
 -16.10685872 -14.17277205 -12.23868538 -10.3045987   -8.37051203
  -6.43642535  -4.50233868  -2.56825201  -0.63416533   1.29992134
   3.23400801   5.16809469   7.10218136   9.03626803  10.97035471
  12.90444138  14.83852806  16.77261473  18.7067014   20.64078808
  22.57487475  24.50896142  26.4430481   28.37713477  30.31122145
  32.24530812  34.17939479  36.11348147  38.04756814  39.98165481
  41.91574149  43.84982816  45.78391484  47.71800151  49.65208818
  51.58617486  53.52026153  55.4543482   57.38843488  59.32252155
  61.25660822  63.1906949   65.12478157  67.05886825  68.99295492
  70.92704159  72.86112827  74.79521494  76.72930161  78.66338829
  80.59747496  82.53156164  84.46564831  86.39973498  88.33382166
  90.26790833  92.201995    94.13608168  96.07016835  98.00425503
  99.9383417  101.87242837 103.80651505 105.74060172 107.67468839
 109.60877507 111.54286174 113.47694841 115.41103509 117.34512176
 119.27920844 121.21329511 123.14738178 125.08146846 127.01555513
 128.9496418 ]
Frequencies: [3.60000000e+01 1.76000000e+02 6.19000000e+02 1.42500000e+03
 3.05800000e+03 5.42800000e+03 1.01990000e+04 1.72930000e+04
 2.74240000e+04 4.49750000e+04 7.24350000e+04 1.15273000e+05
 1.87583000e+05 2.98153000e+05 4.69975000e+05 7.46754000e+05
 1.19613900e+06 1.93061600e+06 3.13548000e+06 5.09329800e+06
 8.20743900e+06 1.29234700e+07 1.97702570e+07 2.91801640e+07
 4.13328910e+07 5.59857460e+07 7.25469530e+07 9.03240140e+07
 1.08146846e+08 1.24856386e+08 1.39362516e+08 1.51243102e+08
 1.60859611e+08 1.68108139e+08 1.73143708e+08 1.76119565e+08
 1.77028549e+08 1.76349760e+08 1.74357490e+08 1.71100801e+08
 1.66849006e+08 1.61920211e+08 1.56219148e+08 1.49849860e+08
 1.42977347e+08 1.35835601e+08 1.28503650e+08 1.20892482e+08
 1.13140545e+08 1.05247308e+08 9.74186140e+07 8.97404390e+07
 8.23042440e+07 7.51200140e+07 6.83505300e+07 6.19368780e+07
 5.58560680e+07 5.01375660e+07 4.47834210e+07 3.98369650e+07
 3.52265410e+07 3.10258090e+07 2.72533540e+07 2.38580830e+07
 2.07565560e+07 1.79635860e+07 1.55170510e+07 1.33067730e+07
 1.13561600e+07 9.63127900e+06 8.11986100e+06 6.81311200e+06
 5.69026000e+06 4.70638300e+06 3.87618600e+06 3.17920400e+06
 2.57044800e+06 2.06159100e+06 1.65252400e+06 1.30451200e+06
 1.02942600e+06 8.00775000e+05 6.18299000e+05 4.74915000e+05
 3.60480000e+05 2.68215000e+05 1.93358000e+05 1.31782000e+05
 8.56060000e+04 5.46180000e+04 3.37450000e+04 2.06910000e+04
 1.20290000e+04 4.71900000e+03 1.46300000e+03 5.36000000e+02
 2.00000000e+02 1.21000000e+02 6.80000000e+01 3.80000000e+01]
