Standard Deviation: 6.11671888408153e-05
Skewness: 4.971862500333281
Kurtosis: 35.166082011872426
Median: 1.5222724505775594e-06
Mean: 2.675497564901787e-05
Deciles: [0.00000000e+00 2.78776259e-05]
Minimum: 0.0
Maximum: 0.001109004087157433
Bin Edges: [0.00000000e+00 1.10900409e-05 2.21800817e-05 3.32701226e-05
 4.43601635e-05 5.54502044e-05 6.65402452e-05 7.76302861e-05
 8.87203270e-05 9.98103678e-05 1.10900409e-04 1.21990450e-04
 1.33080490e-04 1.44170531e-04 1.55260572e-04 1.66350613e-04
 1.77440654e-04 1.88530695e-04 1.99620736e-04 2.10710777e-04
 2.21800817e-04 2.32890858e-04 2.43980899e-04 2.55070940e-04
 2.66160981e-04 2.77251022e-04 2.88341063e-04 2.99431104e-04
 3.10521144e-04 3.21611185e-04 3.32701226e-04 3.43791267e-04
 3.54881308e-04 3.65971349e-04 3.77061390e-04 3.88151431e-04
 3.99241471e-04 4.10331512e-04 4.21421553e-04 4.32511594e-04
 4.43601635e-04 4.54691676e-04 4.65781717e-04 4.76871757e-04
 4.87961798e-04 4.99051839e-04 5.10141880e-04 5.21231921e-04
 5.32321962e-04 5.43412003e-04 5.54502044e-04 5.65592084e-04
 5.76682125e-04 5.87772166e-04 5.98862207e-04 6.09952248e-04
 6.21042289e-04 6.32132330e-04 6.43222371e-04 6.54312411e-04
 6.65402452e-04 6.76492493e-04 6.87582534e-04 6.98672575e-04
 7.09762616e-04 7.20852657e-04 7.31942698e-04 7.43032738e-04
 7.54122779e-04 7.65212820e-04 7.76302861e-04 7.87392902e-04
 7.98482943e-04 8.09572984e-04 8.20663024e-04 8.31753065e-04
 8.42843106e-04 8.53933147e-04 8.65023188e-04 8.76113229e-04
 8.87203270e-04 8.98293311e-04 9.09383351e-04 9.20473392e-04
 9.31563433e-04 9.42653474e-04 9.53743515e-04 9.64833556e-04
 9.75923597e-04 9.87013638e-04 9.98103678e-04 1.00919372e-03
 1.02028376e-03 1.03137380e-03 1.04246384e-03 1.05355388e-03
 1.06464392e-03 1.07573396e-03 1.08682401e-03 1.09791405e-03
 1.10900409e-03]
Frequencies: [2.81350737e+09 4.24202062e+08 3.02677320e+08 2.16353126e+08
 1.56394706e+08 1.15004978e+08 8.61337280e+07 6.57579060e+07
 5.12975560e+07 4.08896330e+07 3.32237970e+07 2.74808370e+07
 2.30874670e+07 1.96284640e+07 1.68782000e+07 1.46391190e+07
 1.27925290e+07 1.12550880e+07 9.95908200e+06 8.85193000e+06
 7.91669300e+06 7.10180000e+06 6.38938900e+06 5.78068500e+06
 5.23573100e+06 4.76201600e+06 4.33665500e+06 3.95972000e+06
 3.62673500e+06 3.32330100e+06 3.04758100e+06 2.80502600e+06
 2.58052600e+06 2.37923200e+06 2.19092400e+06 2.02118500e+06
 1.86355000e+06 1.72338800e+06 1.59011200e+06 1.47121600e+06
 1.36267900e+06 1.25824500e+06 1.16446300e+06 1.07589300e+06
 9.94780000e+05 9.23284000e+05 8.52152000e+05 7.88170000e+05
 7.27431000e+05 6.75790000e+05 6.21910000e+05 5.76972000e+05
 5.32721000e+05 4.91716000e+05 4.54801000e+05 4.20237000e+05
 3.85833000e+05 3.57270000e+05 3.27512000e+05 3.01084000e+05
 2.75470000e+05 2.52537000e+05 2.31611000e+05 2.11106000e+05
 1.91909000e+05 1.74354000e+05 1.58328000e+05 1.43266000e+05
 1.30189000e+05 1.18056000e+05 1.06631000e+05 9.67960000e+04
 8.74420000e+04 7.86970000e+04 7.06990000e+04 6.28130000e+04
 5.60600000e+04 4.97330000e+04 4.39210000e+04 3.86050000e+04
 3.37290000e+04 2.96980000e+04 2.57510000e+04 2.21420000e+04
 1.88200000e+04 1.56080000e+04 1.29020000e+04 1.02030000e+04
 7.97000000e+03 6.07900000e+03 4.22500000e+03 2.72100000e+03
 1.47600000e+03 7.41000000e+02 2.67000000e+02 1.01000000e+02
 3.30000000e+01 5.00000000e+00 0.00000000e+00 3.00000000e+00]
