Standard Deviation: 3.4291646221346854e-05
Skewness: 5.4448288113691055
Kurtosis: 42.2370400000661
Median: 0.0
Mean: 9.954165041415759e-06
Deciles: [0. 0.]
Minimum: 0.0
Maximum: 0.0010620837720188884
Bin Edges: [0.00000000e+00 1.06208377e-05 2.12416754e-05 3.18625132e-05
 4.24833509e-05 5.31041886e-05 6.37250263e-05 7.43458640e-05
 8.49667018e-05 9.55875395e-05 1.06208377e-04 1.16829215e-04
 1.27450053e-04 1.38070890e-04 1.48691728e-04 1.59312566e-04
 1.69933404e-04 1.80554241e-04 1.91175079e-04 2.01795917e-04
 2.12416754e-04 2.23037592e-04 2.33658430e-04 2.44279268e-04
 2.54900105e-04 2.65520943e-04 2.76141781e-04 2.86762618e-04
 2.97383456e-04 3.08004294e-04 3.18625132e-04 3.29245969e-04
 3.39866807e-04 3.50487645e-04 3.61108482e-04 3.71729320e-04
 3.82350158e-04 3.92970996e-04 4.03591833e-04 4.14212671e-04
 4.24833509e-04 4.35454347e-04 4.46075184e-04 4.56696022e-04
 4.67316860e-04 4.77937697e-04 4.88558535e-04 4.99179373e-04
 5.09800211e-04 5.20421048e-04 5.31041886e-04 5.41662724e-04
 5.52283561e-04 5.62904399e-04 5.73525237e-04 5.84146075e-04
 5.94766912e-04 6.05387750e-04 6.16008588e-04 6.26629425e-04
 6.37250263e-04 6.47871101e-04 6.58491939e-04 6.69112776e-04
 6.79733614e-04 6.90354452e-04 7.00975290e-04 7.11596127e-04
 7.22216965e-04 7.32837803e-04 7.43458640e-04 7.54079478e-04
 7.64700316e-04 7.75321154e-04 7.85941991e-04 7.96562829e-04
 8.07183667e-04 8.17804504e-04 8.28425342e-04 8.39046180e-04
 8.49667018e-04 8.60287855e-04 8.70908693e-04 8.81529531e-04
 8.92150368e-04 9.02771206e-04 9.13392044e-04 9.24012882e-04
 9.34633719e-04 9.45254557e-04 9.55875395e-04 9.66496233e-04
 9.77117070e-04 9.87737908e-04 9.98358746e-04 1.00897958e-03
 1.01960042e-03 1.03022126e-03 1.04084210e-03 1.05146293e-03
 1.06208377e-03]
Frequencies: [3.94374566e+09 9.64045280e+07 7.48662270e+07 6.28602740e+07
 5.34901240e+07 4.60617390e+07 3.99248090e+07 3.45559180e+07
 2.98803630e+07 2.57565440e+07 2.20751460e+07 1.86850790e+07
 1.56376880e+07 1.28981770e+07 1.05495620e+07 8.59365000e+06
 7.02800600e+06 5.76695400e+06 4.78151900e+06 3.98256800e+06
 3.34338500e+06 2.82194900e+06 2.39262200e+06 2.03815300e+06
 1.74334100e+06 1.49361200e+06 1.28502500e+06 1.10887500e+06
 9.55863000e+05 8.27943000e+05 7.16968000e+05 6.22625000e+05
 5.42052000e+05 4.71246000e+05 4.10896000e+05 3.58449000e+05
 3.12760000e+05 2.72988000e+05 2.38540000e+05 2.08919000e+05
 1.82503000e+05 1.59813000e+05 1.40286000e+05 1.22568000e+05
 1.07435000e+05 9.42900000e+04 8.23920000e+04 7.26960000e+04
 6.39890000e+04 5.60180000e+04 4.92760000e+04 4.31980000e+04
 3.78380000e+04 3.33780000e+04 2.92790000e+04 2.53010000e+04
 2.24200000e+04 1.97750000e+04 1.72580000e+04 1.52190000e+04
 1.31220000e+04 1.16760000e+04 1.02760000e+04 8.97800000e+03
 7.77900000e+03 6.77100000e+03 5.97900000e+03 5.31600000e+03
 4.52400000e+03 3.83200000e+03 3.32700000e+03 3.04400000e+03
 2.41600000e+03 2.13000000e+03 1.81200000e+03 1.49900000e+03
 1.24300000e+03 1.05400000e+03 8.35000000e+02 6.51000000e+02
 4.81000000e+02 3.96000000e+02 2.81000000e+02 2.12000000e+02
 1.61000000e+02 1.23000000e+02 1.11000000e+02 7.60000000e+01
 4.60000000e+01 4.70000000e+01 4.00000000e+01 2.90000000e+01
 1.30000000e+01 1.10000000e+01 6.00000000e+00 1.10000000e+01
 8.00000000e+00 4.00000000e+00 1.00000000e+00 1.00000000e+00]
