Standard Deviation: 3.3583920309412457e-07
Skewness: 11.02437079542176
Kurtosis: 555.6676985264297
Median: 1.5790786161019e-06
Mean: 1.6517808167642665e-06
Deciles: [1.46470789e-06 1.76838374e-06]
Minimum: 7.194087695756423e-07
Maximum: 0.00010368916431934488
Bin Edges: [7.19408770e-07 1.74910633e-06 2.77880388e-06 3.80850144e-06
 4.83819899e-06 5.86789655e-06 6.89759410e-06 7.92729166e-06
 8.95698921e-06 9.98668677e-06 1.10163843e-05 1.20460819e-05
 1.30757794e-05 1.41054770e-05 1.51351745e-05 1.61648721e-05
 1.71945697e-05 1.82242672e-05 1.92539648e-05 2.02836623e-05
 2.13133599e-05 2.23430574e-05 2.33727550e-05 2.44024525e-05
 2.54321501e-05 2.64618477e-05 2.74915452e-05 2.85212428e-05
 2.95509403e-05 3.05806379e-05 3.16103354e-05 3.26400330e-05
 3.36697305e-05 3.46994281e-05 3.57291257e-05 3.67588232e-05
 3.77885208e-05 3.88182183e-05 3.98479159e-05 4.08776134e-05
 4.19073110e-05 4.29370085e-05 4.39667061e-05 4.49964037e-05
 4.60261012e-05 4.70557988e-05 4.80854963e-05 4.91151939e-05
 5.01448914e-05 5.11745890e-05 5.22042865e-05 5.32339841e-05
 5.42636817e-05 5.52933792e-05 5.63230768e-05 5.73527743e-05
 5.83824719e-05 5.94121694e-05 6.04418670e-05 6.14715645e-05
 6.25012621e-05 6.35309597e-05 6.45606572e-05 6.55903548e-05
 6.66200523e-05 6.76497499e-05 6.86794474e-05 6.97091450e-05
 7.07388425e-05 7.17685401e-05 7.27982377e-05 7.38279352e-05
 7.48576328e-05 7.58873303e-05 7.69170279e-05 7.79467254e-05
 7.89764230e-05 8.00061205e-05 8.10358181e-05 8.20655157e-05
 8.30952132e-05 8.41249108e-05 8.51546083e-05 8.61843059e-05
 8.72140034e-05 8.82437010e-05 8.92733985e-05 9.03030961e-05
 9.13327937e-05 9.23624912e-05 9.33921888e-05 9.44218863e-05
 9.54515839e-05 9.64812814e-05 9.75109790e-05 9.85406765e-05
 9.95703741e-05 1.00600072e-04 1.01629769e-04 1.02659467e-04
 1.03689164e-04]
Frequencies: [3.30918744e+09 1.19023310e+09 3.12638770e+07 6.14681100e+06
 2.14373800e+06 9.40418000e+05 4.76140000e+05 2.67774000e+05
 1.64043000e+05 1.02144000e+05 6.75340000e+04 4.57480000e+04
 3.29610000e+04 2.33440000e+04 1.81140000e+04 1.36670000e+04
 1.06860000e+04 8.30800000e+03 6.87500000e+03 5.40500000e+03
 4.21400000e+03 3.51700000e+03 2.77900000e+03 2.18900000e+03
 1.94200000e+03 1.61800000e+03 1.33600000e+03 1.10600000e+03
 9.93000000e+02 8.53000000e+02 7.31000000e+02 6.44000000e+02
 5.54000000e+02 4.37000000e+02 3.86000000e+02 3.20000000e+02
 2.59000000e+02 2.33000000e+02 2.34000000e+02 1.83000000e+02
 1.57000000e+02 1.38000000e+02 1.14000000e+02 1.09000000e+02
 7.90000000e+01 6.80000000e+01 7.40000000e+01 6.80000000e+01
 6.60000000e+01 5.00000000e+01 4.40000000e+01 4.40000000e+01
 4.30000000e+01 3.50000000e+01 2.80000000e+01 2.60000000e+01
 2.60000000e+01 1.40000000e+01 1.80000000e+01 1.80000000e+01
 1.40000000e+01 4.00000000e+00 9.00000000e+00 8.00000000e+00
 1.50000000e+01 7.00000000e+00 4.00000000e+00 5.00000000e+00
 3.00000000e+00 1.00000000e+00 3.00000000e+00 6.00000000e+00
 4.00000000e+00 5.00000000e+00 5.00000000e+00 3.00000000e+00
 5.00000000e+00 2.00000000e+00 3.00000000e+00 2.00000000e+00
 3.00000000e+00 1.00000000e+00 0.00000000e+00 2.00000000e+00
 3.00000000e+00 0.00000000e+00 0.00000000e+00 0.00000000e+00
 0.00000000e+00 0.00000000e+00 0.00000000e+00 1.00000000e+00
 0.00000000e+00 0.00000000e+00 1.00000000e+00 1.00000000e+00
 0.00000000e+00 0.00000000e+00 0.00000000e+00 1.00000000e+00]
