Standard Deviation: 12.232853157345813
Skewness: -1.1319702248543537
Kurtosis: 1.1011703819777123
Median: 284.0131257052552
Mean: 280.1486481025897
Deciles: [272.6352948  289.81655613]
Minimum: 216.12635676405895
Maximum: 309.4331421341512
Bin Edges: [216.12635676 217.05942462 217.99249247 218.92556033 219.85862818
 220.79169603 221.72476389 222.65783174 223.59089959 224.52396745
 225.4570353  226.39010315 227.32317101 228.25623886 229.18930672
 230.12237457 231.05544242 231.98851028 232.92157813 233.85464598
 234.78771384 235.72078169 236.65384955 237.5869174  238.51998525
 239.45305311 240.38612096 241.31918881 242.25225667 243.18532452
 244.11839238 245.05146023 245.98452808 246.91759594 247.85066379
 248.78373164 249.7167995  250.64986735 251.5829352  252.51600306
 253.44907091 254.38213877 255.31520662 256.24827447 257.18134233
 258.11441018 259.04747803 259.98054589 260.91361374 261.8466816
 262.77974945 263.7128173  264.64588516 265.57895301 266.51202086
 267.44508872 268.37815657 269.31122443 270.24429228 271.17736013
 272.11042799 273.04349584 273.97656369 274.90963155 275.8426994
 276.77576725 277.70883511 278.64190296 279.57497082 280.50803867
 281.44110652 282.37417438 283.30724223 284.24031008 285.17337794
 286.10644579 287.03951365 287.9725815  288.90564935 289.83871721
 290.77178506 291.70485291 292.63792077 293.57098862 294.50405647
 295.43712433 296.37019218 297.30326004 298.23632789 299.16939574
 300.1024636  301.03553145 301.9685993  302.90166716 303.83473501
 304.76780287 305.70087072 306.63393857 307.56700643 308.50007428
 309.43314213]
Frequencies: [7.67000000e+02 4.47900000e+03 1.18760000e+04 2.50200000e+04
 4.73580000e+04 8.95630000e+04 1.51145000e+05 2.35219000e+05
 3.48281000e+05 4.87101000e+05 6.64114000e+05 8.53795000e+05
 1.06516000e+06 1.27767100e+06 1.49619500e+06 1.70798100e+06
 1.88213400e+06 2.06883900e+06 2.26188600e+06 2.42461300e+06
 2.60144500e+06 2.77059800e+06 2.96263200e+06 3.15387100e+06
 3.39048000e+06 3.66854900e+06 3.98321000e+06 4.38625300e+06
 4.82966800e+06 5.32134900e+06 5.97932400e+06 6.75498300e+06
 7.67319300e+06 8.64475100e+06 9.72190500e+06 1.08488920e+07
 1.20833730e+07 1.33873680e+07 1.47936480e+07 1.63135260e+07
 1.79211960e+07 1.96198180e+07 2.12749100e+07 2.32199770e+07
 2.55154320e+07 2.82366080e+07 3.14712500e+07 3.54260210e+07
 4.01652110e+07 4.51368730e+07 4.98630540e+07 5.40313780e+07
 5.74159650e+07 6.05807860e+07 6.34775870e+07 6.65194020e+07
 6.94139370e+07 7.19376290e+07 7.41117020e+07 7.60589210e+07
 7.77137060e+07 7.92821740e+07 8.13973330e+07 8.35763550e+07
 8.54998700e+07 8.76154870e+07 8.98064630e+07 9.21851170e+07
 9.51880860e+07 9.92314020e+07 1.04822027e+08 1.12091511e+08
 1.20647700e+08 1.30716730e+08 1.42619698e+08 1.58109232e+08
 1.80074567e+08 2.15132098e+08 2.86440107e+08 3.79575024e+08
 3.15040885e+08 1.58957840e+08 8.85001680e+07 5.77836050e+07
 3.94722630e+07 2.74632150e+07 1.93878040e+07 1.36554260e+07
 9.60081700e+06 6.66478700e+06 4.46465300e+06 2.86255500e+06
 1.76181500e+06 1.07109200e+06 5.94665000e+05 2.67376000e+05
 1.01642000e+05 3.09100000e+04 7.12500000e+03 7.98000000e+02]
