Standard Deviation: 5.059107657456667e-05
Skewness: 4.657952844280615
Kurtosis: 32.205526075490546
Median: 0.0
Mean: 1.8929151517253897e-05
Deciles: [0.00000000e+00 4.93712787e-06]
Minimum: 0.0
Maximum: 0.0011370915282590864
Bin Edges: [0.00000000e+00 1.13709153e-05 2.27418306e-05 3.41127458e-05
 4.54836611e-05 5.68545764e-05 6.82254917e-05 7.95964070e-05
 9.09673223e-05 1.02338238e-04 1.13709153e-04 1.25080068e-04
 1.36450983e-04 1.47821899e-04 1.59192814e-04 1.70563729e-04
 1.81934645e-04 1.93305560e-04 2.04676475e-04 2.16047390e-04
 2.27418306e-04 2.38789221e-04 2.50160136e-04 2.61531051e-04
 2.72901967e-04 2.84272882e-04 2.95643797e-04 3.07014713e-04
 3.18385628e-04 3.29756543e-04 3.41127458e-04 3.52498374e-04
 3.63869289e-04 3.75240204e-04 3.86611120e-04 3.97982035e-04
 4.09352950e-04 4.20723865e-04 4.32094781e-04 4.43465696e-04
 4.54836611e-04 4.66207527e-04 4.77578442e-04 4.88949357e-04
 5.00320272e-04 5.11691188e-04 5.23062103e-04 5.34433018e-04
 5.45803934e-04 5.57174849e-04 5.68545764e-04 5.79916679e-04
 5.91287595e-04 6.02658510e-04 6.14029425e-04 6.25400341e-04
 6.36771256e-04 6.48142171e-04 6.59513086e-04 6.70884002e-04
 6.82254917e-04 6.93625832e-04 7.04996748e-04 7.16367663e-04
 7.27738578e-04 7.39109493e-04 7.50480409e-04 7.61851324e-04
 7.73222239e-04 7.84593154e-04 7.95964070e-04 8.07334985e-04
 8.18705900e-04 8.30076816e-04 8.41447731e-04 8.52818646e-04
 8.64189561e-04 8.75560477e-04 8.86931392e-04 8.98302307e-04
 9.09673223e-04 9.21044138e-04 9.32415053e-04 9.43785968e-04
 9.55156884e-04 9.66527799e-04 9.77898714e-04 9.89269630e-04
 1.00064054e-03 1.01201146e-03 1.02338238e-03 1.03475329e-03
 1.04612421e-03 1.05749512e-03 1.06886604e-03 1.08023695e-03
 1.09160787e-03 1.10297878e-03 1.11434970e-03 1.12572061e-03
 1.13709153e-03]
Frequencies: [3.51839823e+09 1.55907472e+08 1.31273866e+08 1.10065134e+08
 9.35723730e+07 8.05478150e+07 6.91055600e+07 5.90813030e+07
 5.02523850e+07 4.24192880e+07 3.55177190e+07 2.95296100e+07
 2.44315700e+07 2.02199640e+07 1.67825000e+07 1.40036100e+07
 1.17682310e+07 9.94820500e+06 8.44959900e+06 7.23583600e+06
 6.21823200e+06 5.36963300e+06 4.65543800e+06 4.05746600e+06
 3.54488000e+06 3.11114500e+06 2.74007300e+06 2.42020500e+06
 2.13837400e+06 1.89921600e+06 1.68762000e+06 1.50759500e+06
 1.34401600e+06 1.20397300e+06 1.07653900e+06 9.66224000e+05
 8.66070000e+05 7.77240000e+05 6.99886000e+05 6.29503000e+05
 5.66188000e+05 5.11140000e+05 4.59842000e+05 4.15791000e+05
 3.75898000e+05 3.39636000e+05 3.07161000e+05 2.78392000e+05
 2.51521000e+05 2.26891000e+05 2.06595000e+05 1.86981000e+05
 1.69541000e+05 1.53255000e+05 1.39491000e+05 1.26486000e+05
 1.14226000e+05 1.03742000e+05 9.30850000e+04 8.46410000e+04
 7.71740000e+04 6.94090000e+04 6.21600000e+04 5.62680000e+04
 5.04780000e+04 4.46710000e+04 4.01800000e+04 3.54760000e+04
 3.17460000e+04 2.82090000e+04 2.49770000e+04 2.18000000e+04
 1.88270000e+04 1.65320000e+04 1.41300000e+04 1.18550000e+04
 1.01480000e+04 8.28800000e+03 6.91800000e+03 5.56700000e+03
 4.41800000e+03 3.33800000e+03 2.57800000e+03 1.78800000e+03
 1.24800000e+03 7.99000000e+02 4.51000000e+02 2.65000000e+02
 1.06000000e+02 3.40000000e+01 3.20000000e+01 6.00000000e+00
 6.00000000e+00 4.00000000e+00 4.00000000e+00 2.00000000e+00
 1.00000000e+00 1.00000000e+00 0.00000000e+00 1.00000000e+00]
