Standard Deviation: 1.0886329313682107e-09
Skewness: 36533.43308836406
Kurtosis: 1484085248.6182334
Median: 0.0
Mean: 8.261873366129004e-13
Deciles: [0. 0.]
Minimum: 0.0
Maximum: 4.641412612049651e-05
Bin Edges: [0.00000000e+00 4.64141261e-07 9.28282522e-07 1.39242378e-06
 1.85656504e-06 2.32070631e-06 2.78484757e-06 3.24898883e-06
 3.71313009e-06 4.17727135e-06 4.64141261e-06 5.10555387e-06
 5.56969513e-06 6.03383640e-06 6.49797766e-06 6.96211892e-06
 7.42626018e-06 7.89040144e-06 8.35454270e-06 8.81868396e-06
 9.28282522e-06 9.74696649e-06 1.02111077e-05 1.06752490e-05
 1.11393903e-05 1.16035315e-05 1.20676728e-05 1.25318141e-05
 1.29959553e-05 1.34600966e-05 1.39242378e-05 1.43883791e-05
 1.48525204e-05 1.53166616e-05 1.57808029e-05 1.62449441e-05
 1.67090854e-05 1.71732267e-05 1.76373679e-05 1.81015092e-05
 1.85656504e-05 1.90297917e-05 1.94939330e-05 1.99580742e-05
 2.04222155e-05 2.08863568e-05 2.13504980e-05 2.18146393e-05
 2.22787805e-05 2.27429218e-05 2.32070631e-05 2.36712043e-05
 2.41353456e-05 2.45994868e-05 2.50636281e-05 2.55277694e-05
 2.59919106e-05 2.64560519e-05 2.69201931e-05 2.73843344e-05
 2.78484757e-05 2.83126169e-05 2.87767582e-05 2.92408995e-05
 2.97050407e-05 3.01691820e-05 3.06333232e-05 3.10974645e-05
 3.15616058e-05 3.20257470e-05 3.24898883e-05 3.29540295e-05
 3.34181708e-05 3.38823121e-05 3.43464533e-05 3.48105946e-05
 3.52747359e-05 3.57388771e-05 3.62030184e-05 3.66671596e-05
 3.71313009e-05 3.75954422e-05 3.80595834e-05 3.85237247e-05
 3.89878659e-05 3.94520072e-05 3.99161485e-05 4.03802897e-05
 4.08444310e-05 4.13085722e-05 4.17727135e-05 4.22368548e-05
 4.27009960e-05 4.31651373e-05 4.36292786e-05 4.40934198e-05
 4.45575611e-05 4.50217023e-05 4.54858436e-05 4.59499849e-05
 4.64141261e-05]
Frequencies: [4.54118399e+09 0.00000000e+00 0.00000000e+00 1.00000000e+00
 0.00000000e+00 0.00000000e+00 0.00000000e+00 0.00000000e+00
 1.00000000e+00 0.00000000e+00 0.00000000e+00 0.00000000e+00
 0.00000000e+00 0.00000000e+00 0.00000000e+00 0.00000000e+00
 0.00000000e+00 0.00000000e+00 0.00000000e+00 0.00000000e+00
 0.00000000e+00 0.00000000e+00 0.00000000e+00 0.00000000e+00
 0.00000000e+00 0.00000000e+00 0.00000000e+00 0.00000000e+00
 0.00000000e+00 0.00000000e+00 0.00000000e+00 0.00000000e+00
 0.00000000e+00 0.00000000e+00 0.00000000e+00 0.00000000e+00
 0.00000000e+00 1.00000000e+00 0.00000000e+00 0.00000000e+00
 0.00000000e+00 0.00000000e+00 0.00000000e+00 0.00000000e+00
 0.00000000e+00 0.00000000e+00 0.00000000e+00 0.00000000e+00
 1.00000000e+00 0.00000000e+00 0.00000000e+00 0.00000000e+00
 0.00000000e+00 0.00000000e+00 0.00000000e+00 0.00000000e+00
 0.00000000e+00 0.00000000e+00 0.00000000e+00 0.00000000e+00
 0.00000000e+00 0.00000000e+00 0.00000000e+00 0.00000000e+00
 0.00000000e+00 0.00000000e+00 0.00000000e+00 0.00000000e+00
 0.00000000e+00 0.00000000e+00 0.00000000e+00 0.00000000e+00
 0.00000000e+00 0.00000000e+00 0.00000000e+00 0.00000000e+00
 0.00000000e+00 0.00000000e+00 0.00000000e+00 0.00000000e+00
 0.00000000e+00 0.00000000e+00 0.00000000e+00 0.00000000e+00
 0.00000000e+00 0.00000000e+00 0.00000000e+00 0.00000000e+00
 0.00000000e+00 0.00000000e+00 0.00000000e+00 0.00000000e+00
 0.00000000e+00 0.00000000e+00 0.00000000e+00 0.00000000e+00
 0.00000000e+00 0.00000000e+00 0.00000000e+00 2.00000000e+00]
