Standard Deviation: 1.1935940585164104e-05
Skewness: 6.174534368593564
Kurtosis: 48.42664420909407
Median: 0.0
Mean: 2.8626537736683535e-06
Deciles: [0. 0.]
Minimum: 0.0
Maximum: 0.00043428572302845305
Bin Edges: [0.00000000e+00 4.34285723e-06 8.68571446e-06 1.30285717e-05
 1.73714289e-05 2.17142862e-05 2.60571434e-05 3.04000006e-05
 3.47428578e-05 3.90857151e-05 4.34285723e-05 4.77714295e-05
 5.21142868e-05 5.64571440e-05 6.08000012e-05 6.51428585e-05
 6.94857157e-05 7.38285729e-05 7.81714301e-05 8.25142874e-05
 8.68571446e-05 9.12000018e-05 9.55428591e-05 9.98857163e-05
 1.04228574e-04 1.08571431e-04 1.12914288e-04 1.17257145e-04
 1.21600002e-04 1.25942860e-04 1.30285717e-04 1.34628574e-04
 1.38971431e-04 1.43314289e-04 1.47657146e-04 1.52000003e-04
 1.56342860e-04 1.60685718e-04 1.65028575e-04 1.69371432e-04
 1.73714289e-04 1.78057146e-04 1.82400004e-04 1.86742861e-04
 1.91085718e-04 1.95428575e-04 1.99771433e-04 2.04114290e-04
 2.08457147e-04 2.12800004e-04 2.17142862e-04 2.21485719e-04
 2.25828576e-04 2.30171433e-04 2.34514290e-04 2.38857148e-04
 2.43200005e-04 2.47542862e-04 2.51885719e-04 2.56228577e-04
 2.60571434e-04 2.64914291e-04 2.69257148e-04 2.73600006e-04
 2.77942863e-04 2.82285720e-04 2.86628577e-04 2.90971434e-04
 2.95314292e-04 2.99657149e-04 3.04000006e-04 3.08342863e-04
 3.12685721e-04 3.17028578e-04 3.21371435e-04 3.25714292e-04
 3.30057150e-04 3.34400007e-04 3.38742864e-04 3.43085721e-04
 3.47428578e-04 3.51771436e-04 3.56114293e-04 3.60457150e-04
 3.64800007e-04 3.69142865e-04 3.73485722e-04 3.77828579e-04
 3.82171436e-04 3.86514293e-04 3.90857151e-04 3.95200008e-04
 3.99542865e-04 4.03885722e-04 4.08228580e-04 4.12571437e-04
 4.16914294e-04 4.21257151e-04 4.25600009e-04 4.29942866e-04
 4.34285723e-04]
Frequencies: [4.11900314e+09 7.64230140e+07 5.56624120e+07 4.47997310e+07
 3.72873580e+07 3.12767320e+07 2.62620500e+07 2.20499700e+07
 1.85370750e+07 1.56415010e+07 1.32445000e+07 1.12618280e+07
 9.62339300e+06 8.25382300e+06 7.11203700e+06 6.14946300e+06
 5.33565300e+06 4.64651400e+06 4.06483600e+06 3.56629600e+06
 3.14794400e+06 2.81243400e+06 2.54596000e+06 2.33697500e+06
 1.99863400e+06 1.61671400e+06 1.28411200e+06 1.01404600e+06
 8.03506000e+05 6.38222000e+05 5.10406000e+05 4.12241000e+05
 3.34734000e+05 2.71183000e+05 2.18635000e+05 1.78803000e+05
 1.47635000e+05 1.21516000e+05 1.00453000e+05 8.27850000e+04
 6.87940000e+04 5.66800000e+04 4.66020000e+04 3.83980000e+04
 3.17470000e+04 2.65010000e+04 2.17780000e+04 1.81070000e+04
 1.51490000e+04 1.28210000e+04 1.05930000e+04 8.99300000e+03
 7.49500000e+03 6.28100000e+03 5.29000000e+03 4.47900000e+03
 3.72800000e+03 3.20500000e+03 2.78500000e+03 2.35100000e+03
 2.08400000e+03 1.72500000e+03 1.43300000e+03 1.19200000e+03
 1.03500000e+03 9.31000000e+02 8.39000000e+02 7.12000000e+02
 5.93000000e+02 5.25000000e+02 4.89000000e+02 3.78000000e+02
 3.24000000e+02 2.61000000e+02 2.18000000e+02 2.15000000e+02
 1.82000000e+02 1.37000000e+02 1.24000000e+02 1.08000000e+02
 1.06000000e+02 8.50000000e+01 5.30000000e+01 3.10000000e+01
 2.70000000e+01 2.80000000e+01 1.70000000e+01 1.10000000e+01
 1.70000000e+01 1.80000000e+01 1.40000000e+01 9.00000000e+00
 5.00000000e+00 8.00000000e+00 7.00000000e+00 5.00000000e+00
 4.00000000e+00 3.00000000e+00 4.00000000e+00 2.00000000e+00]
