Standard Deviation: 1.2926370688552024e-05
Skewness: 5.843900879928604
Kurtosis: 44.240427844871476
Median: 0.0
Mean: 3.3046516438695046e-06
Deciles: [0. 0.]
Minimum: 0.0
Maximum: 0.0005438181509331972
Bin Edges: [0.00000000e+00 5.43818151e-06 1.08763630e-05 1.63145445e-05
 2.17527260e-05 2.71909075e-05 3.26290891e-05 3.80672706e-05
 4.35054521e-05 4.89436336e-05 5.43818151e-05 5.98199966e-05
 6.52581781e-05 7.06963596e-05 7.61345411e-05 8.15727226e-05
 8.70109041e-05 9.24490857e-05 9.78872672e-05 1.03325449e-04
 1.08763630e-04 1.14201812e-04 1.19639993e-04 1.25078175e-04
 1.30516356e-04 1.35954538e-04 1.41392719e-04 1.46830901e-04
 1.52269082e-04 1.57707264e-04 1.63145445e-04 1.68583627e-04
 1.74021808e-04 1.79459990e-04 1.84898171e-04 1.90336353e-04
 1.95774534e-04 2.01212716e-04 2.06650897e-04 2.12089079e-04
 2.17527260e-04 2.22965442e-04 2.28403623e-04 2.33841805e-04
 2.39279986e-04 2.44718168e-04 2.50156349e-04 2.55594531e-04
 2.61032712e-04 2.66470894e-04 2.71909075e-04 2.77347257e-04
 2.82785438e-04 2.88223620e-04 2.93661802e-04 2.99099983e-04
 3.04538165e-04 3.09976346e-04 3.15414528e-04 3.20852709e-04
 3.26290891e-04 3.31729072e-04 3.37167254e-04 3.42605435e-04
 3.48043617e-04 3.53481798e-04 3.58919980e-04 3.64358161e-04
 3.69796343e-04 3.75234524e-04 3.80672706e-04 3.86110887e-04
 3.91549069e-04 3.96987250e-04 4.02425432e-04 4.07863613e-04
 4.13301795e-04 4.18739976e-04 4.24178158e-04 4.29616339e-04
 4.35054521e-04 4.40492702e-04 4.45930884e-04 4.51369065e-04
 4.56807247e-04 4.62245428e-04 4.67683610e-04 4.73121791e-04
 4.78559973e-04 4.83998154e-04 4.89436336e-04 4.94874517e-04
 5.00312699e-04 5.05750880e-04 5.11189062e-04 5.16627243e-04
 5.22065425e-04 5.27503606e-04 5.32941788e-04 5.38379969e-04
 5.43818151e-04]
Frequencies: [4.08413434e+09 9.22348110e+07 6.95666650e+07 5.53550970e+07
 4.44730400e+07 3.56543420e+07 2.85434350e+07 2.28940740e+07
 1.84608120e+07 1.49874600e+07 1.22774710e+07 1.01631920e+07
 8.47787200e+06 7.14969100e+06 6.08304000e+06 5.22983100e+06
 4.53027300e+06 3.96676900e+06 3.58116300e+06 3.10931000e+06
 2.47233900e+06 1.86499500e+06 1.38741400e+06 1.03741600e+06
 7.80170000e+05 5.91406000e+05 4.52578000e+05 3.53245000e+05
 2.74690000e+05 2.15304000e+05 1.70663000e+05 1.35222000e+05
 1.07038000e+05 8.49060000e+04 6.72960000e+04 5.39550000e+04
 4.39120000e+04 3.52930000e+04 2.91640000e+04 2.35600000e+04
 1.97930000e+04 1.64040000e+04 1.38490000e+04 1.13240000e+04
 9.91000000e+03 8.28800000e+03 6.88500000e+03 5.90000000e+03
 5.05600000e+03 4.45900000e+03 3.92800000e+03 3.38900000e+03
 3.00600000e+03 2.65100000e+03 2.28400000e+03 1.90500000e+03
 1.70900000e+03 1.47100000e+03 1.36700000e+03 1.04500000e+03
 8.94000000e+02 7.56000000e+02 6.35000000e+02 5.38000000e+02
 4.61000000e+02 4.14000000e+02 3.11000000e+02 3.11000000e+02
 2.47000000e+02 2.26000000e+02 2.35000000e+02 1.75000000e+02
 1.41000000e+02 1.42000000e+02 1.27000000e+02 9.60000000e+01
 7.70000000e+01 7.80000000e+01 6.30000000e+01 4.60000000e+01
 3.20000000e+01 1.30000000e+01 1.60000000e+01 1.20000000e+01
 8.00000000e+00 1.70000000e+01 9.00000000e+00 1.00000000e+00
 8.00000000e+00 7.00000000e+00 2.00000000e+00 3.00000000e+00
 4.00000000e+00 3.00000000e+00 3.00000000e+00 1.00000000e+00
 5.00000000e+00 3.00000000e+00 2.00000000e+00 1.00000000e+00]
