Standard Deviation: 4.493454441778928e-05
Skewness: 4.949687179097658
Kurtosis: 36.45896453592704
Median: 0.0
Mean: 1.5495942013260152e-05
Deciles: [0.00000000e+00 5.65793741e-08]
Minimum: 0.0
Maximum: 0.0011976453654006913
Bin Edges: [0.00000000e+00 1.19764537e-05 2.39529073e-05 3.59293610e-05
 4.79058146e-05 5.98822683e-05 7.18587219e-05 8.38351756e-05
 9.58116292e-05 1.07788083e-04 1.19764537e-04 1.31740990e-04
 1.43717444e-04 1.55693898e-04 1.67670351e-04 1.79646805e-04
 1.91623258e-04 2.03599712e-04 2.15576166e-04 2.27552619e-04
 2.39529073e-04 2.51505527e-04 2.63481980e-04 2.75458434e-04
 2.87434888e-04 2.99411341e-04 3.11387795e-04 3.23364249e-04
 3.35340702e-04 3.47317156e-04 3.59293610e-04 3.71270063e-04
 3.83246517e-04 3.95222971e-04 4.07199424e-04 4.19175878e-04
 4.31152332e-04 4.43128785e-04 4.55105239e-04 4.67081693e-04
 4.79058146e-04 4.91034600e-04 5.03011053e-04 5.14987507e-04
 5.26963961e-04 5.38940414e-04 5.50916868e-04 5.62893322e-04
 5.74869775e-04 5.86846229e-04 5.98822683e-04 6.10799136e-04
 6.22775590e-04 6.34752044e-04 6.46728497e-04 6.58704951e-04
 6.70681405e-04 6.82657858e-04 6.94634312e-04 7.06610766e-04
 7.18587219e-04 7.30563673e-04 7.42540127e-04 7.54516580e-04
 7.66493034e-04 7.78469488e-04 7.90445941e-04 8.02422395e-04
 8.14398848e-04 8.26375302e-04 8.38351756e-04 8.50328209e-04
 8.62304663e-04 8.74281117e-04 8.86257570e-04 8.98234024e-04
 9.10210478e-04 9.22186931e-04 9.34163385e-04 9.46139839e-04
 9.58116292e-04 9.70092746e-04 9.82069200e-04 9.94045653e-04
 1.00602211e-03 1.01799856e-03 1.02997501e-03 1.04195147e-03
 1.05392792e-03 1.06590438e-03 1.07788083e-03 1.08985728e-03
 1.10183374e-03 1.11381019e-03 1.12578664e-03 1.13776310e-03
 1.14973955e-03 1.16171600e-03 1.17369246e-03 1.18566891e-03
 1.19764537e-03]
Frequencies: [3.68670719e+09 1.41517840e+08 1.15091411e+08 9.50402730e+07
 8.00062610e+07 6.82759870e+07 5.81315860e+07 4.93564130e+07
 4.16533820e+07 3.48160990e+07 2.87517440e+07 2.34922900e+07
 1.90996940e+07 1.55264250e+07 1.26789680e+07 1.04286830e+07
 8.62851800e+06 7.19816200e+06 6.04139000e+06 5.09591800e+06
 4.33574600e+06 3.69620400e+06 3.17224000e+06 2.73132400e+06
 2.36387800e+06 2.04986900e+06 1.78464000e+06 1.55960000e+06
 1.36542900e+06 1.19745600e+06 1.05272800e+06 9.28498000e+05
 8.18837000e+05 7.23555000e+05 6.42220000e+05 5.69795000e+05
 5.06105000e+05 4.50289000e+05 4.00985000e+05 3.56289000e+05
 3.18336000e+05 2.84845000e+05 2.54140000e+05 2.27496000e+05
 2.03117000e+05 1.81293000e+05 1.62899000e+05 1.45520000e+05
 1.30999000e+05 1.17884000e+05 1.04816000e+05 9.37050000e+04
 8.44600000e+04 7.57440000e+04 6.79860000e+04 6.04980000e+04
 5.46930000e+04 4.79790000e+04 4.33420000e+04 3.84290000e+04
 3.37320000e+04 2.99480000e+04 2.63480000e+04 2.31630000e+04
 2.04400000e+04 1.76340000e+04 1.53710000e+04 1.34430000e+04
 1.12350000e+04 9.79000000e+03 8.34400000e+03 7.04300000e+03
 5.79000000e+03 4.75000000e+03 3.90900000e+03 3.09600000e+03
 2.34300000e+03 1.79500000e+03 1.33600000e+03 9.99000000e+02
 6.55000000e+02 3.71000000e+02 1.88000000e+02 8.20000000e+01
 5.10000000e+01 1.70000000e+01 1.00000000e+01 5.00000000e+00
 5.00000000e+00 3.00000000e+00 1.00000000e+00 0.00000000e+00
 0.00000000e+00 0.00000000e+00 0.00000000e+00 0.00000000e+00
 0.00000000e+00 0.00000000e+00 0.00000000e+00 1.00000000e+00]
