Standard Deviation: 3.0338072084770116e-05
Skewness: 10.141718690573153
Kurtosis: 152.1884710354477
Median: 0.0
Mean: 6.61198569764106e-06
Deciles: [0.00000000e+00 1.60391393e-07]
Minimum: 0.0
Maximum: 0.0021333720019365747
Bin Edges: [0.00000000e+00 2.13337200e-05 4.26674400e-05 6.40011601e-05
 8.53348801e-05 1.06668600e-04 1.28002320e-04 1.49336040e-04
 1.70669760e-04 1.92003480e-04 2.13337200e-04 2.34670920e-04
 2.56004640e-04 2.77338360e-04 2.98672080e-04 3.20005800e-04
 3.41339520e-04 3.62673240e-04 3.84006960e-04 4.05340680e-04
 4.26674400e-04 4.48008120e-04 4.69341840e-04 4.90675560e-04
 5.12009280e-04 5.33343000e-04 5.54676721e-04 5.76010441e-04
 5.97344161e-04 6.18677881e-04 6.40011601e-04 6.61345321e-04
 6.82679041e-04 7.04012761e-04 7.25346481e-04 7.46680201e-04
 7.68013921e-04 7.89347641e-04 8.10681361e-04 8.32015081e-04
 8.53348801e-04 8.74682521e-04 8.96016241e-04 9.17349961e-04
 9.38683681e-04 9.60017401e-04 9.81351121e-04 1.00268484e-03
 1.02401856e-03 1.04535228e-03 1.06668600e-03 1.08801972e-03
 1.10935344e-03 1.13068716e-03 1.15202088e-03 1.17335460e-03
 1.19468832e-03 1.21602204e-03 1.23735576e-03 1.25868948e-03
 1.28002320e-03 1.30135692e-03 1.32269064e-03 1.34402436e-03
 1.36535808e-03 1.38669180e-03 1.40802552e-03 1.42935924e-03
 1.45069296e-03 1.47202668e-03 1.49336040e-03 1.51469412e-03
 1.53602784e-03 1.55736156e-03 1.57869528e-03 1.60002900e-03
 1.62136272e-03 1.64269644e-03 1.66403016e-03 1.68536388e-03
 1.70669760e-03 1.72803132e-03 1.74936504e-03 1.77069876e-03
 1.79203248e-03 1.81336620e-03 1.83469992e-03 1.85603364e-03
 1.87736736e-03 1.89870108e-03 1.92003480e-03 1.94136852e-03
 1.96270224e-03 1.98403596e-03 2.00536968e-03 2.02670340e-03
 2.04803712e-03 2.06937084e-03 2.09070456e-03 2.11203828e-03
 2.13337200e-03]
Frequencies: [4.20533647e+09 1.34962193e+08 7.31671400e+07 4.16602130e+07
 2.45939950e+07 1.52978670e+07 1.01042490e+07 7.04011800e+06
 5.13604000e+06 3.91096600e+06 3.08657900e+06 2.50590500e+06
 2.08861100e+06 1.77363400e+06 1.52109200e+06 1.31567600e+06
 1.13964500e+06 9.88543000e+05 8.54826000e+05 7.37029000e+05
 6.32179000e+05 5.42628000e+05 4.61078000e+05 3.90704000e+05
 3.29713000e+05 2.75938000e+05 2.30254000e+05 1.92700000e+05
 1.60925000e+05 1.32361000e+05 1.10210000e+05 9.06000000e+04
 7.54510000e+04 6.12760000e+04 5.05050000e+04 4.13100000e+04
 3.33610000e+04 2.75040000e+04 2.23360000e+04 1.85590000e+04
 1.51150000e+04 1.22930000e+04 1.00890000e+04 8.06100000e+03
 6.69700000e+03 5.57500000e+03 4.56200000e+03 3.65800000e+03
 3.11200000e+03 2.51100000e+03 2.11500000e+03 1.61600000e+03
 1.34800000e+03 1.10900000e+03 9.41000000e+02 8.03000000e+02
 6.65000000e+02 5.24000000e+02 4.30000000e+02 3.83000000e+02
 3.24000000e+02 2.40000000e+02 2.43000000e+02 1.99000000e+02
 1.50000000e+02 1.20000000e+02 1.15000000e+02 8.00000000e+01
 7.50000000e+01 7.70000000e+01 5.50000000e+01 4.70000000e+01
 5.50000000e+01 3.90000000e+01 2.20000000e+01 2.30000000e+01
 1.90000000e+01 2.70000000e+01 1.90000000e+01 1.50000000e+01
 9.00000000e+00 1.10000000e+01 1.00000000e+01 7.00000000e+00
 7.00000000e+00 3.00000000e+00 3.00000000e+00 1.00000000e+00
 4.00000000e+00 1.00000000e+00 2.00000000e+00 1.00000000e+00
 0.00000000e+00 2.00000000e+00 1.00000000e+00 0.00000000e+00
 0.00000000e+00 0.00000000e+00 0.00000000e+00 1.00000000e+00]
