Standard Deviation: 3.5220644001923795e-05
Skewness: 7.5403760835512434
Kurtosis: 80.06729064520489
Median: 0.0
Mean: 8.795419994213434e-06
Deciles: [0.00000000e+00 3.15551282e-07]
Minimum: 0.0
Maximum: 0.0018527789213794673
Bin Edges: [0.00000000e+00 1.85277892e-05 3.70555784e-05 5.55833676e-05
 7.41111569e-05 9.26389461e-05 1.11166735e-04 1.29694524e-04
 1.48222314e-04 1.66750103e-04 1.85277892e-04 2.03805681e-04
 2.22333471e-04 2.40861260e-04 2.59389049e-04 2.77916838e-04
 2.96444627e-04 3.14972417e-04 3.33500206e-04 3.52027995e-04
 3.70555784e-04 3.89083573e-04 4.07611363e-04 4.26139152e-04
 4.44666941e-04 4.63194730e-04 4.81722520e-04 5.00250309e-04
 5.18778098e-04 5.37305887e-04 5.55833676e-04 5.74361466e-04
 5.92889255e-04 6.11417044e-04 6.29944833e-04 6.48472622e-04
 6.67000412e-04 6.85528201e-04 7.04055990e-04 7.22583779e-04
 7.41111569e-04 7.59639358e-04 7.78167147e-04 7.96694936e-04
 8.15222725e-04 8.33750515e-04 8.52278304e-04 8.70806093e-04
 8.89333882e-04 9.07861671e-04 9.26389461e-04 9.44917250e-04
 9.63445039e-04 9.81972828e-04 1.00050062e-03 1.01902841e-03
 1.03755620e-03 1.05608399e-03 1.07461177e-03 1.09313956e-03
 1.11166735e-03 1.13019514e-03 1.14872293e-03 1.16725072e-03
 1.18577851e-03 1.20430630e-03 1.22283409e-03 1.24136188e-03
 1.25988967e-03 1.27841746e-03 1.29694524e-03 1.31547303e-03
 1.33400082e-03 1.35252861e-03 1.37105640e-03 1.38958419e-03
 1.40811198e-03 1.42663977e-03 1.44516756e-03 1.46369535e-03
 1.48222314e-03 1.50075093e-03 1.51927872e-03 1.53780650e-03
 1.55633429e-03 1.57486208e-03 1.59338987e-03 1.61191766e-03
 1.63044545e-03 1.64897324e-03 1.66750103e-03 1.68602882e-03
 1.70455661e-03 1.72308440e-03 1.74161219e-03 1.76013998e-03
 1.77866776e-03 1.79719555e-03 1.81572334e-03 1.83425113e-03
 1.85277892e-03]
Frequencies: [4.09506715e+09 1.47388246e+08 8.55904730e+07 5.55355080e+07
 3.78879660e+07 2.65519470e+07 1.90320730e+07 1.40191100e+07
 1.06517020e+07 8.34908900e+06 6.69369900e+06 5.49474300e+06
 4.57230800e+06 3.84808600e+06 3.26588000e+06 2.77770100e+06
 2.36472800e+06 2.00775900e+06 1.70178300e+06 1.43693100e+06
 1.20770600e+06 1.00949400e+06 8.43273000e+05 6.99034000e+05
 5.76729000e+05 4.76898000e+05 3.89705000e+05 3.19746000e+05
 2.60965000e+05 2.12478000e+05 1.73663000e+05 1.41198000e+05
 1.15543000e+05 9.39770000e+04 7.65560000e+04 6.24300000e+04
 5.13010000e+04 4.13070000e+04 3.40340000e+04 2.82730000e+04
 2.32680000e+04 1.90140000e+04 1.57230000e+04 1.29410000e+04
 1.04690000e+04 8.71300000e+03 7.17000000e+03 5.97600000e+03
 4.98700000e+03 4.14900000e+03 3.52600000e+03 2.75700000e+03
 2.28600000e+03 1.93400000e+03 1.65200000e+03 1.37000000e+03
 1.09300000e+03 9.32000000e+02 7.73000000e+02 6.46000000e+02
 5.46000000e+02 4.47000000e+02 3.99000000e+02 3.23000000e+02
 2.59000000e+02 2.32000000e+02 1.90000000e+02 1.75000000e+02
 1.49000000e+02 9.20000000e+01 8.70000000e+01 7.50000000e+01
 7.40000000e+01 6.10000000e+01 4.80000000e+01 3.80000000e+01
 3.10000000e+01 3.80000000e+01 2.50000000e+01 1.40000000e+01
 2.20000000e+01 1.60000000e+01 1.50000000e+01 1.30000000e+01
 8.00000000e+00 1.20000000e+01 8.00000000e+00 7.00000000e+00
 5.00000000e+00 5.00000000e+00 2.00000000e+00 2.00000000e+00
 2.00000000e+00 2.00000000e+00 0.00000000e+00 0.00000000e+00
 3.00000000e+00 0.00000000e+00 1.00000000e+00 1.00000000e+00]
