Standard Deviation: 1.7132387219184548e-18
Skewness: 3.761592598181804
Kurtosis: 13.412011386074191
Median: 1.3670200314058623e-19
Mean: 6.549100296139759e-19
Deciles: [7.64585112e-20 2.63140519e-19]
Minimum: 9.464228998022832e-27
Maximum: 2.6260402097039636e-17
Bin Edges: [9.46422900e-27 2.62604030e-19 5.25208051e-19 7.87812072e-19
 1.05041609e-18 1.31302011e-18 1.57562413e-18 1.83822816e-18
 2.10083218e-18 2.36343620e-18 2.62604022e-18 2.88864424e-18
 3.15124826e-18 3.41385228e-18 3.67645630e-18 3.93906032e-18
 4.20166434e-18 4.46426836e-18 4.72687239e-18 4.98947641e-18
 5.25208043e-18 5.51468445e-18 5.77728847e-18 6.03989249e-18
 6.30249651e-18 6.56510053e-18 6.82770455e-18 7.09030857e-18
 7.35291259e-18 7.61551661e-18 7.87812064e-18 8.14072466e-18
 8.40332868e-18 8.66593270e-18 8.92853672e-18 9.19114074e-18
 9.45374476e-18 9.71634878e-18 9.97895280e-18 1.02415568e-17
 1.05041608e-17 1.07667649e-17 1.10293689e-17 1.12919729e-17
 1.15545769e-17 1.18171809e-17 1.20797850e-17 1.23423890e-17
 1.26049930e-17 1.28675970e-17 1.31302011e-17 1.33928051e-17
 1.36554091e-17 1.39180131e-17 1.41806171e-17 1.44432212e-17
 1.47058252e-17 1.49684292e-17 1.52310332e-17 1.54936372e-17
 1.57562413e-17 1.60188453e-17 1.62814493e-17 1.65440533e-17
 1.68066573e-17 1.70692614e-17 1.73318654e-17 1.75944694e-17
 1.78570734e-17 1.81196774e-17 1.83822815e-17 1.86448855e-17
 1.89074895e-17 1.91700935e-17 1.94326976e-17 1.96953016e-17
 1.99579056e-17 2.02205096e-17 2.04831136e-17 2.07457177e-17
 2.10083217e-17 2.12709257e-17 2.15335297e-17 2.17961337e-17
 2.20587378e-17 2.23213418e-17 2.25839458e-17 2.28465498e-17
 2.31091538e-17 2.33717579e-17 2.36343619e-17 2.38969659e-17
 2.41595699e-17 2.44221740e-17 2.46847780e-17 2.49473820e-17
 2.52099860e-17 2.54725900e-17 2.57351941e-17 2.59977981e-17
 2.62604021e-17]
Frequencies: [3.40510766e+09 3.32707154e+08 2.80417381e+08 7.35474960e+07
 5.63208200e+07 3.31878380e+07 2.09886700e+07 1.54224290e+07
 1.31892810e+07 7.26675600e+06 6.63399400e+06 7.42097500e+06
 7.58185000e+06 9.02387400e+06 9.92921900e+06 9.40689600e+06
 9.38710300e+06 9.26222900e+06 9.57471900e+06 8.77877800e+06
 9.57024600e+06 1.13506240e+07 9.06365700e+06 9.68683500e+06
 9.39423000e+06 8.59853300e+06 8.70813600e+06 9.94996500e+06
 1.16723850e+07 1.29821660e+07 1.38481520e+07 1.76561970e+07
 2.28389380e+07 2.37681580e+07 2.39623790e+07 1.06728120e+07
 1.85973200e+06 3.51074000e+05 5.95510000e+04 1.47620000e+04
 7.52900000e+03 4.54900000e+03 2.64900000e+03 1.82400000e+03
 1.03800000e+03 7.50000000e+02 5.53000000e+02 2.91000000e+02
 1.83000000e+02 1.27000000e+02 9.20000000e+01 7.70000000e+01
 5.90000000e+01 5.80000000e+01 4.70000000e+01 2.90000000e+01
 3.20000000e+01 2.60000000e+01 2.30000000e+01 1.90000000e+01
 2.40000000e+01 2.60000000e+01 1.70000000e+01 1.40000000e+01
 3.30000000e+01 2.50000000e+01 1.10000000e+01 1.70000000e+01
 1.00000000e+01 1.10000000e+01 2.00000000e+01 1.10000000e+01
 1.70000000e+01 1.50000000e+01 1.30000000e+01 8.00000000e+00
 1.60000000e+01 1.00000000e+01 6.00000000e+00 9.00000000e+00
 1.00000000e+01 8.00000000e+00 7.00000000e+00 6.00000000e+00
 9.00000000e+00 3.00000000e+00 1.00000000e+00 4.00000000e+00
 2.00000000e+00 5.00000000e+00 2.00000000e+00 4.00000000e+00
 4.00000000e+00 4.00000000e+00 1.00000000e+00 1.00000000e+00
 1.00000000e+00 1.00000000e+00 2.00000000e+00 3.00000000e+00]
