Standard Deviation: 0.004627146952319721
Skewness: 0.19705632325915035
Kurtosis: -1.2689632272897937
Median: 0.0067030995302122635
Mean: 0.00733938886749726
Deciles: [0.00323115 0.01160807]
Minimum: 1e-12
Maximum: 0.022615073360624568
Bin Edges: [1.00000000e-12 2.26150735e-04 4.52301468e-04 6.78452202e-04
 9.04602935e-04 1.13075367e-03 1.35690440e-03 1.58305514e-03
 1.80920587e-03 2.03535660e-03 2.26150734e-03 2.48765807e-03
 2.71380880e-03 2.93995954e-03 3.16611027e-03 3.39226100e-03
 3.61841174e-03 3.84456247e-03 4.07071321e-03 4.29686394e-03
 4.52301467e-03 4.74916541e-03 4.97531614e-03 5.20146687e-03
 5.42761761e-03 5.65376834e-03 5.87991907e-03 6.10606981e-03
 6.33222054e-03 6.55837128e-03 6.78452201e-03 7.01067274e-03
 7.23682348e-03 7.46297421e-03 7.68912494e-03 7.91527568e-03
 8.14142641e-03 8.36757714e-03 8.59372788e-03 8.81987861e-03
 9.04602934e-03 9.27218008e-03 9.49833081e-03 9.72448155e-03
 9.95063228e-03 1.01767830e-02 1.04029337e-02 1.06290845e-02
 1.08552352e-02 1.10813859e-02 1.13075367e-02 1.15336874e-02
 1.17598381e-02 1.19859889e-02 1.22121396e-02 1.24382903e-02
 1.26644411e-02 1.28905918e-02 1.31167425e-02 1.33428933e-02
 1.35690440e-02 1.37951948e-02 1.40213455e-02 1.42474962e-02
 1.44736470e-02 1.46997977e-02 1.49259484e-02 1.51520992e-02
 1.53782499e-02 1.56044006e-02 1.58305514e-02 1.60567021e-02
 1.62828528e-02 1.65090036e-02 1.67351543e-02 1.69613050e-02
 1.71874558e-02 1.74136065e-02 1.76397572e-02 1.78659080e-02
 1.80920587e-02 1.83182094e-02 1.85443602e-02 1.87705109e-02
 1.89966616e-02 1.92228124e-02 1.94489631e-02 1.96751138e-02
 1.99012646e-02 2.01274153e-02 2.03535660e-02 2.05797168e-02
 2.08058675e-02 2.10320182e-02 2.12581690e-02 2.14843197e-02
 2.17104704e-02 2.19366212e-02 2.21627719e-02 2.23889226e-02
 2.26150734e-02]
Frequencies: [5.2011256e+07 7.3228311e+07 7.5341418e+07 6.9628430e+07 6.6972133e+07
 6.9015016e+07 7.4108285e+07 8.0508049e+07 8.6182932e+07 9.0647585e+07
 9.3022976e+07 9.3826811e+07 9.2963499e+07 9.1732110e+07 9.0241340e+07
 8.8803263e+07 8.7642434e+07 8.6323033e+07 8.4345519e+07 8.1828210e+07
 7.9057754e+07 7.5871266e+07 7.2595976e+07 6.9514719e+07 6.6638821e+07
 6.3989739e+07 6.1595642e+07 5.9457983e+07 5.7545483e+07 5.5893201e+07
 5.4351379e+07 5.3063159e+07 5.1960179e+07 5.1055386e+07 5.0302824e+07
 4.9806639e+07 4.9594690e+07 4.9490024e+07 4.9442374e+07 4.9472848e+07
 4.9638935e+07 4.9816684e+07 5.0132458e+07 5.0580913e+07 5.1286430e+07
 5.2227485e+07 5.3431465e+07 5.4861285e+07 5.6499129e+07 5.8250454e+07
 5.9997483e+07 6.1661102e+07 6.3214976e+07 6.4562270e+07 6.5795597e+07
 6.6794352e+07 6.7627779e+07 6.8197611e+07 6.8571794e+07 6.8854302e+07
 6.9026338e+07 6.9004584e+07 6.8395254e+07 6.6536908e+07 6.2799393e+07
 5.6586300e+07 4.7934727e+07 3.7826628e+07 2.7718425e+07 1.8898154e+07
 1.2217494e+07 7.6909990e+06 4.8849150e+06 3.2035910e+06 2.1856260e+06
 1.5361050e+06 1.1034150e+06 7.9427800e+05 5.6831100e+05 4.0006300e+05
 2.7511700e+05 1.8715200e+05 1.2258600e+05 7.9272000e+04 4.9521000e+04
 3.0843000e+04 1.8957000e+04 1.1686000e+04 7.9020000e+03 5.3180000e+03
 3.4190000e+03 2.2110000e+03 1.5290000e+03 9.0200000e+02 4.9600000e+02
 2.7200000e+02 7.0000000e+01 2.2000000e+01 8.0000000e+00 9.0000000e+00]
