Standard Deviation: 7.223318645023454
Skewness: 0.07823127696872317
Kurtosis: 2.1260202663704
Median: -0.0722209965809516
Mean: -0.043114055028285476
Deciles: [-3.69842155  3.53681384]
Minimum: -56.09196418103139
Maximum: 62.0674555342232
Bin Edges: [-56.09196418 -54.91036998 -53.72877579 -52.54718159 -51.36558739
 -50.1839932  -49.002399   -47.8208048  -46.6392106  -45.45761641
 -44.27602221 -43.09442801 -41.91283382 -40.73123962 -39.54964542
 -38.36805122 -37.18645703 -36.00486283 -34.82326863 -33.64167444
 -32.46008024 -31.27848604 -30.09689184 -28.91529765 -27.73370345
 -26.55210925 -25.37051506 -24.18892086 -23.00732666 -21.82573246
 -20.64413827 -19.46254407 -18.28094987 -17.09935567 -15.91776148
 -14.73616728 -13.55457308 -12.37297889 -11.19138469 -10.00979049
  -8.82819629  -7.6466021   -6.4650079   -5.2834137   -4.10181951
  -2.92022531  -1.73863111  -0.55703691   0.62455728   1.80615148
   2.98774568   4.16933987   5.35093407   6.53252827   7.71412247
   8.89571666  10.07731086  11.25890506  12.44049925  13.62209345
  14.80368765  15.98528185  17.16687604  18.34847024  19.53006444
  20.71165863  21.89325283  23.07484703  24.25644123  25.43803542
  26.61962962  27.80122382  28.98281801  30.16441221  31.34600641
  32.52760061  33.7091948   34.890789    36.0723832   37.25397739
  38.43557159  39.61716579  40.79875999  41.98035418  43.16194838
  44.34354258  45.52513677  46.70673097  47.88832517  49.06991937
  50.25151356  51.43310776  52.61470196  53.79629615  54.97789035
  56.15948455  57.34107875  58.52267294  59.70426714  60.88586134
  62.06745553]
Frequencies: [1.20000000e+01 2.40000000e+01 6.80000000e+01 1.74000000e+02
 4.01000000e+02 6.13000000e+02 1.17300000e+03 2.10400000e+03
 3.47000000e+03 5.79000000e+03 9.17700000e+03 1.51690000e+04
 2.41780000e+04 3.79940000e+04 5.89950000e+04 9.05730000e+04
 1.35450000e+05 2.02786000e+05 2.96428000e+05 4.30752000e+05
 6.20468000e+05 8.77017000e+05 1.21626200e+06 1.66417200e+06
 2.25428600e+06 3.02515600e+06 4.00642900e+06 5.25960200e+06
 6.84313700e+06 8.85761900e+06 1.13452000e+07 1.44242710e+07
 1.82302860e+07 2.28935220e+07 2.85857000e+07 3.55411720e+07
 4.39948940e+07 5.44287600e+07 6.73857610e+07 8.38919040e+07
 1.05103079e+08 1.33228498e+08 1.70732470e+08 2.20472286e+08
 2.83348492e+08 3.52805569e+08 4.10900535e+08 4.31634466e+08
 4.04297376e+08 3.42168734e+08 2.71059300e+08 2.08831344e+08
 1.60710567e+08 1.25080801e+08 9.87543110e+07 7.88967910e+07
 6.35594250e+07 5.14948670e+07 4.18879950e+07 3.41073940e+07
 2.77560550e+07 2.25098670e+07 1.81933020e+07 1.46423220e+07
 1.17111120e+07 9.30211000e+06 7.34525500e+06 5.75239900e+06
 4.46609800e+06 3.44732200e+06 2.64491600e+06 2.01684900e+06
 1.53317100e+06 1.14047600e+06 8.42827000e+05 6.14654000e+05
 4.47175000e+05 3.20994000e+05 2.27124000e+05 1.60013000e+05
 1.12817000e+05 7.91730000e+04 5.59790000e+04 3.96850000e+04
 2.80560000e+04 1.93210000e+04 1.30530000e+04 9.02000000e+03
 6.19600000e+03 4.29900000e+03 2.77200000e+03 1.67100000e+03
 1.10600000e+03 6.43000000e+02 3.51000000e+02 2.49000000e+02
 1.50000000e+02 8.20000000e+01 5.10000000e+01 3.60000000e+01]
