Standard Deviation: 6.871658130207381
Skewness: -0.2289357633465995
Kurtosis: 1.6994336923413371
Median: 0.24509832645572127
Mean: 0.10716723833759835
Deciles: [-3.89999866  4.37321524]
Minimum: -53.18885700095617
Maximum: 56.022885994625085
Bin Edges: [-53.188857   -52.09673957 -51.00462214 -49.91250471 -48.82038728
 -47.72826985 -46.63615242 -45.54403499 -44.45191756 -43.35980013
 -42.2676827  -41.17556527 -40.08344784 -38.99133041 -37.89921298
 -36.80709555 -35.71497812 -34.62286069 -33.53074326 -32.43862583
 -31.3465084  -30.25439097 -29.16227354 -28.07015611 -26.97803868
 -25.88592125 -24.79380382 -23.70168639 -22.60956896 -21.51745153
 -20.4253341  -19.33321667 -18.24109924 -17.14898181 -16.05686438
 -14.96474695 -13.87262952 -12.78051209 -11.68839466 -10.59627723
  -9.5041598   -8.41204237  -7.31992494  -6.22780751  -5.13569008
  -4.04357265  -2.95145522  -1.85933779  -0.76722036   0.32489707
   1.4170145    2.50913193   3.60124936   4.69336679   5.78548422
   6.87760165   7.96971908   9.06183651  10.15395394  11.24607137
  12.3381888   13.43030623  14.52242366  15.61454109  16.70665852
  17.79877595  18.89089338  19.98301081  21.07512824  22.16724567
  23.2593631   24.35148053  25.44359796  26.53571539  27.62783282
  28.71995025  29.81206768  30.90418511  31.99630254  33.08841997
  34.1805374   35.27265483  36.36477226  37.45688969  38.54900712
  39.64112455  40.73324198  41.82535941  42.91747684  44.00959427
  45.1017117   46.19382913  47.28594655  48.37806398  49.47018141
  50.56229884  51.65441627  52.7465337   53.83865113  54.93076856
  56.02288599]
Frequencies: [1.00000000e+01 9.00000000e+00 4.50000000e+01 9.00000000e+01
 1.83000000e+02 3.43000000e+02 5.37000000e+02 1.14000000e+03
 2.41000000e+03 4.83600000e+03 1.01430000e+04 1.95540000e+04
 3.53560000e+04 6.04580000e+04 1.00757000e+05 1.63130000e+05
 2.57100000e+05 3.85039000e+05 5.49878000e+05 7.64247000e+05
 1.02653300e+06 1.34083700e+06 1.70971600e+06 2.13820400e+06
 2.62744600e+06 3.18446800e+06 3.85184900e+06 4.64165100e+06
 5.60329700e+06 6.77076200e+06 8.20265500e+06 9.98876200e+06
 1.22921460e+07 1.52595070e+07 1.91968330e+07 2.44329100e+07
 3.15072830e+07 4.10201370e+07 5.37837540e+07 7.05260830e+07
 9.20150280e+07 1.18978762e+08 1.52049592e+08 1.89618340e+08
 2.28380281e+08 2.64146800e+08 2.93138049e+08 3.12874133e+08
 3.21484328e+08 3.20280468e+08 3.09898181e+08 2.91014689e+08
 2.65247111e+08 2.32920987e+08 1.95548313e+08 1.56728569e+08
 1.20905201e+08 9.12023550e+07 6.78316630e+07 5.00925820e+07
 3.68947990e+07 2.71782640e+07 2.00649800e+07 1.48288550e+07
 1.09524850e+07 8.12647200e+06 6.08726700e+06 4.60985100e+06
 3.56210700e+06 2.79089900e+06 2.20056900e+06 1.76147700e+06
 1.40579300e+06 1.12681900e+06 9.04934000e+05 7.17982000e+05
 5.64532000e+05 4.39887000e+05 3.36099000e+05 2.51047000e+05
 1.84685000e+05 1.29976000e+05 8.86640000e+04 5.86480000e+04
 3.82010000e+04 2.50790000e+04 1.54080000e+04 9.18300000e+03
 5.69500000e+03 3.33000000e+03 1.86500000e+03 1.17600000e+03
 6.33000000e+02 3.82000000e+02 2.44000000e+02 1.07000000e+02
 3.40000000e+01 3.20000000e+01 3.00000000e+00 7.00000000e+00]
