Standard Deviation: 18.727484893451184
Skewness: 0.6753778198880565
Kurtosis: 0.33526564819293947
Median: 11.131844709243943
Mean: 13.772429126376638
Deciles: [-0.32769984 25.33890303]
Minimum: -65.35036571013168
Maximum: 127.64131857922577
Bin Edges: [-65.35036571 -63.42044887 -61.49053202 -59.56061518 -57.63069834
 -55.7007815  -53.77086465 -51.84094781 -49.91103097 -47.98111412
 -46.05119728 -44.12128044 -42.1913636  -40.26144675 -38.33152991
 -36.40161307 -34.47169622 -32.54177938 -30.61186254 -28.6819457
 -26.75202885 -24.82211201 -22.89219517 -20.96227832 -19.03236148
 -17.10244464 -15.17252779 -13.24261095 -11.31269411  -9.38277727
  -7.45286042  -5.52294358  -3.59302674  -1.66310989   0.26680695
   2.19672379   4.12664063   6.05655748   7.98647432   9.91639116
  11.84630801  13.77622485  15.70614169  17.63605853  19.56597538
  21.49589222  23.42580906  25.35572591  27.28564275  29.21555959
  31.14547643  33.07539328  35.00531012  36.93522696  38.86514381
  40.79506065  42.72497749  44.65489433  46.58481118  48.51472802
  50.44464486  52.37456171  54.30447855  56.23439539  58.16431224
  60.09422908  62.02414592  63.95406276  65.88397961  67.81389645
  69.74381329  71.67373014  73.60364698  75.53356382  77.46348066
  79.39339751  81.32331435  83.25323119  85.18314804  87.11306488
  89.04298172  90.97289856  92.90281541  94.83273225  96.76264909
  98.69256594 100.62248278 102.55239962 104.48231646 106.41223331
 108.34215015 110.27206699 112.20198384 114.13190068 116.06181752
 117.99173436 119.92165121 121.85156805 123.78148489 125.71140174
 127.64131858]
Frequencies: [2.40000000e+01 1.45000000e+02 5.24000000e+02 1.30700000e+03
 3.21300000e+03 5.80200000e+03 9.97100000e+03 1.69810000e+04
 2.59890000e+04 4.16890000e+04 6.42780000e+04 9.50720000e+04
 1.41564000e+05 2.09038000e+05 3.08426000e+05 4.57898000e+05
 6.77615000e+05 1.00227700e+06 1.50488300e+06 2.31052100e+06
 3.67128600e+06 5.97435300e+06 9.84224800e+06 1.59990390e+07
 2.54665770e+07 3.94188670e+07 5.82847840e+07 8.15902710e+07
 1.07658299e+08 1.33581435e+08 1.56297767e+08 1.73317623e+08
 1.84932097e+08 1.92044613e+08 1.95197511e+08 1.95350228e+08
 1.93644622e+08 1.90589143e+08 1.86191214e+08 1.81026423e+08
 1.75182350e+08 1.68659982e+08 1.61496511e+08 1.53727292e+08
 1.45567149e+08 1.37126001e+08 1.28251807e+08 1.19462585e+08
 1.10675646e+08 1.01854753e+08 9.32397330e+07 8.49830650e+07
 7.70757130e+07 6.96045430e+07 6.25379870e+07 5.58801260e+07
 4.97385660e+07 4.40122380e+07 3.87605260e+07 3.40044810e+07
 2.96949280e+07 2.58099720e+07 2.23167700e+07 1.91699610e+07
 1.63912060e+07 1.39660290e+07 1.18114970e+07 9.94168200e+06
 8.28505700e+06 6.87455800e+06 5.66529900e+06 4.63572900e+06
 3.78067800e+06 3.06107700e+06 2.45458000e+06 1.95604700e+06
 1.55737400e+06 1.23849300e+06 9.61215000e+05 7.41246000e+05
 5.61799000e+05 4.22246000e+05 3.22325000e+05 2.41341000e+05
 1.75838000e+05 1.24405000e+05 8.51920000e+04 5.75070000e+04
 3.75460000e+04 2.20360000e+04 1.20540000e+04 6.23500000e+03
 2.92600000e+03 1.12300000e+03 7.30000000e+02 3.34000000e+02
 1.36000000e+02 8.40000000e+01 4.60000000e+01 2.80000000e+01]
