Standard Deviation: 1.3198693200464698e-05
Skewness: 38.16058421653982
Kurtosis: 2128.4920708805134
Median: 0.0
Mean: 8.850258515735917e-07
Deciles: [0. 0.]
Minimum: 0.0
Maximum: 0.0023803620766614923
Bin Edges: [0.00000000e+00 2.38036208e-05 4.76072415e-05 7.14108623e-05
 9.52144831e-05 1.19018104e-04 1.42821725e-04 1.66625345e-04
 1.90428966e-04 2.14232587e-04 2.38036208e-04 2.61839828e-04
 2.85643449e-04 3.09447070e-04 3.33250691e-04 3.57054311e-04
 3.80857932e-04 4.04661553e-04 4.28465174e-04 4.52268795e-04
 4.76072415e-04 4.99876036e-04 5.23679657e-04 5.47483278e-04
 5.71286898e-04 5.95090519e-04 6.18894140e-04 6.42697761e-04
 6.66501381e-04 6.90305002e-04 7.14108623e-04 7.37912244e-04
 7.61715865e-04 7.85519485e-04 8.09323106e-04 8.33126727e-04
 8.56930348e-04 8.80733968e-04 9.04537589e-04 9.28341210e-04
 9.52144831e-04 9.75948451e-04 9.99752072e-04 1.02355569e-03
 1.04735931e-03 1.07116293e-03 1.09496656e-03 1.11877018e-03
 1.14257380e-03 1.16637742e-03 1.19018104e-03 1.21398466e-03
 1.23778828e-03 1.26159190e-03 1.28539552e-03 1.30919914e-03
 1.33300276e-03 1.35680638e-03 1.38061000e-03 1.40441363e-03
 1.42821725e-03 1.45202087e-03 1.47582449e-03 1.49962811e-03
 1.52343173e-03 1.54723535e-03 1.57103897e-03 1.59484259e-03
 1.61864621e-03 1.64244983e-03 1.66625345e-03 1.69005707e-03
 1.71386070e-03 1.73766432e-03 1.76146794e-03 1.78527156e-03
 1.80907518e-03 1.83287880e-03 1.85668242e-03 1.88048604e-03
 1.90428966e-03 1.92809328e-03 1.95189690e-03 1.97570052e-03
 1.99950414e-03 2.02330777e-03 2.04711139e-03 2.07091501e-03
 2.09471863e-03 2.11852225e-03 2.14232587e-03 2.16612949e-03
 2.18993311e-03 2.21373673e-03 2.23754035e-03 2.26134397e-03
 2.28514759e-03 2.30895121e-03 2.33275484e-03 2.35655846e-03
 2.38036208e-03]
Frequencies: [4.50803536e+09 1.32457620e+07 6.86950700e+06 4.30566600e+06
 2.40318300e+06 1.31868200e+06 8.52503000e+05 6.24172000e+05
 4.89244000e+05 3.99461000e+05 3.35890000e+05 2.84963000e+05
 2.43153000e+05 2.08767000e+05 1.80704000e+05 1.56483000e+05
 1.37513000e+05 1.21229000e+05 1.07694000e+05 9.56070000e+04
 8.45150000e+04 7.56960000e+04 6.75430000e+04 6.00640000e+04
 5.32530000e+04 4.75600000e+04 4.24830000e+04 3.76100000e+04
 3.35360000e+04 3.00580000e+04 2.67170000e+04 2.36820000e+04
 2.13330000e+04 1.86930000e+04 1.69860000e+04 1.49010000e+04
 1.32510000e+04 1.17390000e+04 1.06790000e+04 9.30600000e+03
 8.40500000e+03 7.41100000e+03 6.43500000e+03 5.88200000e+03
 5.12600000e+03 4.38300000e+03 3.95200000e+03 3.51000000e+03
 3.13100000e+03 2.65900000e+03 2.44600000e+03 2.14600000e+03
 1.81100000e+03 1.56100000e+03 1.38300000e+03 1.21600000e+03
 1.04600000e+03 9.58000000e+02 7.36000000e+02 6.97000000e+02
 6.12000000e+02 5.15000000e+02 4.42000000e+02 3.73000000e+02
 3.21000000e+02 2.42000000e+02 2.24000000e+02 1.91000000e+02
 1.64000000e+02 1.60000000e+02 1.14000000e+02 9.60000000e+01
 7.90000000e+01 7.60000000e+01 6.00000000e+01 4.50000000e+01
 4.80000000e+01 3.10000000e+01 2.80000000e+01 3.10000000e+01
 1.90000000e+01 2.80000000e+01 1.60000000e+01 9.00000000e+00
 7.00000000e+00 5.00000000e+00 5.00000000e+00 4.00000000e+00
 1.00000000e+00 2.00000000e+00 2.00000000e+00 3.00000000e+00
 1.00000000e+00 1.00000000e+00 1.00000000e+00 2.00000000e+00
 1.00000000e+00 1.00000000e+00 0.00000000e+00 3.00000000e+00]
