Standard Deviation: 9.728603364714829
Skewness: 0.5125280519226499
Kurtosis: 0.019972522994546438
Median: 1.8195669006667086
Mean: 3.0347989330150336
Deciles: [-4.13988427  9.26192309]
Minimum: -59.81089129309386
Maximum: 65.5871442216435
Bin Edges: [-59.81089129 -58.55691094 -57.30293058 -56.04895023 -54.79496987
 -53.54098952 -52.28700916 -51.03302881 -49.77904845 -48.5250681
 -47.27108774 -46.01710739 -44.76312703 -43.50914668 -42.25516632
 -41.00118597 -39.74720561 -38.49322526 -37.2392449  -35.98526455
 -34.73128419 -33.47730383 -32.22332348 -30.96934312 -29.71536277
 -28.46138241 -27.20740206 -25.9534217  -24.69944135 -23.44546099
 -22.19148064 -20.93750028 -19.68351993 -18.42953957 -17.17555922
 -15.92157886 -14.66759851 -13.41361815 -12.1596378  -10.90565744
  -9.65167709  -8.39769673  -7.14371638  -5.88973602  -4.63575567
  -3.38177531  -2.12779496  -0.8738146    0.38016575   1.63414611
   2.88812646   4.14210682   5.39608717   6.65006753   7.90404788
   9.15802824  10.4120086   11.66598895  12.91996931  14.17394966
  15.42793002  16.68191037  17.93589073  19.18987108  20.44385144
  21.69783179  22.95181215  24.2057925   25.45977286  26.71375321
  27.96773357  29.22171392  30.47569428  31.72967463  32.98365499
  34.23763534  35.4916157   36.74559605  37.99957641  39.25355676
  40.50753712  41.76151747  43.01549783  44.26947818  45.52345854
  46.77743889  48.03141925  49.2853996   50.53937996  51.79336032
  53.04734067  54.30132103  55.55530138  56.80928174  58.06326209
  59.31724245  60.5712228   61.82520316  63.07918351  64.33316387
  65.58714422]
Frequencies: [6.00000000e+00 3.00000000e+00 1.00000000e+01 3.60000000e+01
 2.20000000e+01 3.60000000e+01 7.10000000e+01 1.33000000e+02
 2.62000000e+02 4.14000000e+02 5.80000000e+02 9.13000000e+02
 1.24000000e+03 1.67100000e+03 2.47600000e+03 3.53200000e+03
 4.84000000e+03 7.31900000e+03 1.03350000e+04 1.48100000e+04
 2.18430000e+04 3.36240000e+04 4.91700000e+04 7.17680000e+04
 1.05411000e+05 1.58332000e+05 2.35947000e+05 3.58802000e+05
 5.55445000e+05 8.97503000e+05 1.50218100e+06 2.56328400e+06
 4.46540300e+06 7.74715900e+06 1.32206210e+07 2.19864390e+07
 3.52352300e+07 5.37225640e+07 7.78589910e+07 1.06845177e+08
 1.37938821e+08 1.68302053e+08 1.94964614e+08 2.16335584e+08
 2.31414355e+08 2.40268504e+08 2.43461338e+08 2.41381448e+08
 2.34857220e+08 2.25163586e+08 2.13028858e+08 1.99715932e+08
 1.86290361e+08 1.72784590e+08 1.59653182e+08 1.46850713e+08
 1.34429753e+08 1.22045032e+08 1.10198051e+08 9.87368290e+07
 8.78561890e+07 7.74907200e+07 6.77262250e+07 5.85211160e+07
 4.98449540e+07 4.18519590e+07 3.46380200e+07 2.81364010e+07
 2.24607400e+07 1.76340400e+07 1.35906710e+07 1.02857240e+07
 7.64315600e+06 5.56523200e+06 3.99151300e+06 2.80519900e+06
 1.92721300e+06 1.30814900e+06 8.74374000e+05 5.70043000e+05
 3.65466000e+05 2.28913000e+05 1.39891000e+05 8.49010000e+04
 5.21590000e+04 3.31320000e+04 2.08520000e+04 1.22630000e+04
 7.60600000e+03 4.60600000e+03 3.02900000e+03 1.84900000e+03
 1.31000000e+03 9.71000000e+02 5.43000000e+02 3.28000000e+02
 9.10000000e+01 1.80000000e+01 4.00000000e+00 3.00000000e+00]
