Standard Deviation: 1.1069730504839603e-05
Skewness: 7.591451245504991
Kurtosis: 71.26426849941029
Median: 0.0
Mean: 2.066000022693054e-06
Deciles: [0. 0.]
Minimum: 0.0
Maximum: 0.0005170841269899731
Bin Edges: [0.00000000e+00 5.17084127e-06 1.03416825e-05 1.55125238e-05
 2.06833651e-05 2.58542063e-05 3.10250476e-05 3.61958889e-05
 4.13667302e-05 4.65375714e-05 5.17084127e-05 5.68792540e-05
 6.20500952e-05 6.72209365e-05 7.23917778e-05 7.75626190e-05
 8.27334603e-05 8.79043016e-05 9.30751429e-05 9.82459841e-05
 1.03416825e-04 1.08587667e-04 1.13758508e-04 1.18929349e-04
 1.24100190e-04 1.29271032e-04 1.34441873e-04 1.39612714e-04
 1.44783556e-04 1.49954397e-04 1.55125238e-04 1.60296079e-04
 1.65466921e-04 1.70637762e-04 1.75808603e-04 1.80979444e-04
 1.86150286e-04 1.91321127e-04 1.96491968e-04 2.01662810e-04
 2.06833651e-04 2.12004492e-04 2.17175333e-04 2.22346175e-04
 2.27517016e-04 2.32687857e-04 2.37858698e-04 2.43029540e-04
 2.48200381e-04 2.53371222e-04 2.58542063e-04 2.63712905e-04
 2.68883746e-04 2.74054587e-04 2.79225429e-04 2.84396270e-04
 2.89567111e-04 2.94737952e-04 2.99908794e-04 3.05079635e-04
 3.10250476e-04 3.15421317e-04 3.20592159e-04 3.25763000e-04
 3.30933841e-04 3.36104683e-04 3.41275524e-04 3.46446365e-04
 3.51617206e-04 3.56788048e-04 3.61958889e-04 3.67129730e-04
 3.72300571e-04 3.77471413e-04 3.82642254e-04 3.87813095e-04
 3.92983937e-04 3.98154778e-04 4.03325619e-04 4.08496460e-04
 4.13667302e-04 4.18838143e-04 4.24008984e-04 4.29179825e-04
 4.34350667e-04 4.39521508e-04 4.44692349e-04 4.49863190e-04
 4.55034032e-04 4.60204873e-04 4.65375714e-04 4.70546556e-04
 4.75717397e-04 4.80888238e-04 4.86059079e-04 4.91229921e-04
 4.96400762e-04 5.01571603e-04 5.06742444e-04 5.11913286e-04
 5.17084127e-04]
Frequencies: [4.29067629e+09 4.26360450e+07 3.17849930e+07 2.57241420e+07
 2.14819020e+07 1.81976260e+07 1.55106880e+07 1.32828210e+07
 1.14281040e+07 9.87823000e+06 8.56774800e+06 7.45486400e+06
 6.50607800e+06 5.67651700e+06 4.95394000e+06 4.31256300e+06
 3.74804400e+06 3.24142200e+06 2.78701000e+06 2.37597400e+06
 2.00770600e+06 1.67970900e+06 1.39464500e+06 1.14331200e+06
 9.34047000e+05 7.54209000e+05 6.06935000e+05 4.84925000e+05
 3.88499000e+05 3.09629000e+05 2.49159000e+05 2.00840000e+05
 1.60805000e+05 1.29679000e+05 1.03622000e+05 8.35760000e+04
 6.66260000e+04 5.37760000e+04 4.27840000e+04 3.46820000e+04
 2.74040000e+04 2.17530000e+04 1.73570000e+04 1.37070000e+04
 1.04740000e+04 8.27800000e+03 6.49100000e+03 5.05200000e+03
 4.03300000e+03 3.11800000e+03 2.51300000e+03 1.91800000e+03
 1.55300000e+03 1.24000000e+03 9.66000000e+02 7.54000000e+02
 6.09000000e+02 4.74000000e+02 3.98000000e+02 2.94000000e+02
 2.67000000e+02 2.21000000e+02 1.77000000e+02 1.48000000e+02
 1.34000000e+02 1.02000000e+02 6.00000000e+01 6.50000000e+01
 4.40000000e+01 4.30000000e+01 2.90000000e+01 2.40000000e+01
 1.70000000e+01 2.20000000e+01 1.20000000e+01 1.50000000e+01
 1.30000000e+01 7.00000000e+00 7.00000000e+00 3.00000000e+00
 7.00000000e+00 4.00000000e+00 3.00000000e+00 2.00000000e+00
 1.00000000e+00 4.00000000e+00 6.00000000e+00 2.00000000e+00
 1.00000000e+00 0.00000000e+00 1.00000000e+00 0.00000000e+00
 0.00000000e+00 1.00000000e+00 1.00000000e+00 0.00000000e+00
 0.00000000e+00 0.00000000e+00 0.00000000e+00 1.00000000e+00]
