Standard Deviation: 0.002408295473814663
Skewness: 0.9642564621946079
Kurtosis: -0.11382386727626281
Median: 0.0018166708116124468
Mean: 0.002663000514484126
Deciles: [0.00068712 0.00415437]
Minimum: 1e-12
Maximum: 0.015393691332065416
Bin Edges: [1.00000000e-12 1.53936914e-04 3.07873828e-04 4.61810741e-04
 6.15747654e-04 7.69684568e-04 9.23621481e-04 1.07755839e-03
 1.23149531e-03 1.38543222e-03 1.53936913e-03 1.69330605e-03
 1.84724296e-03 2.00117987e-03 2.15511679e-03 2.30905370e-03
 2.46299061e-03 2.61692753e-03 2.77086444e-03 2.92480135e-03
 3.07873827e-03 3.23267518e-03 3.38661209e-03 3.54054901e-03
 3.69448592e-03 3.84842283e-03 4.00235975e-03 4.15629666e-03
 4.31023357e-03 4.46417049e-03 4.61810740e-03 4.77204431e-03
 4.92598123e-03 5.07991814e-03 5.23385505e-03 5.38779197e-03
 5.54172888e-03 5.69566579e-03 5.84960271e-03 6.00353962e-03
 6.15747653e-03 6.31141345e-03 6.46535036e-03 6.61928727e-03
 6.77322419e-03 6.92716110e-03 7.08109801e-03 7.23503493e-03
 7.38897184e-03 7.54290875e-03 7.69684567e-03 7.85078258e-03
 8.00471949e-03 8.15865641e-03 8.31259332e-03 8.46653023e-03
 8.62046715e-03 8.77440406e-03 8.92834097e-03 9.08227789e-03
 9.23621480e-03 9.39015171e-03 9.54408863e-03 9.69802554e-03
 9.85196245e-03 1.00058994e-02 1.01598363e-02 1.03137732e-02
 1.04677101e-02 1.06216470e-02 1.07755839e-02 1.09295208e-02
 1.10834578e-02 1.12373947e-02 1.13913316e-02 1.15452685e-02
 1.16992054e-02 1.18531423e-02 1.20070792e-02 1.21610162e-02
 1.23149531e-02 1.24688900e-02 1.26228269e-02 1.27767638e-02
 1.29307007e-02 1.30846376e-02 1.32385745e-02 1.33925115e-02
 1.35464484e-02 1.37003853e-02 1.38543222e-02 1.40082591e-02
 1.41621960e-02 1.43161329e-02 1.44700699e-02 1.46240068e-02
 1.47779437e-02 1.49318806e-02 1.50858175e-02 1.52397544e-02
 1.53936913e-02]
Frequencies: [2.06836694e+08 2.88611951e+08 2.79773679e+08 2.52500964e+08
 2.24818018e+08 1.99350892e+08 1.76929131e+08 1.57829235e+08
 1.42516218e+08 1.30404788e+08 1.20563701e+08 1.12115566e+08
 1.04920322e+08 9.86676470e+07 9.30226320e+07 8.79336600e+07
 8.33224130e+07 7.90689390e+07 7.50652520e+07 7.13701860e+07
 6.80318510e+07 6.49461720e+07 6.21981310e+07 5.96741470e+07
 5.74056370e+07 5.52982730e+07 5.33678460e+07 5.15588590e+07
 4.98983060e+07 4.83671170e+07 4.69424850e+07 4.56012990e+07
 4.43857660e+07 4.33032510e+07 4.23568680e+07 4.15008340e+07
 4.07420480e+07 4.00535850e+07 3.94263890e+07 3.88864300e+07
 3.83901510e+07 3.79175880e+07 3.73828910e+07 3.67616000e+07
 3.60995250e+07 3.52612330e+07 3.43346230e+07 3.32014850e+07
 3.19263530e+07 3.04746090e+07 2.88792880e+07 2.71157040e+07
 2.51703540e+07 2.30598320e+07 2.07407990e+07 1.81755260e+07
 1.54856520e+07 1.27359290e+07 1.00721570e+07 7.66608400e+06
 5.64822400e+06 4.06722700e+06 2.89688600e+06 2.07344700e+06
 1.49967000e+06 1.10447500e+06 8.32027000e+05 6.33644000e+05
 4.87549000e+05 3.71882000e+05 2.85293000e+05 2.16705000e+05
 1.63341000e+05 1.24702000e+05 9.32440000e+04 6.91350000e+04
 5.04930000e+04 3.65200000e+04 2.68680000e+04 2.04090000e+04
 1.53170000e+04 1.19470000e+04 8.93200000e+03 6.76500000e+03
 5.37800000e+03 3.87400000e+03 2.89000000e+03 2.23800000e+03
 1.69300000e+03 1.41900000e+03 1.06600000e+03 7.37000000e+02
 5.20000000e+02 4.35000000e+02 2.80000000e+02 1.08000000e+02
 5.70000000e+01 2.10000000e+01 9.00000000e+00 8.00000000e+00]
