Standard Deviation: 6.766972956835821
Skewness: -0.14498173804697786
Kurtosis: 1.9535743803743157
Median: 0.24239305120710378
Mean: 0.15940370619563873
Deciles: [-3.72589525  4.20243929]
Minimum: -58.39633504225738
Maximum: 58.98904544922537
Bin Edges: [-58.39633504 -57.22248124 -56.04862743 -54.87477363 -53.70091982
 -52.52706602 -51.35321221 -50.17935841 -49.0055046  -47.8316508
 -46.65779699 -45.48394319 -44.31008938 -43.13623558 -41.96238177
 -40.78852797 -39.61467416 -38.44082036 -37.26696655 -36.09311275
 -34.91925894 -33.74540514 -32.57155133 -31.39769753 -30.22384372
 -29.04998992 -27.87613611 -26.70228231 -25.5284285  -24.3545747
 -23.18072089 -22.00686709 -20.83301328 -19.65915948 -18.48530568
 -17.31145187 -16.13759807 -14.96374426 -13.78989046 -12.61603665
 -11.44218285 -10.26832904  -9.09447524  -7.92062143  -6.74676763
  -5.57291382  -4.39906002  -3.22520621  -2.05135241  -0.8774986
   0.2963552    1.47020901   2.64406281   3.81791662   4.99177042
   6.16562423   7.33947803   8.51333184   9.68718564  10.86103945
  12.03489325  13.20874706  14.38260086  15.55645467  16.73030847
  17.90416228  19.07801608  20.25186989  21.42572369  22.5995775
  23.7734313   24.94728511  26.12113891  27.29499272  28.46884652
  29.64270033  30.81655413  31.99040794  33.16426174  34.33811555
  35.51196935  36.68582316  37.85967696  39.03353077  40.20738457
  41.38123838  42.55509218  43.72894599  44.90279979  46.0766536
  47.2505074   48.4243612   49.59821501  50.77206881  51.94592262
  53.11977642  54.29363023  55.46748403  56.64133784  57.81519164
  58.98904545]
Frequencies: [5.00000000e+00 2.00000000e+00 1.60000000e+01 4.50000000e+01
 1.01000000e+02 2.31000000e+02 5.63000000e+02 1.30200000e+03
 2.90600000e+03 5.69000000e+03 1.03290000e+04 1.75480000e+04
 2.82100000e+04 4.43720000e+04 6.75600000e+04 9.75450000e+04
 1.36493000e+05 1.83667000e+05 2.44017000e+05 3.21655000e+05
 4.18313000e+05 5.36644000e+05 6.86654000e+05 8.70278000e+05
 1.09899700e+06 1.37837600e+06 1.73410800e+06 2.17599800e+06
 2.73988800e+06 3.45233200e+06 4.35076200e+06 5.52132200e+06
 7.03176800e+06 9.03578500e+06 1.16635430e+07 1.52357440e+07
 2.00611790e+07 2.65318520e+07 3.50950090e+07 4.63062240e+07
 6.09571920e+07 8.00636580e+07 1.05000889e+08 1.37516920e+08
 1.78374406e+08 2.25284723e+08 2.73254977e+08 3.16533734e+08
 3.48774338e+08 3.64596949e+08 3.62807185e+08 3.45388624e+08
 3.15243842e+08 2.75455139e+08 2.29260405e+08 1.82007973e+08
 1.39107364e+08 1.04166869e+08 7.74260460e+07 5.75406310e+07
 4.28091330e+07 3.17063850e+07 2.33759830e+07 1.71942510e+07
 1.26381410e+07 9.30866800e+06 6.86104200e+06 5.08648600e+06
 3.78705500e+06 2.84877800e+06 2.17077700e+06 1.65976400e+06
 1.27919500e+06 9.95716000e+05 7.82520000e+05 6.19650000e+05
 4.91361000e+05 3.93158000e+05 3.11744000e+05 2.45500000e+05
 1.94867000e+05 1.53066000e+05 1.18830000e+05 9.06140000e+04
 6.70820000e+04 4.82420000e+04 3.41200000e+04 2.35700000e+04
 1.57830000e+04 9.77500000e+03 6.02700000e+03 3.58400000e+03
 2.15400000e+03 1.18500000e+03 5.00000000e+02 2.23000000e+02
 1.10000000e+02 3.90000000e+01 2.00000000e+01 5.00000000e+00]
