Standard Deviation: 5.821798459927971
Skewness: -0.21224618891665115
Kurtosis: 1.1901164375235593
Median: 0.20627876051070923
Mean: 0.0645871134990648
Deciles: [-3.37991978  3.7599642 ]
Minimum: -47.15239938490427
Maximum: 50.07910265714771
Bin Edges: [-47.15239938 -46.18008436 -45.20776934 -44.23545432 -43.2631393
 -42.29082428 -41.31850926 -40.34619424 -39.37387922 -38.4015642
 -37.42924918 -36.45693416 -35.48461914 -34.51230412 -33.5399891
 -32.56767408 -31.59535906 -30.62304404 -29.65072902 -28.678414
 -27.70609898 -26.73378396 -25.76146894 -24.78915392 -23.81683889
 -22.84452387 -21.87220885 -20.89989383 -19.92757881 -18.95526379
 -17.98294877 -17.01063375 -16.03831873 -15.06600371 -14.09368869
 -13.12137367 -12.14905865 -11.17674363 -10.20442861  -9.23211359
  -8.25979857  -7.28748355  -6.31516853  -5.34285351  -4.37053849
  -3.39822347  -2.42590845  -1.45359343  -0.4812784    0.49103662
   1.46335164   2.43566666   3.40798168   4.3802967    5.35261172
   6.32492674   7.29724176   8.26955678   9.2418718   10.21418682
  11.18650184  12.15881686  13.13113188  14.1034469   15.07576192
  16.04807694  17.02039196  17.99270698  18.965022    19.93733702
  20.90965204  21.88196706  22.85428209  23.82659711  24.79891213
  25.77122715  26.74354217  27.71585719  28.68817221  29.66048723
  30.63280225  31.60511727  32.57743229  33.54974731  34.52206233
  35.49437735  36.46669237  37.43900739  38.41132241  39.38363743
  40.35595245  41.32826747  42.30058249  43.27289751  44.24521253
  45.21752756  46.18984258  47.1621576   48.13447262  49.10678764
  50.07910266]
Frequencies: [1.60000000e+01 1.40000000e+01 2.60000000e+01 7.10000000e+01
 6.60000000e+01 1.40000000e+02 2.69000000e+02 3.96000000e+02
 6.78000000e+02 1.10200000e+03 1.79600000e+03 2.95600000e+03
 4.82900000e+03 8.57500000e+03 1.48780000e+04 2.48940000e+04
 4.08250000e+04 6.63290000e+04 1.08646000e+05 1.74453000e+05
 2.76394000e+05 4.27526000e+05 6.49494000e+05 9.67024000e+05
 1.40865500e+06 1.99762000e+06 2.77151000e+06 3.76717300e+06
 5.03891400e+06 6.60484000e+06 8.54012200e+06 1.09309040e+07
 1.38094960e+07 1.73427910e+07 2.16888070e+07 2.70989770e+07
 3.39570190e+07 4.26865820e+07 5.40120810e+07 6.89975020e+07
 8.95223690e+07 1.17687730e+08 1.54682505e+08 1.99196782e+08
 2.45743068e+08 2.84649060e+08 3.08687445e+08 3.19443545e+08
 3.22076075e+08 3.23343487e+08 3.17510915e+08 2.98790652e+08
 2.68230946e+08 2.30094084e+08 1.88337891e+08 1.46931274e+08
 1.09713151e+08 7.97877680e+07 5.74946520e+07 4.15697760e+07
 3.02504010e+07 2.21259470e+07 1.62813410e+07 1.20016850e+07
 8.84704700e+06 6.53687500e+06 4.83364000e+06 3.58138300e+06
 2.66181700e+06 1.96951100e+06 1.45840900e+06 1.07901100e+06
 7.89208000e+05 5.70600000e+05 4.03300000e+05 2.81945000e+05
 1.96943000e+05 1.34819000e+05 9.09650000e+04 6.11740000e+04
 3.98580000e+04 2.50630000e+04 1.61350000e+04 1.02860000e+04
 6.56200000e+03 4.26900000e+03 2.80100000e+03 1.83400000e+03
 1.24700000e+03 8.00000000e+02 5.77000000e+02 3.96000000e+02
 2.18000000e+02 1.78000000e+02 8.60000000e+01 3.90000000e+01
 2.30000000e+01 2.30000000e+01 1.10000000e+01 8.00000000e+00]
