Standard Deviation: 7.327340879257537e-05
Skewness: 4.14877384991378
Kurtosis: 24.360340014809168
Median: 6.617444900424222e-24
Mean: 3.5146913992102596e-05
Deciles: [0.00000000e+00 4.21576832e-05]
Minimum: 0.0
Maximum: 0.0011180335748095557
Bin Edges: [0.00000000e+00 1.11803357e-05 2.23606715e-05 3.35410072e-05
 4.47213430e-05 5.59016787e-05 6.70820145e-05 7.82623502e-05
 8.94426860e-05 1.00623022e-04 1.11803357e-04 1.22983693e-04
 1.34164029e-04 1.45344365e-04 1.56524700e-04 1.67705036e-04
 1.78885372e-04 1.90065708e-04 2.01246043e-04 2.12426379e-04
 2.23606715e-04 2.34787051e-04 2.45967386e-04 2.57147722e-04
 2.68328058e-04 2.79508394e-04 2.90688729e-04 3.01869065e-04
 3.13049401e-04 3.24229737e-04 3.35410072e-04 3.46590408e-04
 3.57770744e-04 3.68951080e-04 3.80131415e-04 3.91311751e-04
 4.02492087e-04 4.13672423e-04 4.24852758e-04 4.36033094e-04
 4.47213430e-04 4.58393766e-04 4.69574101e-04 4.80754437e-04
 4.91934773e-04 5.03115109e-04 5.14295444e-04 5.25475780e-04
 5.36656116e-04 5.47836452e-04 5.59016787e-04 5.70197123e-04
 5.81377459e-04 5.92557795e-04 6.03738130e-04 6.14918466e-04
 6.26098802e-04 6.37279138e-04 6.48459473e-04 6.59639809e-04
 6.70820145e-04 6.82000481e-04 6.93180816e-04 7.04361152e-04
 7.15541488e-04 7.26721824e-04 7.37902159e-04 7.49082495e-04
 7.60262831e-04 7.71443167e-04 7.82623502e-04 7.93803838e-04
 8.04984174e-04 8.16164510e-04 8.27344845e-04 8.38525181e-04
 8.49705517e-04 8.60885853e-04 8.72066188e-04 8.83246524e-04
 8.94426860e-04 9.05607196e-04 9.16787531e-04 9.27967867e-04
 9.39148203e-04 9.50328539e-04 9.61508874e-04 9.72689210e-04
 9.83869546e-04 9.95049882e-04 1.00623022e-03 1.01741055e-03
 1.02859089e-03 1.03977122e-03 1.05095156e-03 1.06213190e-03
 1.07331223e-03 1.08449257e-03 1.09567290e-03 1.10685324e-03
 1.11803357e-03]
Frequencies: [2.70649658e+09 2.79190168e+08 2.52384978e+08 2.13569547e+08
 1.77629710e+08 1.45700176e+08 1.19045755e+08 9.71693380e+07
 7.93491170e+07 6.48953060e+07 5.32638350e+07 4.39573550e+07
 3.65382990e+07 3.06253320e+07 2.59034320e+07 2.21018010e+07
 1.90150160e+07 1.65029490e+07 1.44204000e+07 1.27063620e+07
 1.12765350e+07 1.00481050e+07 9.00704100e+06 8.11607200e+06
 7.33609700e+06 6.65424100e+06 6.05862600e+06 5.53092100e+06
 5.05800200e+06 4.64209400e+06 4.26896500e+06 3.92864100e+06
 3.62247600e+06 3.34587600e+06 3.09555700e+06 2.86544800e+06
 2.65514900e+06 2.46268600e+06 2.28986600e+06 2.12556100e+06
 1.97480000e+06 1.84150000e+06 1.71106100e+06 1.59297700e+06
 1.48598500e+06 1.38227200e+06 1.29005500e+06 1.19896100e+06
 1.11790100e+06 1.04006100e+06 9.68966000e+05 9.02706000e+05
 8.36113000e+05 7.78073000e+05 7.23433000e+05 6.72217000e+05
 6.23227000e+05 5.77686000e+05 5.35010000e+05 4.95599000e+05
 4.58580000e+05 4.22571000e+05 3.90254000e+05 3.58500000e+05
 3.28918000e+05 3.01859000e+05 2.76143000e+05 2.50658000e+05
 2.28183000e+05 2.06061000e+05 1.85599000e+05 1.66999000e+05
 1.49453000e+05 1.33039000e+05 1.17663000e+05 1.04117000e+05
 9.05640000e+04 7.81300000e+04 6.72270000e+04 5.67230000e+04
 4.79330000e+04 3.94640000e+04 3.21460000e+04 2.53030000e+04
 1.98270000e+04 1.48070000e+04 1.12670000e+04 7.82600000e+03
 5.35300000e+03 3.32000000e+03 1.82200000e+03 9.52000000e+02
 4.19000000e+02 1.73000000e+02 6.90000000e+01 2.50000000e+01
 1.10000000e+01 7.00000000e+00 7.00000000e+00 7.00000000e+00]
