Standard Deviation: 21.07380694375043
Skewness: 0.44726979472648337
Kurtosis: 0.09763429153362191
Median: 15.203518026692961
Mean: 17.085215979156153
Deciles: [ 1.94515253 30.51338356]
Minimum: -62.130263831264834
Maximum: 129.87043066832248
Bin Edges: [-62.13026383 -60.21025689 -58.29024994 -56.370243   -54.45023605
 -52.53022911 -50.61022216 -48.69021522 -46.77020827 -44.85020133
 -42.93019438 -41.01018744 -39.09018049 -37.17017355 -35.2501666
 -33.33015966 -31.41015271 -29.49014577 -27.57013882 -25.65013188
 -23.73012493 -21.81011799 -19.89011104 -17.9701041  -16.05009715
 -14.13009021 -12.21008326 -10.29007632  -8.37006937  -6.45006243
  -4.53005548  -2.61004854  -0.69004159   1.22996535   3.1499723
   5.06997924   6.98998619   8.90999313  10.83000008  12.75000702
  14.67001397  16.59002091  18.51002786  20.4300348   22.35004175
  24.27004869  26.19005564  28.11006258  30.03006953  31.95007647
  33.87008342  35.79009036  37.71009731  39.63010425  41.5501112
  43.47011814  45.39012509  47.31013203  49.23013898  51.15014592
  53.07015287  54.99015981  56.91016676  58.8301737   60.75018065
  62.67018759  64.59019454  66.51020148  68.43020843  70.35021537
  72.27022232  74.19022926  76.11023621  78.03024315  79.9502501
  81.87025704  83.79026399  85.71027093  87.63027788  89.55028482
  91.47029177  93.39029871  95.31030566  97.2303126   99.15031955
 101.07032649 102.99033344 104.91034038 106.83034733 108.75035427
 110.67036122 112.59036816 114.51037511 116.43038205 118.350389
 120.27039594 122.19040289 124.11040983 126.03041678 127.95042372
 129.87043067]
Frequencies: [7.10000000e+01 2.51000000e+02 4.45000000e+02 1.12800000e+03
 2.03400000e+03 5.64700000e+03 1.89560000e+04 3.63250000e+04
 7.26380000e+04 1.34573000e+05 2.40032000e+05 4.28518000e+05
 7.48788000e+05 1.25057200e+06 2.03200400e+06 3.24389500e+06
 5.01278000e+06 7.52465100e+06 1.09664750e+07 1.55475970e+07
 2.13287470e+07 2.83609940e+07 3.64746230e+07 4.56564300e+07
 5.57402600e+07 6.64051130e+07 7.74344280e+07 8.86435000e+07
 9.99533210e+07 1.11264647e+08 1.22548149e+08 1.33850481e+08
 1.44243346e+08 1.53195998e+08 1.60126438e+08 1.64694365e+08
 1.67267448e+08 1.68055184e+08 1.67321550e+08 1.65343326e+08
 1.62219662e+08 1.58260981e+08 1.53591561e+08 1.48170373e+08
 1.42123042e+08 1.35800726e+08 1.29081960e+08 1.21930077e+08
 1.14531978e+08 1.06989898e+08 9.94709480e+07 9.20388000e+07
 8.46296040e+07 7.75029090e+07 7.06002710e+07 6.38959840e+07
 5.76609260e+07 5.17238680e+07 4.62327630e+07 4.11028660e+07
 3.63805590e+07 3.20899900e+07 2.81546870e+07 2.45482930e+07
 2.13617410e+07 1.84825630e+07 1.59593820e+07 1.37029710e+07
 1.17124470e+07 9.95854400e+06 8.41866400e+06 7.07809800e+06
 5.92453500e+06 4.93213500e+06 4.06983500e+06 3.34448600e+06
 2.71290300e+06 2.19703000e+06 1.75743100e+06 1.39700500e+06
 1.09938400e+06 8.43081000e+05 6.43354000e+05 4.93003000e+05
 3.76892000e+05 2.78471000e+05 1.99312000e+05 1.29586000e+05
 8.43690000e+04 5.35040000e+04 3.23090000e+04 1.78570000e+04
 7.91200000e+03 3.56000000e+03 1.62800000e+03 7.86000000e+02
 4.61000000e+02 1.96000000e+02 7.40000000e+01 3.70000000e+01]
