Standard Deviation: 13.876723169888402
Skewness: 0.06028364426759125
Kurtosis: 1.7752861039598669
Median: -0.14701228646412912
Mean: -0.06715098923558688
Deciles: [-7.53726629  7.28273182]
Minimum: -79.63047557426198
Maximum: 95.49489651761522
Bin Edges: [-79.63047557 -77.87922185 -76.12796813 -74.37671441 -72.62546069
 -70.87420697 -69.12295325 -67.37169953 -65.62044581 -63.86919209
 -62.11793837 -60.36668464 -58.61543092 -56.8641772  -55.11292348
 -53.36166976 -51.61041604 -49.85916232 -48.1079086  -46.35665488
 -44.60540116 -42.85414743 -41.10289371 -39.35163999 -37.60038627
 -35.84913255 -34.09787883 -32.34662511 -30.59537139 -28.84411767
 -27.09286395 -25.34161023 -23.5903565  -21.83910278 -20.08784906
 -18.33659534 -16.58534162 -14.8340879  -13.08283418 -11.33158046
  -9.58032674  -7.82907302  -6.0778193   -4.32656557  -2.57531185
  -0.82405813   0.92719559   2.67844931   4.42970303   6.18095675
   7.93221047   9.68346419  11.43471791  13.18597163  14.93722536
  16.68847908  18.4397328   20.19098652  21.94224024  23.69349396
  25.44474768  27.1960014   28.94725512  30.69850884  32.44976256
  34.20101629  35.95227001  37.70352373  39.45477745  41.20603117
  42.95728489  44.70853861  46.45979233  48.21104605  49.96229977
  51.71355349  53.46480722  55.21606094  56.96731466  58.71856838
  60.4698221   62.22107582  63.97232954  65.72358326  67.47483698
  69.2260907   70.97734442  72.72859815  74.47985187  76.23110559
  77.98235931  79.73361303  81.48486675  83.23612047  84.98737419
  86.73862791  88.48988163  90.24113535  91.99238908  93.7436428
  95.49489652]
Frequencies: [1.63000000e+02 5.45000000e+02 1.66700000e+03 4.38900000e+03
 9.49200000e+03 1.98160000e+04 3.87150000e+04 7.50340000e+04
 1.34314000e+05 2.22575000e+05 3.39464000e+05 5.09791000e+05
 7.45553000e+05 1.04896800e+06 1.44111500e+06 1.89326500e+06
 2.55300900e+06 2.70124400e+06 3.25244900e+06 3.95465200e+06
 4.79702300e+06 5.80665900e+06 7.01919200e+06 8.44056500e+06
 1.01473590e+07 1.21381970e+07 1.44962850e+07 1.72694830e+07
 2.05581480e+07 2.45179490e+07 2.92505300e+07 3.49776350e+07
 4.18669970e+07 5.02744170e+07 6.05446040e+07 7.30954080e+07
 8.82884380e+07 1.07004136e+08 1.29520295e+08 1.55948298e+08
 1.86218891e+08 2.18849301e+08 2.51288391e+08 2.80255390e+08
 3.00366185e+08 3.06569754e+08 2.96431645e+08 2.73217277e+08
 2.42362862e+08 2.09048863e+08 1.76631293e+08 1.47398977e+08
 1.22418478e+08 1.01395618e+08 8.41946770e+07 7.01267180e+07
 5.86327470e+07 4.90922860e+07 4.11283420e+07 3.45111800e+07
 2.89928530e+07 2.44150210e+07 2.05766200e+07 1.73268990e+07
 1.46138450e+07 1.22860470e+07 1.03303870e+07 8.66757600e+06
 7.24464400e+06 6.02161300e+06 4.98459500e+06 4.11879300e+06
 3.37994900e+06 2.76483100e+06 2.25204900e+06 1.81866100e+06
 1.46196800e+06 1.16134500e+06 9.18280000e+05 7.17409000e+05
 5.52218000e+05 4.18176000e+05 3.14831000e+05 2.35202000e+05
 1.71203000e+05 1.24387000e+05 8.79950000e+04 6.17470000e+04
 4.22190000e+04 2.82590000e+04 1.83940000e+04 1.17090000e+04
 7.54300000e+03 4.59200000e+03 2.67900000e+03 1.41600000e+03
 7.23000000e+02 3.42000000e+02 2.04000000e+02 6.30000000e+01]
