Standard Deviation: 1.039719293783217e-50
Skewness: 67388.30650309761
Kurtosis: 4541183899.231725
Median: 0.0
Mean: 1.5431162150722789e-55
Deciles: [0. 0.]
Minimum: 0.0
Maximum: 7.006492321624085e-46
Bin Edges: [0.00000000e+00 7.00649232e-48 1.40129846e-47 2.10194770e-47
 2.80259693e-47 3.50324616e-47 4.20389539e-47 4.90454463e-47
 5.60519386e-47 6.30584309e-47 7.00649232e-47 7.70714155e-47
 8.40779079e-47 9.10844002e-47 9.80908925e-47 1.05097385e-46
 1.12103877e-46 1.19110369e-46 1.26116862e-46 1.33123354e-46
 1.40129846e-46 1.47136339e-46 1.54142831e-46 1.61149323e-46
 1.68155816e-46 1.75162308e-46 1.82168800e-46 1.89175293e-46
 1.96181785e-46 2.03188277e-46 2.10194770e-46 2.17201262e-46
 2.24207754e-46 2.31214247e-46 2.38220739e-46 2.45227231e-46
 2.52233724e-46 2.59240216e-46 2.66246708e-46 2.73253201e-46
 2.80259693e-46 2.87266185e-46 2.94272678e-46 3.01279170e-46
 3.08285662e-46 3.15292154e-46 3.22298647e-46 3.29305139e-46
 3.36311631e-46 3.43318124e-46 3.50324616e-46 3.57331108e-46
 3.64337601e-46 3.71344093e-46 3.78350585e-46 3.85357078e-46
 3.92363570e-46 3.99370062e-46 4.06376555e-46 4.13383047e-46
 4.20389539e-46 4.27396032e-46 4.34402524e-46 4.41409016e-46
 4.48415509e-46 4.55422001e-46 4.62428493e-46 4.69434986e-46
 4.76441478e-46 4.83447970e-46 4.90454463e-46 4.97460955e-46
 5.04467447e-46 5.11473939e-46 5.18480432e-46 5.25486924e-46
 5.32493416e-46 5.39499909e-46 5.46506401e-46 5.53512893e-46
 5.60519386e-46 5.67525878e-46 5.74532370e-46 5.81538863e-46
 5.88545355e-46 5.95551847e-46 6.02558340e-46 6.09564832e-46
 6.16571324e-46 6.23577817e-46 6.30584309e-46 6.37590801e-46
 6.44597294e-46 6.51603786e-46 6.58610278e-46 6.65616771e-46
 6.72623263e-46 6.79629755e-46 6.86636248e-46 6.93642740e-46
 7.00649232e-46]
Frequencies: [4.541184e+09 0.000000e+00 0.000000e+00 0.000000e+00 0.000000e+00
 0.000000e+00 0.000000e+00 0.000000e+00 0.000000e+00 0.000000e+00
 0.000000e+00 0.000000e+00 0.000000e+00 0.000000e+00 0.000000e+00
 0.000000e+00 0.000000e+00 0.000000e+00 0.000000e+00 0.000000e+00
 0.000000e+00 0.000000e+00 0.000000e+00 0.000000e+00 0.000000e+00
 0.000000e+00 0.000000e+00 0.000000e+00 0.000000e+00 0.000000e+00
 0.000000e+00 0.000000e+00 0.000000e+00 0.000000e+00 0.000000e+00
 0.000000e+00 0.000000e+00 0.000000e+00 0.000000e+00 0.000000e+00
 0.000000e+00 0.000000e+00 0.000000e+00 0.000000e+00 0.000000e+00
 0.000000e+00 0.000000e+00 0.000000e+00 0.000000e+00 0.000000e+00
 0.000000e+00 0.000000e+00 0.000000e+00 0.000000e+00 0.000000e+00
 0.000000e+00 0.000000e+00 0.000000e+00 0.000000e+00 0.000000e+00
 0.000000e+00 0.000000e+00 0.000000e+00 0.000000e+00 0.000000e+00
 0.000000e+00 0.000000e+00 0.000000e+00 0.000000e+00 0.000000e+00
 0.000000e+00 0.000000e+00 0.000000e+00 0.000000e+00 0.000000e+00
 0.000000e+00 0.000000e+00 0.000000e+00 0.000000e+00 0.000000e+00
 0.000000e+00 0.000000e+00 0.000000e+00 0.000000e+00 0.000000e+00
 0.000000e+00 0.000000e+00 0.000000e+00 0.000000e+00 0.000000e+00
 0.000000e+00 0.000000e+00 0.000000e+00 0.000000e+00 0.000000e+00
 0.000000e+00 0.000000e+00 0.000000e+00 0.000000e+00 1.000000e+00]
