Standard Deviation: 11.919720152567836
Skewness: -0.9944865090052998
Kurtosis: 0.1547045160791396
Median: 257.15431019923585
Mean: 252.88929953815793
Deciles: [245.0638371  262.82371033]
Minimum: 201.78600084786507
Maximum: 277.4330343204017
Bin Edges: [201.78600085 202.54247118 203.29894152 204.05541185 204.81188219
 205.56835252 206.32482286 207.08129319 207.83776353 208.59423386
 209.3507042  210.10717453 210.86364486 211.6201152  212.37658553
 213.13305587 213.8895262  214.64599654 215.40246687 216.15893721
 216.91540754 217.67187788 218.42834821 219.18481855 219.94128888
 220.69775922 221.45422955 222.21069989 222.96717022 223.72364055
 224.48011089 225.23658122 225.99305156 226.74952189 227.50599223
 228.26246256 229.0189329  229.77540323 230.53187357 231.2883439
 232.04481424 232.80128457 233.55775491 234.31422524 235.07069558
 235.82716591 236.58363625 237.34010658 238.09657691 238.85304725
 239.60951758 240.36598792 241.12245825 241.87892859 242.63539892
 243.39186926 244.14833959 244.90480993 245.66128026 246.4177506
 247.17422093 247.93069127 248.6871616  249.44363194 250.20010227
 250.95657261 251.71304294 252.46951327 253.22598361 253.98245394
 254.73892428 255.49539461 256.25186495 257.00833528 257.76480562
 258.52127595 259.27774629 260.03421662 260.79068696 261.54715729
 262.30362763 263.06009796 263.8165683  264.57303863 265.32950896
 266.0859793  266.84244963 267.59891997 268.3553903  269.11186064
 269.86833097 270.62480131 271.38127164 272.13774198 272.89421231
 273.65068265 274.40715298 275.16362332 275.92009365 276.67656399
 277.43303432]
Frequencies: [4.43000000e+02 1.24900000e+03 7.28200000e+03 2.34740000e+04
 7.03740000e+04 1.57706000e+05 3.12835000e+05 5.28181000e+05
 7.99391000e+05 1.12862700e+06 1.45238200e+06 1.74856700e+06
 2.02521500e+06 2.29125800e+06 2.51214800e+06 2.73510300e+06
 2.94323300e+06 3.11836000e+06 3.29581500e+06 3.48263100e+06
 3.68484300e+06 3.93002500e+06 4.19065100e+06 4.52836300e+06
 5.15572400e+06 5.95576200e+06 6.97868200e+06 8.26550800e+06
 9.80855100e+06 1.16337830e+07 1.37356230e+07 1.58802250e+07
 1.81806910e+07 2.06504490e+07 2.29958950e+07 2.52834840e+07
 2.75555920e+07 2.97903800e+07 3.17842650e+07 3.37022600e+07
 3.56347000e+07 3.75225600e+07 3.91411580e+07 4.07478640e+07
 4.23444220e+07 4.37901270e+07 4.50529900e+07 4.62597970e+07
 4.72443730e+07 4.83167290e+07 4.93410970e+07 5.02002560e+07
 5.11594690e+07 5.21151890e+07 5.30438020e+07 5.40628770e+07
 5.52170360e+07 5.65964020e+07 5.80103470e+07 5.94681920e+07
 6.11163580e+07 6.28505090e+07 6.47036530e+07 6.66673860e+07
 6.86389450e+07 7.07882310e+07 7.28252960e+07 7.47695280e+07
 7.70355910e+07 7.93025820e+07 8.18435550e+07 8.51388150e+07
 8.94137670e+07 9.56106090e+07 1.03962255e+08 1.14984366e+08
 1.28242667e+08 1.46110078e+08 1.71912765e+08 2.10962654e+08
 2.76935463e+08 3.52626894e+08 3.37537316e+08 2.08473357e+08
 8.97759600e+07 3.27719930e+07 1.17278000e+07 4.28536100e+06
 1.59830100e+06 6.15559000e+05 2.29394000e+05 8.70660000e+04
 3.11130000e+04 1.02700000e+04 2.59000000e+03 9.17000000e+02
 4.56000000e+02 1.07000000e+02 4.50000000e+01 1.10000000e+01]
