Standard Deviation: 13.016442237487913
Skewness: 0.6480844168471206
Kurtosis: 0.178449641126885
Median: 5.140771816912813
Mean: 7.1483943491776
Deciles: [-2.67726537 15.39463267]
Minimum: -54.84596971668477
Maximum: 88.63517885349783
Bin Edges: [-54.84596972 -53.41115823 -51.97634675 -50.54153526 -49.10672377
 -47.67191229 -46.2371008  -44.80228932 -43.36747783 -41.93266635
 -40.49785486 -39.06304337 -37.62823189 -36.1934204  -34.75860892
 -33.32379743 -31.88898595 -30.45417446 -29.01936297 -27.58455149
 -26.14974    -24.71492852 -23.28011703 -21.84530555 -20.41049406
 -18.97568257 -17.54087109 -16.1060596  -14.67124812 -13.23643663
 -11.80162515 -10.36681366  -8.93200217  -7.49719069  -6.0623792
  -4.62756772  -3.19275623  -1.75794475  -0.32313326   1.11167823
   2.54648971   3.9813012    5.41611268   6.85092417   8.28573565
   9.72054714  11.15535863  12.59017011  14.0249816   15.45979308
  16.89460457  18.32941605  19.76422754  21.19903903  22.63385051
  24.068662    25.50347348  26.93828497  28.37309645  29.80790794
  31.24271943  32.67753091  34.1123424   35.54715388  36.98196537
  38.41677685  39.85158834  41.28639983  42.72121131  44.1560228
  45.59083428  47.02564577  48.46045725  49.89526874  51.33008023
  52.76489171  54.1997032   55.63451468  57.06932617  58.50413765
  59.93894914  61.37376063  62.80857211  64.2433836   65.67819508
  67.11300657  68.54781805  69.98262954  71.41744103  72.85225251
  74.287064    75.72187548  77.15668697  78.59149845  80.02630994
  81.46112142  82.89593291  84.3307444   85.76555588  87.20036737
  88.63517885]
Frequencies: [6.00000000e+00 1.40000000e+01 4.40000000e+01 1.09000000e+02
 1.11000000e+02 2.58000000e+02 4.97000000e+02 1.05100000e+03
 2.24100000e+03 3.88500000e+03 7.38000000e+03 1.18360000e+04
 1.91290000e+04 3.09520000e+04 5.06180000e+04 7.69650000e+04
 1.17545000e+05 1.81941000e+05 2.85855000e+05 4.44794000e+05
 7.10294000e+05 1.12981300e+06 1.84183800e+06 3.00135000e+06
 4.99693400e+06 8.41034200e+06 1.42471120e+07 2.37822700e+07
 3.83494390e+07 5.86523040e+07 8.41105190e+07 1.12869270e+08
 1.42458713e+08 1.69049753e+08 1.90111335e+08 2.04535130e+08
 2.12834288e+08 2.15424445e+08 2.13747164e+08 2.09119163e+08
 2.02290494e+08 1.94281646e+08 1.85222919e+08 1.75997210e+08
 1.66782678e+08 1.57515781e+08 1.48476082e+08 1.39623546e+08
 1.30837572e+08 1.22305302e+08 1.13787807e+08 1.05289220e+08
 9.68872360e+07 8.87682150e+07 8.08334320e+07 7.31486380e+07
 6.56547470e+07 5.84740180e+07 5.16057140e+07 4.50585910e+07
 3.89807730e+07 3.34469710e+07 2.84784920e+07 2.40431630e+07
 2.01104740e+07 1.66614710e+07 1.36651910e+07 1.11149000e+07
 8.97152500e+06 7.19088300e+06 5.70939900e+06 4.49542700e+06
 3.52597600e+06 2.74632200e+06 2.12833600e+06 1.63896700e+06
 1.25052200e+06 9.49153000e+05 7.15855000e+05 5.31286000e+05
 3.90835000e+05 2.82848000e+05 2.06310000e+05 1.50883000e+05
 1.07880000e+05 7.71040000e+04 5.39480000e+04 3.63230000e+04
 2.43800000e+04 1.62690000e+04 9.90400000e+03 6.02300000e+03
 3.66500000e+03 2.17900000e+03 1.13100000e+03 6.50000000e+02
 5.04000000e+02 4.07000000e+02 6.60000000e+01 5.00000000e+01]
