Standard Deviation: 6.48741626393304
Skewness: -0.005359010645742702
Kurtosis: 2.6271805765302636
Median: 0.01857565322451149
Mean: 0.012439961146702977
Deciles: [-3.54006485  3.56587531]
Minimum: -53.50118390225642
Maximum: 54.48533060490532
Bin Edges: [-53.5011839  -52.42131876 -51.34145361 -50.26158847 -49.18172332
 -48.10185818 -47.02199303 -45.94212789 -44.86226274 -43.7823976
 -42.70253245 -41.62266731 -40.54280216 -39.46293702 -38.38307187
 -37.30320673 -36.22334158 -35.14347644 -34.06361129 -32.98374615
 -31.903881   -30.82401586 -29.74415071 -28.66428557 -27.58442042
 -26.50455528 -25.42469013 -24.34482499 -23.26495984 -22.1850947
 -21.10522955 -20.02536441 -18.94549926 -17.86563411 -16.78576897
 -15.70590382 -14.62603868 -13.54617353 -12.46630839 -11.38644324
 -10.3065781   -9.22671295  -8.14684781  -7.06698266  -5.98711752
  -4.90725237  -3.82738723  -2.74752208  -1.66765694  -0.58779179
   0.49207335   1.5719385    2.65180364   3.73166879   4.81153393
   5.89139908   6.97126422   8.05112937   9.13099451  10.21085966
  11.2907248   12.37058995  13.45045509  14.53032024  15.61018538
  16.69005053  17.76991567  18.84978082  19.92964596  21.00951111
  22.08937625  23.1692414   24.24910654  25.32897169  26.40883683
  27.48870198  28.56856712  29.64843227  30.72829741  31.80816256
  32.8880277   33.96789285  35.04775799  36.12762314  37.20748828
  38.28735343  39.36721857  40.44708372  41.52694886  42.60681401
  43.68667915  44.7665443   45.84640944  46.92627459  48.00613973
  49.08600488  50.16587002  51.24573517  52.32560031  53.40546546
  54.4853306 ]
Frequencies: [1.13000000e+02 3.78000000e+02 8.45000000e+02 2.15600000e+03
 3.69100000e+03 7.09200000e+03 1.10550000e+04 1.54870000e+04
 2.13500000e+04 3.15170000e+04 4.68500000e+04 6.50530000e+04
 8.74570000e+04 1.16759000e+05 1.50065000e+05 1.93204000e+05
 2.47959000e+05 3.20501000e+05 4.03511000e+05 5.07172000e+05
 6.36105000e+05 7.95475000e+05 9.80312000e+05 1.20986600e+06
 1.47965900e+06 1.81455500e+06 2.20966100e+06 2.69738500e+06
 3.31321400e+06 4.12024700e+06 5.16561900e+06 6.53537500e+06
 8.29369300e+06 1.06235380e+07 1.37121880e+07 1.77672730e+07
 2.31621160e+07 3.02477840e+07 3.95143240e+07 5.14880340e+07
 6.70724120e+07 8.73705550e+07 1.13474363e+08 1.46577120e+08
 1.87152687e+08 2.34623201e+08 2.85858143e+08 3.34242642e+08
 3.70258058e+08 3.85013195e+08 3.74184588e+08 3.40599437e+08
 2.93082795e+08 2.41058225e+08 1.92388910e+08 1.50469086e+08
 1.16351280e+08 8.96681140e+07 6.90234980e+07 5.30822960e+07
 4.07988350e+07 3.13392210e+07 2.39677410e+07 1.84011620e+07
 1.41869220e+07 1.09735550e+07 8.53483800e+06 6.68734100e+06
 5.27237600e+06 4.21099500e+06 3.36481000e+06 2.71290300e+06
 2.18964600e+06 1.76939600e+06 1.42563100e+06 1.15735300e+06
 9.46083000e+05 7.71728000e+05 6.20046000e+05 4.99261000e+05
 4.01895000e+05 3.23799000e+05 2.54072000e+05 2.01463000e+05
 1.56013000e+05 1.19784000e+05 9.06880000e+04 6.92240000e+04
 5.29360000e+04 3.93110000e+04 2.96030000e+04 2.18480000e+04
 1.55720000e+04 1.11260000e+04 7.53600000e+03 4.55400000e+03
 2.83700000e+03 1.68600000e+03 8.38000000e+02 1.29000000e+02]
