Standard Deviation: 7.839247840632529e-06
Skewness: 8.739635496707931
Kurtosis: 93.13487543114447
Median: 0.0
Mean: 1.3506884955691804e-06
Deciles: [0. 0.]
Minimum: 0.0
Maximum: 0.0002661788975202708
Bin Edges: [0.00000000e+00 2.66178898e-06 5.32357795e-06 7.98536693e-06
 1.06471559e-05 1.33089449e-05 1.59707339e-05 1.86325228e-05
 2.12943118e-05 2.39561008e-05 2.66178898e-05 2.92796787e-05
 3.19414677e-05 3.46032567e-05 3.72650457e-05 3.99268346e-05
 4.25886236e-05 4.52504126e-05 4.79122016e-05 5.05739905e-05
 5.32357795e-05 5.58975685e-05 5.85593575e-05 6.12211464e-05
 6.38829354e-05 6.65447244e-05 6.92065134e-05 7.18683023e-05
 7.45300913e-05 7.71918803e-05 7.98536693e-05 8.25154582e-05
 8.51772472e-05 8.78390362e-05 9.05008252e-05 9.31626141e-05
 9.58244031e-05 9.84861921e-05 1.01147981e-04 1.03809770e-04
 1.06471559e-04 1.09133348e-04 1.11795137e-04 1.14456926e-04
 1.17118715e-04 1.19780504e-04 1.22442293e-04 1.25104082e-04
 1.27765871e-04 1.30427660e-04 1.33089449e-04 1.35751238e-04
 1.38413027e-04 1.41074816e-04 1.43736605e-04 1.46398394e-04
 1.49060183e-04 1.51721972e-04 1.54383761e-04 1.57045550e-04
 1.59707339e-04 1.62369127e-04 1.65030916e-04 1.67692705e-04
 1.70354494e-04 1.73016283e-04 1.75678072e-04 1.78339861e-04
 1.81001650e-04 1.83663439e-04 1.86325228e-04 1.88987017e-04
 1.91648806e-04 1.94310595e-04 1.96972384e-04 1.99634173e-04
 2.02295962e-04 2.04957751e-04 2.07619540e-04 2.10281329e-04
 2.12943118e-04 2.15604907e-04 2.18266696e-04 2.20928485e-04
 2.23590274e-04 2.26252063e-04 2.28913852e-04 2.31575641e-04
 2.34237430e-04 2.36899219e-04 2.39561008e-04 2.42222797e-04
 2.44884586e-04 2.47546375e-04 2.50208164e-04 2.52869953e-04
 2.55531742e-04 2.58193531e-04 2.60855320e-04 2.63517109e-04
 2.66178898e-04]
Frequencies: [4.28706318e+09 4.37319450e+07 2.94559910e+07 2.28656910e+07
 1.89135930e+07 1.61839020e+07 1.41143450e+07 1.24338010e+07
 1.09589840e+07 9.62863600e+06 8.40319100e+06 7.29469000e+06
 6.28943500e+06 5.41651400e+06 4.65735500e+06 4.02807800e+06
 3.50240600e+06 3.08128700e+06 2.72661300e+06 2.44430000e+06
 2.21149200e+06 2.01859000e+06 1.85656100e+06 1.71831800e+06
 1.58788400e+06 1.47823900e+06 1.38260900e+06 1.29892600e+06
 1.22025100e+06 1.15474600e+06 1.09324700e+06 1.03909600e+06
 9.90914000e+05 9.53286000e+05 9.17522000e+05 8.85396000e+05
 8.56238000e+05 8.37704000e+05 7.95227000e+05 7.03942000e+05
 5.91837000e+05 4.81892000e+05 3.84017000e+05 3.03129000e+05
 2.38868000e+05 1.92072000e+05 1.54237000e+05 1.23075000e+05
 9.83420000e+04 7.88120000e+04 6.35030000e+04 5.22340000e+04
 4.20710000e+04 3.39830000e+04 2.79040000e+04 2.28480000e+04
 1.82620000e+04 1.51420000e+04 1.22110000e+04 1.01490000e+04
 8.18000000e+03 6.76500000e+03 5.47800000e+03 4.65100000e+03
 3.79900000e+03 2.94500000e+03 2.37700000e+03 1.90200000e+03
 1.58800000e+03 1.28400000e+03 1.03500000e+03 8.35000000e+02
 7.89000000e+02 6.28000000e+02 5.47000000e+02 4.29000000e+02
 3.98000000e+02 2.71000000e+02 2.68000000e+02 2.43000000e+02
 2.08000000e+02 1.59000000e+02 1.14000000e+02 7.40000000e+01
 5.50000000e+01 5.70000000e+01 4.10000000e+01 3.30000000e+01
 2.70000000e+01 1.40000000e+01 1.40000000e+01 1.40000000e+01
 2.00000000e+01 1.80000000e+01 1.60000000e+01 3.00000000e+00
 2.00000000e+00 4.00000000e+00 3.00000000e+00 2.00000000e+00]
