Standard Deviation: 6.771829836912221
Skewness: 0.0679765189934439
Kurtosis: 1.993414722432024
Median: -0.062017192631361205
Mean: -0.04592218349891968
Deciles: [-3.56050642  3.40190909]
Minimum: -59.04992081021547
Maximum: 63.47836093198387
Bin Edges: [-59.04992081 -57.82463799 -56.59935518 -55.37407236 -54.14878954
 -52.92350672 -51.69822391 -50.47294109 -49.24765827 -48.02237545
 -46.79709264 -45.57180982 -44.346527   -43.12124418 -41.89596137
 -40.67067855 -39.44539573 -38.22011291 -36.9948301  -35.76954728
 -34.54426446 -33.31898164 -32.09369883 -30.86841601 -29.64313319
 -28.41785037 -27.19256756 -25.96728474 -24.74200192 -23.5167191
 -22.29143629 -21.06615347 -19.84087065 -18.61558784 -17.39030502
 -16.1650222  -14.93973938 -13.71445657 -12.48917375 -11.26389093
 -10.03860811  -8.8133253   -7.58804248  -6.36275966  -5.13747684
  -3.91219403  -2.68691121  -1.46162839  -0.23634557   0.98893724
   2.21422006   3.43950288   4.6647857    5.89006851   7.11535133
   8.34063415   9.56591697  10.79119978  12.0164826   13.24176542
  14.46704824  15.69233105  16.91761387  18.14289669  19.3681795
  20.59346232  21.81874514  23.04402796  24.26931077  25.49459359
  26.71987641  27.94515923  29.17044204  30.39572486  31.62100768
  32.8462905   34.07157331  35.29685613  36.52213895  37.74742177
  38.97270458  40.1979874   41.42327022  42.64855304  43.87383585
  45.09911867  46.32440149  47.54968431  48.77496712  50.00024994
  51.22553276  52.45081558  53.67609839  54.90138121  56.12666403
  57.35194684  58.57722966  59.80251248  61.0277953   62.25307811
  63.47836093]
Frequencies: [6.00000000e+00 4.00000000e+00 1.00000000e+01 1.40000000e+01
 1.90000000e+01 1.30000000e+01 6.60000000e+01 1.32000000e+02
 3.18000000e+02 6.60000000e+02 1.25500000e+03 2.20700000e+03
 3.84700000e+03 6.16700000e+03 1.07230000e+04 1.78070000e+04
 2.84630000e+04 4.56700000e+04 7.27410000e+04 1.14298000e+05
 1.75032000e+05 2.65623000e+05 3.93849000e+05 5.79168000e+05
 8.44372000e+05 1.21559100e+06 1.72782500e+06 2.41840600e+06
 3.33988200e+06 4.58584100e+06 6.21322100e+06 8.33483000e+06
 1.10736620e+07 1.46282970e+07 1.90924380e+07 2.47837600e+07
 3.19829080e+07 4.10619170e+07 5.24589320e+07 6.69416860e+07
 8.54122180e+07 1.09452565e+08 1.41335762e+08 1.84023792e+08
 2.40875664e+08 3.12433521e+08 3.89862206e+08 4.48692922e+08
 4.59165935e+08 4.13919585e+08 3.37444610e+08 2.59780511e+08
 1.95927684e+08 1.48441773e+08 1.13924055e+08 8.85363340e+07
 6.94070240e+07 5.48656250e+07 4.35084980e+07 3.45443150e+07
 2.73017340e+07 2.14583360e+07 1.67541400e+07 1.29852770e+07
 9.94294600e+06 7.55958700e+06 5.68870600e+06 4.24970100e+06
 3.14943600e+06 2.30477400e+06 1.67425000e+06 1.21558100e+06
 8.71965000e+05 6.20031000e+05 4.34457000e+05 3.03687000e+05
 2.11309000e+05 1.48245000e+05 1.02376000e+05 7.14340000e+04
 4.97650000e+04 3.48740000e+04 2.46170000e+04 1.69750000e+04
 1.19000000e+04 8.04300000e+03 4.95800000e+03 3.39800000e+03
 2.17300000e+03 1.27200000e+03 7.70000000e+02 3.94000000e+02
 2.43000000e+02 1.57000000e+02 1.03000000e+02 6.30000000e+01
 3.60000000e+01 1.70000000e+01 5.00000000e+00 6.00000000e+00]
