Standard Deviation: 9.115656917091961
Skewness: 0.577863687777174
Kurtosis: 0.2561561537683832
Median: -0.7071815191152082
Mean: 0.38879730024370346
Deciles: [-6.4026023   5.94947675]
Minimum: -58.96065547497872
Maximum: 50.46945831822311
Bin Edges: [-58.96065547 -57.86635434 -56.7720532  -55.67775206 -54.58345092
 -53.48914979 -52.39484865 -51.30054751 -50.20624637 -49.11194523
 -48.0176441  -46.92334296 -45.82904182 -44.73474068 -43.64043954
 -42.54613841 -41.45183727 -40.35753613 -39.26323499 -38.16893385
 -37.07463272 -35.98033158 -34.88603044 -33.7917293  -32.69742816
 -31.60312703 -30.50882589 -29.41452475 -28.32022361 -27.22592247
 -26.13162134 -25.0373202  -23.94301906 -22.84871792 -21.75441679
 -20.66011565 -19.56581451 -18.47151337 -17.37721223 -16.2829111
 -15.18860996 -14.09430882 -13.00000768 -11.90570654 -10.81140541
  -9.71710427  -8.62280313  -7.52850199  -6.43420085  -5.33989972
  -4.24559858  -3.15129744  -2.0569963   -0.96269516   0.13160597
   1.22590711   2.32020825   3.41450939   4.50881053   5.60311166
   6.6974128    7.79171394   8.88601508   9.98031621  11.07461735
  12.16891849  13.26321963  14.35752077  15.4518219   16.54612304
  17.64042418  18.73472532  19.82902646  20.92332759  22.01762873
  23.11192987  24.20623101  25.30053215  26.39483328  27.48913442
  28.58343556  29.6777367   30.77203784  31.86633897  32.96064011
  34.05494125  35.14924239  36.24354353  37.33784466  38.4321458
  39.52644694  40.62074808  41.71504921  42.80935035  43.90365149
  44.99795263  46.09225377  47.1865549   48.28085604  49.37515718
  50.46945832]
Frequencies: [1.40000000e+01 1.20000000e+01 1.30000000e+01 1.80000000e+01
 3.90000000e+01 4.40000000e+01 8.70000000e+01 1.10000000e+02
 2.17000000e+02 4.43000000e+02 7.83000000e+02 1.12900000e+03
 1.69700000e+03 2.66800000e+03 3.87300000e+03 6.09900000e+03
 9.05500000e+03 1.28440000e+04 1.96880000e+04 2.96960000e+04
 4.33350000e+04 6.27330000e+04 9.32370000e+04 1.35623000e+05
 1.90338000e+05 2.55586000e+05 3.37807000e+05 4.40279000e+05
 5.75197000e+05 7.52766000e+05 9.83577000e+05 1.26742100e+06
 1.62573200e+06 2.11983200e+06 2.81234600e+06 3.88284900e+06
 5.59754000e+06 8.49636300e+06 1.35933440e+07 2.24061210e+07
 3.68251990e+07 5.86488920e+07 8.86179780e+07 1.24268499e+08
 1.59097706e+08 1.85462880e+08 2.01052147e+08 2.09425750e+08
 2.14819248e+08 2.18795785e+08 2.20546649e+08 2.19937928e+08
 2.17213469e+08 2.12624469e+08 2.06642166e+08 1.98504865e+08
 1.87553614e+08 1.73972556e+08 1.58966753e+08 1.43946783e+08
 1.29846962e+08 1.16897669e+08 1.05111443e+08 9.43855440e+07
 8.44192450e+07 7.50851600e+07 6.62932070e+07 5.81453580e+07
 5.07260830e+07 4.40805110e+07 3.80286160e+07 3.25594270e+07
 2.76797690e+07 2.33221690e+07 1.94845700e+07 1.61059830e+07
 1.31421370e+07 1.05839250e+07 8.39600000e+06 6.59573600e+06
 5.11584900e+06 3.88504300e+06 2.87423000e+06 2.04181600e+06
 1.39523100e+06 9.23792000e+05 5.91149000e+05 3.60862000e+05
 2.05868000e+05 1.10128000e+05 5.59740000e+04 2.68730000e+04
 1.26700000e+04 6.21100000e+03 2.75800000e+03 1.19800000e+03
 5.50000000e+02 2.54000000e+02 1.12000000e+02 2.70000000e+01]
