Standard Deviation: 9.394567199769106
Skewness: 0.5437538600214081
Kurtosis: 0.228391992913199
Median: -0.4062170332974572
Mean: 0.6386403112171525
Deciles: [-6.26202985  6.37547059]
Minimum: -60.737388717168706
Maximum: 54.16309612717616
Bin Edges: [-60.73738872 -59.58838387 -58.43937902 -57.29037417 -56.14136932
 -54.99236447 -53.84335963 -52.69435478 -51.54534993 -50.39634508
 -49.24734023 -48.09833538 -46.94933054 -45.80032569 -44.65132084
 -43.50231599 -42.35331114 -41.20430629 -40.05530145 -38.9062966
 -37.75729175 -36.6082869  -35.45928205 -34.3102772  -33.16127235
 -32.01226751 -30.86326266 -29.71425781 -28.56525296 -27.41624811
 -26.26724326 -25.11823842 -23.96923357 -22.82022872 -21.67122387
 -20.52221902 -19.37321417 -18.22420932 -17.07520448 -15.92619963
 -14.77719478 -13.62818993 -12.47918508 -11.33018023 -10.18117539
  -9.03217054  -7.88316569  -6.73416084  -5.58515599  -4.43615114
  -3.28714629  -2.13814145  -0.9891366    0.15986825   1.3088731
   2.45787795   3.6068828    4.75588764   5.90489249   7.05389734
   8.20290219   9.35190704  10.50091189  11.64991673  12.79892158
  13.94792643  15.09693128  16.24593613  17.39494098  18.54394583
  19.69295067  20.84195552  21.99096037  23.13996522  24.28897007
  25.43797492  26.58697976  27.73598461  28.88498946  30.03399431
  31.18299916  32.33200401  33.48100886  34.6300137   35.77901855
  36.9280234   38.07702825  39.2260331   40.37503795  41.52404279
  42.67304764  43.82205249  44.97105734  46.12006219  47.26906704
  48.41807188  49.56707673  50.71608158  51.86508643  53.01409128
  54.16309613]
Frequencies: [1.10000000e+01 1.50000000e+01 1.70000000e+01 2.40000000e+01
 4.00000000e+01 4.50000000e+01 9.40000000e+01 1.63000000e+02
 3.39000000e+02 6.74000000e+02 1.04200000e+03 1.78100000e+03
 2.68300000e+03 4.49100000e+03 6.55300000e+03 9.60600000e+03
 1.35910000e+04 1.99050000e+04 2.92380000e+04 4.09500000e+04
 5.94530000e+04 8.25020000e+04 1.11791000e+05 1.46365000e+05
 1.91085000e+05 2.48964000e+05 3.20807000e+05 4.14904000e+05
 5.33525000e+05 6.91820000e+05 9.03511000e+05 1.19958400e+06
 1.63159900e+06 2.27342000e+06 3.30998000e+06 5.07588700e+06
 8.14263700e+06 1.35084190e+07 2.24480330e+07 3.64171200e+07
 5.64538940e+07 8.28890160e+07 1.13497668e+08 1.43514396e+08
 1.68595470e+08 1.87004793e+08 2.00170525e+08 2.10291109e+08
 2.18480492e+08 2.24038893e+08 2.26887742e+08 2.26779108e+08
 2.23942687e+08 2.17883503e+08 2.08237735e+08 1.95018052e+08
 1.79424823e+08 1.62913723e+08 1.46903383e+08 1.32129839e+08
 1.18813213e+08 1.06885477e+08 9.61764120e+07 8.64883840e+07
 7.75368500e+07 6.91142250e+07 6.10069030e+07 5.32082480e+07
 4.58803000e+07 3.90672000e+07 3.28908190e+07 2.73579610e+07
 2.25045730e+07 1.82911010e+07 1.46663390e+07 1.16730310e+07
 9.17456500e+06 7.11794100e+06 5.45902800e+06 4.13128000e+06
 3.10777900e+06 2.30714400e+06 1.68240500e+06 1.20853300e+06
 8.59760000e+05 5.99313000e+05 4.06781000e+05 2.67692000e+05
 1.70200000e+05 1.02902000e+05 5.94410000e+04 3.35090000e+04
 1.82020000e+04 9.52600000e+03 4.49600000e+03 1.87800000e+03
 7.47000000e+02 2.48000000e+02 6.50000000e+01 1.00000000e+01]
