Standard Deviation: 6.375227598484918e-55
Skewness: 66519.3437159715
Kurtosis: 4458662592.745832
Median: 0.0
Mean: 1.0507144424792315e-59
Deciles: [0. 0.]
Minimum: 0.0
Maximum: 4.276423536147513e-50
Bin Edges: [0.00000000e+00 4.27642354e-52 8.55284707e-52 1.28292706e-51
 1.71056941e-51 2.13821177e-51 2.56585412e-51 2.99349648e-51
 3.42113883e-51 3.84878118e-51 4.27642354e-51 4.70406589e-51
 5.13170824e-51 5.55935060e-51 5.98699295e-51 6.41463530e-51
 6.84227766e-51 7.26992001e-51 7.69756237e-51 8.12520472e-51
 8.55284707e-51 8.98048943e-51 9.40813178e-51 9.83577413e-51
 1.02634165e-50 1.06910588e-50 1.11187012e-50 1.15463435e-50
 1.19739859e-50 1.24016283e-50 1.28292706e-50 1.32569130e-50
 1.36845553e-50 1.41121977e-50 1.45398400e-50 1.49674824e-50
 1.53951247e-50 1.58227671e-50 1.62504094e-50 1.66780518e-50
 1.71056941e-50 1.75333365e-50 1.79609789e-50 1.83886212e-50
 1.88162636e-50 1.92439059e-50 1.96715483e-50 2.00991906e-50
 2.05268330e-50 2.09544753e-50 2.13821177e-50 2.18097600e-50
 2.22374024e-50 2.26650447e-50 2.30926871e-50 2.35203294e-50
 2.39479718e-50 2.43756142e-50 2.48032565e-50 2.52308989e-50
 2.56585412e-50 2.60861836e-50 2.65138259e-50 2.69414683e-50
 2.73691106e-50 2.77967530e-50 2.82243953e-50 2.86520377e-50
 2.90796800e-50 2.95073224e-50 2.99349648e-50 3.03626071e-50
 3.07902495e-50 3.12178918e-50 3.16455342e-50 3.20731765e-50
 3.25008189e-50 3.29284612e-50 3.33561036e-50 3.37837459e-50
 3.42113883e-50 3.46390306e-50 3.50666730e-50 3.54943154e-50
 3.59219577e-50 3.63496001e-50 3.67772424e-50 3.72048848e-50
 3.76325271e-50 3.80601695e-50 3.84878118e-50 3.89154542e-50
 3.93430965e-50 3.97707389e-50 4.01983812e-50 4.06260236e-50
 4.10536659e-50 4.14813083e-50 4.19089507e-50 4.23365930e-50
 4.27642354e-50]
Frequencies: [4.541184e+09 0.000000e+00 1.000000e+00 0.000000e+00 0.000000e+00
 0.000000e+00 0.000000e+00 0.000000e+00 0.000000e+00 1.000000e+00
 0.000000e+00 0.000000e+00 0.000000e+00 0.000000e+00 0.000000e+00
 0.000000e+00 0.000000e+00 0.000000e+00 0.000000e+00 0.000000e+00
 0.000000e+00 0.000000e+00 0.000000e+00 0.000000e+00 0.000000e+00
 0.000000e+00 0.000000e+00 0.000000e+00 0.000000e+00 0.000000e+00
 0.000000e+00 0.000000e+00 0.000000e+00 0.000000e+00 0.000000e+00
 0.000000e+00 0.000000e+00 0.000000e+00 0.000000e+00 0.000000e+00
 0.000000e+00 0.000000e+00 0.000000e+00 0.000000e+00 0.000000e+00
 0.000000e+00 0.000000e+00 0.000000e+00 0.000000e+00 0.000000e+00
 0.000000e+00 0.000000e+00 0.000000e+00 0.000000e+00 0.000000e+00
 0.000000e+00 0.000000e+00 0.000000e+00 0.000000e+00 0.000000e+00
 0.000000e+00 0.000000e+00 0.000000e+00 0.000000e+00 0.000000e+00
 0.000000e+00 0.000000e+00 0.000000e+00 0.000000e+00 0.000000e+00
 0.000000e+00 0.000000e+00 0.000000e+00 0.000000e+00 0.000000e+00
 0.000000e+00 0.000000e+00 0.000000e+00 0.000000e+00 0.000000e+00
 0.000000e+00 0.000000e+00 0.000000e+00 0.000000e+00 0.000000e+00
 0.000000e+00 0.000000e+00 0.000000e+00 0.000000e+00 0.000000e+00
 0.000000e+00 0.000000e+00 0.000000e+00 0.000000e+00 0.000000e+00
 0.000000e+00 0.000000e+00 0.000000e+00 0.000000e+00 1.000000e+00]
