Standard Deviation: 8.811914603649452
Skewness: 0.5806354889027796
Kurtosis: 0.22045374479359703
Median: -0.8272714161912136
Mean: 0.2770902052230686
Deciles: [-6.32608101  5.67193854]
Minimum: -57.67950826058326
Maximum: 49.81830223227746
Bin Edges: [-57.67950826 -56.60453016 -55.52955205 -54.45457395 -53.37959584
 -52.30461774 -51.22963963 -50.15466153 -49.07968342 -48.00470532
 -46.92972721 -45.85474911 -44.779771   -43.7047929  -42.62981479
 -41.55483669 -40.47985858 -39.40488048 -38.32990237 -37.25492427
 -36.17994616 -35.10496806 -34.02998995 -32.95501185 -31.88003374
 -30.80505564 -29.73007753 -28.65509943 -27.58012132 -26.50514322
 -25.43016511 -24.35518701 -23.2802089  -22.2052308  -21.13025269
 -20.05527459 -18.98029648 -17.90531838 -16.83034027 -15.75536217
 -14.68038406 -13.60540596 -12.53042785 -11.45544975 -10.38047164
  -9.30549354  -8.23051543  -7.15553733  -6.08055922  -5.00558112
  -3.93060301  -2.85562491  -1.7806468   -0.7056687    0.36930941
   1.44428751   2.51926562   3.59424372   4.66922183   5.74419993
   6.81917804   7.89415614   8.96913424  10.04411235  11.11909045
  12.19406856  13.26904666  14.34402477  15.41900287  16.49398098
  17.56895908  18.64393719  19.71891529  20.7938934   21.8688715
  22.94384961  24.01882771  25.09380582  26.16878392  27.24376203
  28.31874013  29.39371824  30.46869634  31.54367445  32.61865255
  33.69363066  34.76860876  35.84358687  36.91856497  37.99354308
  39.06852118  40.14349929  41.21847739  42.2934555   43.3684336
  44.44341171  45.51838981  46.59336792  47.66834602  48.74332413
  49.81830223]
Frequencies: [1.50000000e+01 1.10000000e+01 1.70000000e+01 1.70000000e+01
 4.20000000e+01 4.90000000e+01 9.10000000e+01 1.12000000e+02
 2.27000000e+02 4.65000000e+02 8.01000000e+02 1.13800000e+03
 1.78500000e+03 2.56800000e+03 3.70300000e+03 5.98700000e+03
 8.70200000e+03 1.23280000e+04 1.81990000e+04 2.77170000e+04
 4.02150000e+04 5.63610000e+04 8.16900000e+04 1.16506000e+05
 1.65519000e+05 2.32596000e+05 3.22367000e+05 4.51560000e+05
 6.22852000e+05 8.25577000e+05 1.06561300e+06 1.35082300e+06
 1.72193300e+06 2.22768100e+06 2.95957800e+06 4.05463500e+06
 5.74039700e+06 8.54594600e+06 1.34732300e+07 2.22086520e+07
 3.68752010e+07 5.97191650e+07 9.19521220e+07 1.31041973e+08
 1.69563158e+08 1.97868127e+08 2.12884047e+08 2.19577748e+08
 2.22984160e+08 2.24816857e+08 2.24090157e+08 2.20952771e+08
 2.16077903e+08 2.09986394e+08 2.03467479e+08 1.95219272e+08
 1.84559282e+08 1.71265629e+08 1.56706995e+08 1.42011466e+08
 1.27915224e+08 1.14523013e+08 1.01867065e+08 9.01222620e+07
 7.93331520e+07 6.96644500e+07 6.11444620e+07 5.36958360e+07
 4.71873720e+07 4.12501040e+07 3.58354990e+07 3.08951340e+07
 2.63875360e+07 2.22782200e+07 1.86612020e+07 1.54929410e+07
 1.25891930e+07 9.92744100e+06 7.58522400e+06 5.58440300e+06
 4.00118000e+06 2.76108000e+06 1.82309700e+06 1.14730900e+06
 6.88238000e+05 3.96380000e+05 2.15806000e+05 1.12731000e+05
 6.06500000e+04 3.17880000e+04 1.69060000e+04 9.70200000e+03
 5.66100000e+03 3.11300000e+03 1.58500000e+03 7.96000000e+02
 3.71000000e+02 1.74000000e+02 6.70000000e+01 2.20000000e+01]
