Standard Deviation: 6.576115715146877e-05
Skewness: 4.674950821226774
Kurtosis: 31.119045825290485
Median: 3.0052065166648077e-06
Mean: 3.066897950174403e-05
Deciles: [0.00000000e+00 3.46063921e-05]
Minimum: 0.0
Maximum: 0.0011164058117822638
Bin Edges: [0.00000000e+00 1.11640581e-05 2.23281162e-05 3.34921744e-05
 4.46562325e-05 5.58202906e-05 6.69843487e-05 7.81484068e-05
 8.93124649e-05 1.00476523e-04 1.11640581e-04 1.22804639e-04
 1.33968697e-04 1.45132756e-04 1.56296814e-04 1.67460872e-04
 1.78624930e-04 1.89788988e-04 2.00953046e-04 2.12117104e-04
 2.23281162e-04 2.34445220e-04 2.45609279e-04 2.56773337e-04
 2.67937395e-04 2.79101453e-04 2.90265511e-04 3.01429569e-04
 3.12593627e-04 3.23757685e-04 3.34921744e-04 3.46085802e-04
 3.57249860e-04 3.68413918e-04 3.79577976e-04 3.90742034e-04
 4.01906092e-04 4.13070150e-04 4.24234208e-04 4.35398267e-04
 4.46562325e-04 4.57726383e-04 4.68890441e-04 4.80054499e-04
 4.91218557e-04 5.02382615e-04 5.13546673e-04 5.24710732e-04
 5.35874790e-04 5.47038848e-04 5.58202906e-04 5.69366964e-04
 5.80531022e-04 5.91695080e-04 6.02859138e-04 6.14023196e-04
 6.25187255e-04 6.36351313e-04 6.47515371e-04 6.58679429e-04
 6.69843487e-04 6.81007545e-04 6.92171603e-04 7.03335661e-04
 7.14499720e-04 7.25663778e-04 7.36827836e-04 7.47991894e-04
 7.59155952e-04 7.70320010e-04 7.81484068e-04 7.92648126e-04
 8.03812184e-04 8.14976243e-04 8.26140301e-04 8.37304359e-04
 8.48468417e-04 8.59632475e-04 8.70796533e-04 8.81960591e-04
 8.93124649e-04 9.04288708e-04 9.15452766e-04 9.26616824e-04
 9.37780882e-04 9.48944940e-04 9.60108998e-04 9.71273056e-04
 9.82437114e-04 9.93601172e-04 1.00476523e-03 1.01592929e-03
 1.02709335e-03 1.03825740e-03 1.04942146e-03 1.06058552e-03
 1.07174958e-03 1.08291364e-03 1.09407770e-03 1.10524175e-03
 1.11640581e-03]
Frequencies: [2.64233050e+09 4.14604738e+08 3.21470671e+08 2.42424167e+08
 1.80925710e+08 1.35796570e+08 1.03044733e+08 7.91970810e+07
 6.17727870e+07 4.90363860e+07 3.95666110e+07 3.24504310e+07
 2.70209430e+07 2.27673440e+07 1.93929140e+07 1.67068020e+07
 1.44973790e+07 1.26925960e+07 1.11928190e+07 9.93377300e+06
 8.86416000e+06 7.95567100e+06 7.16459800e+06 6.47995700e+06
 5.87931700e+06 5.34983800e+06 4.88059500e+06 4.46980200e+06
 4.09268300e+06 3.76327000e+06 3.45607400e+06 3.18818400e+06
 2.93934400e+06 2.71656300e+06 2.51630400e+06 2.32460800e+06
 2.15180600e+06 1.99712700e+06 1.85067200e+06 1.71729000e+06
 1.59362200e+06 1.47987600e+06 1.37334600e+06 1.27536700e+06
 1.18361100e+06 1.10068900e+06 1.02273600e+06 9.49545000e+05
 8.81153000e+05 8.19459000e+05 7.59651000e+05 7.03795000e+05
 6.52080000e+05 6.03924000e+05 5.59725000e+05 5.16747000e+05
 4.76673000e+05 4.38970000e+05 4.05511000e+05 3.71690000e+05
 3.40396000e+05 3.12167000e+05 2.84924000e+05 2.60615000e+05
 2.38448000e+05 2.16332000e+05 1.97543000e+05 1.79809000e+05
 1.63654000e+05 1.49153000e+05 1.34578000e+05 1.21867000e+05
 1.09621000e+05 9.85670000e+04 8.88290000e+04 7.91480000e+04
 7.09660000e+04 6.27560000e+04 5.45370000e+04 4.86910000e+04
 4.19180000e+04 3.56650000e+04 3.11500000e+04 2.59310000e+04
 2.19310000e+04 1.78190000e+04 1.42030000e+04 1.07740000e+04
 8.26600000e+03 5.62200000e+03 3.64800000e+03 1.90500000e+03
 9.70000000e+02 3.94000000e+02 1.29000000e+02 4.20000000e+01
 2.00000000e+01 1.50000000e+01 2.00000000e+00 3.00000000e+00]
