Standard Deviation: 1.4950050549853253e-05
Skewness: 5.833781287573235
Kurtosis: 42.6861814061066
Median: 0.0
Mean: 3.666939763517698e-06
Deciles: [0. 0.]
Minimum: 0.0
Maximum: 0.0006707778098647313
Bin Edges: [0.00000000e+00 6.70777810e-06 1.34155562e-05 2.01233343e-05
 2.68311124e-05 3.35388905e-05 4.02466686e-05 4.69544467e-05
 5.36622248e-05 6.03700029e-05 6.70777810e-05 7.37855591e-05
 8.04933372e-05 8.72011153e-05 9.39088934e-05 1.00616671e-04
 1.07324450e-04 1.14032228e-04 1.20740006e-04 1.27447784e-04
 1.34155562e-04 1.40863340e-04 1.47571118e-04 1.54278896e-04
 1.60986674e-04 1.67694452e-04 1.74402231e-04 1.81110009e-04
 1.87817787e-04 1.94525565e-04 2.01233343e-04 2.07941121e-04
 2.14648899e-04 2.21356677e-04 2.28064455e-04 2.34772233e-04
 2.41480012e-04 2.48187790e-04 2.54895568e-04 2.61603346e-04
 2.68311124e-04 2.75018902e-04 2.81726680e-04 2.88434458e-04
 2.95142236e-04 3.01850014e-04 3.08557793e-04 3.15265571e-04
 3.21973349e-04 3.28681127e-04 3.35388905e-04 3.42096683e-04
 3.48804461e-04 3.55512239e-04 3.62220017e-04 3.68927795e-04
 3.75635574e-04 3.82343352e-04 3.89051130e-04 3.95758908e-04
 4.02466686e-04 4.09174464e-04 4.15882242e-04 4.22590020e-04
 4.29297798e-04 4.36005576e-04 4.42713355e-04 4.49421133e-04
 4.56128911e-04 4.62836689e-04 4.69544467e-04 4.76252245e-04
 4.82960023e-04 4.89667801e-04 4.96375579e-04 5.03083357e-04
 5.09791135e-04 5.16498914e-04 5.23206692e-04 5.29914470e-04
 5.36622248e-04 5.43330026e-04 5.50037804e-04 5.56745582e-04
 5.63453360e-04 5.70161138e-04 5.76868916e-04 5.83576695e-04
 5.90284473e-04 5.96992251e-04 6.03700029e-04 6.10407807e-04
 6.17115585e-04 6.23823363e-04 6.30531141e-04 6.37238919e-04
 6.43946697e-04 6.50654476e-04 6.57362254e-04 6.64070032e-04
 6.70777810e-04]
Frequencies: [4.12925248e+09 8.58445280e+07 6.30764760e+07 4.87401160e+07
 3.82784410e+07 3.03465930e+07 2.43025430e+07 1.97424270e+07
 1.62546730e+07 1.35692240e+07 1.14887100e+07 9.87172100e+06
 8.58036200e+06 7.54011100e+06 6.71979500e+06 6.10200600e+06
 5.34848300e+06 4.32582600e+06 3.26297400e+06 2.36520300e+06
 1.68078700e+06 1.19979300e+06 8.53700000e+05 6.13123000e+05
 4.41301000e+05 3.23244000e+05 2.38865000e+05 1.78126000e+05
 1.34018000e+05 1.01583000e+05 7.74390000e+04 6.09590000e+04
 4.71800000e+04 3.70130000e+04 2.94790000e+04 2.37790000e+04
 1.94380000e+04 1.59950000e+04 1.33300000e+04 1.11020000e+04
 9.21100000e+03 7.74000000e+03 6.47700000e+03 5.65600000e+03
 4.94100000e+03 4.35200000e+03 3.71100000e+03 3.32300000e+03
 2.83900000e+03 2.48900000e+03 2.21200000e+03 1.99000000e+03
 1.71100000e+03 1.55700000e+03 1.46700000e+03 1.26200000e+03
 1.14000000e+03 9.94000000e+02 9.37000000e+02 7.78000000e+02
 7.67000000e+02 6.35000000e+02 5.90000000e+02 5.65000000e+02
 4.85000000e+02 4.40000000e+02 3.97000000e+02 3.27000000e+02
 2.92000000e+02 2.35000000e+02 2.80000000e+02 2.38000000e+02
 1.85000000e+02 1.58000000e+02 1.34000000e+02 1.17000000e+02
 9.50000000e+01 8.20000000e+01 5.10000000e+01 5.30000000e+01
 2.90000000e+01 3.20000000e+01 2.10000000e+01 1.80000000e+01
 1.30000000e+01 6.00000000e+00 3.00000000e+00 4.00000000e+00
 3.00000000e+00 2.00000000e+00 2.00000000e+00 0.00000000e+00
 2.00000000e+00 2.00000000e+00 1.00000000e+00 0.00000000e+00
 1.00000000e+00 0.00000000e+00 0.00000000e+00 1.00000000e+00]
