Standard Deviation: 13.631831073197397
Skewness: -1.3479777162022806
Kurtosis: 2.073554820874807
Median: 290.7841839383434
Mean: 286.59402462734425
Deciles: [279.39557547 296.6895717 ]
Minimum: 205.60577594301319
Maximum: 322.79708312607806
Bin Edges: [205.60577594 206.77768901 207.94960209 209.12151516 210.29342823
 211.4653413  212.63725437 213.80916745 214.98108052 216.15299359
 217.32490666 218.49681973 219.6687328  220.84064588 222.01255895
 223.18447202 224.35638509 225.52829816 226.70021124 227.87212431
 229.04403738 230.21595045 231.38786352 232.5597766  233.73168967
 234.90360274 236.07551581 237.24742888 238.41934195 239.59125503
 240.7631681  241.93508117 243.10699424 244.27890731 245.45082039
 246.62273346 247.79464653 248.9665596  250.13847267 251.31038574
 252.48229882 253.65421189 254.82612496 255.99803803 257.1699511
 258.34186418 259.51377725 260.68569032 261.85760339 263.02951646
 264.20142953 265.37334261 266.54525568 267.71716875 268.88908182
 270.06099489 271.23290797 272.40482104 273.57673411 274.74864718
 275.92056025 277.09247332 278.2643864  279.43629947 280.60821254
 281.78012561 282.95203868 284.12395176 285.29586483 286.4677779
 287.63969097 288.81160404 289.98351711 291.15543019 292.32734326
 293.49925633 294.6711694  295.84308247 297.01499555 298.18690862
 299.35882169 300.53073476 301.70264783 302.8745609  304.04647398
 305.21838705 306.39030012 307.56221319 308.73412626 309.90603934
 311.07795241 312.24986548 313.42177855 314.59369162 315.7656047
 316.93751777 318.10943084 319.28134391 320.45325698 321.62517005
 322.79708313]
Frequencies: [1.40000000e+01 1.40000000e+02 1.15900000e+03 3.80300000e+03
 8.41200000e+03 1.78990000e+04 2.91540000e+04 5.23820000e+04
 8.77800000e+04 1.32969000e+05 1.96249000e+05 2.84370000e+05
 3.99369000e+05 5.55372000e+05 7.38469000e+05 9.27797000e+05
 1.13961900e+06 1.38058300e+06 1.63781600e+06 1.86785500e+06
 2.08035400e+06 2.26510200e+06 2.44530600e+06 2.63000400e+06
 2.81956000e+06 3.01755400e+06 3.27590300e+06 3.58438600e+06
 4.04085700e+06 4.60565400e+06 5.36714800e+06 6.26444900e+06
 7.24460500e+06 8.29475400e+06 9.35600200e+06 1.04281480e+07
 1.14360600e+07 1.23136500e+07 1.31262980e+07 1.38784320e+07
 1.46037090e+07 1.53492980e+07 1.59350410e+07 1.65494170e+07
 1.71279150e+07 1.78866740e+07 1.88315280e+07 2.00253090e+07
 2.15342250e+07 2.35629430e+07 2.63863360e+07 3.02603410e+07
 3.62171680e+07 4.54619670e+07 5.83419190e+07 6.95177940e+07
 7.40528560e+07 7.36963130e+07 7.47522810e+07 7.72825350e+07
 8.06612230e+07 8.43271530e+07 8.81225490e+07 9.20456660e+07
 9.61339960e+07 1.00343547e+08 1.05051832e+08 1.11056067e+08
 1.18304911e+08 1.26499919e+08 1.34759621e+08 1.43787408e+08
 1.54330609e+08 1.67947104e+08 1.86352623e+08 2.14299212e+08
 2.66744899e+08 3.61078863e+08 4.20110812e+08 3.00912189e+08
 8.30248470e+07 4.88748190e+07 3.82746300e+07 3.10366580e+07
 2.53892650e+07 2.06992560e+07 1.65992590e+07 1.28778300e+07
 9.54557100e+06 6.66543000e+06 4.38279300e+06 2.73036600e+06
 1.55264300e+06 8.00060000e+05 3.64636000e+05 1.33745000e+05
 3.90630000e+04 9.72900000e+03 1.93600000e+03 2.55000000e+02]
