Standard Deviation: 14.334459172236143
Skewness: 0.24832294885114709
Kurtosis: 0.4570501628884309
Median: 8.371333420542129
Mean: 9.15906525805727
Deciles: [-0.53579979 18.19703144]
Minimum: -59.08128348119305
Maximum: 90.10741591164216
Bin Edges: [-59.08128348 -57.58939649 -56.09750949 -54.6056225  -53.11373551
 -51.62184851 -50.12996152 -48.63807452 -47.14618753 -45.65430054
 -44.16241354 -42.67052655 -41.17863955 -39.68675256 -38.19486557
 -36.70297857 -35.21109158 -33.71920458 -32.22731759 -30.7354306
 -29.2435436  -27.75165661 -26.25976961 -24.76788262 -23.27599563
 -21.78410863 -20.29222164 -18.80033465 -17.30844765 -15.81656066
 -14.32467366 -12.83278667 -11.34089968  -9.84901268  -8.35712569
  -6.86523869  -5.3733517   -3.88146471  -2.38957771  -0.89769072
   0.59419628   2.08608327   3.57797026   5.06985726   6.56174425
   8.05363125   9.54551824  11.03740523  12.52929223  14.02117922
  15.51306622  17.00495321  18.4968402   19.9887272   21.48061419
  22.97250118  24.46438818  25.95627517  27.44816217  28.94004916
  30.43193615  31.92382315  33.41571014  34.90759714  36.39948413
  37.89137112  39.38325812  40.87514511  42.36703211  43.8589191
  45.35080609  46.84269309  48.33458008  49.82646708  51.31835407
  52.81024106  54.30212806  55.79401505  57.28590205  58.77778904
  60.26967603  61.76156303  63.25345002  64.74533701  66.23722401
  67.729111    69.220998    70.71288499  72.20477198  73.69665898
  75.18854597  76.68043297  78.17231996  79.66420695  81.15609395
  82.64798094  84.13986794  85.63175493  87.12364192  88.61552892
  90.10741591]
Frequencies: [7.00000000e+00 2.33000000e+02 2.10600000e+03 6.98500000e+03
 2.03140000e+04 5.47190000e+04 7.56930000e+04 1.03400000e+05
 1.50604000e+05 2.20608000e+05 3.23342000e+05 4.72276000e+05
 6.81153000e+05 9.75196000e+05 1.35440900e+06 1.82452300e+06
 2.41526800e+06 3.08038600e+06 3.83923200e+06 4.69669500e+06
 5.68850400e+06 6.81028800e+06 8.07395700e+06 9.62598500e+06
 1.14983320e+07 1.38793650e+07 1.69462070e+07 2.09508400e+07
 2.62697080e+07 3.35091320e+07 4.29545400e+07 5.47442510e+07
 6.87228720e+07 8.41976450e+07 1.00601775e+08 1.17523761e+08
 1.34455060e+08 1.50765398e+08 1.65614675e+08 1.77963333e+08
 1.86593741e+08 1.91747169e+08 1.93893042e+08 1.94052536e+08
 1.92562842e+08 1.89541187e+08 1.85413424e+08 1.80502096e+08
 1.74311209e+08 1.67261479e+08 1.58903627e+08 1.49136838e+08
 1.38500536e+08 1.27101251e+08 1.14627432e+08 1.02000595e+08
 8.97118510e+07 7.80701620e+07 6.76404420e+07 5.84994190e+07
 5.02102500e+07 4.29236320e+07 3.66761960e+07 3.14623690e+07
 2.69821490e+07 2.31476300e+07 1.98181910e+07 1.69354270e+07
 1.44435590e+07 1.22929130e+07 1.03844660e+07 8.75621600e+06
 7.36006100e+06 6.14525800e+06 5.07271800e+06 4.10273900e+06
 3.29557000e+06 2.61210700e+06 2.05798800e+06 1.56031300e+06
 1.15651800e+06 8.35038000e+05 5.92373000e+05 4.14542000e+05
 2.83084000e+05 1.96985000e+05 1.25653000e+05 7.50260000e+04
 4.64070000e+04 2.67440000e+04 1.35740000e+04 6.58300000e+03
 3.17300000e+03 1.58900000e+03 1.18100000e+03 7.45000000e+02
 6.19000000e+02 3.83000000e+02 2.51000000e+02 1.25000000e+02]
