Standard Deviation: 5.553684039295608
Skewness: 0.017129889828348722
Kurtosis: 9.663084224334517
Median: 0.004192604923820342
Mean: 0.006026532637017319
Deciles: [-2.30435856  2.30841266]
Minimum: -64.13515590138047
Maximum: 65.49779309902299
Bin Edges: [-64.1351559  -62.83882641 -61.54249692 -60.24616743 -58.94983794
 -57.65350845 -56.35717896 -55.06084947 -53.76451998 -52.46819049
 -51.171861   -49.87553151 -48.57920202 -47.28287253 -45.98654304
 -44.69021355 -43.39388406 -42.09755457 -40.80122508 -39.50489559
 -38.2085661  -36.91223661 -35.61590712 -34.31957763 -33.02324814
 -31.72691865 -30.43058916 -29.13425967 -27.83793018 -26.54160069
 -25.2452712  -23.94894171 -22.65261222 -21.35628273 -20.05995324
 -18.76362375 -17.46729426 -16.17096477 -14.87463528 -13.57830579
 -12.2819763  -10.98564681  -9.68931732  -8.39298783  -7.09665834
  -5.80032885  -4.50399936  -3.20766987  -1.91134038  -0.61501089
   0.6813186    1.97764809   3.27397758   4.57030707   5.86663656
   7.16296605   8.45929554   9.75562503  11.05195452  12.34828401
  13.6446135   14.94094299  16.23727248  17.53360197  18.82993146
  20.12626095  21.42259044  22.71891993  24.01524942  25.31157891
  26.6079084   27.90423789  29.20056738  30.49689687  31.79322636
  33.08955585  34.38588534  35.68221483  36.97854432  38.27487381
  39.5712033   40.86753279  42.16386228  43.46019177  44.75652126
  46.05285075  47.34918024  48.64550973  49.94183922  51.23816871
  52.5344982   53.83082769  55.12715718  56.42348667  57.71981616
  59.01614565  60.31247514  61.60880463  62.90513412  64.20146361
  65.4977931 ]
Frequencies: [1.51000000e+02 4.00000000e+02 6.17000000e+02 9.72000000e+02
 2.01500000e+03 3.14500000e+03 5.84700000e+03 8.64100000e+03
 1.44080000e+04 2.34970000e+04 3.56440000e+04 4.62640000e+04
 6.00200000e+04 7.88310000e+04 1.03463000e+05 1.37706000e+05
 1.84408000e+05 2.42915000e+05 3.14543000e+05 3.97791000e+05
 4.96261000e+05 6.09744000e+05 7.36404000e+05 8.95624000e+05
 1.06585600e+06 1.26631300e+06 1.52554500e+06 1.82033500e+06
 2.16835500e+06 2.59107500e+06 3.08463100e+06 3.67191000e+06
 4.37665700e+06 5.23571600e+06 6.26910800e+06 7.56899600e+06
 9.18716700e+06 1.12194140e+07 1.38452150e+07 1.74455780e+07
 2.26185430e+07 3.04029280e+07 4.27831700e+07 6.41079480e+07
 1.03108690e+08 1.74332843e+08 2.95627306e+08 4.66701261e+08
 6.35897646e+08 7.07878129e+08 6.30811887e+08 4.58858100e+08
 2.88092885e+08 1.68775825e+08 1.00157230e+08 6.30076150e+07
 4.22401080e+07 2.99532780e+07 2.23720250e+07 1.73384040e+07
 1.38034000e+07 1.11628050e+07 9.15256000e+06 7.58670700e+06
 6.30144300e+06 5.25450600e+06 4.39960800e+06 3.70053400e+06
 3.10748800e+06 2.62564200e+06 2.20586300e+06 1.84769100e+06
 1.54389900e+06 1.27944700e+06 1.05665500e+06 8.80630000e+05
 7.23423000e+05 5.82054000e+05 4.66636000e+05 3.77414000e+05
 3.01971000e+05 2.42341000e+05 1.89867000e+05 1.48529000e+05
 1.15560000e+05 8.91340000e+04 6.54230000e+04 4.58940000e+04
 3.34190000e+04 2.47440000e+04 1.82770000e+04 1.36770000e+04
 1.05760000e+04 7.47600000e+03 4.42500000e+03 2.63200000e+03
 2.05600000e+03 1.51200000e+03 8.47000000e+02 2.32000000e+02]
