Standard Deviation: 12.291416368706553
Skewness: -1.1254262834498352
Kurtosis: 1.1266136305500538
Median: 284.6199357841132
Mean: 280.8541587405748
Deciles: [273.38205343 290.52434666]
Minimum: 216.38147784427514
Maximum: 311.1561315233683
Bin Edges: [216.38147784 217.32922438 218.27697092 219.22471745 220.17246399
 221.12021053 222.06795707 223.0157036  223.96345014 224.91119668
 225.85894321 226.80668975 227.75443629 228.70218282 229.64992936
 230.5976759  231.54542243 232.49316897 233.44091551 234.38866204
 235.33640858 236.28415512 237.23190165 238.17964819 239.12739473
 240.07514126 241.0228878  241.97063434 242.91838087 243.86612741
 244.81387395 245.76162048 246.70936702 247.65711356 248.6048601
 249.55260663 250.50035317 251.44809971 252.39584624 253.34359278
 254.29133932 255.23908585 256.18683239 257.13457893 258.08232546
 259.030072   259.97781854 260.92556507 261.87331161 262.82105815
 263.76880468 264.71655122 265.66429776 266.61204429 267.55979083
 268.50753737 269.4552839  270.40303044 271.35077698 272.29852351
 273.24627005 274.19401659 275.14176313 276.08950966 277.0372562
 277.98500274 278.93274927 279.88049581 280.82824235 281.77598888
 282.72373542 283.67148196 284.61922849 285.56697503 286.51472157
 287.4624681  288.41021464 289.35796118 290.30570771 291.25345425
 292.20120079 293.14894732 294.09669386 295.0444404  295.99218693
 296.93993347 297.88768001 298.83542655 299.78317308 300.73091962
 301.67866616 302.62641269 303.57415923 304.52190577 305.4696523
 306.41739884 307.36514538 308.31289191 309.26063845 310.20838499
 311.15613152]
Frequencies: [7.19000000e+02 4.48400000e+03 1.15000000e+04 2.41330000e+04
 4.62210000e+04 8.54180000e+04 1.47677000e+05 2.29458000e+05
 3.42280000e+05 4.79841000e+05 6.54240000e+05 8.50212000e+05
 1.06200100e+06 1.27811700e+06 1.50264100e+06 1.71266000e+06
 1.89911000e+06 2.09021100e+06 2.28185900e+06 2.46406100e+06
 2.63938200e+06 2.83160000e+06 3.04056200e+06 3.24696200e+06
 3.52184500e+06 3.83206000e+06 4.19463700e+06 4.63213800e+06
 5.11996800e+06 5.69504400e+06 6.43482700e+06 7.27030400e+06
 8.23374700e+06 9.24562500e+06 1.02588640e+07 1.14500510e+07
 1.26410440e+07 1.39322050e+07 1.53354850e+07 1.67932300e+07
 1.82072100e+07 1.97422450e+07 2.13540060e+07 2.32557360e+07
 2.55316000e+07 2.82761290e+07 3.15670850e+07 3.58251520e+07
 4.10811950e+07 4.67657930e+07 5.20993330e+07 5.66279760e+07
 6.02276690e+07 6.34861040e+07 6.64675440e+07 6.92098620e+07
 7.14439870e+07 7.33661270e+07 7.50736330e+07 7.69825820e+07
 7.92145040e+07 8.21141910e+07 8.50329840e+07 8.77394220e+07
 8.99500660e+07 9.24725370e+07 9.49489050e+07 9.76863280e+07
 1.00967443e+08 1.05486880e+08 1.11513240e+08 1.19265964e+08
 1.28416173e+08 1.39624168e+08 1.54520971e+08 1.75693203e+08
 2.06630943e+08 2.58880971e+08 3.46537713e+08 3.56145954e+08
 1.93204493e+08 9.51893090e+07 6.12006200e+07 4.36845220e+07
 3.17906160e+07 2.34579730e+07 1.73374990e+07 1.26182750e+07
 9.01102100e+06 6.30781600e+06 4.23061400e+06 2.69377100e+06
 1.64164900e+06 9.86578000e+05 5.37165000e+05 2.30059000e+05
 8.23930000e+04 2.41370000e+04 4.86900000e+03 6.70000000e+02]
