Standard Deviation: 8.349776753403487
Skewness: 0.5628136632077333
Kurtosis: 0.15896718854669967
Median: -0.9158113201329607
Mean: 0.1402019765861083
Deciles: [-6.13852402  5.29336528]
Minimum: -56.0542540155194
Maximum: 49.03566528244743
Bin Edges: [-56.05425402 -55.00335482 -53.95245563 -52.90155644 -51.85065724
 -50.79975805 -49.74885886 -48.69795966 -47.64706047 -46.59616128
 -45.54526209 -44.49436289 -43.4434637  -42.39256451 -41.34166531
 -40.29076612 -39.23986693 -38.18896773 -37.13806854 -36.08716935
 -35.03627016 -33.98537096 -32.93447177 -31.88357258 -30.83267338
 -29.78177419 -28.730875   -27.67997581 -26.62907661 -25.57817742
 -24.52727823 -23.47637903 -22.42547984 -21.37458065 -20.32368145
 -19.27278226 -18.22188307 -17.17098388 -16.12008468 -15.06918549
 -14.0182863  -12.9673871  -11.91648791 -10.86558872  -9.81468952
  -8.76379033  -7.71289114  -6.66199195  -5.61109275  -4.56019356
  -3.50929437  -2.45839517  -1.40749598  -0.35659679   0.69430241
   1.7452016    2.79610079   3.84699998   4.89789918   5.94879837
   6.99969756   8.05059676   9.10149595  10.15239514  11.20329434
  12.25419353  13.30509272  14.35599191  15.40689111  16.4577903
  17.50868949  18.55958869  19.61048788  20.66138707  21.71228626
  22.76318546  23.81408465  24.86498384  25.91588304  26.96678223
  28.01768142  29.06858062  30.11947981  31.170379    32.22127819
  33.27217739  34.32307658  35.37397577  36.42487497  37.47577416
  38.52667335  39.57757255  40.62847174  41.67937093  42.73027012
  43.78116932  44.83206851  45.8829677   46.9338669   47.98476609
  49.03566528]
Frequencies: [1.80000000e+01 1.10000000e+01 1.40000000e+01 2.00000000e+01
 4.50000000e+01 5.90000000e+01 9.90000000e+01 1.21000000e+02
 2.64000000e+02 5.02000000e+02 8.89000000e+02 1.22100000e+03
 1.88000000e+03 2.56400000e+03 3.87600000e+03 6.06200000e+03
 9.02800000e+03 1.26740000e+04 1.83220000e+04 2.74550000e+04
 3.92260000e+04 5.55310000e+04 7.92000000e+04 1.11734000e+05
 1.57830000e+05 2.20081000e+05 3.02048000e+05 4.20579000e+05
 5.75406000e+05 7.75283000e+05 1.02968300e+06 1.35938700e+06
 1.79682700e+06 2.35638600e+06 3.08064000e+06 4.09419000e+06
 5.62486400e+06 8.32956100e+06 1.33879060e+07 2.27781430e+07
 3.88045770e+07 6.37460330e+07 9.83825780e+07 1.39824201e+08
 1.79797102e+08 2.09093722e+08 2.24479644e+08 2.30815105e+08
 2.32827818e+08 2.32484851e+08 2.28823736e+08 2.22915414e+08
 2.15884057e+08 2.08796668e+08 2.02444848e+08 1.94413896e+08
 1.84020182e+08 1.71012318e+08 1.56498141e+08 1.41038238e+08
 1.24867403e+08 1.08786383e+08 9.41143980e+07 8.17792900e+07
 7.16052100e+07 6.31978260e+07 5.60682850e+07 4.98090330e+07
 4.42053130e+07 3.91267970e+07 3.43991130e+07 2.95989900e+07
 2.48564960e+07 2.02792700e+07 1.60176740e+07 1.22455620e+07
 9.07206900e+06 6.41749000e+06 4.35692000e+06 2.86769900e+06
 1.83763600e+06 1.15024900e+06 6.99267000e+05 4.19050000e+05
 2.56195000e+05 1.56398000e+05 9.40000000e+04 5.69860000e+04
 3.38540000e+04 1.97780000e+04 1.13900000e+04 6.89200000e+03
 4.05500000e+03 2.14700000e+03 1.13000000e+03 5.39000000e+02
 2.69000000e+02 1.18000000e+02 5.10000000e+01 1.70000000e+01]
