Standard Deviation: 3.2995537649178402e-12
Skewness: 12817.53105252403
Kurtosis: 178234470.25601852
Median: 0.0
Mean: 2.966981648216372e-16
Deciles: [0. 0.]
Minimum: 0.0
Maximum: 6.013722570153355e-08
Bin Edges: [0.00000000e+00 6.01372257e-10 1.20274451e-09 1.80411677e-09
 2.40548903e-09 3.00686129e-09 3.60823354e-09 4.20960580e-09
 4.81097806e-09 5.41235031e-09 6.01372257e-09 6.61509483e-09
 7.21646708e-09 7.81783934e-09 8.41921160e-09 9.02058386e-09
 9.62195611e-09 1.02233284e-08 1.08247006e-08 1.14260729e-08
 1.20274451e-08 1.26288174e-08 1.32301897e-08 1.38315619e-08
 1.44329342e-08 1.50343064e-08 1.56356787e-08 1.62370509e-08
 1.68384232e-08 1.74397955e-08 1.80411677e-08 1.86425400e-08
 1.92439122e-08 1.98452845e-08 2.04466567e-08 2.10480290e-08
 2.16494013e-08 2.22507735e-08 2.28521458e-08 2.34535180e-08
 2.40548903e-08 2.46562625e-08 2.52576348e-08 2.58590071e-08
 2.64603793e-08 2.70617516e-08 2.76631238e-08 2.82644961e-08
 2.88658683e-08 2.94672406e-08 3.00686129e-08 3.06699851e-08
 3.12713574e-08 3.18727296e-08 3.24741019e-08 3.30754741e-08
 3.36768464e-08 3.42782186e-08 3.48795909e-08 3.54809632e-08
 3.60823354e-08 3.66837077e-08 3.72850799e-08 3.78864522e-08
 3.84878244e-08 3.90891967e-08 3.96905690e-08 4.02919412e-08
 4.08933135e-08 4.14946857e-08 4.20960580e-08 4.26974302e-08
 4.32988025e-08 4.39001748e-08 4.45015470e-08 4.51029193e-08
 4.57042915e-08 4.63056638e-08 4.69070360e-08 4.75084083e-08
 4.81097806e-08 4.87111528e-08 4.93125251e-08 4.99138973e-08
 5.05152696e-08 5.11166418e-08 5.17180141e-08 5.23193864e-08
 5.29207586e-08 5.35221309e-08 5.41235031e-08 5.47248754e-08
 5.53262476e-08 5.59276199e-08 5.65289922e-08 5.71303644e-08
 5.77317367e-08 5.83331089e-08 5.89344812e-08 5.95358534e-08
 6.01372257e-08]
Frequencies: [4.54118395e+09 0.00000000e+00 1.00000000e+00 1.00000000e+00
 1.00000000e+00 0.00000000e+00 1.00000000e+00 0.00000000e+00
 0.00000000e+00 1.00000000e+00 0.00000000e+00 1.00000000e+00
 1.00000000e+00 1.00000000e+00 2.00000000e+00 0.00000000e+00
 0.00000000e+00 1.00000000e+00 0.00000000e+00 0.00000000e+00
 0.00000000e+00 0.00000000e+00 1.00000000e+00 1.00000000e+00
 1.00000000e+00 2.00000000e+00 1.00000000e+00 0.00000000e+00
 1.00000000e+00 0.00000000e+00 1.00000000e+00 0.00000000e+00
 0.00000000e+00 0.00000000e+00 1.00000000e+00 0.00000000e+00
 1.00000000e+00 2.00000000e+00 0.00000000e+00 0.00000000e+00
 1.00000000e+00 1.00000000e+00 0.00000000e+00 0.00000000e+00
 2.00000000e+00 1.00000000e+00 0.00000000e+00 1.00000000e+00
 0.00000000e+00 1.00000000e+00 1.00000000e+00 0.00000000e+00
 0.00000000e+00 0.00000000e+00 0.00000000e+00 1.00000000e+00
 1.00000000e+00 1.00000000e+00 0.00000000e+00 0.00000000e+00
 0.00000000e+00 0.00000000e+00 0.00000000e+00 1.00000000e+00
 1.00000000e+00 0.00000000e+00 3.00000000e+00 0.00000000e+00
 0.00000000e+00 1.00000000e+00 0.00000000e+00 0.00000000e+00
 0.00000000e+00 0.00000000e+00 1.00000000e+00 0.00000000e+00
 1.00000000e+00 1.00000000e+00 1.00000000e+00 1.00000000e+00
 1.00000000e+00 0.00000000e+00 0.00000000e+00 0.00000000e+00
 0.00000000e+00 0.00000000e+00 0.00000000e+00 1.00000000e+00
 0.00000000e+00 0.00000000e+00 0.00000000e+00 0.00000000e+00
 1.00000000e+00 0.00000000e+00 0.00000000e+00 0.00000000e+00
 1.00000000e+00 0.00000000e+00 0.00000000e+00 1.00000000e+00]
