Standard Deviation: 9.380519650629498
Skewness: 0.5281151953439828
Kurtosis: 0.18071879369379262
Median: 0.1540244682309222
Mean: 1.256942295376451
Deciles: [-5.54853037  7.03141217]
Minimum: -63.136518511587745
Maximum: 63.024550578183074
Bin Edges: [-6.31365185e+01 -6.18749078e+01 -6.06132971e+01 -5.93516864e+01
 -5.80900757e+01 -5.68284651e+01 -5.55668544e+01 -5.43052437e+01
 -5.30436330e+01 -5.17820223e+01 -5.05204116e+01 -4.92588009e+01
 -4.79971902e+01 -4.67355795e+01 -4.54739688e+01 -4.42123581e+01
 -4.29507475e+01 -4.16891368e+01 -4.04275261e+01 -3.91659154e+01
 -3.79043047e+01 -3.66426940e+01 -3.53810833e+01 -3.41194726e+01
 -3.28578619e+01 -3.15962512e+01 -3.03346405e+01 -2.90730299e+01
 -2.78114192e+01 -2.65498085e+01 -2.52881978e+01 -2.40265871e+01
 -2.27649764e+01 -2.15033657e+01 -2.02417550e+01 -1.89801443e+01
 -1.77185336e+01 -1.64569229e+01 -1.51953123e+01 -1.39337016e+01
 -1.26720909e+01 -1.14104802e+01 -1.01488695e+01 -8.88725880e+00
 -7.62564811e+00 -6.36403742e+00 -5.10242673e+00 -3.84081604e+00
 -2.57920535e+00 -1.31759466e+00 -5.59839667e-02  1.20562672e+00
  2.46723742e+00  3.72884811e+00  4.99045880e+00  6.25206949e+00
  7.51368018e+00  8.77529087e+00  1.00369016e+01  1.12985123e+01
  1.25601229e+01  1.38217336e+01  1.50833443e+01  1.63449550e+01
  1.76065657e+01  1.88681764e+01  2.01297871e+01  2.13913978e+01
  2.26530085e+01  2.39146192e+01  2.51762299e+01  2.64378405e+01
  2.76994512e+01  2.89610619e+01  3.02226726e+01  3.14842833e+01
  3.27458940e+01  3.40075047e+01  3.52691154e+01  3.65307261e+01
  3.77923368e+01  3.90539475e+01  4.03155581e+01  4.15771688e+01
  4.28387795e+01  4.41003902e+01  4.53620009e+01  4.66236116e+01
  4.78852223e+01  4.91468330e+01  5.04084437e+01  5.16700544e+01
  5.29316651e+01  5.41932757e+01  5.54548864e+01  5.67164971e+01
  5.79781078e+01  5.92397185e+01  6.05013292e+01  6.17629399e+01
  6.30245506e+01]
Frequencies: [8.00000000e+00 1.00000000e+01 1.80000000e+01 3.20000000e+01
 6.40000000e+01 7.60000000e+01 1.38000000e+02 2.63000000e+02
 3.91000000e+02 6.85000000e+02 1.07900000e+03 1.59700000e+03
 2.48100000e+03 3.72500000e+03 5.32000000e+03 8.04900000e+03
 1.03320000e+04 1.50180000e+04 2.03380000e+04 2.87850000e+04
 4.12110000e+04 5.65940000e+04 7.83870000e+04 1.09762000e+05
 1.50104000e+05 2.07430000e+05 2.81733000e+05 3.84581000e+05
 5.26462000e+05 7.13255000e+05 9.88955000e+05 1.41673200e+06
 2.13214000e+06 3.43129400e+06 5.75147600e+06 9.91433600e+06
 1.70890390e+07 2.86132390e+07 4.55604890e+07 6.88885730e+07
 9.84247640e+07 1.31316873e+08 1.63455478e+08 1.91783433e+08
 2.14989962e+08 2.33034970e+08 2.45958807e+08 2.53601439e+08
 2.56242024e+08 2.53724757e+08 2.45897937e+08 2.33211788e+08
 2.16711230e+08 1.98534724e+08 1.80146708e+08 1.62477357e+08
 1.45922953e+08 1.30832758e+08 1.17034005e+08 1.04409421e+08
 9.27940110e+07 8.20376820e+07 7.19922970e+07 6.24947540e+07
 5.35419810e+07 4.52793980e+07 3.76653610e+07 3.08041600e+07
 2.47224000e+07 1.95139860e+07 1.51316590e+07 1.15015490e+07
 8.60572900e+06 6.31192300e+06 4.55037200e+06 3.23067900e+06
 2.26162300e+06 1.56290800e+06 1.06456900e+06 7.14836000e+05
 4.69622000e+05 3.05064000e+05 1.92128000e+05 1.17915000e+05
 7.11460000e+04 4.20040000e+04 2.51210000e+04 1.51340000e+04
 8.50800000e+03 4.92200000e+03 2.68000000e+03 1.28400000e+03
 5.62000000e+02 2.53000000e+02 1.09000000e+02 6.40000000e+01
 9.00000000e+00 5.00000000e+00 3.00000000e+00 1.00000000e+00]
