Standard Deviation: 10.134381925008713
Skewness: 0.05456429840492161
Kurtosis: 2.662274714795644
Median: -0.03979668178195608
Mean: -0.005743513889126595
Deciles: [-4.85906856  4.8103332 ]
Minimum: -71.49906194495266
Maximum: 89.70954518117034
Bin Edges: [-71.49906194 -69.88697587 -68.2748898  -66.66280373 -65.05071766
 -63.43863159 -61.82654552 -60.21445945 -58.60237337 -56.9902873
 -55.37820123 -53.76611516 -52.15402909 -50.54194302 -48.92985695
 -47.31777088 -45.7056848  -44.09359873 -42.48151266 -40.86942659
 -39.25734052 -37.64525445 -36.03316838 -34.42108231 -32.80899623
 -31.19691016 -29.58482409 -27.97273802 -26.36065195 -24.74856588
 -23.13647981 -21.52439374 -19.91230766 -18.30022159 -16.68813552
 -15.07604945 -13.46396338 -11.85187731 -10.23979124  -8.62770517
  -7.01561909  -5.40353302  -3.79144695  -2.17936088  -0.56727481
   1.04481126   2.65689733   4.2689834    5.88106948   7.49315555
   9.10524162  10.71732769  12.32941376  13.94149983  15.5535859
  17.16567197  18.77775805  20.38984412  22.00193019  23.61401626
  25.22610233  26.8381884   28.45027447  30.06236054  31.67444662
  33.28653269  34.89861876  36.51070483  38.1227909   39.73487697
  41.34696304  42.95904911  44.57113519  46.18322126  47.79530733
  49.4073934   51.01947947  52.63156554  54.24365161  55.85573768
  57.46782376  59.07990983  60.6919959   62.30408197  63.91616804
  65.52825411  67.14034018  68.75242625  70.36451233  71.9765984
  73.58868447  75.20077054  76.81285661  78.42494268  80.03702875
  81.64911482  83.2612009   84.87328697  86.48537304  88.09745911
  89.70954518]
Frequencies: [3.90000000e+01 1.87000000e+02 6.38000000e+02 1.61600000e+03
 3.72200000e+03 8.57700000e+03 1.63900000e+04 2.97840000e+04
 4.79660000e+04 7.55150000e+04 1.17346000e+05 1.76957000e+05
 2.56587000e+05 3.59882000e+05 4.93972000e+05 6.70647000e+05
 9.01779000e+05 1.18933200e+06 1.55326500e+06 2.01542300e+06
 2.60148300e+06 3.31685500e+06 4.19241700e+06 5.28580500e+06
 6.62429300e+06 8.25473300e+06 1.02364740e+07 1.26810810e+07
 1.56051570e+07 1.91881230e+07 2.35138990e+07 2.88192630e+07
 3.53246440e+07 4.33337210e+07 5.32351370e+07 6.56318510e+07
 8.14730310e+07 1.02224363e+08 1.29907085e+08 1.67562068e+08
 2.19526458e+08 2.87881096e+08 3.64810753e+08 4.25851526e+08
 4.42184789e+08 4.05684865e+08 3.36803641e+08 2.63188510e+08
 2.00833941e+08 1.53711477e+08 1.19485125e+08 9.43631460e+07
 7.54026020e+07 6.06849290e+07 4.91761570e+07 4.00309920e+07
 3.26732870e+07 2.66850190e+07 2.18238230e+07 1.78740670e+07
 1.46469930e+07 1.19988690e+07 9.80615400e+06 8.00163900e+06
 6.50809700e+06 5.25897900e+06 4.23523800e+06 3.39288100e+06
 2.69521500e+06 2.14240200e+06 1.68415700e+06 1.31715600e+06
 1.01826200e+06 7.74780000e+05 5.87118000e+05 4.37351000e+05
 3.20949000e+05 2.32239000e+05 1.63960000e+05 1.14123000e+05
 7.91200000e+04 5.43640000e+04 3.63230000e+04 2.40490000e+04
 1.56730000e+04 1.02470000e+04 7.02300000e+03 4.68400000e+03
 3.02800000e+03 1.96500000e+03 1.21400000e+03 8.59000000e+02
 5.64000000e+02 3.24000000e+02 2.44000000e+02 1.52000000e+02
 1.26000000e+02 8.00000000e+01 4.60000000e+01 4.30000000e+01]
