Standard Deviation: 3.90412746873105e-06
Skewness: 14.371988728654303
Kurtosis: 310.131568174107
Median: 0.0
Mean: 4.843374225747798e-07
Deciles: [0. 0.]
Minimum: 0.0
Maximum: 0.00033296391709335615
Bin Edges: [0.00000000e+00 3.32963917e-06 6.65927834e-06 9.98891751e-06
 1.33185567e-05 1.66481959e-05 1.99778350e-05 2.33074742e-05
 2.66371134e-05 2.99667525e-05 3.32963917e-05 3.66260309e-05
 3.99556701e-05 4.32853092e-05 4.66149484e-05 4.99445876e-05
 5.32742267e-05 5.66038659e-05 5.99335051e-05 6.32631442e-05
 6.65927834e-05 6.99224226e-05 7.32520618e-05 7.65817009e-05
 7.99113401e-05 8.32409793e-05 8.65706184e-05 8.99002576e-05
 9.32298968e-05 9.65595360e-05 9.98891751e-05 1.03218814e-04
 1.06548453e-04 1.09878093e-04 1.13207732e-04 1.16537371e-04
 1.19867010e-04 1.23196649e-04 1.26526288e-04 1.29855928e-04
 1.33185567e-04 1.36515206e-04 1.39844845e-04 1.43174484e-04
 1.46504124e-04 1.49833763e-04 1.53163402e-04 1.56493041e-04
 1.59822680e-04 1.63152319e-04 1.66481959e-04 1.69811598e-04
 1.73141237e-04 1.76470876e-04 1.79800515e-04 1.83130154e-04
 1.86459794e-04 1.89789433e-04 1.93119072e-04 1.96448711e-04
 1.99778350e-04 2.03107989e-04 2.06437629e-04 2.09767268e-04
 2.13096907e-04 2.16426546e-04 2.19756185e-04 2.23085824e-04
 2.26415464e-04 2.29745103e-04 2.33074742e-04 2.36404381e-04
 2.39734020e-04 2.43063659e-04 2.46393299e-04 2.49722938e-04
 2.53052577e-04 2.56382216e-04 2.59711855e-04 2.63041495e-04
 2.66371134e-04 2.69700773e-04 2.73030412e-04 2.76360051e-04
 2.79689690e-04 2.83019330e-04 2.86348969e-04 2.89678608e-04
 2.93008247e-04 2.96337886e-04 2.99667525e-04 3.02997165e-04
 3.06326804e-04 3.09656443e-04 3.12986082e-04 3.16315721e-04
 3.19645360e-04 3.22975000e-04 3.26304639e-04 3.29634278e-04
 3.32963917e-04]
Frequencies: [4.42122186e+09 3.03951530e+07 2.01282640e+07 1.46977950e+07
 1.11603170e+07 8.63595900e+06 6.78971100e+06 5.37647300e+06
 4.28229200e+06 3.41992300e+06 2.73946700e+06 2.20185000e+06
 1.78121700e+06 1.44013800e+06 1.16861200e+06 9.48664000e+05
 7.72208000e+05 6.33626000e+05 5.22116000e+05 4.32043000e+05
 3.57195000e+05 2.97349000e+05 2.49160000e+05 2.10277000e+05
 1.77450000e+05 1.49853000e+05 1.28208000e+05 1.09290000e+05
 9.50410000e+04 8.14060000e+04 7.07290000e+04 6.12220000e+04
 5.31130000e+04 4.64430000e+04 4.09310000e+04 3.60400000e+04
 3.14970000e+04 2.78710000e+04 2.48630000e+04 2.19330000e+04
 1.95020000e+04 1.71970000e+04 1.54290000e+04 1.37210000e+04
 1.21680000e+04 1.07920000e+04 9.48400000e+03 8.60400000e+03
 7.65300000e+03 6.78800000e+03 5.89600000e+03 5.30800000e+03
 4.80600000e+03 4.04300000e+03 3.62800000e+03 3.23900000e+03
 2.75800000e+03 2.38500000e+03 2.18400000e+03 1.88500000e+03
 1.60500000e+03 1.37000000e+03 1.07800000e+03 9.15000000e+02
 7.52000000e+02 6.59000000e+02 5.01000000e+02 3.83000000e+02
 3.51000000e+02 2.63000000e+02 2.31000000e+02 1.74000000e+02
 1.47000000e+02 1.11000000e+02 8.90000000e+01 6.40000000e+01
 7.10000000e+01 4.10000000e+01 3.60000000e+01 3.10000000e+01
 2.20000000e+01 2.10000000e+01 1.40000000e+01 1.20000000e+01
 2.00000000e+00 3.00000000e+00 3.00000000e+00 5.00000000e+00
 4.00000000e+00 5.00000000e+00 3.00000000e+00 2.00000000e+00
 1.00000000e+00 0.00000000e+00 0.00000000e+00 1.00000000e+00
 0.00000000e+00 0.00000000e+00 1.00000000e+00 1.00000000e+00]
