Standard Deviation: 7.305717443743166e-05
Skewness: 4.293409800194191
Kurtosis: 26.08709629310816
Median: 1.388544946165232e-06
Mean: 3.538361576689024e-05
Deciles: [0.00000000e+00 4.22256363e-05]
Minimum: 0.0
Maximum: 0.0011159948845294513
Bin Edges: [0.00000000e+00 1.11599488e-05 2.23198977e-05 3.34798465e-05
 4.46397954e-05 5.57997442e-05 6.69596931e-05 7.81196419e-05
 8.92795908e-05 1.00439540e-04 1.11599488e-04 1.22759437e-04
 1.33919386e-04 1.45079335e-04 1.56239284e-04 1.67399233e-04
 1.78559182e-04 1.89719130e-04 2.00879079e-04 2.12039028e-04
 2.23198977e-04 2.34358926e-04 2.45518875e-04 2.56678823e-04
 2.67838772e-04 2.78998721e-04 2.90158670e-04 3.01318619e-04
 3.12478568e-04 3.23638517e-04 3.34798465e-04 3.45958414e-04
 3.57118363e-04 3.68278312e-04 3.79438261e-04 3.90598210e-04
 4.01758158e-04 4.12918107e-04 4.24078056e-04 4.35238005e-04
 4.46397954e-04 4.57557903e-04 4.68717852e-04 4.79877800e-04
 4.91037749e-04 5.02197698e-04 5.13357647e-04 5.24517596e-04
 5.35677545e-04 5.46837493e-04 5.57997442e-04 5.69157391e-04
 5.80317340e-04 5.91477289e-04 6.02637238e-04 6.13797186e-04
 6.24957135e-04 6.36117084e-04 6.47277033e-04 6.58436982e-04
 6.69596931e-04 6.80756880e-04 6.91916828e-04 7.03076777e-04
 7.14236726e-04 7.25396675e-04 7.36556624e-04 7.47716573e-04
 7.58876521e-04 7.70036470e-04 7.81196419e-04 7.92356368e-04
 8.03516317e-04 8.14676266e-04 8.25836215e-04 8.36996163e-04
 8.48156112e-04 8.59316061e-04 8.70476010e-04 8.81635959e-04
 8.92795908e-04 9.03955856e-04 9.15115805e-04 9.26275754e-04
 9.37435703e-04 9.48595652e-04 9.59755601e-04 9.70915550e-04
 9.82075498e-04 9.93235447e-04 1.00439540e-03 1.01555534e-03
 1.02671529e-03 1.03787524e-03 1.04903519e-03 1.06019514e-03
 1.07135509e-03 1.08251504e-03 1.09367499e-03 1.10483494e-03
 1.11599488e-03]
Frequencies: [2.59950480e+09 3.30225770e+08 2.86682061e+08 2.36498384e+08
 1.90007396e+08 1.51379163e+08 1.20581742e+08 9.63465840e+07
 7.73335620e+07 6.24412090e+07 5.08292050e+07 4.17325430e+07
 3.45846160e+07 2.89675390e+07 2.44886990e+07 2.09131170e+07
 1.80219930e+07 1.56611070e+07 1.37375790e+07 1.21291150e+07
 1.07841250e+07 9.64672300e+06 8.67123900e+06 7.83215300e+06
 7.10010900e+06 6.45562700e+06 5.90026900e+06 5.40262500e+06
 4.95956100e+06 4.56100400e+06 4.20101800e+06 3.87869800e+06
 3.58537500e+06 3.31850400e+06 3.07646900e+06 2.85349600e+06
 2.65218600e+06 2.46674100e+06 2.29429600e+06 2.13878600e+06
 1.99281000e+06 1.85870000e+06 1.73311300e+06 1.61772600e+06
 1.51175300e+06 1.40855000e+06 1.31323300e+06 1.22675600e+06
 1.14587100e+06 1.06769100e+06 9.98283000e+05 9.30595000e+05
 8.68521000e+05 8.07611000e+05 7.51688000e+05 6.98280000e+05
 6.50247000e+05 6.02664000e+05 5.58877000e+05 5.17921000e+05
 4.79572000e+05 4.44040000e+05 4.09109000e+05 3.79910000e+05
 3.50136000e+05 3.22704000e+05 2.97449000e+05 2.73393000e+05
 2.50474000e+05 2.28892000e+05 2.08960000e+05 1.89174000e+05
 1.71404000e+05 1.54169000e+05 1.38393000e+05 1.22963000e+05
 1.08840000e+05 9.64190000e+04 8.32900000e+04 7.23900000e+04
 6.20720000e+04 5.25300000e+04 4.37510000e+04 3.59070000e+04
 2.83460000e+04 2.22820000e+04 1.67730000e+04 1.26700000e+04
 8.92700000e+03 5.93000000e+03 3.63600000e+03 1.81400000e+03
 9.16000000e+02 3.94000000e+02 1.86000000e+02 7.60000000e+01
 2.00000000e+01 5.00000000e+00 6.00000000e+00 2.00000000e+00]
