Standard Deviation: 1.7799576289393148e-06
Skewness: 2.4354761737526274
Kurtosis: 10.122536701359891
Median: 1.882974104775984e-06
Mean: 2.57788936927837e-06
Deciles: [1.48089941e-06 3.07226709e-06]
Minimum: 1e-12
Maximum: 8.394016758133896e-05
Bin Edges: [1.00000000e-12 8.39402666e-07 1.67880433e-06 2.51820600e-06
 3.35760766e-06 4.19700933e-06 5.03641099e-06 5.87581266e-06
 6.71521433e-06 7.55461599e-06 8.39401766e-06 9.23341932e-06
 1.00728210e-05 1.09122227e-05 1.17516243e-05 1.25910260e-05
 1.34304277e-05 1.42698293e-05 1.51092310e-05 1.59486327e-05
 1.67880343e-05 1.76274360e-05 1.84668376e-05 1.93062393e-05
 2.01456410e-05 2.09850426e-05 2.18244443e-05 2.26638460e-05
 2.35032476e-05 2.43426493e-05 2.51820510e-05 2.60214526e-05
 2.68608543e-05 2.77002560e-05 2.85396576e-05 2.93790593e-05
 3.02184610e-05 3.10578626e-05 3.18972643e-05 3.27366660e-05
 3.35760676e-05 3.44154693e-05 3.52548710e-05 3.60942726e-05
 3.69336743e-05 3.77730760e-05 3.86124776e-05 3.94518793e-05
 4.02912810e-05 4.11306826e-05 4.19700843e-05 4.28094860e-05
 4.36488876e-05 4.44882893e-05 4.53276910e-05 4.61670926e-05
 4.70064943e-05 4.78458960e-05 4.86852976e-05 4.95246993e-05
 5.03641009e-05 5.12035026e-05 5.20429043e-05 5.28823059e-05
 5.37217076e-05 5.45611093e-05 5.54005109e-05 5.62399126e-05
 5.70793143e-05 5.79187159e-05 5.87581176e-05 5.95975193e-05
 6.04369209e-05 6.12763226e-05 6.21157243e-05 6.29551259e-05
 6.37945276e-05 6.46339293e-05 6.54733309e-05 6.63127326e-05
 6.71521343e-05 6.79915359e-05 6.88309376e-05 6.96703393e-05
 7.05097409e-05 7.13491426e-05 7.21885443e-05 7.30279459e-05
 7.38673476e-05 7.47067493e-05 7.55461509e-05 7.63855526e-05
 7.72249543e-05 7.80643559e-05 7.89037576e-05 7.97431593e-05
 8.05825609e-05 8.14219626e-05 8.22613642e-05 8.31007659e-05
 8.39401676e-05]
Frequencies: [9.18436820e+07 1.61799214e+09 1.35205673e+09 4.78179763e+08
 3.11235409e+08 2.37445875e+08 1.75402342e+08 1.14022351e+08
 6.60506040e+07 3.67282180e+07 2.08732670e+07 1.26488700e+07
 8.17637300e+06 5.51653800e+06 3.83240900e+06 2.68703700e+06
 1.88445000e+06 1.32575600e+06 9.32160000e+05 6.52682000e+05
 4.59144000e+05 3.23236000e+05 2.30622000e+05 1.68975000e+05
 1.22151000e+05 9.14830000e+04 6.90710000e+04 5.15390000e+04
 4.00160000e+04 3.08290000e+04 2.31050000e+04 1.85300000e+04
 1.38590000e+04 1.10670000e+04 8.70800000e+03 6.89500000e+03
 5.18800000e+03 4.05800000e+03 3.24400000e+03 2.67200000e+03
 2.12200000e+03 1.73000000e+03 1.45800000e+03 1.22400000e+03
 1.03700000e+03 8.18000000e+02 6.60000000e+02 5.59000000e+02
 4.67000000e+02 4.18000000e+02 2.69000000e+02 2.54000000e+02
 2.44000000e+02 2.00000000e+02 1.79000000e+02 1.41000000e+02
 1.43000000e+02 1.35000000e+02 1.33000000e+02 1.27000000e+02
 9.60000000e+01 7.50000000e+01 5.50000000e+01 5.50000000e+01
 4.80000000e+01 4.40000000e+01 4.40000000e+01 2.60000000e+01
 3.40000000e+01 2.50000000e+01 1.90000000e+01 2.00000000e+01
 1.30000000e+01 7.00000000e+00 1.10000000e+01 1.10000000e+01
 9.00000000e+00 6.00000000e+00 4.00000000e+00 0.00000000e+00
 5.00000000e+00 4.00000000e+00 5.00000000e+00 2.00000000e+00
 8.00000000e+00 2.00000000e+00 2.00000000e+00 0.00000000e+00
 0.00000000e+00 2.00000000e+00 0.00000000e+00 2.00000000e+00
 1.00000000e+00 2.00000000e+00 1.00000000e+00 2.00000000e+00
 0.00000000e+00 1.00000000e+00 0.00000000e+00 1.00000000e+00]
