Standard Deviation: 9.346225606318525
Skewness: 0.5328129444338927
Kurtosis: 0.14302042885109145
Median: 0.6209926508885859
Mean: 1.7969328563479727
Deciles: [-5.00886957  7.62340412]
Minimum: -63.19575693864558
Maximum: 67.34618211268338
Bin Edges: [-63.19575694 -61.89033755 -60.58491816 -59.27949877 -57.97407938
 -56.66865999 -55.3632406  -54.05782121 -52.75240181 -51.44698242
 -50.14156303 -48.83614364 -47.53072425 -46.22530486 -44.91988547
 -43.61446608 -42.30904669 -41.0036273  -39.69820791 -38.39278852
 -37.08736913 -35.78194974 -34.47653035 -33.17111096 -31.86569157
 -30.56027218 -29.25485279 -27.94943339 -26.644014   -25.33859461
 -24.03317522 -22.72775583 -21.42233644 -20.11691705 -18.81149766
 -17.50607827 -16.20065888 -14.89523949 -13.5898201  -12.28440071
 -10.97898132  -9.67356193  -8.36814254  -7.06272315  -5.75730376
  -4.45188437  -3.14646498  -1.84104558  -0.53562619   0.7697932
   2.07521259   3.38063198   4.68605137   5.99147076   7.29689015
   8.60230954   9.90772893  11.21314832  12.51856771  13.8239871
  15.12940649  16.43482588  17.74024527  19.04566466  20.35108405
  21.65650344  22.96192284  24.26734223  25.57276162  26.87818101
  28.1836004   29.48901979  30.79443918  32.09985857  33.40527796
  34.71069735  36.01611674  37.32153613  38.62695552  39.93237491
  41.2377943   42.54321369  43.84863308  45.15405247  46.45947186
  47.76489125  49.07031065  50.37573004  51.68114943  52.98656882
  54.29198821  55.5974076   56.90282699  58.20824638  59.51366577
  60.81908516  62.12450455  63.42992394  64.73534333  66.04076272
  67.34618211]
Frequencies: [1.40000000e+01 1.30000000e+01 1.50000000e+01 2.80000000e+01
 7.30000000e+01 6.40000000e+01 7.10000000e+01 1.88000000e+02
 3.01000000e+02 4.48000000e+02 6.96000000e+02 1.19200000e+03
 1.69500000e+03 2.52500000e+03 3.86400000e+03 5.61400000e+03
 7.78200000e+03 1.19050000e+04 1.72280000e+04 2.46500000e+04
 3.52150000e+04 4.87420000e+04 6.83160000e+04 9.50440000e+04
 1.34236000e+05 1.87768000e+05 2.59092000e+05 3.67548000e+05
 5.23924000e+05 7.49984000e+05 1.12659300e+06 1.78010600e+06
 2.94762000e+06 5.07830500e+06 8.94118400e+06 1.54868210e+07
 2.59740980e+07 4.18534150e+07 6.45701180e+07 9.48325060e+07
 1.30734396e+08 1.67818839e+08 2.01321706e+08 2.29083724e+08
 2.49802708e+08 2.62350151e+08 2.67645999e+08 2.66522154e+08
 2.59179134e+08 2.46852225e+08 2.30999939e+08 2.13497505e+08
 1.95455308e+08 1.77729973e+08 1.60764620e+08 1.44866782e+08
 1.29867723e+08 1.15890143e+08 1.02851403e+08 9.06112840e+07
 7.92241440e+07 6.85344480e+07 5.84882510e+07 4.91756500e+07
 4.06727860e+07 3.30378680e+07 2.62982130e+07 2.05812610e+07
 1.57866830e+07 1.18460450e+07 8.71623200e+06 6.29030500e+06
 4.45089500e+06 3.08851900e+06 2.10961500e+06 1.42373600e+06
 9.33772000e+05 6.01921000e+05 3.76541000e+05 2.31398000e+05
 1.37639000e+05 8.07970000e+04 4.80190000e+04 2.76570000e+04
 1.56980000e+04 9.73400000e+03 5.51400000e+03 3.03100000e+03
 1.55900000e+03 7.00000000e+02 3.40000000e+02 1.79000000e+02
 4.90000000e+01 3.50000000e+01 1.60000000e+01 1.30000000e+01
 5.00000000e+00 6.00000000e+00 5.00000000e+00 4.00000000e+00]
