Standard Deviation: 9.800276288824524e-06
Skewness: 7.323778092182065
Kurtosis: 66.13721002080447
Median: 0.0
Mean: 1.962224290365296e-06
Deciles: [0. 0.]
Minimum: 0.0
Maximum: 0.00030824536249976953
Bin Edges: [0.00000000e+00 3.08245362e-06 6.16490725e-06 9.24736087e-06
 1.23298145e-05 1.54122681e-05 1.84947217e-05 2.15771754e-05
 2.46596290e-05 2.77420826e-05 3.08245362e-05 3.39069899e-05
 3.69894435e-05 4.00718971e-05 4.31543507e-05 4.62368044e-05
 4.93192580e-05 5.24017116e-05 5.54841652e-05 5.85666189e-05
 6.16490725e-05 6.47315261e-05 6.78139797e-05 7.08964334e-05
 7.39788870e-05 7.70613406e-05 8.01437942e-05 8.32262479e-05
 8.63087015e-05 8.93911551e-05 9.24736087e-05 9.55560624e-05
 9.86385160e-05 1.01720970e-04 1.04803423e-04 1.07885877e-04
 1.10968330e-04 1.14050784e-04 1.17133238e-04 1.20215691e-04
 1.23298145e-04 1.26380599e-04 1.29463052e-04 1.32545506e-04
 1.35627959e-04 1.38710413e-04 1.41792867e-04 1.44875320e-04
 1.47957774e-04 1.51040228e-04 1.54122681e-04 1.57205135e-04
 1.60287588e-04 1.63370042e-04 1.66452496e-04 1.69534949e-04
 1.72617403e-04 1.75699857e-04 1.78782310e-04 1.81864764e-04
 1.84947217e-04 1.88029671e-04 1.91112125e-04 1.94194578e-04
 1.97277032e-04 2.00359486e-04 2.03441939e-04 2.06524393e-04
 2.09606846e-04 2.12689300e-04 2.15771754e-04 2.18854207e-04
 2.21936661e-04 2.25019115e-04 2.28101568e-04 2.31184022e-04
 2.34266475e-04 2.37348929e-04 2.40431383e-04 2.43513836e-04
 2.46596290e-04 2.49678744e-04 2.52761197e-04 2.55843651e-04
 2.58926104e-04 2.62008558e-04 2.65091012e-04 2.68173465e-04
 2.71255919e-04 2.74338373e-04 2.77420826e-04 2.80503280e-04
 2.83585733e-04 2.86668187e-04 2.89750641e-04 2.92833094e-04
 2.95915548e-04 2.98998002e-04 3.02080455e-04 3.05162909e-04
 3.08245362e-04]
Frequencies: [4.22290669e+09 4.93204430e+07 3.47819820e+07 2.80009650e+07
 2.37821170e+07 2.06423910e+07 1.81052690e+07 1.59727930e+07
 1.41215440e+07 1.24970020e+07 1.10609130e+07 9.80160900e+06
 8.70036800e+06 7.71651000e+06 6.83466900e+06 6.05968600e+06
 5.36543000e+06 4.75014000e+06 4.20507900e+06 3.72120600e+06
 3.28885200e+06 2.92598000e+06 2.60281400e+06 2.33544000e+06
 2.09947700e+06 1.89707500e+06 1.72628700e+06 1.57712800e+06
 1.46063000e+06 1.35845300e+06 1.27572900e+06 1.21617200e+06
 1.18099700e+06 1.11820600e+06 1.02012700e+06 9.12488000e+05
 7.99995000e+05 6.89517000e+05 5.86137000e+05 4.92875000e+05
 4.11011000e+05 3.40396000e+05 2.79601000e+05 2.26053000e+05
 1.83645000e+05 1.49572000e+05 1.22605000e+05 9.95880000e+04
 8.09100000e+04 6.61260000e+04 5.47830000e+04 4.52210000e+04
 3.65620000e+04 2.98780000e+04 2.53220000e+04 2.08430000e+04
 1.66950000e+04 1.42120000e+04 1.18120000e+04 9.58500000e+03
 7.92900000e+03 6.71600000e+03 5.46100000e+03 4.51000000e+03
 3.81100000e+03 3.33000000e+03 2.72700000e+03 2.29500000e+03
 2.01600000e+03 1.51100000e+03 1.29900000e+03 1.05400000e+03
 9.19000000e+02 8.29000000e+02 6.62000000e+02 5.85000000e+02
 4.63000000e+02 3.81000000e+02 2.46000000e+02 2.71000000e+02
 2.51000000e+02 2.16000000e+02 1.70000000e+02 1.24000000e+02
 1.10000000e+02 1.07000000e+02 5.00000000e+01 5.70000000e+01
 4.20000000e+01 4.70000000e+01 2.30000000e+01 3.30000000e+01
 3.10000000e+01 2.00000000e+01 1.30000000e+01 2.30000000e+01
 1.40000000e+01 1.80000000e+01 1.80000000e+01 1.00000000e+01]
