Standard Deviation: 11.805449163063704
Skewness: -1.1773336553271727
Kurtosis: 0.8107877946167981
Median: 268.5312697714194
Mean: 263.925573322351
Deciles: [256.78588728 273.32193586]
Minimum: 208.03206988637572
Maximum: 285.27504992316483
Bin Edges: [208.03206989 208.80449969 209.57692949 210.34935929 211.12178909
 211.89421889 212.66664869 213.43907849 214.21150829 214.98393809
 215.75636789 216.52879769 217.30122749 218.07365729 218.84608709
 219.61851689 220.39094669 221.16337649 221.93580629 222.70823609
 223.48066589 224.25309569 225.02552549 225.79795529 226.5703851
 227.3428149  228.1152447  228.8876745  229.6601043  230.4325341
 231.2049639  231.9773937  232.7498235  233.5222533  234.2946831
 235.0671129  235.8395427  236.6119725  237.3844023  238.1568321
 238.9292619  239.7016917  240.4741215  241.2465513  242.0189811
 242.7914109  243.5638407  244.3362705  245.1087003  245.8811301
 246.6535599  247.42598971 248.19841951 248.97084931 249.74327911
 250.51570891 251.28813871 252.06056851 252.83299831 253.60542811
 254.37785791 255.15028771 255.92271751 256.69514731 257.46757711
 258.24000691 259.01243671 259.78486651 260.55729631 261.32972611
 262.10215591 262.87458571 263.64701551 264.41944531 265.19187511
 265.96430491 266.73673471 267.50916451 268.28159432 269.05402412
 269.82645392 270.59888372 271.37131352 272.14374332 272.91617312
 273.68860292 274.46103272 275.23346252 276.00589232 276.77832212
 277.55075192 278.32318172 279.09561152 279.86804132 280.64047112
 281.41290092 282.18533072 282.95776052 283.73019032 284.50262012
 285.27504992]
Frequencies: [1.32200000e+03 1.04650000e+04 2.91480000e+04 6.56340000e+04
 1.23817000e+05 2.18614000e+05 3.51958000e+05 5.27385000e+05
 7.21184000e+05 9.29126000e+05 1.14853600e+06 1.37101700e+06
 1.59002600e+06 1.81229500e+06 1.99399300e+06 2.18965700e+06
 2.36375500e+06 2.49575300e+06 2.64707200e+06 2.76372400e+06
 2.87262300e+06 2.99616500e+06 3.14309600e+06 3.26231100e+06
 3.44084200e+06 3.67917300e+06 3.94149600e+06 4.25051500e+06
 4.67855200e+06 5.20868800e+06 5.94668100e+06 6.86944900e+06
 7.96676900e+06 9.31127400e+06 1.08028700e+07 1.24567920e+07
 1.43389540e+07 1.62341690e+07 1.80890370e+07 2.00990770e+07
 2.20943390e+07 2.39757770e+07 2.59512480e+07 2.78533040e+07
 2.96931650e+07 3.15982890e+07 3.34962490e+07 3.53665070e+07
 3.71020080e+07 3.89436940e+07 4.07290320e+07 4.23358710e+07
 4.38365640e+07 4.50941360e+07 4.63629190e+07 4.76013680e+07
 4.88891630e+07 5.03541540e+07 5.20647730e+07 5.37740580e+07
 5.50231510e+07 5.61329140e+07 5.72697790e+07 5.86158150e+07
 6.00783180e+07 6.16938750e+07 6.35009320e+07 6.53148870e+07
 6.70357880e+07 6.87605490e+07 7.08257800e+07 7.31560300e+07
 7.57770430e+07 7.88749020e+07 8.25324650e+07 8.66927600e+07
 9.27652060e+07 1.01398011e+08 1.12711035e+08 1.26154903e+08
 1.42764488e+08 1.64875778e+08 1.97413025e+08 2.55786258e+08
 3.47413250e+08 3.91138045e+08 2.95635563e+08 1.58535296e+08
 7.11122670e+07 2.78666040e+07 9.69941000e+06 3.12830300e+06
 1.00047100e+06 2.98622000e+05 9.99690000e+04 3.21400000e+04
 8.49700000e+03 1.76500000e+03 3.93000000e+02 8.10000000e+01]
