Standard Deviation: 3.9710100765854154e-05
Skewness: 9.125345698199723
Kurtosis: 110.81925887209904
Median: 0.0
Mean: 7.6098985211284795e-06
Deciles: [0. 0.]
Minimum: 0.0
Maximum: 0.0010882653537803687
Bin Edges: [0.00000000e+00 1.08826535e-05 2.17653071e-05 3.26479606e-05
 4.35306142e-05 5.44132677e-05 6.52959212e-05 7.61785748e-05
 8.70612283e-05 9.79438818e-05 1.08826535e-04 1.19709189e-04
 1.30591842e-04 1.41474496e-04 1.52357150e-04 1.63239803e-04
 1.74122457e-04 1.85005110e-04 1.95887764e-04 2.06770417e-04
 2.17653071e-04 2.28535724e-04 2.39418378e-04 2.50301031e-04
 2.61183685e-04 2.72066338e-04 2.82948992e-04 2.93831646e-04
 3.04714299e-04 3.15596953e-04 3.26479606e-04 3.37362260e-04
 3.48244913e-04 3.59127567e-04 3.70010220e-04 3.80892874e-04
 3.91775527e-04 4.02658181e-04 4.13540834e-04 4.24423488e-04
 4.35306142e-04 4.46188795e-04 4.57071449e-04 4.67954102e-04
 4.78836756e-04 4.89719409e-04 5.00602063e-04 5.11484716e-04
 5.22367370e-04 5.33250023e-04 5.44132677e-04 5.55015330e-04
 5.65897984e-04 5.76780638e-04 5.87663291e-04 5.98545945e-04
 6.09428598e-04 6.20311252e-04 6.31193905e-04 6.42076559e-04
 6.52959212e-04 6.63841866e-04 6.74724519e-04 6.85607173e-04
 6.96489826e-04 7.07372480e-04 7.18255133e-04 7.29137787e-04
 7.40020441e-04 7.50903094e-04 7.61785748e-04 7.72668401e-04
 7.83551055e-04 7.94433708e-04 8.05316362e-04 8.16199015e-04
 8.27081669e-04 8.37964322e-04 8.48846976e-04 8.59729629e-04
 8.70612283e-04 8.81494937e-04 8.92377590e-04 9.03260244e-04
 9.14142897e-04 9.25025551e-04 9.35908204e-04 9.46790858e-04
 9.57673511e-04 9.68556165e-04 9.79438818e-04 9.90321472e-04
 1.00120413e-03 1.01208678e-03 1.02296943e-03 1.03385209e-03
 1.04473474e-03 1.05561739e-03 1.06650005e-03 1.07738270e-03
 1.08826535e-03]
Frequencies: [4.16925395e+09 8.27896740e+07 5.30496230e+07 3.76522150e+07
 2.80194680e+07 2.18424550e+07 1.76056020e+07 1.45260050e+07
 1.22016630e+07 1.04132940e+07 8.99355300e+06 7.85213800e+06
 6.89835700e+06 6.10799900e+06 5.44155200e+06 4.87940300e+06
 4.39343800e+06 3.96446000e+06 3.59584000e+06 3.26887600e+06
 2.98738200e+06 2.73125500e+06 2.50195900e+06 2.29745900e+06
 2.11462300e+06 1.94645400e+06 1.79390100e+06 1.65927300e+06
 1.53769600e+06 1.42361300e+06 1.31698000e+06 1.22087600e+06
 1.12928800e+06 1.04688600e+06 9.70625000e+05 8.99710000e+05
 8.36259000e+05 7.76025000e+05 7.19855000e+05 6.66341000e+05
 6.17974000e+05 5.72114000e+05 5.29791000e+05 4.91880000e+05
 4.55244000e+05 4.21212000e+05 3.88542000e+05 3.59696000e+05
 3.32058000e+05 3.06670000e+05 2.83277000e+05 2.61768000e+05
 2.40806000e+05 2.23122000e+05 2.04103000e+05 1.87853000e+05
 1.73267000e+05 1.59060000e+05 1.46944000e+05 1.35099000e+05
 1.24364000e+05 1.13073000e+05 1.02386000e+05 9.30950000e+04
 8.38070000e+04 7.57010000e+04 6.71980000e+04 6.07180000e+04
 5.34820000e+04 4.80860000e+04 4.40140000e+04 4.01150000e+04
 3.72330000e+04 3.43740000e+04 3.19760000e+04 2.98190000e+04
 2.75420000e+04 2.56000000e+04 2.40110000e+04 2.26850000e+04
 2.11650000e+04 1.98870000e+04 1.88250000e+04 1.79910000e+04
 1.67160000e+04 1.60920000e+04 1.52870000e+04 1.44380000e+04
 1.39700000e+04 1.35150000e+04 1.30530000e+04 1.29640000e+04
 1.26530000e+04 1.12090000e+04 6.42200000e+03 2.60900000e+03
 1.01100000e+03 2.79000000e+02 1.04000000e+02 2.70000000e+01]
