Standard Deviation: 6.96963792101501
Skewness: 0.5203925684321635
Kurtosis: 0.33764592412252226
Median: -0.879962689232342
Mean: -0.17791775389338507
Deciles: [-5.16049536  3.91509061]
Minimum: -50.113930220382116
Maximum: 45.51587121554584
Bin Edges: [-50.11393022 -49.15763221 -48.20133419 -47.24503618 -46.28873816
 -45.33244015 -44.37614213 -43.41984412 -42.46354611 -41.50724809
 -40.55095008 -39.59465206 -38.63835405 -37.68205603 -36.72575802
 -35.76946    -34.81316199 -33.85686398 -32.90056596 -31.94426795
 -30.98796993 -30.03167192 -29.0753739  -28.11907589 -27.16277788
 -26.20647986 -25.25018185 -24.29388383 -23.33758582 -22.3812878
 -21.42498979 -20.46869178 -19.51239376 -18.55609575 -17.59979773
 -16.64349972 -15.6872017  -14.73090369 -13.77460567 -12.81830766
 -11.86200965 -10.90571163  -9.94941362  -8.9931156   -8.03681759
  -7.08051957  -6.12422156  -5.16792355  -4.21162553  -3.25532752
  -2.2990295   -1.34273149  -0.38643347   0.56986454   1.52616256
   2.48246057   3.43875858   4.3950566    5.35135461   6.30765263
   7.26395064   8.22024866   9.17654667  10.13284468  11.0891427
  12.04544071  13.00173873  13.95803674  14.91433476  15.87063277
  16.82693078  17.7832288   18.73952681  19.69582483  20.65212284
  21.60842086  22.56471887  23.52101689  24.4773149   25.43361291
  26.38991093  27.34620894  28.30250696  29.25880497  30.21510299
  31.171401    32.12769901  33.08399703  34.04029504  34.99659306
  35.95289107  36.90918909  37.8654871   38.82178512  39.77808313
  40.73438114  41.69067916  42.64697717  43.60327519  44.5595732
  45.51587122]
Frequencies: [1.60000000e+01 1.60000000e+01 1.60000000e+01 2.90000000e+01
 6.30000000e+01 9.10000000e+01 1.23000000e+02 2.01000000e+02
 3.35000000e+02 7.30000000e+02 1.06600000e+03 1.56800000e+03
 2.08000000e+03 3.05000000e+03 4.86400000e+03 7.18300000e+03
 1.07080000e+04 1.50890000e+04 2.18550000e+04 3.11910000e+04
 4.40640000e+04 6.26860000e+04 8.86420000e+04 1.23663000e+05
 1.73450000e+05 2.41379000e+05 3.30436000e+05 4.55546000e+05
 6.16828000e+05 8.17123000e+05 1.08526700e+06 1.43550400e+06
 1.90164300e+06 2.52092400e+06 3.40881200e+06 4.79391300e+06
 7.23592200e+06 1.18884090e+07 2.05996170e+07 3.57003390e+07
 5.92578490e+07 9.13008110e+07 1.28189511e+08 1.60872675e+08
 1.83788391e+08 1.99837733e+08 2.16663717e+08 2.37496857e+08
 2.56543592e+08 2.64075145e+08 2.58430898e+08 2.45656044e+08
 2.35720961e+08 2.33358737e+08 2.29603543e+08 2.14279829e+08
 1.87636721e+08 1.57840691e+08 1.31307492e+08 1.10551026e+08
 9.49834210e+07 8.32487510e+07 7.38102630e+07 6.56196070e+07
 5.81605110e+07 5.10840020e+07 4.43195790e+07 3.77044460e+07
 3.15114820e+07 2.58376180e+07 2.06927050e+07 1.61176590e+07
 1.22191950e+07 9.05082300e+06 6.55284800e+06 4.65703800e+06
 3.22280500e+06 2.17895700e+06 1.45025000e+06 9.58579000e+05
 6.25574000e+05 4.08385000e+05 2.66916000e+05 1.73527000e+05
 1.10712000e+05 7.08580000e+04 4.40250000e+04 2.74350000e+04
 1.65110000e+04 9.79800000e+03 5.74400000e+03 3.30500000e+03
 1.92600000e+03 1.01100000e+03 5.31000000e+02 3.01000000e+02
 1.25000000e+02 5.50000000e+01 3.70000000e+01 2.10000000e+01]
