Standard Deviation: 10.399077312057662
Skewness: -0.03606666856286865
Kurtosis: 13.975811118545582
Median: -0.0015822966977254607
Mean: -0.003428782346299226
Deciles: [-3.66169368  3.64539128]
Minimum: -139.3625188706557
Maximum: 136.36474201323824
Bin Edges: [-139.36251887 -136.60524626 -133.84797365 -131.09070104 -128.33342844
 -125.57615583 -122.81888322 -120.06161061 -117.304338   -114.54706539
 -111.78979278 -109.03252017 -106.27524756 -103.51797496 -100.76070235
  -98.00342974  -95.24615713  -92.48888452  -89.73161191  -86.9743393
  -84.21706669  -81.45979409  -78.70252148  -75.94524887  -73.18797626
  -70.43070365  -67.67343104  -64.91615843  -62.15888582  -59.40161321
  -56.64434061  -53.887068    -51.12979539  -48.37252278  -45.61525017
  -42.85797756  -40.10070495  -37.34343234  -34.58615973  -31.82888713
  -29.07161452  -26.31434191  -23.5570693   -20.79979669  -18.04252408
  -15.28525147  -12.52797886   -9.77070626   -7.01343365   -4.25616104
   -1.49888843    1.25838418    4.01565679    6.7729294     9.53020201
   12.28747462   15.04474722   17.80201983   20.55929244   23.31656505
   26.07383766   28.83111027   31.58838288   34.34565549   37.1029281
   39.8602007    42.61747331   45.37474592   48.13201853   50.88929114
   53.64656375   56.40383636   59.16110897   61.91838157   64.67565418
   67.43292679   70.1901994    72.94747201   75.70474462   78.46201723
   81.21928984   83.97656245   86.73383505   89.49110766   92.24838027
   95.00565288   97.76292549  100.5201981   103.27747071  106.03474332
  108.79201592  111.54928853  114.30656114  117.06383375  119.82110636
  122.57837897  125.33565158  128.09292419  130.8501968   133.6074694
  136.36474201]
Frequencies: [2.51000000e+02 9.18000000e+02 1.60800000e+03 2.11800000e+03
 3.02400000e+03 5.00600000e+03 8.48000000e+03 1.31580000e+04
 1.95460000e+04 2.63450000e+04 3.49500000e+04 4.65030000e+04
 6.13170000e+04 7.77730000e+04 9.51280000e+04 1.19782000e+05
 1.49281000e+05 1.82375000e+05 2.24081000e+05 2.68296000e+05
 3.23396000e+05 3.84329000e+05 4.59402000e+05 5.49555000e+05
 6.57607000e+05 7.86879000e+05 9.41500000e+05 1.12543600e+06
 1.32574500e+06 1.57129100e+06 1.87605100e+06 2.23500500e+06
 2.68365000e+06 3.23568600e+06 3.93125300e+06 4.75378400e+06
 5.76119500e+06 7.01972900e+06 8.66450300e+06 1.08341460e+07
 1.37615320e+07 1.77962280e+07 2.35700520e+07 3.21621850e+07
 4.58285340e+07 6.95437580e+07 1.15203047e+08 2.11033174e+08
 4.15161054e+08 7.46702231e+08 9.60115305e+08 7.78377119e+08
 4.38565163e+08 2.21001809e+08 1.19506943e+08 7.20026020e+07
 4.74846750e+07 3.34473310e+07 2.46314310e+07 1.87433810e+07
 1.45285420e+07 1.13670860e+07 8.99229200e+06 7.17504900e+06
 5.81163300e+06 4.73339900e+06 3.91088100e+06 3.25522100e+06
 2.71735500e+06 2.26605600e+06 1.90255800e+06 1.59588200e+06
 1.34574200e+06 1.13300800e+06 9.52384000e+05 8.00157000e+05
 6.66184000e+05 5.63177000e+05 4.71730000e+05 3.93140000e+05
 3.23606000e+05 2.62573000e+05 2.10410000e+05 1.69736000e+05
 1.32258000e+05 1.04989000e+05 8.32580000e+04 6.35370000e+04
 4.81670000e+04 3.47290000e+04 2.57920000e+04 1.89970000e+04
 1.19630000e+04 7.19500000e+03 3.87400000e+03 2.07900000e+03
 1.09100000e+03 4.18000000e+02 1.40000000e+02 7.60000000e+01]
