Standard Deviation: 4.420595000333291e-15
Skewness: 2958.3869583146243
Kurtosis: 15585419.474662788
Median: 5.357982977729938e-21
Mean: 8.412236636516804e-18
Deciles: [1.11058983e-21 2.48333364e-20]
Minimum: 6.423232649191963e-29
Maximum: 4.593931182778011e-11
Bin Edges: [6.42323265e-29 4.59393118e-13 9.18786237e-13 1.37817935e-12
 1.83757247e-12 2.29696559e-12 2.75635871e-12 3.21575183e-12
 3.67514495e-12 4.13453806e-12 4.59393118e-12 5.05332430e-12
 5.51271742e-12 5.97211054e-12 6.43150366e-12 6.89089677e-12
 7.35028989e-12 7.80968301e-12 8.26907613e-12 8.72846925e-12
 9.18786237e-12 9.64725548e-12 1.01066486e-11 1.05660417e-11
 1.10254348e-11 1.14848280e-11 1.19442211e-11 1.24036142e-11
 1.28630073e-11 1.33224004e-11 1.37817935e-11 1.42411867e-11
 1.47005798e-11 1.51599729e-11 1.56193660e-11 1.60787591e-11
 1.65381523e-11 1.69975454e-11 1.74569385e-11 1.79163316e-11
 1.83757247e-11 1.88351178e-11 1.92945110e-11 1.97539041e-11
 2.02132972e-11 2.06726903e-11 2.11320834e-11 2.15914766e-11
 2.20508697e-11 2.25102628e-11 2.29696559e-11 2.34290490e-11
 2.38884422e-11 2.43478353e-11 2.48072284e-11 2.52666215e-11
 2.57260146e-11 2.61854077e-11 2.66448009e-11 2.71041940e-11
 2.75635871e-11 2.80229802e-11 2.84823733e-11 2.89417665e-11
 2.94011596e-11 2.98605527e-11 3.03199458e-11 3.07793389e-11
 3.12387320e-11 3.16981252e-11 3.21575183e-11 3.26169114e-11
 3.30763045e-11 3.35356976e-11 3.39950908e-11 3.44544839e-11
 3.49138770e-11 3.53732701e-11 3.58326632e-11 3.62920563e-11
 3.67514495e-11 3.72108426e-11 3.76702357e-11 3.81296288e-11
 3.85890219e-11 3.90484151e-11 3.95078082e-11 3.99672013e-11
 4.04265944e-11 4.08859875e-11 4.13453806e-11 4.18047738e-11
 4.22641669e-11 4.27235600e-11 4.31829531e-11 4.36423462e-11
 4.41017394e-11 4.45611325e-11 4.50205256e-11 4.54799187e-11
 4.59393118e-11]
Frequencies: [4.5411725e+09 6.1310000e+03 1.9310000e+03 1.0100000e+03 6.9000000e+02
 3.6900000e+02 2.6000000e+02 2.1800000e+02 1.5000000e+02 1.1500000e+02
 7.2000000e+01 8.0000000e+01 5.8000000e+01 4.2000000e+01 4.9000000e+01
 3.8000000e+01 3.2000000e+01 2.7000000e+01 1.8000000e+01 1.7000000e+01
 1.6000000e+01 1.3000000e+01 1.4000000e+01 2.0000000e+01 1.4000000e+01
 9.0000000e+00 1.4000000e+01 9.0000000e+00 1.0000000e+01 7.0000000e+00
 3.0000000e+00 9.0000000e+00 4.0000000e+00 0.0000000e+00 1.0000000e+00
 4.0000000e+00 4.0000000e+00 0.0000000e+00 5.0000000e+00 4.0000000e+00
 1.0000000e+00 0.0000000e+00 5.0000000e+00 4.0000000e+00 1.0000000e+00
 2.0000000e+00 3.0000000e+00 0.0000000e+00 2.0000000e+00 2.0000000e+00
 2.0000000e+00 0.0000000e+00 0.0000000e+00 0.0000000e+00 0.0000000e+00
 1.0000000e+00 0.0000000e+00 0.0000000e+00 0.0000000e+00 0.0000000e+00
 1.0000000e+00 0.0000000e+00 1.0000000e+00 0.0000000e+00 0.0000000e+00
 0.0000000e+00 0.0000000e+00 0.0000000e+00 0.0000000e+00 1.0000000e+00
 0.0000000e+00 0.0000000e+00 0.0000000e+00 1.0000000e+00 0.0000000e+00
 0.0000000e+00 0.0000000e+00 0.0000000e+00 0.0000000e+00 0.0000000e+00
 2.0000000e+00 0.0000000e+00 0.0000000e+00 0.0000000e+00 0.0000000e+00
 0.0000000e+00 1.0000000e+00 1.0000000e+00 0.0000000e+00 0.0000000e+00
 0.0000000e+00 0.0000000e+00 0.0000000e+00 0.0000000e+00 0.0000000e+00
 0.0000000e+00 0.0000000e+00 0.0000000e+00 0.0000000e+00 1.0000000e+00]
