Standard Deviation: 5.669343920935175e-43
Skewness: 67382.0809919159
Kurtosis: 4540621666.394414
Median: 0.0
Mean: 8.499525666111762e-48
Deciles: [0. 0.]
Minimum: 0.0
Maximum: 3.8203566401724344e-38
Bin Edges: [0.00000000e+00 3.82035664e-40 7.64071328e-40 1.14610699e-39
 1.52814266e-39 1.91017832e-39 2.29221398e-39 2.67424965e-39
 3.05628531e-39 3.43832098e-39 3.82035664e-39 4.20239230e-39
 4.58442797e-39 4.96646363e-39 5.34849930e-39 5.73053496e-39
 6.11257062e-39 6.49460629e-39 6.87664195e-39 7.25867762e-39
 7.64071328e-39 8.02274894e-39 8.40478461e-39 8.78682027e-39
 9.16885594e-39 9.55089160e-39 9.93292726e-39 1.03149629e-38
 1.06969986e-38 1.10790343e-38 1.14610699e-38 1.18431056e-38
 1.22251412e-38 1.26071769e-38 1.29892126e-38 1.33712482e-38
 1.37532839e-38 1.41353196e-38 1.45173552e-38 1.48993909e-38
 1.52814266e-38 1.56634622e-38 1.60454979e-38 1.64275336e-38
 1.68095692e-38 1.71916049e-38 1.75736405e-38 1.79556762e-38
 1.83377119e-38 1.87197475e-38 1.91017832e-38 1.94838189e-38
 1.98658545e-38 2.02478902e-38 2.06299259e-38 2.10119615e-38
 2.13939972e-38 2.17760328e-38 2.21580685e-38 2.25401042e-38
 2.29221398e-38 2.33041755e-38 2.36862112e-38 2.40682468e-38
 2.44502825e-38 2.48323182e-38 2.52143538e-38 2.55963895e-38
 2.59784252e-38 2.63604608e-38 2.67424965e-38 2.71245321e-38
 2.75065678e-38 2.78886035e-38 2.82706391e-38 2.86526748e-38
 2.90347105e-38 2.94167461e-38 2.97987818e-38 3.01808175e-38
 3.05628531e-38 3.09448888e-38 3.13269244e-38 3.17089601e-38
 3.20909958e-38 3.24730314e-38 3.28550671e-38 3.32371028e-38
 3.36191384e-38 3.40011741e-38 3.43832098e-38 3.47652454e-38
 3.51472811e-38 3.55293168e-38 3.59113524e-38 3.62933881e-38
 3.66754237e-38 3.70574594e-38 3.74394951e-38 3.78215307e-38
 3.82035664e-38]
Frequencies: [4.541184e+09 0.000000e+00 0.000000e+00 0.000000e+00 0.000000e+00
 0.000000e+00 0.000000e+00 0.000000e+00 0.000000e+00 0.000000e+00
 0.000000e+00 0.000000e+00 0.000000e+00 0.000000e+00 0.000000e+00
 0.000000e+00 0.000000e+00 0.000000e+00 0.000000e+00 0.000000e+00
 0.000000e+00 0.000000e+00 0.000000e+00 0.000000e+00 0.000000e+00
 0.000000e+00 0.000000e+00 0.000000e+00 0.000000e+00 0.000000e+00
 0.000000e+00 0.000000e+00 0.000000e+00 0.000000e+00 0.000000e+00
 0.000000e+00 0.000000e+00 0.000000e+00 0.000000e+00 0.000000e+00
 0.000000e+00 0.000000e+00 0.000000e+00 0.000000e+00 0.000000e+00
 0.000000e+00 0.000000e+00 0.000000e+00 0.000000e+00 0.000000e+00
 0.000000e+00 0.000000e+00 0.000000e+00 0.000000e+00 0.000000e+00
 0.000000e+00 0.000000e+00 0.000000e+00 0.000000e+00 0.000000e+00
 0.000000e+00 0.000000e+00 0.000000e+00 0.000000e+00 0.000000e+00
 0.000000e+00 0.000000e+00 0.000000e+00 0.000000e+00 0.000000e+00
 0.000000e+00 0.000000e+00 0.000000e+00 0.000000e+00 0.000000e+00
 0.000000e+00 0.000000e+00 0.000000e+00 0.000000e+00 0.000000e+00
 0.000000e+00 0.000000e+00 0.000000e+00 0.000000e+00 0.000000e+00
 0.000000e+00 0.000000e+00 0.000000e+00 0.000000e+00 0.000000e+00
 0.000000e+00 0.000000e+00 0.000000e+00 0.000000e+00 0.000000e+00
 0.000000e+00 0.000000e+00 0.000000e+00 0.000000e+00 1.000000e+00]
