Standard Deviation: 0.0030603386481678164
Skewness: 0.7597906886138578
Kurtosis: -0.5536659335324909
Median: 0.0028009003266417625
Mean: 0.0037192346051973147
Deciles: [0.00112095 0.00587014]
Minimum: 1e-12
Maximum: 0.01796213014794575
Bin Edges: [1.00000000e-12 1.79621302e-04 3.59242604e-04 5.38863905e-04
 7.18485207e-04 8.98106508e-04 1.07772781e-03 1.25734911e-03
 1.43697041e-03 1.61659171e-03 1.79621302e-03 1.97583432e-03
 2.15545562e-03 2.33507692e-03 2.51469822e-03 2.69431952e-03
 2.87394082e-03 3.05356213e-03 3.23318343e-03 3.41280473e-03
 3.59242603e-03 3.77204733e-03 3.95166863e-03 4.13128993e-03
 4.31091124e-03 4.49053254e-03 4.67015384e-03 4.84977514e-03
 5.02939644e-03 5.20901774e-03 5.38863905e-03 5.56826035e-03
 5.74788165e-03 5.92750295e-03 6.10712425e-03 6.28674555e-03
 6.46636685e-03 6.64598816e-03 6.82560946e-03 7.00523076e-03
 7.18485206e-03 7.36447336e-03 7.54409466e-03 7.72371596e-03
 7.90333727e-03 8.08295857e-03 8.26257987e-03 8.44220117e-03
 8.62182247e-03 8.80144377e-03 8.98106507e-03 9.16068638e-03
 9.34030768e-03 9.51992898e-03 9.69955028e-03 9.87917158e-03
 1.00587929e-02 1.02384142e-02 1.04180355e-02 1.05976568e-02
 1.07772781e-02 1.09568994e-02 1.11365207e-02 1.13161420e-02
 1.14957633e-02 1.16753846e-02 1.18550059e-02 1.20346272e-02
 1.22142485e-02 1.23938698e-02 1.25734911e-02 1.27531124e-02
 1.29327337e-02 1.31123550e-02 1.32919763e-02 1.34715976e-02
 1.36512189e-02 1.38308402e-02 1.40104615e-02 1.41900828e-02
 1.43697041e-02 1.45493254e-02 1.47289467e-02 1.49085680e-02
 1.50881893e-02 1.52678106e-02 1.54474319e-02 1.56270532e-02
 1.58066745e-02 1.59862958e-02 1.61659171e-02 1.63455384e-02
 1.65251597e-02 1.67047810e-02 1.68844023e-02 1.70640236e-02
 1.72436449e-02 1.74232662e-02 1.76028875e-02 1.77825088e-02
 1.79621301e-02]
Frequencies: [1.40412621e+08 1.97593791e+08 2.05577120e+08 1.97025125e+08
 1.84449693e+08 1.71035182e+08 1.58344311e+08 1.47030726e+08
 1.36887504e+08 1.28264387e+08 1.20969008e+08 1.14685172e+08
 1.08925689e+08 1.03795214e+08 9.90244900e+07 9.44349570e+07
 9.00522740e+07 8.58793440e+07 8.19069380e+07 7.82796540e+07
 7.47601910e+07 7.14016010e+07 6.82995070e+07 6.55102050e+07
 6.29521750e+07 6.06292620e+07 5.84409640e+07 5.64753570e+07
 5.46897340e+07 5.30305070e+07 5.14913750e+07 5.01629790e+07
 4.89932330e+07 4.79047320e+07 4.69177350e+07 4.60580370e+07
 4.52863490e+07 4.46185600e+07 4.40088580e+07 4.35188850e+07
 4.31365000e+07 4.28866440e+07 4.27178570e+07 4.26382060e+07
 4.25299400e+07 4.24384780e+07 4.22502330e+07 4.19786150e+07
 4.16218910e+07 4.11085600e+07 4.04595520e+07 3.95775580e+07
 3.84638520e+07 3.70145900e+07 3.51399280e+07 3.27551050e+07
 2.98622660e+07 2.65266570e+07 2.27878590e+07 1.88568500e+07
 1.50147230e+07 1.14954070e+07 8.50834000e+06 6.11150600e+06
 4.29739000e+06 2.99784000e+06 2.11256900e+06 1.52643400e+06
 1.13074100e+06 8.53871000e+05 6.53728000e+05 5.00853000e+05
 3.87257000e+05 2.97011000e+05 2.22488000e+05 1.65386000e+05
 1.21429000e+05 8.95330000e+04 6.43500000e+04 4.61860000e+04
 3.25810000e+04 2.29610000e+04 1.59580000e+04 1.14830000e+04
 8.14400000e+03 5.97200000e+03 4.08200000e+03 3.10600000e+03
 2.27200000e+03 1.67900000e+03 1.34400000e+03 1.03400000e+03
 7.39000000e+02 5.54000000e+02 2.99000000e+02 9.00000000e+01
 4.30000000e+01 1.10000000e+01 9.00000000e+00 1.00000000e+01]
