Standard Deviation: 1.6854779516036427e-18
Skewness: 3.7969186741316694
Kurtosis: 13.692758489740172
Median: 1.3513164387393906e-19
Mean: 6.395079229670104e-19
Deciles: [7.59932312e-20 2.60503816e-19]
Minimum: 1.0653338092958487e-27
Maximum: 1.659279573469718e-17
Bin Edges: [1.06533381e-27 1.65927958e-19 3.31855916e-19 4.97783873e-19
 6.63711830e-19 8.29639788e-19 9.95567745e-19 1.16149570e-18
 1.32742366e-18 1.49335162e-18 1.65927957e-18 1.82520753e-18
 1.99113549e-18 2.15706345e-18 2.32299140e-18 2.48891936e-18
 2.65484732e-18 2.82077528e-18 2.98670323e-18 3.15263119e-18
 3.31855915e-18 3.48448711e-18 3.65041506e-18 3.81634302e-18
 3.98227098e-18 4.14819893e-18 4.31412689e-18 4.48005485e-18
 4.64598281e-18 4.81191076e-18 4.97783872e-18 5.14376668e-18
 5.30969464e-18 5.47562259e-18 5.64155055e-18 5.80747851e-18
 5.97340647e-18 6.13933442e-18 6.30526238e-18 6.47119034e-18
 6.63711829e-18 6.80304625e-18 6.96897421e-18 7.13490217e-18
 7.30083012e-18 7.46675808e-18 7.63268604e-18 7.79861400e-18
 7.96454195e-18 8.13046991e-18 8.29639787e-18 8.46232583e-18
 8.62825378e-18 8.79418174e-18 8.96010970e-18 9.12603765e-18
 9.29196561e-18 9.45789357e-18 9.62382153e-18 9.78974948e-18
 9.95567744e-18 1.01216054e-17 1.02875334e-17 1.04534613e-17
 1.06193893e-17 1.07853172e-17 1.09512452e-17 1.11171731e-17
 1.12831011e-17 1.14490291e-17 1.16149570e-17 1.17808850e-17
 1.19468129e-17 1.21127409e-17 1.22786688e-17 1.24445968e-17
 1.26105248e-17 1.27764527e-17 1.29423807e-17 1.31083086e-17
 1.32742366e-17 1.34401645e-17 1.36060925e-17 1.37720205e-17
 1.39379484e-17 1.41038764e-17 1.42698043e-17 1.44357323e-17
 1.46016602e-17 1.47675882e-17 1.49335162e-17 1.50994441e-17
 1.52653721e-17 1.54313000e-17 1.55972280e-17 1.57631559e-17
 1.59290839e-17 1.60950119e-17 1.62609398e-17 1.64268678e-17
 1.65927957e-17]
Frequencies: [2.74234714e+09 7.65678638e+08 2.27125038e+08 2.36882996e+08
 8.22135010e+07 5.08593120e+07 3.65588830e+07 2.29585370e+07
 1.35400050e+07 1.24013010e+07 1.24067040e+07 1.11913280e+07
 1.03522090e+07 8.07567600e+06 5.04414200e+06 3.68515400e+06
 4.03881400e+06 4.47235900e+06 5.70018700e+06 5.77450600e+06
 5.74511700e+06 5.94433800e+06 6.20610600e+06 5.34559800e+06
 5.87326200e+06 6.02476500e+06 5.73855500e+06 6.38811000e+06
 6.68226200e+06 6.33222200e+06 5.91798700e+06 5.84486000e+06
 6.07530900e+06 7.38135800e+06 6.51943900e+06 5.83924000e+06
 5.65171600e+06 6.04181300e+06 6.03638800e+06 5.53606000e+06
 5.28410900e+06 5.60953800e+06 5.68269500e+06 5.89550300e+06
 6.75516300e+06 7.84573000e+06 8.20018500e+06 8.50375100e+06
 9.09970800e+06 9.66425600e+06 1.19253090e+07 1.52552850e+07
 1.49265640e+07 1.79909180e+07 1.70843310e+07 7.40907500e+06
 1.24304600e+06 2.77061000e+05 4.93990000e+04 1.86820000e+04
 1.02590000e+04 7.27200000e+03 4.70800000e+03 3.02200000e+03
 1.98300000e+03 1.48500000e+03 1.23400000e+03 8.64000000e+02
 6.85000000e+02 3.41000000e+02 2.95000000e+02 1.83000000e+02
 1.20000000e+02 6.90000000e+01 5.00000000e+01 2.60000000e+01
 2.20000000e+01 1.60000000e+01 1.40000000e+01 1.90000000e+01
 1.30000000e+01 1.50000000e+01 1.60000000e+01 8.00000000e+00
 7.00000000e+00 4.00000000e+00 2.00000000e+00 5.00000000e+00
 3.00000000e+00 6.00000000e+00 3.00000000e+00 0.00000000e+00
 0.00000000e+00 0.00000000e+00 1.00000000e+00 0.00000000e+00
 1.00000000e+00 0.00000000e+00 0.00000000e+00 1.00000000e+00]
