Standard Deviation: 3.719395110038768e-05
Skewness: 5.328761612877905
Kurtosis: 41.166540666463035
Median: 0.0
Mean: 1.1302979236341074e-05
Deciles: [0. 0.]
Minimum: 0.0
Maximum: 0.0011524469160411153
Bin Edges: [0.00000000e+00 1.15244692e-05 2.30489383e-05 3.45734075e-05
 4.60978766e-05 5.76223458e-05 6.91468150e-05 8.06712841e-05
 9.21957533e-05 1.03720222e-04 1.15244692e-04 1.26769161e-04
 1.38293630e-04 1.49818099e-04 1.61342568e-04 1.72867037e-04
 1.84391507e-04 1.95915976e-04 2.07440445e-04 2.18964914e-04
 2.30489383e-04 2.42013852e-04 2.53538322e-04 2.65062791e-04
 2.76587260e-04 2.88111729e-04 2.99636198e-04 3.11160667e-04
 3.22685136e-04 3.34209606e-04 3.45734075e-04 3.57258544e-04
 3.68783013e-04 3.80307482e-04 3.91831951e-04 4.03356421e-04
 4.14880890e-04 4.26405359e-04 4.37929828e-04 4.49454297e-04
 4.60978766e-04 4.72503236e-04 4.84027705e-04 4.95552174e-04
 5.07076643e-04 5.18601112e-04 5.30125581e-04 5.41650051e-04
 5.53174520e-04 5.64698989e-04 5.76223458e-04 5.87747927e-04
 5.99272396e-04 6.10796866e-04 6.22321335e-04 6.33845804e-04
 6.45370273e-04 6.56894742e-04 6.68419211e-04 6.79943680e-04
 6.91468150e-04 7.02992619e-04 7.14517088e-04 7.26041557e-04
 7.37566026e-04 7.49090495e-04 7.60614965e-04 7.72139434e-04
 7.83663903e-04 7.95188372e-04 8.06712841e-04 8.18237310e-04
 8.29761780e-04 8.41286249e-04 8.52810718e-04 8.64335187e-04
 8.75859656e-04 8.87384125e-04 8.98908595e-04 9.10433064e-04
 9.21957533e-04 9.33482002e-04 9.45006471e-04 9.56530940e-04
 9.68055409e-04 9.79579879e-04 9.91104348e-04 1.00262882e-03
 1.01415329e-03 1.02567776e-03 1.03720222e-03 1.04872669e-03
 1.06025116e-03 1.07177563e-03 1.08330010e-03 1.09482457e-03
 1.10634904e-03 1.11787351e-03 1.12939798e-03 1.14092245e-03
 1.15244692e-03]
Frequencies: [3.88783094e+09 1.09979173e+08 8.60966870e+07 7.15281540e+07
 6.02044010e+07 5.15360850e+07 4.42562180e+07 3.79305470e+07
 3.24382480e+07 2.75350820e+07 2.30536380e+07 1.90277530e+07
 1.54897130e+07 1.25021330e+07 1.00926650e+07 8.18093000e+06
 6.68117400e+06 5.49734900e+06 4.56868100e+06 3.81906800e+06
 3.20856700e+06 2.71460200e+06 2.30712900e+06 1.96977600e+06
 1.68722700e+06 1.44729600e+06 1.24533700e+06 1.07423300e+06
 9.26163000e+05 8.03867000e+05 6.97814000e+05 6.06982000e+05
 5.28101000e+05 4.60207000e+05 4.01373000e+05 3.51836000e+05
 3.06919000e+05 2.69766000e+05 2.35987000e+05 2.06972000e+05
 1.81786000e+05 1.59896000e+05 1.41049000e+05 1.23432000e+05
 1.07812000e+05 9.58290000e+04 8.40780000e+04 7.37630000e+04
 6.46910000e+04 5.71690000e+04 5.01590000e+04 4.45190000e+04
 3.87580000e+04 3.40140000e+04 3.01530000e+04 2.64300000e+04
 2.34380000e+04 2.02250000e+04 1.77500000e+04 1.54400000e+04
 1.37200000e+04 1.20850000e+04 1.06410000e+04 9.47400000e+03
 8.01200000e+03 6.84200000e+03 5.79700000e+03 5.12700000e+03
 4.41300000e+03 3.70300000e+03 3.13000000e+03 2.59600000e+03
 2.12900000e+03 1.77800000e+03 1.38700000e+03 1.04000000e+03
 7.96000000e+02 6.17000000e+02 4.58000000e+02 3.05000000e+02
 2.56000000e+02 1.45000000e+02 1.21000000e+02 9.40000000e+01
 5.20000000e+01 4.80000000e+01 1.50000000e+01 1.50000000e+01
 1.10000000e+01 2.00000000e+00 2.00000000e+00 4.00000000e+00
 0.00000000e+00 1.00000000e+00 0.00000000e+00 1.00000000e+00
 0.00000000e+00 0.00000000e+00 0.00000000e+00 1.00000000e+00]
