Standard Deviation: 7.884873422442445
Skewness: 0.5922749542338477
Kurtosis: 0.13721606277596132
Median: 207.2940338439933
Mean: 209.32878136118794
Deciles: [203.73454981 214.48918929]
Minimum: 179.40185971893902
Maximum: 249.02179494667
Bin Edges: [179.40185972 180.09805907 180.79425842 181.49045778 182.18665713
 182.88285648 183.57905583 184.27525518 184.97145454 185.66765389
 186.36385324 187.06005259 187.75625195 188.4524513  189.14865065
 189.84485    190.54104936 191.23724871 191.93344806 192.62964741
 193.32584676 194.02204612 194.71824547 195.41444482 196.11064417
 196.80684353 197.50304288 198.19924223 198.89544158 199.59164093
 200.28784029 200.98403964 201.68023899 202.37643834 203.0726377
 203.76883705 204.4650364  205.16123575 205.85743511 206.55363446
 207.24983381 207.94603316 208.64223251 209.33843187 210.03463122
 210.73083057 211.42702992 212.12322928 212.81942863 213.51562798
 214.21182733 214.90802669 215.60422604 216.30042539 216.99662474
 217.69282409 218.38902345 219.0852228  219.78142215 220.4776215
 221.17382086 221.87002021 222.56621956 223.26241891 223.95861826
 224.65481762 225.35101697 226.04721632 226.74341567 227.43961503
 228.13581438 228.83201373 229.52821308 230.22441244 230.92061179
 231.61681114 232.31301049 233.00920984 233.7054092  234.40160855
 235.0978079  235.79400725 236.49020661 237.18640596 237.88260531
 238.57880466 239.27500401 239.97120337 240.66740272 241.36360207
 242.05980142 242.75600078 243.45220013 244.14839948 244.84459883
 245.54079819 246.23699754 246.93319689 247.62939624 248.32559559
 249.02179495]
Frequencies: [8.82000000e+02 4.77600000e+03 1.55720000e+04 5.05740000e+04
 1.43030000e+05 3.68985000e+05 7.51734000e+05 1.20379100e+06
 1.69876300e+06 2.21115000e+06 2.64444200e+06 3.00931000e+06
 3.31306000e+06 3.46420400e+06 3.58929000e+06 3.78593000e+06
 4.02052700e+06 4.26862800e+06 4.62728400e+06 5.10737200e+06
 5.74925200e+06 6.67472800e+06 8.18644300e+06 1.06119660e+07
 1.46184600e+07 2.09101670e+07 3.00713810e+07 4.27391630e+07
 5.91082910e+07 7.90310880e+07 1.02856655e+08 1.31101075e+08
 1.63743160e+08 1.98318042e+08 2.29153804e+08 2.48396095e+08
 2.50538100e+08 2.34180826e+08 2.05797472e+08 1.74428489e+08
 1.47621031e+08 1.28457613e+08 1.16560132e+08 1.09923445e+08
 1.06357659e+08 1.03866364e+08 1.01886962e+08 9.99837580e+07
 9.78515940e+07 9.55366200e+07 9.28533680e+07 8.95213230e+07
 8.58403200e+07 8.16435860e+07 7.71084440e+07 7.25053460e+07
 6.78326640e+07 6.33218730e+07 5.88756640e+07 5.48029850e+07
 5.09923050e+07 4.70663340e+07 4.32214140e+07 3.94869890e+07
 3.57621770e+07 3.23500680e+07 2.91053110e+07 2.59924770e+07
 2.30727590e+07 1.98430220e+07 1.64426880e+07 1.41340390e+07
 1.20919510e+07 1.00916790e+07 8.41145200e+06 6.50335400e+06
 4.58004400e+06 3.15258300e+06 1.92164800e+06 1.19862000e+06
 7.90766000e+05 5.42629000e+05 3.99536000e+05 2.96898000e+05
 2.23745000e+05 1.72425000e+05 1.30904000e+05 9.74760000e+04
 7.15450000e+04 5.26690000e+04 4.03660000e+04 3.16060000e+04
 2.42280000e+04 1.72400000e+04 1.17790000e+04 8.07400000e+03
 4.30200000e+03 1.28700000e+03 6.71000000e+02 2.28000000e+02]
