Standard Deviation: 8.082532925705284
Skewness: -0.7144439517025731
Kurtosis: -0.31360026334012536
Median: 226.0670058434432
Mean: 223.87582907360255
Deciles: [217.87438503 230.69799841]
Minimum: 189.3243291140963
Maximum: 248.47130438661333
Bin Edges: [189.32432911 189.91579887 190.50726862 191.09873837 191.69020812
 192.28167788 192.87314763 193.46461738 194.05608714 194.64755689
 195.23902664 195.83049639 196.42196615 197.0134359  197.60490565
 198.1963754  198.78784516 199.37931491 199.97078466 200.56225442
 201.15372417 201.74519392 202.33666367 202.92813343 203.51960318
 204.11107293 204.70254268 205.29401244 205.88548219 206.47695194
 207.0684217  207.65989145 208.2513612  208.84283095 209.43430071
 210.02577046 210.61724021 211.20870996 211.80017972 212.39164947
 212.98311922 213.57458898 214.16605873 214.75752848 215.34899823
 215.94046799 216.53193774 217.12340749 217.71487724 218.306347
 218.89781675 219.4892865  220.08075626 220.67222601 221.26369576
 221.85516551 222.44663527 223.03810502 223.62957477 224.22104452
 224.81251428 225.40398403 225.99545378 226.58692354 227.17839329
 227.76986304 228.36133279 228.95280255 229.5442723  230.13574205
 230.7272118  231.31868156 231.91015131 232.50162106 233.09309082
 233.68456057 234.27603032 234.86750007 235.45896983 236.05043958
 236.64190933 237.23337908 237.82484884 238.41631859 239.00778834
 239.5992581  240.19072785 240.7821976  241.37366735 241.96513711
 242.55660686 243.14807661 243.73954636 244.33101612 244.92248587
 245.51395562 246.10542538 246.69689513 247.28836488 247.87983463
 248.47130439]
Frequencies: [6.10000000e+01 1.73000000e+02 1.06100000e+03 3.96900000e+03
 1.02280000e+04 2.36360000e+04 4.74010000e+04 9.17170000e+04
 1.72973000e+05 3.19445000e+05 5.43719000e+05 8.52491000e+05
 1.25865000e+06 1.75480800e+06 2.26736800e+06 2.78739700e+06
 3.33526100e+06 3.91607700e+06 4.55814200e+06 5.25098400e+06
 6.06795000e+06 7.01350600e+06 8.13375300e+06 9.46685100e+06
 1.08459240e+07 1.23434660e+07 1.40517220e+07 1.58470590e+07
 1.77818100e+07 1.98311270e+07 2.21567300e+07 2.46492670e+07
 2.73734300e+07 3.02206900e+07 3.34624380e+07 3.70737530e+07
 4.10517590e+07 4.54237950e+07 5.01118540e+07 5.49864570e+07
 6.00181280e+07 6.47452760e+07 6.92893220e+07 7.37372940e+07
 7.77376260e+07 8.12165610e+07 8.39877470e+07 8.60255380e+07
 8.71473880e+07 8.72191920e+07 8.66505580e+07 8.55037150e+07
 8.40309920e+07 8.22912070e+07 8.07142170e+07 7.92160890e+07
 7.80334020e+07 7.76355160e+07 7.78348170e+07 7.86624920e+07
 8.02962020e+07 8.31793050e+07 8.75493200e+07 9.42662580e+07
 1.04304333e+08 1.19351327e+08 1.41250036e+08 1.70584186e+08
 2.04826894e+08 2.35668708e+08 2.52439987e+08 2.45012171e+08
 2.09164162e+08 1.55708135e+08 1.01436865e+08 5.98180320e+07
 3.48799410e+07 2.16902330e+07 1.44854750e+07 1.00318240e+07
 6.96022300e+06 4.67994200e+06 2.96694400e+06 1.76924100e+06
 9.86578000e+05 5.26502000e+05 2.57343000e+05 1.29145000e+05
 7.06590000e+04 4.15950000e+04 2.52030000e+04 1.70470000e+04
 1.00730000e+04 6.35500000e+03 3.72400000e+03 1.73400000e+03
 1.06700000e+03 7.05000000e+02 4.02000000e+02 1.45000000e+02]
