Standard Deviation: 10.988961646325334
Skewness: 0.5157904611594682
Kurtosis: -1.0550130474450337
Median: 201.72018362999978
Mean: 204.79331670386617
Deciles: [194.86496044 214.28065052]
Minimum: 176.042479238834
Maximum: 238.9322896790839
Bin Edges: [176.04247924 176.67137734 177.30027545 177.92917355 178.55807166
 179.18696976 179.81586787 180.44476597 181.07366407 181.70256218
 182.33146028 182.96035839 183.58925649 184.2181546  184.8470527
 185.4759508  186.10484891 186.73374701 187.36264512 187.99154322
 188.62044133 189.24933943 189.87823754 190.50713564 191.13603374
 191.76493185 192.39382995 193.02272806 193.65162616 194.28052427
 194.90942237 195.53832048 196.16721858 196.79611668 197.42501479
 198.05391289 198.682811   199.3117091  199.94060721 200.56950531
 201.19840341 201.82730152 202.45619962 203.08509773 203.71399583
 204.34289394 204.97179204 205.60069015 206.22958825 206.85848635
 207.48738446 208.11628256 208.74518067 209.37407877 210.00297688
 210.63187498 211.26077309 211.88967119 212.51856929 213.1474674
 213.7763655  214.40526361 215.03416171 215.66305982 216.29195792
 216.92085602 217.54975413 218.17865223 218.80755034 219.43644844
 220.06534655 220.69424465 221.32314276 221.95204086 222.58093896
 223.20983707 223.83873517 224.46763328 225.09653138 225.72542949
 226.35432759 226.9832257  227.6121238  228.2410219  228.86992001
 229.49881811 230.12771622 230.75661432 231.38551243 232.01441053
 232.64330864 233.27220674 233.90110484 234.53000295 235.15890105
 235.78779916 236.41669726 237.04559537 237.67449347 238.30339157
 238.93228968]
Frequencies: [2.01000000e+02 4.17000000e+02 5.06000000e+02 5.60000000e+02
 6.46000000e+02 7.60000000e+02 9.06000000e+02 1.25300000e+03
 1.71400000e+03 2.65600000e+03 3.76400000e+03 7.07100000e+03
 1.08840000e+04 1.78600000e+04 2.75470000e+04 4.84300000e+04
 8.13440000e+04 1.41542000e+05 3.31645000e+05 1.02140000e+06
 2.93969100e+06 8.15524200e+06 2.15392790e+07 4.88165130e+07
 9.08788830e+07 1.39645013e+08 1.84725479e+08 2.16115372e+08
 2.24178748e+08 2.10747046e+08 1.86033895e+08 1.59349687e+08
 1.35255449e+08 1.15156135e+08 9.95230130e+07 8.76850690e+07
 7.91687850e+07 7.30058690e+07 6.85052630e+07 6.52555660e+07
 6.27403300e+07 6.08026370e+07 5.92539310e+07 5.79940920e+07
 5.68304970e+07 5.58753230e+07 5.50849390e+07 5.45069560e+07
 5.42367860e+07 5.42242240e+07 5.43827070e+07 5.47059890e+07
 5.51016760e+07 5.55593900e+07 5.60861550e+07 5.66830410e+07
 5.73959130e+07 5.81390770e+07 5.90909970e+07 6.00117550e+07
 6.09304720e+07 6.16187650e+07 6.22526990e+07 6.27980800e+07
 6.30927760e+07 6.31952600e+07 6.28300490e+07 6.20177560e+07
 6.08086070e+07 5.93796250e+07 5.74418220e+07 5.53153300e+07
 5.28466790e+07 4.99523430e+07 4.71137060e+07 4.41681830e+07
 4.09745830e+07 3.75421940e+07 3.42315640e+07 3.07469190e+07
 2.70887200e+07 2.34569110e+07 1.98130950e+07 1.58721180e+07
 1.17850890e+07 7.84898400e+06 4.50201300e+06 2.31519200e+06
 1.06124600e+06 5.13058000e+05 2.71323000e+05 1.40127000e+05
 7.35150000e+04 4.28590000e+04 2.61370000e+04 1.44010000e+04
 7.86500000e+03 4.60400000e+03 1.43500000e+03 3.78000000e+02]
