Standard Deviation: 11.956731207976658
Skewness: -1.2253120228289054
Kurtosis: 1.091068687366815
Median: 278.5767501801978
Mean: 273.9106549670158
Deciles: [266.67703862 283.31911711]
Minimum: 213.006537528711
Maximum: 296.68187935121324
Bin Edges: [213.00653753 213.84329095 214.68004437 215.51679778 216.3535512
 217.19030462 218.02705804 218.86381146 219.70056487 220.53731829
 221.37407171 222.21082513 223.04757855 223.88433197 224.72108538
 225.5578388  226.39459222 227.23134564 228.06809906 228.90485247
 229.74160589 230.57835931 231.41511273 232.25186615 233.08861957
 233.92537298 234.7621264  235.59887982 236.43563324 237.27238666
 238.10914008 238.94589349 239.78264691 240.61940033 241.45615375
 242.29290717 243.12966058 243.966414   244.80316742 245.63992084
 246.47667426 247.31342768 248.15018109 248.98693451 249.82368793
 250.66044135 251.49719477 252.33394819 253.1707016  254.00745502
 254.84420844 255.68096186 256.51771528 257.35446869 258.19122211
 259.02797553 259.86472895 260.70148237 261.53823579 262.3749892
 263.21174262 264.04849604 264.88524946 265.72200288 266.5587563
 267.39550971 268.23226313 269.06901655 269.90576997 270.74252339
 271.5792768  272.41603022 273.25278364 274.08953706 274.92629048
 275.7630439  276.59979731 277.43655073 278.27330415 279.11005757
 279.94681099 280.7835644  281.62031782 282.45707124 283.29382466
 284.13057808 284.9673315  285.80408491 286.64083833 287.47759175
 288.31434517 289.15109859 289.98785201 290.82460542 291.66135884
 292.49811226 293.33486568 294.1716191  295.00837251 295.84512593
 296.68187935]
Frequencies: [1.32400000e+03 6.67000000e+03 1.92100000e+04 3.75180000e+04
 7.06750000e+04 1.23607000e+05 2.04181000e+05 3.12108000e+05
 4.43844000e+05 6.05545000e+05 7.77894000e+05 9.71623000e+05
 1.16882200e+06 1.38093700e+06 1.56462800e+06 1.75299200e+06
 1.93496800e+06 2.08245500e+06 2.24095700e+06 2.38350600e+06
 2.50168700e+06 2.64323800e+06 2.75234900e+06 2.87584200e+06
 3.03281800e+06 3.17961300e+06 3.36097000e+06 3.58588800e+06
 3.86023700e+06 4.15904000e+06 4.53783100e+06 4.99656300e+06
 5.58604100e+06 6.29839300e+06 7.20841100e+06 8.29904400e+06
 9.54458500e+06 1.08811660e+07 1.23208620e+07 1.39593790e+07
 1.57247200e+07 1.76239680e+07 1.97230780e+07 2.20563050e+07
 2.44540940e+07 2.69496240e+07 2.95841150e+07 3.22313180e+07
 3.51431830e+07 3.77919390e+07 4.01648590e+07 4.25310570e+07
 4.48211010e+07 4.67609700e+07 4.84366240e+07 5.00915020e+07
 5.16721250e+07 5.32320770e+07 5.46700380e+07 5.60986690e+07
 5.78865540e+07 5.97850780e+07 6.16213470e+07 6.34703600e+07
 6.50954930e+07 6.62560120e+07 6.74418270e+07 6.81692730e+07
 6.89306050e+07 7.01388220e+07 7.18649480e+07 7.40048450e+07
 7.70013350e+07 8.11433840e+07 8.66470150e+07 9.29709350e+07
 1.00881842e+08 1.10869978e+08 1.22506539e+08 1.36684519e+08
 1.55796964e+08 1.83134364e+08 2.32486733e+08 3.35503240e+08
 4.28287460e+08 3.51801136e+08 2.00199849e+08 9.50436840e+07
 4.10833440e+07 1.66206560e+07 6.92811900e+06 3.36707300e+06
 1.88053600e+06 1.11133100e+06 6.26676000e+05 3.24220000e+05
 1.34353000e+05 4.41200000e+04 9.81500000e+03 8.29000000e+02]
