Standard Deviation: 4.060419814357544e-05
Skewness: 5.17894473036899
Kurtosis: 39.52897493885652
Median: 0.0
Mean: 1.3051895451261272e-05
Deciles: [0.00000000e+00 2.26182199e-26]
Minimum: 0.0
Maximum: 0.0010986644608883057
Bin Edges: [0.00000000e+00 1.09866446e-05 2.19732892e-05 3.29599338e-05
 4.39465784e-05 5.49332230e-05 6.59198677e-05 7.69065123e-05
 8.78931569e-05 9.88798015e-05 1.09866446e-04 1.20853091e-04
 1.31839735e-04 1.42826380e-04 1.53813025e-04 1.64799669e-04
 1.75786314e-04 1.86772958e-04 1.97759603e-04 2.08746248e-04
 2.19732892e-04 2.30719537e-04 2.41706181e-04 2.52692826e-04
 2.63679471e-04 2.74666115e-04 2.85652760e-04 2.96639404e-04
 3.07626049e-04 3.18612694e-04 3.29599338e-04 3.40585983e-04
 3.51572627e-04 3.62559272e-04 3.73545917e-04 3.84532561e-04
 3.95519206e-04 4.06505851e-04 4.17492495e-04 4.28479140e-04
 4.39465784e-04 4.50452429e-04 4.61439074e-04 4.72425718e-04
 4.83412363e-04 4.94399007e-04 5.05385652e-04 5.16372297e-04
 5.27358941e-04 5.38345586e-04 5.49332230e-04 5.60318875e-04
 5.71305520e-04 5.82292164e-04 5.93278809e-04 6.04265453e-04
 6.15252098e-04 6.26238743e-04 6.37225387e-04 6.48212032e-04
 6.59198677e-04 6.70185321e-04 6.81171966e-04 6.92158610e-04
 7.03145255e-04 7.14131900e-04 7.25118544e-04 7.36105189e-04
 7.47091833e-04 7.58078478e-04 7.69065123e-04 7.80051767e-04
 7.91038412e-04 8.02025056e-04 8.13011701e-04 8.23998346e-04
 8.34984990e-04 8.45971635e-04 8.56958279e-04 8.67944924e-04
 8.78931569e-04 8.89918213e-04 9.00904858e-04 9.11891503e-04
 9.22878147e-04 9.33864792e-04 9.44851436e-04 9.55838081e-04
 9.66824726e-04 9.77811370e-04 9.88798015e-04 9.99784659e-04
 1.01077130e-03 1.02175795e-03 1.03274459e-03 1.04373124e-03
 1.05471788e-03 1.06570453e-03 1.07669117e-03 1.08767782e-03
 1.09866446e-03]
Frequencies: [3.79344975e+09 1.19151056e+08 9.50236090e+07 7.95192530e+07
 6.71246660e+07 5.78131840e+07 5.00032790e+07 4.31503750e+07
 3.71672110e+07 3.18540640e+07 2.70217580e+07 2.26753980e+07
 1.87896510e+07 1.54498420e+07 1.26637310e+07 1.04059180e+07
 8.61172400e+06 7.15999700e+06 5.99844500e+06 5.06103800e+06
 4.29146700e+06 3.66094700e+06 3.13477300e+06 2.70007400e+06
 2.32893900e+06 2.02226800e+06 1.75432900e+06 1.53216500e+06
 1.33950200e+06 1.17368700e+06 1.03072600e+06 9.06768000e+05
 7.99006000e+05 7.05439000e+05 6.27077000e+05 5.55185000e+05
 4.92662000e+05 4.36507000e+05 3.87802000e+05 3.46816000e+05
 3.08979000e+05 2.75305000e+05 2.45597000e+05 2.17881000e+05
 1.95112000e+05 1.74609000e+05 1.56243000e+05 1.40408000e+05
 1.25610000e+05 1.12014000e+05 1.00135000e+05 8.96370000e+04
 7.99890000e+04 7.24350000e+04 6.47520000e+04 5.78460000e+04
 5.17990000e+04 4.63750000e+04 4.14510000e+04 3.70350000e+04
 3.31340000e+04 2.95690000e+04 2.65990000e+04 2.34120000e+04
 2.07180000e+04 1.85410000e+04 1.60890000e+04 1.45130000e+04
 1.27410000e+04 1.11140000e+04 9.83500000e+03 8.50500000e+03
 7.50700000e+03 6.58900000e+03 5.69000000e+03 4.86200000e+03
 4.14900000e+03 3.45400000e+03 2.91400000e+03 2.52600000e+03
 2.00700000e+03 1.69500000e+03 1.32300000e+03 1.01000000e+03
 7.30000000e+02 5.08000000e+02 3.69000000e+02 2.37000000e+02
 1.53000000e+02 1.00000000e+02 4.90000000e+01 1.90000000e+01
 1.40000000e+01 1.00000000e+01 5.00000000e+00 1.00000000e+00
 2.00000000e+00 2.00000000e+00 0.00000000e+00 1.00000000e+00]
