Standard Deviation: 2.036880267769523e-05
Skewness: 5.449080436045948
Kurtosis: 35.338398867485054
Median: 0.0
Mean: 5.063689922017384e-06
Deciles: [0. 0.]
Minimum: 0.0
Maximum: 0.0007782674965687575
Bin Edges: [0.00000000e+00 7.78267497e-06 1.55653499e-05 2.33480249e-05
 3.11306999e-05 3.89133748e-05 4.66960498e-05 5.44787248e-05
 6.22613997e-05 7.00440747e-05 7.78267497e-05 8.56094246e-05
 9.33920996e-05 1.01174775e-04 1.08957450e-04 1.16740124e-04
 1.24522799e-04 1.32305474e-04 1.40088149e-04 1.47870824e-04
 1.55653499e-04 1.63436174e-04 1.71218849e-04 1.79001524e-04
 1.86784199e-04 1.94566874e-04 2.02349549e-04 2.10132224e-04
 2.17914899e-04 2.25697574e-04 2.33480249e-04 2.41262924e-04
 2.49045599e-04 2.56828274e-04 2.64610949e-04 2.72393624e-04
 2.80176299e-04 2.87958974e-04 2.95741649e-04 3.03524324e-04
 3.11306999e-04 3.19089674e-04 3.26872349e-04 3.34655024e-04
 3.42437698e-04 3.50220373e-04 3.58003048e-04 3.65785723e-04
 3.73568398e-04 3.81351073e-04 3.89133748e-04 3.96916423e-04
 4.04699098e-04 4.12481773e-04 4.20264448e-04 4.28047123e-04
 4.35829798e-04 4.43612473e-04 4.51395148e-04 4.59177823e-04
 4.66960498e-04 4.74743173e-04 4.82525848e-04 4.90308523e-04
 4.98091198e-04 5.05873873e-04 5.13656548e-04 5.21439223e-04
 5.29221898e-04 5.37004573e-04 5.44787248e-04 5.52569923e-04
 5.60352598e-04 5.68135272e-04 5.75917947e-04 5.83700622e-04
 5.91483297e-04 5.99265972e-04 6.07048647e-04 6.14831322e-04
 6.22613997e-04 6.30396672e-04 6.38179347e-04 6.45962022e-04
 6.53744697e-04 6.61527372e-04 6.69310047e-04 6.77092722e-04
 6.84875397e-04 6.92658072e-04 7.00440747e-04 7.08223422e-04
 7.16006097e-04 7.23788772e-04 7.31571447e-04 7.39354122e-04
 7.47136797e-04 7.54919472e-04 7.62702147e-04 7.70484822e-04
 7.78267497e-04]
Frequencies: [4.12438984e+09 7.74565910e+07 5.31439770e+07 4.10553960e+07
 3.34504010e+07 2.81479820e+07 2.41528720e+07 2.10037170e+07
 1.84680790e+07 1.63515370e+07 1.45942710e+07 1.31183500e+07
 1.18824420e+07 1.08290760e+07 9.83090600e+06 8.72143400e+06
 7.45259400e+06 6.14653100e+06 4.91320000e+06 3.84452400e+06
 2.95336100e+06 2.24762900e+06 1.69350000e+06 1.27298400e+06
 9.59868000e+05 7.21620000e+05 5.44546000e+05 4.12919000e+05
 3.15942000e+05 2.42364000e+05 1.85671000e+05 1.43126000e+05
 1.11987000e+05 8.77200000e+04 6.82410000e+04 5.36420000e+04
 4.22720000e+04 3.35110000e+04 2.66910000e+04 2.13880000e+04
 1.70460000e+04 1.35910000e+04 1.09490000e+04 8.83300000e+03
 7.20100000e+03 5.85600000e+03 4.64900000e+03 3.69300000e+03
 3.12900000e+03 2.55800000e+03 2.05600000e+03 1.71500000e+03
 1.48800000e+03 1.13700000e+03 9.91000000e+02 9.01000000e+02
 7.51000000e+02 6.61000000e+02 5.75000000e+02 4.50000000e+02
 4.17000000e+02 3.72000000e+02 3.04000000e+02 2.64000000e+02
 2.41000000e+02 1.97000000e+02 1.93000000e+02 1.47000000e+02
 1.36000000e+02 9.60000000e+01 9.00000000e+01 9.10000000e+01
 7.60000000e+01 6.10000000e+01 5.40000000e+01 4.50000000e+01
 4.50000000e+01 3.60000000e+01 2.80000000e+01 2.50000000e+01
 2.00000000e+01 2.30000000e+01 1.40000000e+01 2.00000000e+01
 6.00000000e+00 1.00000000e+01 8.00000000e+00 9.00000000e+00
 1.00000000e+01 5.00000000e+00 3.00000000e+00 7.00000000e+00
 1.00000000e+00 1.00000000e+00 2.00000000e+00 3.00000000e+00
 1.00000000e+00 1.00000000e+00 0.00000000e+00 1.00000000e+00]
