Standard Deviation: 0.0057250642985477536
Skewness: 0.16357280353582948
Kurtosis: -1.3066018441176124
Median: 0.008532534303945925
Mean: 0.009285846836947794
Deciles: [0.0041734  0.01471318]
Minimum: 2.666079435092401e-06
Maximum: 0.024319848941288594
Bin Edges: [2.66607944e-06 2.45837908e-04 4.89009737e-04 7.32181565e-04
 9.75353394e-04 1.21852522e-03 1.46169705e-03 1.70486888e-03
 1.94804071e-03 2.19121254e-03 2.43438437e-03 2.67755619e-03
 2.92072802e-03 3.16389985e-03 3.40707168e-03 3.65024351e-03
 3.89341534e-03 4.13658717e-03 4.37975899e-03 4.62293082e-03
 4.86610265e-03 5.10927448e-03 5.35244631e-03 5.59561814e-03
 5.83878997e-03 6.08196179e-03 6.32513362e-03 6.56830545e-03
 6.81147728e-03 7.05464911e-03 7.29782094e-03 7.54099277e-03
 7.78416460e-03 8.02733642e-03 8.27050825e-03 8.51368008e-03
 8.75685191e-03 9.00002374e-03 9.24319557e-03 9.48636740e-03
 9.72953922e-03 9.97271105e-03 1.02158829e-02 1.04590547e-02
 1.07022265e-02 1.09453984e-02 1.11885702e-02 1.14317420e-02
 1.16749139e-02 1.19180857e-02 1.21612575e-02 1.24044293e-02
 1.26476012e-02 1.28907730e-02 1.31339448e-02 1.33771167e-02
 1.36202885e-02 1.38634603e-02 1.41066321e-02 1.43498040e-02
 1.45929758e-02 1.48361476e-02 1.50793195e-02 1.53224913e-02
 1.55656631e-02 1.58088349e-02 1.60520068e-02 1.62951786e-02
 1.65383504e-02 1.67815223e-02 1.70246941e-02 1.72678659e-02
 1.75110377e-02 1.77542096e-02 1.79973814e-02 1.82405532e-02
 1.84837251e-02 1.87268969e-02 1.89700687e-02 1.92132405e-02
 1.94564124e-02 1.96995842e-02 1.99427560e-02 2.01859279e-02
 2.04290997e-02 2.06722715e-02 2.09154433e-02 2.11586152e-02
 2.14017870e-02 2.16449588e-02 2.18881307e-02 2.21313025e-02
 2.23744743e-02 2.26176461e-02 2.28608180e-02 2.31039898e-02
 2.33471616e-02 2.35903335e-02 2.38335053e-02 2.40766771e-02
 2.43198489e-02]
Frequencies: [5.8247786e+07 6.4124573e+07 5.4451558e+07 4.5486895e+07 4.2922972e+07
 4.4366771e+07 4.7634333e+07 5.2339845e+07 5.7930442e+07 6.4116638e+07
 7.1317656e+07 7.9145194e+07 8.5224652e+07 8.8922439e+07 9.0683908e+07
 8.9266581e+07 8.6320433e+07 8.3109261e+07 7.9690636e+07 7.6687962e+07
 7.4027449e+07 7.1760292e+07 6.9548260e+07 6.7445208e+07 6.5420563e+07
 6.3605383e+07 6.1778708e+07 5.9925197e+07 5.8137707e+07 5.6322254e+07
 5.4533636e+07 5.2838717e+07 5.1222664e+07 4.9739641e+07 4.8576395e+07
 4.7576748e+07 4.6688036e+07 4.5962291e+07 4.5277780e+07 4.4683861e+07
 4.4156069e+07 4.3675920e+07 4.3231854e+07 4.2909427e+07 4.2584255e+07
 4.2361673e+07 4.2184828e+07 4.2038206e+07 4.1998165e+07 4.2083283e+07
 4.2218679e+07 4.2520877e+07 4.2980761e+07 4.3719137e+07 4.4596834e+07
 4.5547515e+07 4.6647191e+07 4.7918560e+07 4.9256648e+07 5.0624357e+07
 5.2112849e+07 5.3734199e+07 5.5486829e+07 5.7408165e+07 5.9305688e+07
 6.1119393e+07 6.2947052e+07 6.4889012e+07 6.7002138e+07 6.9170068e+07
 7.1108272e+07 7.2087803e+07 7.1643446e+07 6.9008059e+07 6.3811351e+07
 5.6104443e+07 4.6422391e+07 3.5778742e+07 2.5570691e+07 1.7025429e+07
 1.0731324e+07 6.6143520e+06 4.1226030e+06 2.6654950e+06 1.7799470e+06
 1.1923250e+06 7.7690600e+05 4.8764800e+05 2.9833000e+05 1.8246000e+05
 1.1110900e+05 6.7370000e+04 4.2158000e+04 2.6601000e+04 1.6879000e+04
 9.6130000e+03 4.4910000e+03 2.0040000e+03 6.9700000e+02 1.0400000e+02]
