Standard Deviation: 1.347907045795201e-05
Skewness: 5.829184642110374
Kurtosis: 44.10824942176011
Median: 0.0
Mean: 3.448565506989909e-06
Deciles: [0. 0.]
Minimum: 0.0
Maximum: 0.0006041064580020086
Bin Edges: [0.00000000e+00 6.04106458e-06 1.20821292e-05 1.81231937e-05
 2.41642583e-05 3.02053229e-05 3.62463875e-05 4.22874521e-05
 4.83285166e-05 5.43695812e-05 6.04106458e-05 6.64517104e-05
 7.24927750e-05 7.85338395e-05 8.45749041e-05 9.06159687e-05
 9.66570333e-05 1.02698098e-04 1.08739162e-04 1.14780227e-04
 1.20821292e-04 1.26862356e-04 1.32903421e-04 1.38944485e-04
 1.44985550e-04 1.51026615e-04 1.57067679e-04 1.63108744e-04
 1.69149808e-04 1.75190873e-04 1.81231937e-04 1.87273002e-04
 1.93314067e-04 1.99355131e-04 2.05396196e-04 2.11437260e-04
 2.17478325e-04 2.23519389e-04 2.29560454e-04 2.35601519e-04
 2.41642583e-04 2.47683648e-04 2.53724712e-04 2.59765777e-04
 2.65806842e-04 2.71847906e-04 2.77888971e-04 2.83930035e-04
 2.89971100e-04 2.96012164e-04 3.02053229e-04 3.08094294e-04
 3.14135358e-04 3.20176423e-04 3.26217487e-04 3.32258552e-04
 3.38299616e-04 3.44340681e-04 3.50381746e-04 3.56422810e-04
 3.62463875e-04 3.68504939e-04 3.74546004e-04 3.80587069e-04
 3.86628133e-04 3.92669198e-04 3.98710262e-04 4.04751327e-04
 4.10792391e-04 4.16833456e-04 4.22874521e-04 4.28915585e-04
 4.34956650e-04 4.40997714e-04 4.47038779e-04 4.53079844e-04
 4.59120908e-04 4.65161973e-04 4.71203037e-04 4.77244102e-04
 4.83285166e-04 4.89326231e-04 4.95367296e-04 5.01408360e-04
 5.07449425e-04 5.13490489e-04 5.19531554e-04 5.25572618e-04
 5.31613683e-04 5.37654748e-04 5.43695812e-04 5.49736877e-04
 5.55777941e-04 5.61819006e-04 5.67860071e-04 5.73901135e-04
 5.79942200e-04 5.85983264e-04 5.92024329e-04 5.98065393e-04
 6.04106458e-04]
Frequencies: [4.08980349e+09 9.60039770e+07 7.23876590e+07 5.67671490e+07
 4.45467060e+07 3.48347000e+07 2.72343130e+07 2.14473780e+07
 1.70632350e+07 1.37644380e+07 1.12689230e+07 9.36237100e+06
 7.89549100e+06 6.74179000e+06 5.81979600e+06 5.08708700e+06
 4.55060900e+06 4.03691500e+06 3.26078600e+06 2.44483300e+06
 1.77471100e+06 1.28252700e+06 9.28536000e+05 6.73411000e+05
 4.97028000e+05 3.72073000e+05 2.82688000e+05 2.16467000e+05
 1.66570000e+05 1.30097000e+05 1.01965000e+05 8.05390000e+04
 6.31270000e+04 5.00770000e+04 4.00140000e+04 3.22610000e+04
 2.60810000e+04 2.14300000e+04 1.74270000e+04 1.45380000e+04
 1.22420000e+04 1.01880000e+04 9.03600000e+03 7.76400000e+03
 6.46800000e+03 5.62300000e+03 4.89200000e+03 4.20400000e+03
 3.63400000e+03 3.18800000e+03 2.88100000e+03 2.67400000e+03
 2.31000000e+03 1.94600000e+03 1.72200000e+03 1.61500000e+03
 1.32400000e+03 1.15600000e+03 1.03200000e+03 9.21000000e+02
 8.66000000e+02 7.83000000e+02 6.93000000e+02 6.05000000e+02
 5.18000000e+02 4.41000000e+02 3.42000000e+02 2.64000000e+02
 2.17000000e+02 1.91000000e+02 1.78000000e+02 1.66000000e+02
 1.33000000e+02 8.10000000e+01 9.70000000e+01 6.50000000e+01
 6.00000000e+01 3.20000000e+01 2.70000000e+01 3.50000000e+01
 3.50000000e+01 1.90000000e+01 2.30000000e+01 1.60000000e+01
 2.10000000e+01 1.50000000e+01 1.60000000e+01 1.10000000e+01
 4.00000000e+00 5.00000000e+00 3.00000000e+00 2.00000000e+00
 1.00000000e+00 0.00000000e+00 0.00000000e+00 2.00000000e+00
 0.00000000e+00 1.00000000e+00 0.00000000e+00 1.00000000e+00]
