Standard Deviation: 4.649747901712106e-05
Skewness: 7.584723306746221
Kurtosis: 78.93389065818657
Median: 0.0
Mean: 1.1199617227284395e-05
Deciles: [0.00000000e+00 2.89513214e-24]
Minimum: 0.0
Maximum: 0.001083451507388287
Bin Edges: [0.00000000e+00 1.08345151e-05 2.16690301e-05 3.25035452e-05
 4.33380603e-05 5.41725754e-05 6.50070904e-05 7.58416055e-05
 8.66761206e-05 9.75106357e-05 1.08345151e-04 1.19179666e-04
 1.30014181e-04 1.40848696e-04 1.51683211e-04 1.62517726e-04
 1.73352241e-04 1.84186756e-04 1.95021271e-04 2.05855786e-04
 2.16690301e-04 2.27524817e-04 2.38359332e-04 2.49193847e-04
 2.60028362e-04 2.70862877e-04 2.81697392e-04 2.92531907e-04
 3.03366422e-04 3.14200937e-04 3.25035452e-04 3.35869967e-04
 3.46704482e-04 3.57538997e-04 3.68373513e-04 3.79208028e-04
 3.90042543e-04 4.00877058e-04 4.11711573e-04 4.22546088e-04
 4.33380603e-04 4.44215118e-04 4.55049633e-04 4.65884148e-04
 4.76718663e-04 4.87553178e-04 4.98387693e-04 5.09222208e-04
 5.20056724e-04 5.30891239e-04 5.41725754e-04 5.52560269e-04
 5.63394784e-04 5.74229299e-04 5.85063814e-04 5.95898329e-04
 6.06732844e-04 6.17567359e-04 6.28401874e-04 6.39236389e-04
 6.50070904e-04 6.60905420e-04 6.71739935e-04 6.82574450e-04
 6.93408965e-04 7.04243480e-04 7.15077995e-04 7.25912510e-04
 7.36747025e-04 7.47581540e-04 7.58416055e-04 7.69250570e-04
 7.80085085e-04 7.90919600e-04 8.01754115e-04 8.12588631e-04
 8.23423146e-04 8.34257661e-04 8.45092176e-04 8.55926691e-04
 8.66761206e-04 8.77595721e-04 8.88430236e-04 8.99264751e-04
 9.10099266e-04 9.20933781e-04 9.31768296e-04 9.42602811e-04
 9.53437327e-04 9.64271842e-04 9.75106357e-04 9.85940872e-04
 9.96775387e-04 1.00760990e-03 1.01844442e-03 1.02927893e-03
 1.04011345e-03 1.05094796e-03 1.06178248e-03 1.07261699e-03
 1.08345151e-03]
Frequencies: [3.96953867e+09 1.26401868e+08 7.96214790e+07 5.91969490e+07
 4.54979590e+07 3.54328210e+07 2.82858370e+07 2.31993220e+07
 1.94264150e+07 1.65316850e+07 1.42145530e+07 1.23433730e+07
 1.07942330e+07 9.49918300e+06 8.40499400e+06 7.47350200e+06
 6.66628000e+06 5.97776300e+06 5.37767500e+06 4.84320100e+06
 4.38274400e+06 3.97090400e+06 3.60477500e+06 3.27597300e+06
 2.98626000e+06 2.72066200e+06 2.48668900e+06 2.27707600e+06
 2.09002800e+06 1.91511500e+06 1.75660700e+06 1.61550900e+06
 1.48307300e+06 1.36603300e+06 1.25951000e+06 1.15873700e+06
 1.06809700e+06 9.85432000e+05 9.08999000e+05 8.40247000e+05
 7.74775000e+05 7.16239000e+05 6.59881000e+05 6.09325000e+05
 5.63888000e+05 5.19621000e+05 4.79378000e+05 4.45270000e+05
 4.12597000e+05 3.81339000e+05 3.53889000e+05 3.27402000e+05
 3.04231000e+05 2.82279000e+05 2.62644000e+05 2.43248000e+05
 2.25380000e+05 2.08458000e+05 1.95136000e+05 1.81657000e+05
 1.68908000e+05 1.54970000e+05 1.42674000e+05 1.32089000e+05
 1.22960000e+05 1.12991000e+05 1.04946000e+05 9.70910000e+04
 8.95780000e+04 8.27340000e+04 7.66380000e+04 7.13420000e+04
 6.74400000e+04 6.22660000e+04 5.87110000e+04 5.46660000e+04
 5.13540000e+04 4.83010000e+04 4.50660000e+04 4.27280000e+04
 4.02530000e+04 3.74250000e+04 3.51350000e+04 3.31400000e+04
 3.12120000e+04 2.87630000e+04 2.68260000e+04 2.48070000e+04
 2.28370000e+04 2.08120000e+04 1.84080000e+04 1.62700000e+04
 1.33490000e+04 1.00510000e+04 5.98800000e+03 2.81800000e+03
 1.09600000e+03 3.38000000e+02 1.19000000e+02 3.20000000e+01]
