Standard Deviation: 0.0054354678015321135
Skewness: 0.1635383037518603
Kurtosis: -1.3242958489291539
Median: 0.008031876464019932
Mean: 0.008786241247672749
Deciles: [0.00393951 0.01399407]
Minimum: 1e-12
Maximum: 0.02390128726980547
Bin Edges: [1.00000000e-12 2.39012874e-04 4.78025746e-04 7.17038619e-04
 9.56051492e-04 1.19506436e-03 1.43407724e-03 1.67309011e-03
 1.91210298e-03 2.15111586e-03 2.39012873e-03 2.62914160e-03
 2.86815447e-03 3.10716735e-03 3.34618022e-03 3.58519309e-03
 3.82420596e-03 4.06321884e-03 4.30223171e-03 4.54124458e-03
 4.78025745e-03 5.01927033e-03 5.25828320e-03 5.49729607e-03
 5.73630895e-03 5.97532182e-03 6.21433469e-03 6.45334756e-03
 6.69236044e-03 6.93137331e-03 7.17038618e-03 7.40939905e-03
 7.64841193e-03 7.88742480e-03 8.12643767e-03 8.36545055e-03
 8.60446342e-03 8.84347629e-03 9.08248916e-03 9.32150204e-03
 9.56051491e-03 9.79952778e-03 1.00385407e-02 1.02775535e-02
 1.05165664e-02 1.07555793e-02 1.09945921e-02 1.12336050e-02
 1.14726179e-02 1.17116308e-02 1.19506436e-02 1.21896565e-02
 1.24286694e-02 1.26676823e-02 1.29066951e-02 1.31457080e-02
 1.33847209e-02 1.36237337e-02 1.38627466e-02 1.41017595e-02
 1.43407724e-02 1.45797852e-02 1.48187981e-02 1.50578110e-02
 1.52968239e-02 1.55358367e-02 1.57748496e-02 1.60138625e-02
 1.62528753e-02 1.64918882e-02 1.67309011e-02 1.69699140e-02
 1.72089268e-02 1.74479397e-02 1.76869526e-02 1.79259655e-02
 1.81649783e-02 1.84039912e-02 1.86430041e-02 1.88820169e-02
 1.91210298e-02 1.93600427e-02 1.95990556e-02 1.98380684e-02
 2.00770813e-02 2.03160942e-02 2.05551071e-02 2.07941199e-02
 2.10331328e-02 2.12721457e-02 2.15111585e-02 2.17501714e-02
 2.19891843e-02 2.22281972e-02 2.24672100e-02 2.27062229e-02
 2.29452358e-02 2.31842487e-02 2.34232615e-02 2.36622744e-02
 2.39012873e-02]
Frequencies: [5.0600147e+07 6.5239971e+07 5.9689415e+07 5.0424283e+07 4.7659382e+07
 4.8894130e+07 5.2387479e+07 5.7421935e+07 6.4214988e+07 7.2497794e+07
 8.0783291e+07 8.6379406e+07 8.8871574e+07 8.9972747e+07 8.9474839e+07
 8.8530282e+07 8.7153292e+07 8.4885124e+07 8.2319831e+07 7.9406490e+07
 7.6511584e+07 7.3710922e+07 7.1178544e+07 6.8753176e+07 6.6419544e+07
 6.4287846e+07 6.2145045e+07 6.0048301e+07 5.7926595e+07 5.5922695e+07
 5.4016223e+07 5.2244182e+07 5.0682553e+07 4.9288898e+07 4.8049435e+07
 4.7025097e+07 4.6133590e+07 4.5398713e+07 4.4770897e+07 4.4228206e+07
 4.3784885e+07 4.3461658e+07 4.3161815e+07 4.2907554e+07 4.2797580e+07
 4.2780602e+07 4.2720139e+07 4.2792389e+07 4.3031094e+07 4.3454786e+07
 4.3972351e+07 4.4639802e+07 4.5499606e+07 4.6510710e+07 4.7725058e+07
 4.9055403e+07 5.0531837e+07 5.2151034e+07 5.3831339e+07 5.5739607e+07
 5.7820951e+07 5.9968503e+07 6.2342881e+07 6.4894689e+07 6.7852977e+07
 7.1081815e+07 7.4418364e+07 7.7304976e+07 7.9080991e+07 7.8677530e+07
 7.5359507e+07 6.9057622e+07 6.0261377e+07 4.9518690e+07 3.7861324e+07
 2.6625276e+07 1.7185091e+07 1.0337586e+07 6.0354280e+06 3.5593870e+06
 2.1785620e+06 1.3617440e+06 8.7009000e+05 5.4624000e+05 3.4328500e+05
 2.0995800e+05 1.2734900e+05 7.8910000e+04 4.7936000e+04 3.0241000e+04
 1.9311000e+04 1.2064000e+04 7.0680000e+03 4.0870000e+03 2.2110000e+03
 1.2290000e+03 6.7600000e+02 2.5000000e+02 1.0000000e+02 2.9000000e+01]
