Standard Deviation: 3.7466978351500064e-05
Skewness: 6.740360002752122
Kurtosis: 62.09565358450632
Median: 0.0
Mean: 9.731634453340426e-06
Deciles: [0.00000000e+00 2.79363965e-07]
Minimum: 0.0
Maximum: 0.001749191518329368
Bin Edges: [0.00000000e+00 1.74919152e-05 3.49838304e-05 5.24757455e-05
 6.99676607e-05 8.74595759e-05 1.04951491e-04 1.22443406e-04
 1.39935321e-04 1.57427237e-04 1.74919152e-04 1.92411067e-04
 2.09902982e-04 2.27394897e-04 2.44886813e-04 2.62378728e-04
 2.79870643e-04 2.97362558e-04 3.14854473e-04 3.32346388e-04
 3.49838304e-04 3.67330219e-04 3.84822134e-04 4.02314049e-04
 4.19805964e-04 4.37297880e-04 4.54789795e-04 4.72281710e-04
 4.89773625e-04 5.07265540e-04 5.24757455e-04 5.42249371e-04
 5.59741286e-04 5.77233201e-04 5.94725116e-04 6.12217031e-04
 6.29708947e-04 6.47200862e-04 6.64692777e-04 6.82184692e-04
 6.99676607e-04 7.17168523e-04 7.34660438e-04 7.52152353e-04
 7.69644268e-04 7.87136183e-04 8.04628098e-04 8.22120014e-04
 8.39611929e-04 8.57103844e-04 8.74595759e-04 8.92087674e-04
 9.09579590e-04 9.27071505e-04 9.44563420e-04 9.62055335e-04
 9.79547250e-04 9.97039165e-04 1.01453108e-03 1.03202300e-03
 1.04951491e-03 1.06700683e-03 1.08449874e-03 1.10199066e-03
 1.11948257e-03 1.13697449e-03 1.15446640e-03 1.17195832e-03
 1.18945023e-03 1.20694215e-03 1.22443406e-03 1.24192598e-03
 1.25941789e-03 1.27690981e-03 1.29440172e-03 1.31189364e-03
 1.32938555e-03 1.34687747e-03 1.36436938e-03 1.38186130e-03
 1.39935321e-03 1.41684513e-03 1.43433705e-03 1.45182896e-03
 1.46932088e-03 1.48681279e-03 1.50430471e-03 1.52179662e-03
 1.53928854e-03 1.55678045e-03 1.57427237e-03 1.59176428e-03
 1.60925620e-03 1.62674811e-03 1.64424003e-03 1.66173194e-03
 1.67922386e-03 1.69671577e-03 1.71420769e-03 1.73169960e-03
 1.74919152e-03]
Frequencies: [4.05912709e+09 1.43364225e+08 8.58742690e+07 5.82356590e+07
 4.16917960e+07 3.07995400e+07 2.32478440e+07 1.78801370e+07
 1.40174330e+07 1.12168250e+07 9.13349600e+06 7.54739900e+06
 6.30852700e+06 5.30949500e+06 4.48189200e+06 3.80061700e+06
 3.21760600e+06 2.72258500e+06 2.29375200e+06 1.92751700e+06
 1.61110600e+06 1.33974200e+06 1.10772800e+06 9.10229000e+05
 7.47850000e+05 6.11984000e+05 4.99209000e+05 4.04466000e+05
 3.27929000e+05 2.65814000e+05 2.15505000e+05 1.74481000e+05
 1.41329000e+05 1.14008000e+05 9.26250000e+04 7.52290000e+04
 6.17630000e+04 5.00230000e+04 4.11320000e+04 3.37380000e+04
 2.79920000e+04 2.27430000e+04 1.89040000e+04 1.55440000e+04
 1.29050000e+04 1.06140000e+04 8.72500000e+03 7.28700000e+03
 6.12800000e+03 4.89500000e+03 4.19500000e+03 3.49200000e+03
 2.94700000e+03 2.37100000e+03 2.01500000e+03 1.64500000e+03
 1.33500000e+03 1.14100000e+03 1.00600000e+03 7.85000000e+02
 6.51000000e+02 5.54000000e+02 4.15000000e+02 3.82000000e+02
 3.16000000e+02 2.51000000e+02 2.15000000e+02 1.80000000e+02
 1.28000000e+02 1.23000000e+02 8.70000000e+01 8.00000000e+01
 5.30000000e+01 4.70000000e+01 3.10000000e+01 3.70000000e+01
 3.00000000e+01 2.60000000e+01 2.00000000e+01 1.50000000e+01
 1.40000000e+01 1.60000000e+01 9.00000000e+00 6.00000000e+00
 9.00000000e+00 5.00000000e+00 5.00000000e+00 7.00000000e+00
 4.00000000e+00 4.00000000e+00 1.00000000e+00 2.00000000e+00
 2.00000000e+00 3.00000000e+00 2.00000000e+00 1.00000000e+00
 0.00000000e+00 0.00000000e+00 1.00000000e+00 1.00000000e+00]
