Standard Deviation: 11.087523465789895
Skewness: 0.5579976151756397
Kurtosis: 0.030981991649650098
Median: 3.4551382644379656
Mean: 4.970557857410429
Deciles: [-3.28021976 12.06247124]
Minimum: -55.39890196238884
Maximum: 73.503599535309
Bin Edges: [-5.53989020e+01 -5.41098769e+01 -5.28208519e+01 -5.15318269e+01
 -5.02428019e+01 -4.89537769e+01 -4.76647519e+01 -4.63757269e+01
 -4.50867018e+01 -4.37976768e+01 -4.25086518e+01 -4.12196268e+01
 -3.99306018e+01 -3.86415768e+01 -3.73525518e+01 -3.60635267e+01
 -3.47745017e+01 -3.34854767e+01 -3.21964517e+01 -3.09074267e+01
 -2.96184017e+01 -2.83293766e+01 -2.70403516e+01 -2.57513266e+01
 -2.44623016e+01 -2.31732766e+01 -2.18842516e+01 -2.05952266e+01
 -1.93062015e+01 -1.80171765e+01 -1.67281515e+01 -1.54391265e+01
 -1.41501015e+01 -1.28610765e+01 -1.15720515e+01 -1.02830264e+01
 -8.99400142e+00 -7.70497641e+00 -6.41595139e+00 -5.12692638e+00
 -3.83790136e+00 -2.54887635e+00 -1.25985133e+00  2.91736816e-02
  1.31819870e+00  2.60722371e+00  3.89624873e+00  5.18527374e+00
  6.47429876e+00  7.76332377e+00  9.05234879e+00  1.03413738e+01
  1.16303988e+01  1.29194238e+01  1.42084488e+01  1.54974739e+01
  1.67864989e+01  1.80755239e+01  1.93645489e+01  2.06535739e+01
  2.19425989e+01  2.32316240e+01  2.45206490e+01  2.58096740e+01
  2.70986990e+01  2.83877240e+01  2.96767490e+01  3.09657740e+01
  3.22547991e+01  3.35438241e+01  3.48328491e+01  3.61218741e+01
  3.74108991e+01  3.86999241e+01  3.99889491e+01  4.12779742e+01
  4.25669992e+01  4.38560242e+01  4.51450492e+01  4.64340742e+01
  4.77230992e+01  4.90121243e+01  5.03011493e+01  5.15901743e+01
  5.28791993e+01  5.41682243e+01  5.54572493e+01  5.67462743e+01
  5.80352994e+01  5.93243244e+01  6.06133494e+01  6.19023744e+01
  6.31913994e+01  6.44804244e+01  6.57694494e+01  6.70584745e+01
  6.83474995e+01  6.96365245e+01  7.09255495e+01  7.22145745e+01
  7.35035995e+01]
Frequencies: [6.00000000e+00 7.00000000e+00 1.60000000e+01 3.40000000e+01
 8.10000000e+01 9.20000000e+01 2.11000000e+02 3.33000000e+02
 5.08000000e+02 6.79000000e+02 9.62000000e+02 1.36300000e+03
 2.16100000e+03 3.51900000e+03 5.88200000e+03 9.45700000e+03
 1.51240000e+04 2.37870000e+04 3.81820000e+04 6.10420000e+04
 9.45670000e+04 1.49741000e+05 2.37279000e+05 3.83785000e+05
 6.34985000e+05 1.07375900e+06 1.85882500e+06 3.26516400e+06
 5.73179800e+06 9.91455100e+06 1.66073110e+07 2.66692850e+07
 4.10896270e+07 6.00666580e+07 8.32175000e+07 1.09400622e+08
 1.36363477e+08 1.61885975e+08 1.84032186e+08 2.01358864e+08
 2.13288593e+08 2.20171973e+08 2.22151704e+08 2.19902643e+08
 2.14198396e+08 2.06199145e+08 1.96656698e+08 1.86214294e+08
 1.75441044e+08 1.64556465e+08 1.53821871e+08 1.43341593e+08
 1.33120039e+08 1.23251034e+08 1.13642139e+08 1.04348676e+08
 9.53956120e+07 8.67420200e+07 7.83457000e+07 7.00959970e+07
 6.21519080e+07 5.45907710e+07 4.73871410e+07 4.06569520e+07
 3.43939310e+07 2.86929670e+07 2.36677390e+07 1.92548350e+07
 1.54447900e+07 1.22298110e+07 9.55379900e+06 7.38038400e+06
 5.60759600e+06 4.20603600e+06 3.11919900e+06 2.28099600e+06
 1.65014700e+06 1.17273800e+06 8.22839000e+05 5.75544000e+05
 4.03201000e+05 2.74205000e+05 1.84292000e+05 1.24172000e+05
 8.28250000e+04 5.81420000e+04 4.06760000e+04 2.90670000e+04
 1.97370000e+04 1.28080000e+04 9.48000000e+03 6.86000000e+03
 4.91300000e+03 3.42300000e+03 2.04400000e+03 1.19900000e+03
 7.28000000e+02 5.82000000e+02 3.76000000e+02 1.06000000e+02]
