Standard Deviation: 5.3380707367066554e-18
Skewness: 31.805123814667553
Kurtosis: 1767.880177564432
Median: 1.3932837634252548e-19
Mean: 1.024302042497293e-18
Deciles: [7.06098694e-20 3.28999502e-19]
Minimum: 1.1274883134058158e-26
Maximum: 7.875559853989932e-16
Bin Edges: [1.12748831e-26 7.87555987e-18 1.57511197e-17 2.36266796e-17
 3.15022394e-17 3.93777993e-17 4.72533591e-17 5.51289190e-17
 6.30044788e-17 7.08800387e-17 7.87555986e-17 8.66311584e-17
 9.45067183e-17 1.02382278e-16 1.10257838e-16 1.18133398e-16
 1.26008958e-16 1.33884518e-16 1.41760077e-16 1.49635637e-16
 1.57511197e-16 1.65386757e-16 1.73262317e-16 1.81137877e-16
 1.89013437e-16 1.96888996e-16 2.04764556e-16 2.12640116e-16
 2.20515676e-16 2.28391236e-16 2.36266796e-16 2.44142355e-16
 2.52017915e-16 2.59893475e-16 2.67769035e-16 2.75644595e-16
 2.83520155e-16 2.91395715e-16 2.99271274e-16 3.07146834e-16
 3.15022394e-16 3.22897954e-16 3.30773514e-16 3.38649074e-16
 3.46524634e-16 3.54400193e-16 3.62275753e-16 3.70151313e-16
 3.78026873e-16 3.85902433e-16 3.93777993e-16 4.01653553e-16
 4.09529112e-16 4.17404672e-16 4.25280232e-16 4.33155792e-16
 4.41031352e-16 4.48906912e-16 4.56782472e-16 4.64658031e-16
 4.72533591e-16 4.80409151e-16 4.88284711e-16 4.96160271e-16
 5.04035831e-16 5.11911391e-16 5.19786950e-16 5.27662510e-16
 5.35538070e-16 5.43413630e-16 5.51289190e-16 5.59164750e-16
 5.67040309e-16 5.74915869e-16 5.82791429e-16 5.90666989e-16
 5.98542549e-16 6.06418109e-16 6.14293669e-16 6.22169228e-16
 6.30044788e-16 6.37920348e-16 6.45795908e-16 6.53671468e-16
 6.61547028e-16 6.69422588e-16 6.77298147e-16 6.85173707e-16
 6.93049267e-16 7.00924827e-16 7.08800387e-16 7.16675947e-16
 7.24551507e-16 7.32427066e-16 7.40302626e-16 7.48178186e-16
 7.56053746e-16 7.63929306e-16 7.71804866e-16 7.79680426e-16
 7.87555985e-16]
Frequencies: [4.43315861e+09 6.88342340e+07 1.80251320e+07 7.57546000e+06
 4.59359100e+06 2.72303000e+06 1.51583600e+06 9.49408000e+05
 6.66863000e+05 4.71936000e+05 3.55814000e+05 2.85148000e+05
 2.32837000e+05 1.88699000e+05 1.57104000e+05 1.32220000e+05
 1.16020000e+05 1.03308000e+05 9.28940000e+04 8.35940000e+04
 7.57800000e+04 6.77600000e+04 6.22950000e+04 5.73410000e+04
 5.24110000e+04 4.80640000e+04 4.42350000e+04 4.11330000e+04
 3.90100000e+04 3.67530000e+04 3.54880000e+04 3.37430000e+04
 3.20320000e+04 2.98130000e+04 2.72630000e+04 2.54700000e+04
 2.42560000e+04 2.23240000e+04 1.87630000e+04 1.55300000e+04
 1.32650000e+04 1.11470000e+04 9.18000000e+03 8.04600000e+03
 7.19100000e+03 6.50300000e+03 6.10700000e+03 5.71100000e+03
 5.47000000e+03 5.14600000e+03 4.78900000e+03 4.45900000e+03
 4.28400000e+03 4.01900000e+03 3.70800000e+03 3.38700000e+03
 3.14100000e+03 2.78300000e+03 2.50400000e+03 2.25500000e+03
 2.15000000e+03 2.00100000e+03 1.72600000e+03 1.60500000e+03
 1.41200000e+03 1.29200000e+03 1.15100000e+03 1.10700000e+03
 9.41000000e+02 8.85000000e+02 7.69000000e+02 6.82000000e+02
 6.07000000e+02 5.69000000e+02 4.23000000e+02 4.10000000e+02
 3.25000000e+02 2.72000000e+02 2.29000000e+02 1.95000000e+02
 1.45000000e+02 1.38000000e+02 1.36000000e+02 1.06000000e+02
 8.30000000e+01 6.60000000e+01 5.70000000e+01 4.40000000e+01
 4.90000000e+01 2.80000000e+01 2.60000000e+01 2.00000000e+01
 2.10000000e+01 5.00000000e+00 7.00000000e+00 6.00000000e+00
 7.00000000e+00 0.00000000e+00 2.00000000e+00 3.00000000e+00]
