Standard Deviation: 1.95518163979872e-08
Skewness: 13.45821164491177
Kurtosis: 319.7591657627436
Median: 0.0
Mean: 3.603906957753602e-09
Deciles: [0. 0.]
Minimum: 0.0
Maximum: 2.806063281513921e-06
Bin Edges: [0.00000000e+00 2.80606328e-08 5.61212656e-08 8.41818984e-08
 1.12242531e-07 1.40303164e-07 1.68363797e-07 1.96424430e-07
 2.24485063e-07 2.52545695e-07 2.80606328e-07 3.08666961e-07
 3.36727594e-07 3.64788227e-07 3.92848859e-07 4.20909492e-07
 4.48970125e-07 4.77030758e-07 5.05091391e-07 5.33152023e-07
 5.61212656e-07 5.89273289e-07 6.17333922e-07 6.45394555e-07
 6.73455188e-07 7.01515820e-07 7.29576453e-07 7.57637086e-07
 7.85697719e-07 8.13758352e-07 8.41818984e-07 8.69879617e-07
 8.97940250e-07 9.26000883e-07 9.54061516e-07 9.82122149e-07
 1.01018278e-06 1.03824341e-06 1.06630405e-06 1.09436468e-06
 1.12242531e-06 1.15048595e-06 1.17854658e-06 1.20660721e-06
 1.23466784e-06 1.26272848e-06 1.29078911e-06 1.31884974e-06
 1.34691038e-06 1.37497101e-06 1.40303164e-06 1.43109227e-06
 1.45915291e-06 1.48721354e-06 1.51527417e-06 1.54333480e-06
 1.57139544e-06 1.59945607e-06 1.62751670e-06 1.65557734e-06
 1.68363797e-06 1.71169860e-06 1.73975923e-06 1.76781987e-06
 1.79588050e-06 1.82394113e-06 1.85200177e-06 1.88006240e-06
 1.90812303e-06 1.93618366e-06 1.96424430e-06 1.99230493e-06
 2.02036556e-06 2.04842620e-06 2.07648683e-06 2.10454746e-06
 2.13260809e-06 2.16066873e-06 2.18872936e-06 2.21678999e-06
 2.24485063e-06 2.27291126e-06 2.30097189e-06 2.32903252e-06
 2.35709316e-06 2.38515379e-06 2.41321442e-06 2.44127505e-06
 2.46933569e-06 2.49739632e-06 2.52545695e-06 2.55351759e-06
 2.58157822e-06 2.60963885e-06 2.63769948e-06 2.66576012e-06
 2.69382075e-06 2.72188138e-06 2.74994202e-06 2.77800265e-06
 2.80606328e-06]
Frequencies: [4.39253122e+09 7.57530300e+07 2.97432040e+07 1.53424550e+07
 9.05248500e+06 5.73261700e+06 3.77830200e+06 2.56328200e+06
 1.78016800e+06 1.26038000e+06 9.05749000e+05 6.56919000e+05
 4.84251000e+05 3.59982000e+05 2.70185000e+05 2.05522000e+05
 1.57800000e+05 1.22057000e+05 9.43550000e+04 7.41890000e+04
 5.88300000e+04 4.71750000e+04 3.71100000e+04 2.97230000e+04
 2.40320000e+04 1.96130000e+04 1.59520000e+04 1.32920000e+04
 1.10620000e+04 9.14600000e+03 7.50400000e+03 6.45100000e+03
 5.30300000e+03 4.40800000e+03 3.79600000e+03 3.22000000e+03
 2.71000000e+03 2.32000000e+03 2.06600000e+03 1.66300000e+03
 1.42200000e+03 1.26700000e+03 1.03300000e+03 9.12000000e+02
 8.10000000e+02 6.91000000e+02 6.27000000e+02 5.15000000e+02
 4.35000000e+02 3.99000000e+02 3.66000000e+02 2.72000000e+02
 2.24000000e+02 2.21000000e+02 1.72000000e+02 1.88000000e+02
 1.29000000e+02 1.23000000e+02 1.00000000e+02 8.30000000e+01
 5.90000000e+01 6.90000000e+01 4.70000000e+01 4.90000000e+01
 3.40000000e+01 4.00000000e+01 2.00000000e+01 2.50000000e+01
 2.30000000e+01 2.00000000e+01 7.00000000e+00 2.30000000e+01
 6.00000000e+00 1.30000000e+01 1.30000000e+01 6.00000000e+00
 5.00000000e+00 5.00000000e+00 4.00000000e+00 0.00000000e+00
 1.00000000e+00 3.00000000e+00 5.00000000e+00 3.00000000e+00
 1.00000000e+00 0.00000000e+00 0.00000000e+00 2.00000000e+00
 2.00000000e+00 1.00000000e+00 0.00000000e+00 0.00000000e+00
 0.00000000e+00 0.00000000e+00 0.00000000e+00 0.00000000e+00
 0.00000000e+00 0.00000000e+00 1.00000000e+00 1.00000000e+00]
