Standard Deviation: 48.54908777168689
Skewness: 1.817980038123463
Kurtosis: 3.532158754019406
Median: 0.8872236576200994
Mean: 33.4260835014039
Deciles: [ 0.         53.41331867]
Minimum: 0.0
Maximum: 582.2591378440987
Bin Edges: [  0.           5.82259138  11.64518276  17.46777414  23.29036551
  29.11295689  34.93554827  40.75813965  46.58073103  52.40332241
  58.22591378  64.04850516  69.87109654  75.69368792  81.5162793
  87.33887068  93.16146206  98.98405343 104.80664481 110.62923619
 116.45182757 122.27441895 128.09701033 133.9196017  139.74219308
 145.56478446 151.38737584 157.20996722 163.0325586  168.85514997
 174.67774135 180.50033273 186.32292411 192.14551549 197.96810687
 203.79069825 209.61328962 215.435881   221.25847238 227.08106376
 232.90365514 238.72624652 244.54883789 250.37142927 256.19402065
 262.01661203 267.83920341 273.66179479 279.48438617 285.30697754
 291.12956892 296.9521603  302.77475168 308.59734306 314.41993444
 320.24252581 326.06511719 331.88770857 337.71029995 343.53289133
 349.35548271 355.17807408 361.00066546 366.82325684 372.64584822
 378.4684396  384.29103098 390.11362236 395.93621373 401.75880511
 407.58139649 413.40398787 419.22657925 425.04917063 430.871762
 436.69435338 442.51694476 448.33953614 454.16212752 459.9847189
 465.80731028 471.62990165 477.45249303 483.27508441 489.09767579
 494.92026717 500.74285855 506.56544992 512.3880413  518.21063268
 524.03322406 529.85581544 535.67840682 541.5009982  547.32358957
 553.14618095 558.96877233 564.79136371 570.61395509 576.43654647
 582.25913784]
Frequencies: [2.37152274e+09 9.08657040e+07 8.83200010e+07 9.32069720e+07
 1.01399077e+08 1.14971530e+08 1.38318561e+08 1.84348239e+08
 1.97199105e+08 1.35914458e+08 1.15382454e+08 9.83514980e+07
 8.69149400e+07 7.73216290e+07 6.86572650e+07 6.10311540e+07
 5.43569420e+07 4.84661570e+07 4.32605970e+07 3.86990130e+07
 3.47036520e+07 3.12149090e+07 2.81368090e+07 2.54078500e+07
 2.29888000e+07 2.08140710e+07 1.88610720e+07 1.71058900e+07
 1.55113900e+07 1.40572660e+07 1.27402140e+07 1.15192440e+07
 1.04056690e+07 9.37922400e+06 8.43192400e+06 7.55827700e+06
 6.74659000e+06 5.98910600e+06 5.28474500e+06 4.63368800e+06
 4.02156100e+06 3.46343900e+06 2.93531900e+06 2.46011400e+06
 2.02015900e+06 1.62262100e+06 1.27296700e+06 9.67773000e+05
 7.10372000e+05 4.99723000e+05 3.35583000e+05 2.21698000e+05
 1.48741000e+05 1.03983000e+05 7.78800000e+04 6.14610000e+04
 4.98890000e+04 4.05480000e+04 3.26870000e+04 2.67670000e+04
 2.16250000e+04 1.73900000e+04 1.41650000e+04 1.14970000e+04
 9.46100000e+03 7.42400000e+03 6.03100000e+03 4.70100000e+03
 3.94900000e+03 2.90000000e+03 2.20400000e+03 1.73200000e+03
 1.38700000e+03 1.19600000e+03 1.00700000e+03 9.32000000e+02
 7.98000000e+02 6.66000000e+02 5.66000000e+02 4.50000000e+02
 4.10000000e+02 3.40000000e+02 3.08000000e+02 2.27000000e+02
 1.91000000e+02 1.81000000e+02 1.36000000e+02 1.19000000e+02
 1.05000000e+02 7.10000000e+01 4.30000000e+01 3.60000000e+01
 1.20000000e+01 7.00000000e+00 8.00000000e+00 5.00000000e+00
 2.00000000e+00 5.00000000e+00 2.00000000e+00 2.00000000e+00]
