Standard Deviation: 1.404724818536331e-41
Skewness: 54184.611379132366
Kurtosis: 3083238719.539559
Median: 0.0
Mean: 2.9184784370057533e-46
Deciles: [0. 0.]
Minimum: 0.0
Maximum: 8.46355932592047e-37
Bin Edges: [0.00000000e+00 8.46355933e-39 1.69271187e-38 2.53906780e-38
 3.38542373e-38 4.23177966e-38 5.07813560e-38 5.92449153e-38
 6.77084746e-38 7.61720339e-38 8.46355933e-38 9.30991526e-38
 1.01562712e-37 1.10026271e-37 1.18489831e-37 1.26953390e-37
 1.35416949e-37 1.43880509e-37 1.52344068e-37 1.60807627e-37
 1.69271187e-37 1.77734746e-37 1.86198305e-37 1.94661864e-37
 2.03125424e-37 2.11588983e-37 2.20052542e-37 2.28516102e-37
 2.36979661e-37 2.45443220e-37 2.53906780e-37 2.62370339e-37
 2.70833898e-37 2.79297458e-37 2.87761017e-37 2.96224576e-37
 3.04688136e-37 3.13151695e-37 3.21615254e-37 3.30078814e-37
 3.38542373e-37 3.47005932e-37 3.55469492e-37 3.63933051e-37
 3.72396610e-37 3.80860170e-37 3.89323729e-37 3.97787288e-37
 4.06250848e-37 4.14714407e-37 4.23177966e-37 4.31641526e-37
 4.40105085e-37 4.48568644e-37 4.57032204e-37 4.65495763e-37
 4.73959322e-37 4.82422882e-37 4.90886441e-37 4.99350000e-37
 5.07813560e-37 5.16277119e-37 5.24740678e-37 5.33204238e-37
 5.41667797e-37 5.50131356e-37 5.58594916e-37 5.67058475e-37
 5.75522034e-37 5.83985593e-37 5.92449153e-37 6.00912712e-37
 6.09376271e-37 6.17839831e-37 6.26303390e-37 6.34766949e-37
 6.43230509e-37 6.51694068e-37 6.60157627e-37 6.68621187e-37
 6.77084746e-37 6.85548305e-37 6.94011865e-37 7.02475424e-37
 7.10938983e-37 7.19402543e-37 7.27866102e-37 7.36329661e-37
 7.44793221e-37 7.53256780e-37 7.61720339e-37 7.70183899e-37
 7.78647458e-37 7.87111017e-37 7.95574577e-37 8.04038136e-37
 8.12501695e-37 8.20965255e-37 8.29428814e-37 8.37892373e-37
 8.46355933e-37]
Frequencies: [4.541184e+09 2.000000e+00 1.000000e+00 0.000000e+00 0.000000e+00
 0.000000e+00 0.000000e+00 0.000000e+00 0.000000e+00 0.000000e+00
 0.000000e+00 0.000000e+00 0.000000e+00 0.000000e+00 0.000000e+00
 0.000000e+00 0.000000e+00 0.000000e+00 0.000000e+00 0.000000e+00
 0.000000e+00 0.000000e+00 0.000000e+00 0.000000e+00 0.000000e+00
 0.000000e+00 0.000000e+00 0.000000e+00 0.000000e+00 0.000000e+00
 0.000000e+00 0.000000e+00 0.000000e+00 0.000000e+00 0.000000e+00
 0.000000e+00 0.000000e+00 0.000000e+00 0.000000e+00 0.000000e+00
 0.000000e+00 0.000000e+00 0.000000e+00 0.000000e+00 0.000000e+00
 0.000000e+00 0.000000e+00 0.000000e+00 0.000000e+00 0.000000e+00
 1.000000e+00 0.000000e+00 0.000000e+00 0.000000e+00 0.000000e+00
 0.000000e+00 0.000000e+00 0.000000e+00 0.000000e+00 0.000000e+00
 0.000000e+00 0.000000e+00 0.000000e+00 0.000000e+00 0.000000e+00
 0.000000e+00 0.000000e+00 0.000000e+00 0.000000e+00 0.000000e+00
 0.000000e+00 0.000000e+00 0.000000e+00 0.000000e+00 0.000000e+00
 0.000000e+00 0.000000e+00 0.000000e+00 0.000000e+00 0.000000e+00
 0.000000e+00 0.000000e+00 0.000000e+00 0.000000e+00 0.000000e+00
 0.000000e+00 0.000000e+00 0.000000e+00 0.000000e+00 0.000000e+00
 0.000000e+00 0.000000e+00 0.000000e+00 0.000000e+00 0.000000e+00
 0.000000e+00 0.000000e+00 0.000000e+00 0.000000e+00 1.000000e+00]
