Standard Deviation: 6.450667540025399
Skewness: 0.05794222526872926
Kurtosis: 1.9589309198662415
Median: -0.06000350536411228
Mean: -0.04507359629769837
Deciles: [-3.46097487  3.31335438]
Minimum: -63.273879999754584
Maximum: 67.1539259840081
Bin Edges: [-63.27388    -61.96960194 -60.66532388 -59.36104582 -58.05676776
 -56.7524897  -55.44821164 -54.14393358 -52.83965552 -51.53537746
 -50.2310994  -48.92682134 -47.62254328 -46.31826522 -45.01398716
 -43.7097091  -42.40543104 -41.10115298 -39.79687492 -38.49259686
 -37.1883188  -35.88404074 -34.57976268 -33.27548462 -31.97120656
 -30.6669285  -29.36265044 -28.05837238 -26.75409432 -25.44981626
 -24.1455382  -22.84126014 -21.53698208 -20.23270403 -18.92842597
 -17.62414791 -16.31986985 -15.01559179 -13.71131373 -12.40703567
 -11.10275761  -9.79847955  -8.49420149  -7.18992343  -5.88564537
  -4.58136731  -3.27708925  -1.97281119  -0.66853313   0.63574493
   1.94002299   3.24430105   4.54857911   5.85285717   7.15713523
   8.46141329   9.76569135  11.06996941  12.37424747  13.67852553
  14.98280359  16.28708165  17.59135971  18.89563777  20.19991583
  21.50419389  22.80847195  24.11275001  25.41702807  26.72130613
  28.02558419  29.32986225  30.63414031  31.93841837  33.24269643
  34.54697449  35.85125255  37.15553061  38.45980867  39.76408673
  41.06836479  42.37264285  43.67692091  44.98119897  46.28547703
  47.58975509  48.89403315  50.19831121  51.50258927  52.80686733
  54.11114539  55.41542345  56.71970151  58.02397957  59.32825762
  60.63253568  61.93681374  63.2410918   64.54536986  65.84964792
  67.15392598]
Frequencies: [3.00000000e+00 3.00000000e+00 9.00000000e+00 1.00000000e+01
 1.80000000e+01 2.30000000e+01 2.40000000e+01 4.90000000e+01
 5.90000000e+01 9.20000000e+01 1.60000000e+02 3.91000000e+02
 7.42000000e+02 1.35900000e+03 2.35600000e+03 4.03300000e+03
 6.95400000e+03 1.21280000e+04 1.99020000e+04 3.17750000e+04
 5.07810000e+04 8.29870000e+04 1.29659000e+05 2.02125000e+05
 3.12023000e+05 4.71076000e+05 7.00939000e+05 1.03577300e+06
 1.51827700e+06 2.20957000e+06 3.18503800e+06 4.51817500e+06
 6.34039200e+06 8.81154600e+06 1.21432730e+07 1.65846400e+07
 2.24183020e+07 3.00960740e+07 4.02769390e+07 5.35400300e+07
 7.09799430e+07 9.39987240e+07 1.24893180e+08 1.66664797e+08
 2.23370662e+08 2.97841726e+08 3.86488889e+08 4.67626798e+08
 5.01581193e+08 4.66395224e+08 3.83647099e+08 2.92249648e+08
 2.15831590e+08 1.59340628e+08 1.18809072e+08 8.96168350e+07
 6.81634610e+07 5.21973720e+07 4.00031070e+07 3.05496470e+07
 2.31374330e+07 1.73538380e+07 1.28635860e+07 9.43551400e+06
 6.84647200e+06 4.91895300e+06 3.49849200e+06 2.46975200e+06
 1.72439200e+06 1.20894000e+06 8.48816000e+05 5.90069000e+05
 4.09776000e+05 2.84400000e+05 1.95265000e+05 1.36113000e+05
 9.36420000e+04 6.46050000e+04 4.54590000e+04 3.18550000e+04
 2.27640000e+04 1.53430000e+04 1.02560000e+04 7.07800000e+03
 4.85200000e+03 3.04300000e+03 2.08000000e+03 1.31800000e+03
 9.07000000e+02 5.66000000e+02 4.12000000e+02 2.13000000e+02
 1.69000000e+02 1.11000000e+02 7.90000000e+01 5.80000000e+01
 3.60000000e+01 2.00000000e+01 1.60000000e+01 3.00000000e+00]
