Standard Deviation: 9.42298251787411
Skewness: 0.5321530572949916
Kurtosis: 0.208627289818073
Median: -0.23353426922404527
Mean: 0.8123777883900712
Deciles: [-6.06447462  6.57550789]
Minimum: -61.54685368781392
Maximum: 56.33537801196419
Bin Edges: [-61.54685369 -60.36803137 -59.18920905 -58.01038674 -56.83156442
 -55.6527421  -54.47391979 -53.29509747 -52.11627515 -50.93745283
 -49.75863052 -48.5798082  -47.40098588 -46.22216357 -45.04334125
 -43.86451893 -42.68569662 -41.5068743  -40.32805198 -39.14922966
 -37.97040735 -36.79158503 -35.61276271 -34.4339404  -33.25511808
 -32.07629576 -30.89747345 -29.71865113 -28.53982881 -27.36100649
 -26.18218418 -25.00336186 -23.82453954 -22.64571723 -21.46689491
 -20.28807259 -19.10925028 -17.93042796 -16.75160564 -15.57278332
 -14.39396101 -13.21513869 -12.03631637 -10.85749406  -9.67867174
  -8.49984942  -7.32102711  -6.14220479  -4.96338247  -3.78456015
  -2.60573784  -1.42691552  -0.2480932    0.93072911   2.10955143
   3.28837375   4.46719606   5.64601838   6.8248407    8.00366302
   9.18248533  10.36130765  11.54012997  12.71895228  13.8977746
  15.07659692  16.25541923  17.43424155  18.61306387  19.79188619
  20.9707085   22.14953082  23.32835314  24.50717545  25.68599777
  26.86482009  28.0436424   29.22246472  30.40128704  31.58010936
  32.75893167  33.93775399  35.11657631  36.29539862  37.47422094
  38.65304326  39.83186557  41.01068789  42.18951021  43.36833252
  44.54715484  45.72597716  46.90479948  48.08362179  49.26244411
  50.44126643  51.62008874  52.79891106  53.97773338  55.15655569
  56.33537801]
Frequencies: [6.00000000e+00 2.00000000e+01 1.70000000e+01 2.60000000e+01
 4.10000000e+01 6.80000000e+01 1.35000000e+02 2.64000000e+02
 4.62000000e+02 8.88000000e+02 1.16700000e+03 2.03000000e+03
 2.95400000e+03 4.61600000e+03 6.99000000e+03 9.85300000e+03
 1.43440000e+04 2.08660000e+04 2.85210000e+04 3.99620000e+04
 5.45720000e+04 7.30950000e+04 9.67220000e+04 1.29294000e+05
 1.69247000e+05 2.21464000e+05 2.89941000e+05 3.81720000e+05
 5.04919000e+05 6.68526000e+05 9.01498000e+05 1.21962400e+06
 1.68697900e+06 2.41294000e+06 3.65872600e+06 5.85281300e+06
 9.72070600e+06 1.63602880e+07 2.70827470e+07 4.30717140e+07
 6.50589440e+07 9.25797360e+07 1.22526096e+08 1.50941863e+08
 1.74703652e+08 1.93211053e+08 2.07473443e+08 2.18982686e+08
 2.27389024e+08 2.32549263e+08 2.34518418e+08 2.33110197e+08
 2.28029972e+08 2.18657735e+08 2.05402792e+08 1.89486351e+08
 1.72470376e+08 1.55688328e+08 1.40021973e+08 1.25811472e+08
 1.13078143e+08 1.01520019e+08 9.11480140e+07 8.15646630e+07
 7.26629060e+07 6.42540540e+07 5.61556990e+07 4.84992650e+07
 4.13031150e+07 3.47113160e+07 2.87404050e+07 2.34705460e+07
 1.89219030e+07 1.50127130e+07 1.17995520e+07 9.14539000e+06
 6.97221600e+06 5.24897600e+06 3.90701400e+06 2.87535500e+06
 2.09004600e+06 1.49835100e+06 1.06707200e+06 7.54676000e+05
 5.22377000e+05 3.55598000e+05 2.34569000e+05 1.48034000e+05
 9.19700000e+04 5.56640000e+04 3.22170000e+04 1.79570000e+04
 1.00550000e+04 5.31400000e+03 2.80600000e+03 1.13000000e+03
 4.68000000e+02 1.95000000e+02 7.80000000e+01 2.00000000e+01]
