Standard Deviation: 6.110989903145297e-35
Skewness: 60810.43211217192
Kurtosis: 3852742668.758671
Median: 0.0
Mean: 1.1461453198196063e-39
Deciles: [0. 0.]
Minimum: 0.0
Maximum: 3.944304526105059e-30
Bin Edges: [0.00000000e+00 3.94430453e-32 7.88860905e-32 1.18329136e-31
 1.57772181e-31 1.97215226e-31 2.36658272e-31 2.76101317e-31
 3.15544362e-31 3.54987407e-31 3.94430453e-31 4.33873498e-31
 4.73316543e-31 5.12759588e-31 5.52202634e-31 5.91645679e-31
 6.31088724e-31 6.70531769e-31 7.09974815e-31 7.49417860e-31
 7.88860905e-31 8.28303950e-31 8.67746996e-31 9.07190041e-31
 9.46633086e-31 9.86076132e-31 1.02551918e-30 1.06496222e-30
 1.10440527e-30 1.14384831e-30 1.18329136e-30 1.22273440e-30
 1.26217745e-30 1.30162049e-30 1.34106354e-30 1.38050658e-30
 1.41994963e-30 1.45939267e-30 1.49883572e-30 1.53827877e-30
 1.57772181e-30 1.61716486e-30 1.65660790e-30 1.69605095e-30
 1.73549399e-30 1.77493704e-30 1.81438008e-30 1.85382313e-30
 1.89326617e-30 1.93270922e-30 1.97215226e-30 2.01159531e-30
 2.05103835e-30 2.09048140e-30 2.12992444e-30 2.16936749e-30
 2.20881053e-30 2.24825358e-30 2.28769663e-30 2.32713967e-30
 2.36658272e-30 2.40602576e-30 2.44546881e-30 2.48491185e-30
 2.52435490e-30 2.56379794e-30 2.60324099e-30 2.64268403e-30
 2.68212708e-30 2.72157012e-30 2.76101317e-30 2.80045621e-30
 2.83989926e-30 2.87934230e-30 2.91878535e-30 2.95822839e-30
 2.99767144e-30 3.03711449e-30 3.07655753e-30 3.11600058e-30
 3.15544362e-30 3.19488667e-30 3.23432971e-30 3.27377276e-30
 3.31321580e-30 3.35265885e-30 3.39210189e-30 3.43154494e-30
 3.47098798e-30 3.51043103e-30 3.54987407e-30 3.58931712e-30
 3.62876016e-30 3.66820321e-30 3.70764625e-30 3.74708930e-30
 3.78653235e-30 3.82597539e-30 3.86541844e-30 3.90486148e-30
 3.94430453e-30]
Frequencies: [4.541184e+09 0.000000e+00 0.000000e+00 0.000000e+00 0.000000e+00
 0.000000e+00 0.000000e+00 0.000000e+00 0.000000e+00 0.000000e+00
 0.000000e+00 0.000000e+00 0.000000e+00 0.000000e+00 0.000000e+00
 0.000000e+00 0.000000e+00 0.000000e+00 0.000000e+00 0.000000e+00
 0.000000e+00 0.000000e+00 0.000000e+00 0.000000e+00 0.000000e+00
 0.000000e+00 0.000000e+00 0.000000e+00 0.000000e+00 0.000000e+00
 1.000000e+00 0.000000e+00 0.000000e+00 0.000000e+00 0.000000e+00
 0.000000e+00 0.000000e+00 0.000000e+00 0.000000e+00 0.000000e+00
 0.000000e+00 0.000000e+00 0.000000e+00 0.000000e+00 0.000000e+00
 0.000000e+00 0.000000e+00 0.000000e+00 0.000000e+00 0.000000e+00
 0.000000e+00 0.000000e+00 0.000000e+00 0.000000e+00 0.000000e+00
 0.000000e+00 0.000000e+00 0.000000e+00 0.000000e+00 0.000000e+00
 0.000000e+00 0.000000e+00 0.000000e+00 0.000000e+00 0.000000e+00
 0.000000e+00 0.000000e+00 0.000000e+00 0.000000e+00 0.000000e+00
 0.000000e+00 0.000000e+00 0.000000e+00 0.000000e+00 0.000000e+00
 0.000000e+00 0.000000e+00 0.000000e+00 0.000000e+00 0.000000e+00
 0.000000e+00 0.000000e+00 0.000000e+00 0.000000e+00 0.000000e+00
 0.000000e+00 0.000000e+00 0.000000e+00 0.000000e+00 0.000000e+00
 0.000000e+00 0.000000e+00 0.000000e+00 0.000000e+00 0.000000e+00
 0.000000e+00 0.000000e+00 0.000000e+00 0.000000e+00 1.000000e+00]
