Standard Deviation: 8.490935085704524e-06
Skewness: 63.791732758573524
Kurtosis: 5666.546431352551
Median: 0.0
Mean: 3.226481828687649e-07
Deciles: [0. 0.]
Minimum: 0.0
Maximum: 0.0024385193028192524
Bin Edges: [0.00000000e+00 2.43851930e-05 4.87703861e-05 7.31555791e-05
 9.75407721e-05 1.21925965e-04 1.46311158e-04 1.70696351e-04
 1.95081544e-04 2.19466737e-04 2.43851930e-04 2.68237123e-04
 2.92622316e-04 3.17007509e-04 3.41392702e-04 3.65777895e-04
 3.90163088e-04 4.14548281e-04 4.38933475e-04 4.63318668e-04
 4.87703861e-04 5.12089054e-04 5.36474247e-04 5.60859440e-04
 5.85244633e-04 6.09629826e-04 6.34015019e-04 6.58400212e-04
 6.82785405e-04 7.07170598e-04 7.31555791e-04 7.55940984e-04
 7.80326177e-04 8.04711370e-04 8.29096563e-04 8.53481756e-04
 8.77866949e-04 9.02252142e-04 9.26637335e-04 9.51022528e-04
 9.75407721e-04 9.99792914e-04 1.02417811e-03 1.04856330e-03
 1.07294849e-03 1.09733369e-03 1.12171888e-03 1.14610407e-03
 1.17048927e-03 1.19487446e-03 1.21925965e-03 1.24364484e-03
 1.26803004e-03 1.29241523e-03 1.31680042e-03 1.34118562e-03
 1.36557081e-03 1.38995600e-03 1.41434120e-03 1.43872639e-03
 1.46311158e-03 1.48749677e-03 1.51188197e-03 1.53626716e-03
 1.56065235e-03 1.58503755e-03 1.60942274e-03 1.63380793e-03
 1.65819313e-03 1.68257832e-03 1.70696351e-03 1.73134871e-03
 1.75573390e-03 1.78011909e-03 1.80450428e-03 1.82888948e-03
 1.85327467e-03 1.87765986e-03 1.90204506e-03 1.92643025e-03
 1.95081544e-03 1.97520064e-03 1.99958583e-03 2.02397102e-03
 2.04835621e-03 2.07274141e-03 2.09712660e-03 2.12151179e-03
 2.14589699e-03 2.17028218e-03 2.19466737e-03 2.21905257e-03
 2.24343776e-03 2.26782295e-03 2.29220814e-03 2.31659334e-03
 2.34097853e-03 2.36536372e-03 2.38974892e-03 2.41413411e-03
 2.43851930e-03]
Frequencies: [4.53082039e+09 4.14008700e+06 2.06169600e+06 1.18469100e+06
 6.46126000e+05 3.98691000e+05 2.87649000e+05 2.23961000e+05
 1.81448000e+05 1.51487000e+05 1.28360000e+05 1.11508000e+05
 9.76500000e+04 8.48540000e+04 7.51080000e+04 6.57570000e+04
 5.70990000e+04 5.08290000e+04 4.56060000e+04 4.07620000e+04
 3.60970000e+04 3.21440000e+04 2.85930000e+04 2.60440000e+04
 2.32460000e+04 2.08780000e+04 1.85450000e+04 1.67050000e+04
 1.50170000e+04 1.30610000e+04 1.16640000e+04 1.05230000e+04
 9.33600000e+03 8.07900000e+03 7.28200000e+03 6.50400000e+03
 5.76900000e+03 5.04400000e+03 4.39800000e+03 3.92900000e+03
 3.45200000e+03 3.01900000e+03 2.67700000e+03 2.32100000e+03
 2.10000000e+03 1.77300000e+03 1.58700000e+03 1.34600000e+03
 1.20900000e+03 1.04700000e+03 9.34000000e+02 8.03000000e+02
 6.85000000e+02 6.31000000e+02 5.60000000e+02 4.82000000e+02
 4.08000000e+02 3.36000000e+02 3.07000000e+02 2.64000000e+02
 1.89000000e+02 1.81000000e+02 1.41000000e+02 1.37000000e+02
 1.08000000e+02 1.11000000e+02 9.20000000e+01 7.20000000e+01
 7.00000000e+01 5.60000000e+01 4.70000000e+01 3.60000000e+01
 3.50000000e+01 2.00000000e+01 3.20000000e+01 2.00000000e+01
 1.70000000e+01 1.60000000e+01 5.00000000e+00 1.40000000e+01
 8.00000000e+00 4.00000000e+00 7.00000000e+00 6.00000000e+00
 6.00000000e+00 5.00000000e+00 1.00000000e+00 2.00000000e+00
 0.00000000e+00 1.00000000e+00 0.00000000e+00 0.00000000e+00
 0.00000000e+00 0.00000000e+00 0.00000000e+00 0.00000000e+00
 0.00000000e+00 0.00000000e+00 1.00000000e+00 2.00000000e+00]
