Standard Deviation: 4.845007042769982e-06
Skewness: 2.005845352398506
Kurtosis: 6.5086554862578385
Median: 3.350586599090573e-06
Mean: 5.353497471542212e-06
Deciles: [1.93918134e-06 7.33405780e-06]
Minimum: 1e-12
Maximum: 0.00015000854534591847
Bin Edges: [1.00000000e-12 1.50008644e-06 3.00017189e-06 4.50025733e-06
 6.00034277e-06 7.50042822e-06 9.00051366e-06 1.05005991e-05
 1.20006845e-05 1.35007700e-05 1.50008554e-05 1.65009409e-05
 1.80010263e-05 1.95011118e-05 2.10011972e-05 2.25012827e-05
 2.40013681e-05 2.55014535e-05 2.70015390e-05 2.85016244e-05
 3.00017099e-05 3.15017953e-05 3.30018808e-05 3.45019662e-05
 3.60020516e-05 3.75021371e-05 3.90022225e-05 4.05023080e-05
 4.20023934e-05 4.35024789e-05 4.50025643e-05 4.65026497e-05
 4.80027352e-05 4.95028206e-05 5.10029061e-05 5.25029915e-05
 5.40030770e-05 5.55031624e-05 5.70032479e-05 5.85033333e-05
 6.00034187e-05 6.15035042e-05 6.30035896e-05 6.45036751e-05
 6.60037605e-05 6.75038460e-05 6.90039314e-05 7.05040168e-05
 7.20041023e-05 7.35041877e-05 7.50042732e-05 7.65043586e-05
 7.80044441e-05 7.95045295e-05 8.10046149e-05 8.25047004e-05
 8.40047858e-05 8.55048713e-05 8.70049567e-05 8.85050422e-05
 9.00051276e-05 9.15052131e-05 9.30052985e-05 9.45053839e-05
 9.60054694e-05 9.75055548e-05 9.90056403e-05 1.00505726e-04
 1.02005811e-04 1.03505897e-04 1.05005982e-04 1.06506067e-04
 1.08006153e-04 1.09506238e-04 1.11006324e-04 1.12506409e-04
 1.14006495e-04 1.15506580e-04 1.17006666e-04 1.18506751e-04
 1.20006836e-04 1.21506922e-04 1.23007007e-04 1.24507093e-04
 1.26007178e-04 1.27507264e-04 1.29007349e-04 1.30507435e-04
 1.32007520e-04 1.33507605e-04 1.35007691e-04 1.36507776e-04
 1.38007862e-04 1.39507947e-04 1.41008033e-04 1.42508118e-04
 1.44008204e-04 1.45508289e-04 1.47008374e-04 1.48508460e-04
 1.50008545e-04]
Frequencies: [4.71724009e+08 1.61026772e+09 6.45461841e+08 4.09120460e+08
 2.98724234e+08 2.36350961e+08 1.99416918e+08 1.74582588e+08
 1.49029942e+08 1.15669512e+08 7.99022650e+07 5.08150480e+07
 3.13308640e+07 1.96976880e+07 1.29113110e+07 8.82516700e+06
 6.28597300e+06 4.65108700e+06 3.54688200e+06 2.74872600e+06
 2.15713900e+06 1.70332400e+06 1.34319700e+06 1.06015000e+06
 8.38801000e+05 6.60769000e+05 5.20606000e+05 4.06095000e+05
 3.16250000e+05 2.44750000e+05 1.88214000e+05 1.46434000e+05
 1.11774000e+05 8.51650000e+04 6.55570000e+04 5.10590000e+04
 4.05510000e+04 3.18860000e+04 2.57910000e+04 2.10830000e+04
 1.66250000e+04 1.41970000e+04 1.15020000e+04 9.83000000e+03
 8.08200000e+03 6.79100000e+03 5.54300000e+03 4.73400000e+03
 3.97400000e+03 3.09600000e+03 2.63600000e+03 2.14300000e+03
 1.91300000e+03 1.66400000e+03 1.39000000e+03 1.13000000e+03
 8.93000000e+02 7.20000000e+02 6.83000000e+02 5.89000000e+02
 5.27000000e+02 3.97000000e+02 4.02000000e+02 3.65000000e+02
 2.98000000e+02 2.45000000e+02 2.20000000e+02 1.99000000e+02
 1.59000000e+02 1.41000000e+02 1.57000000e+02 1.24000000e+02
 7.40000000e+01 7.50000000e+01 6.80000000e+01 5.30000000e+01
 4.40000000e+01 4.70000000e+01 4.30000000e+01 3.40000000e+01
 4.90000000e+01 3.60000000e+01 4.60000000e+01 3.10000000e+01
 3.90000000e+01 3.80000000e+01 2.30000000e+01 2.60000000e+01
 2.00000000e+01 1.80000000e+01 1.20000000e+01 1.10000000e+01
 1.10000000e+01 1.20000000e+01 4.00000000e+00 7.00000000e+00
 3.00000000e+00 4.00000000e+00 2.00000000e+00 1.30000000e+01]
