Standard Deviation: 2.6108098192270068e-05
Skewness: 6.017996736409221
Kurtosis: 48.66473544883478
Median: 0.0
Mean: 6.52998315173394e-06
Deciles: [0. 0.]
Minimum: 0.0
Maximum: 0.0010475527715912783
Bin Edges: [0.00000000e+00 1.04755277e-05 2.09510554e-05 3.14265831e-05
 4.19021109e-05 5.23776386e-05 6.28531663e-05 7.33286940e-05
 8.38042217e-05 9.42797494e-05 1.04755277e-04 1.15230805e-04
 1.25706333e-04 1.36181860e-04 1.46657388e-04 1.57132916e-04
 1.67608443e-04 1.78083971e-04 1.88559499e-04 1.99035027e-04
 2.09510554e-04 2.19986082e-04 2.30461610e-04 2.40937137e-04
 2.51412665e-04 2.61888193e-04 2.72363721e-04 2.82839248e-04
 2.93314776e-04 3.03790304e-04 3.14265831e-04 3.24741359e-04
 3.35216887e-04 3.45692415e-04 3.56167942e-04 3.66643470e-04
 3.77118998e-04 3.87594525e-04 3.98070053e-04 4.08545581e-04
 4.19021109e-04 4.29496636e-04 4.39972164e-04 4.50447692e-04
 4.60923220e-04 4.71398747e-04 4.81874275e-04 4.92349803e-04
 5.02825330e-04 5.13300858e-04 5.23776386e-04 5.34251914e-04
 5.44727441e-04 5.55202969e-04 5.65678497e-04 5.76154024e-04
 5.86629552e-04 5.97105080e-04 6.07580608e-04 6.18056135e-04
 6.28531663e-04 6.39007191e-04 6.49482718e-04 6.59958246e-04
 6.70433774e-04 6.80909302e-04 6.91384829e-04 7.01860357e-04
 7.12335885e-04 7.22811412e-04 7.33286940e-04 7.43762468e-04
 7.54237996e-04 7.64713523e-04 7.75189051e-04 7.85664579e-04
 7.96140106e-04 8.06615634e-04 8.17091162e-04 8.27566690e-04
 8.38042217e-04 8.48517745e-04 8.58993273e-04 8.69468800e-04
 8.79944328e-04 8.90419856e-04 9.00895384e-04 9.11370911e-04
 9.21846439e-04 9.32321967e-04 9.42797494e-04 9.53273022e-04
 9.63748550e-04 9.74224078e-04 9.84699605e-04 9.95175133e-04
 1.00565066e-03 1.01612619e-03 1.02660172e-03 1.03707724e-03
 1.04755277e-03]
Frequencies: [4.10580204e+09 7.83204670e+07 5.96257270e+07 4.87444780e+07
 4.06567970e+07 3.41752780e+07 2.88210700e+07 2.43128560e+07
 2.04988500e+07 1.72833580e+07 1.45438010e+07 1.21866410e+07
 1.01472280e+07 8.39370700e+06 6.87275900e+06 5.58419600e+06
 4.51433000e+06 3.65211100e+06 2.96118600e+06 2.41330000e+06
 1.97185300e+06 1.62290600e+06 1.34336400e+06 1.11150400e+06
 9.27153000e+05 7.71738000e+05 6.45681000e+05 5.36814000e+05
 4.50559000e+05 3.76726000e+05 3.15127000e+05 2.63797000e+05
 2.20426000e+05 1.84457000e+05 1.54517000e+05 1.29288000e+05
 1.07653000e+05 8.97000000e+04 7.46820000e+04 6.24110000e+04
 5.20110000e+04 4.35920000e+04 3.63470000e+04 3.00620000e+04
 2.49940000e+04 2.10560000e+04 1.74470000e+04 1.47880000e+04
 1.20640000e+04 1.01740000e+04 8.53000000e+03 7.15600000e+03
 5.93600000e+03 4.99100000e+03 4.02700000e+03 3.42600000e+03
 2.88700000e+03 2.45200000e+03 1.98000000e+03 1.67100000e+03
 1.41000000e+03 1.20900000e+03 9.40000000e+02 8.01000000e+02
 6.13000000e+02 5.52000000e+02 4.70000000e+02 3.45000000e+02
 2.70000000e+02 2.57000000e+02 1.81000000e+02 1.68000000e+02
 1.37000000e+02 1.07000000e+02 8.40000000e+01 6.60000000e+01
 5.70000000e+01 4.30000000e+01 3.70000000e+01 2.10000000e+01
 2.30000000e+01 1.00000000e+01 1.60000000e+01 1.40000000e+01
 4.00000000e+00 4.00000000e+00 8.00000000e+00 8.00000000e+00
 2.00000000e+00 3.00000000e+00 1.00000000e+00 2.00000000e+00
 3.00000000e+00 5.00000000e+00 2.00000000e+00 0.00000000e+00
 0.00000000e+00 0.00000000e+00 0.00000000e+00 1.00000000e+00]
