Standard Deviation: 6.048991480963093
Skewness: 0.06948200804602062
Kurtosis: 14.650498962062883
Median: -0.012628359359891872
Mean: -0.0046478466638689665
Deciles: [-2.01597027  1.99031962]
Minimum: -73.38601791768572
Maximum: 80.9601510168381
Bin Edges: [-73.38601792 -71.84255623 -70.29909454 -68.75563285 -67.21217116
 -65.66870947 -64.12524778 -62.58178609 -61.0383244  -59.49486271
 -57.95140102 -56.40793933 -54.86447765 -53.32101596 -51.77755427
 -50.23409258 -48.69063089 -47.1471692  -45.60370751 -44.06024582
 -42.51678413 -40.97332244 -39.42986075 -37.88639906 -36.34293737
 -34.79947568 -33.25601399 -31.71255231 -30.16909062 -28.62562893
 -27.08216724 -25.53870555 -23.99524386 -22.45178217 -20.90832048
 -19.36485879 -17.8213971  -16.27793541 -14.73447372 -13.19101203
 -11.64755034 -10.10408865  -8.56062697  -7.01716528  -5.47370359
  -3.9302419   -2.38678021  -0.84331852   0.70014317   2.24360486
   3.78706655   5.33052824   6.87398993   8.41745162   9.96091331
  11.504375    13.04783669  14.59129837  16.13476006  17.67822175
  19.22168344  20.76514513  22.30860682  23.85206851  25.3955302
  26.93899189  28.48245358  30.02591527  31.56937696  33.11283865
  34.65630034  36.19976203  37.74322372  39.2866854   40.83014709
  42.37360878  43.91707047  45.46053216  47.00399385  48.54745554
  50.09091723  51.63437892  53.17784061  54.7213023   56.26476399
  57.80822568  59.35168737  60.89514906  62.43861074  63.98207243
  65.52553412  67.06899581  68.6124575   70.15591919  71.69938088
  73.24284257  74.78630426  76.32976595  77.87322764  79.41668933
  80.96015102]
Frequencies: [8.30000000e+01 2.72000000e+02 6.74000000e+02 1.18400000e+03
 2.58100000e+03 5.39500000e+03 1.06090000e+04 1.93260000e+04
 3.22890000e+04 4.84490000e+04 6.66310000e+04 9.14590000e+04
 1.27380000e+05 1.72320000e+05 2.37554000e+05 2.76953000e+05
 3.25643000e+05 3.93676000e+05 4.76853000e+05 5.78831000e+05
 7.13833000e+05 8.59110000e+05 1.02830600e+06 1.22397300e+06
 1.44290700e+06 1.70339800e+06 2.02905800e+06 2.38421000e+06
 2.82368300e+06 3.36865800e+06 3.99617700e+06 4.76284300e+06
 5.69417300e+06 6.79251400e+06 8.09269200e+06 9.73003400e+06
 1.17710510e+07 1.43327370e+07 1.76220920e+07 2.20226740e+07
 2.82505580e+07 3.80339380e+07 5.60624100e+07 9.77321650e+07
 2.02969927e+08 4.33356458e+08 7.70069126e+08 9.66538799e+08
 7.94930033e+08 4.57024699e+08 2.15458566e+08 1.02613728e+08
 5.75262900e+07 3.82799600e+07 2.83855280e+07 2.21736970e+07
 1.78021400e+07 1.45754860e+07 1.20158950e+07 9.98414400e+06
 8.32213400e+06 6.98678900e+06 5.88138100e+06 4.96901400e+06
 4.21398800e+06 3.56068600e+06 3.01038200e+06 2.53899600e+06
 2.13937200e+06 1.79655600e+06 1.51528800e+06 1.27310600e+06
 1.08115700e+06 9.14427000e+05 7.69841000e+05 6.38781000e+05
 5.28619000e+05 4.36105000e+05 3.55279000e+05 2.80867000e+05
 2.23799000e+05 1.74931000e+05 1.39033000e+05 1.06384000e+05
 8.00390000e+04 5.84860000e+04 4.17460000e+04 3.09570000e+04
 2.27160000e+04 1.64630000e+04 1.15070000e+04 7.53100000e+03
 4.93400000e+03 2.80900000e+03 1.53800000e+03 9.65000000e+02
 6.79000000e+02 5.11000000e+02 2.73000000e+02 9.90000000e+01]
