Standard Deviation: 13.324070640615297
Skewness: -1.2865107655272108
Kurtosis: 1.8047110698273583
Median: 289.8620604483141
Mean: 285.7871118800049
Deciles: [278.60804533 295.71508307]
Minimum: 209.43031833055767
Maximum: 321.42322060049685
Bin Edges: [209.43031833 210.55024735 211.67017638 212.7901054  213.91003442
 215.02996344 216.14989247 217.26982149 218.38975051 219.50967953
 220.62960856 221.74953758 222.8694666  223.98939563 225.10932465
 226.22925367 227.34918269 228.46911172 229.58904074 230.70896976
 231.82889878 232.94882781 234.06875683 235.18868585 236.30861488
 237.4285439  238.54847292 239.66840194 240.78833097 241.90825999
 243.02818901 244.14811803 245.26804706 246.38797608 247.5079051
 248.62783413 249.74776315 250.86769217 251.98762119 253.10755022
 254.22747924 255.34740826 256.46733728 257.58726631 258.70719533
 259.82712435 260.94705337 262.0669824  263.18691142 264.30684044
 265.42676947 266.54669849 267.66662751 268.78655653 269.90648556
 271.02641458 272.1463436  273.26627262 274.38620165 275.50613067
 276.62605969 277.74598872 278.86591774 279.98584676 281.10577578
 282.22570481 283.34563383 284.46556285 285.58549187 286.7054209
 287.82534992 288.94527894 290.06520796 291.18513699 292.30506601
 293.42499503 294.54492406 295.66485308 296.7847821  297.90471112
 299.02464015 300.14456917 301.26449819 302.38442721 303.50435624
 304.62428526 305.74421428 306.86414331 307.98407233 309.10400135
 310.22393037 311.3438594  312.46378842 313.58371744 314.70364646
 315.82357549 316.94350451 318.06343353 319.18336256 320.30329158
 321.4232206 ]
Frequencies: [3.74000000e+02 1.71000000e+03 5.51100000e+03 1.06760000e+04
 1.61510000e+04 2.71950000e+04 4.70600000e+04 7.42850000e+04
 1.13086000e+05 1.69141000e+05 2.44322000e+05 3.54758000e+05
 5.00507000e+05 6.75550000e+05 8.70337000e+05 1.08377300e+06
 1.33018100e+06 1.58680800e+06 1.83521500e+06 2.05002400e+06
 2.26758300e+06 2.48751700e+06 2.70383400e+06 2.96786500e+06
 3.20929400e+06 3.49673700e+06 3.87566100e+06 4.34100400e+06
 4.95082800e+06 5.71824400e+06 6.58435500e+06 7.54702300e+06
 8.53622000e+06 9.59649900e+06 1.06186940e+07 1.15947490e+07
 1.25142850e+07 1.33257570e+07 1.41848880e+07 1.50792870e+07
 1.57317980e+07 1.64073640e+07 1.71058140e+07 1.78521210e+07
 1.86856100e+07 1.97334270e+07 2.11724890e+07 2.30056300e+07
 2.54417080e+07 2.90071280e+07 3.41036960e+07 4.16167840e+07
 5.20118660e+07 6.26935460e+07 6.88310520e+07 7.04591700e+07
 7.07436700e+07 7.24709180e+07 7.52907030e+07 7.85397550e+07
 8.21298520e+07 8.57317750e+07 8.96140590e+07 9.36738250e+07
 9.78056220e+07 1.02365945e+08 1.07786430e+08 1.14397762e+08
 1.21986738e+08 1.29651827e+08 1.37875909e+08 1.47634490e+08
 1.59992105e+08 1.76608178e+08 1.99928328e+08 2.41482024e+08
 3.13322936e+08 4.00930339e+08 3.67284716e+08 1.27052805e+08
 5.68198170e+07 4.32166960e+07 3.48425950e+07 2.85545120e+07
 2.34279750e+07 1.90945740e+07 1.52635730e+07 1.17474390e+07
 8.60483700e+06 5.91765700e+06 3.88632300e+06 2.42566200e+06
 1.39954400e+06 7.33104000e+05 3.30385000e+05 1.16955000e+05
 3.47740000e+04 8.61900000e+03 1.81600000e+03 2.41000000e+02]
