Standard Deviation: 10.430402006564009
Skewness: 0.5194746532281758
Kurtosis: -0.003471490540736255
Median: 2.7818660527711883
Mean: 4.109216033343135
Deciles: [-3.6088144  10.80598003]
Minimum: -56.05227071846174
Maximum: 68.08640577675193
Bin Edges: [-56.05227072 -54.81088395 -53.56949719 -52.32811042 -51.08672366
 -49.84533689 -48.60395013 -47.36256336 -46.1211766  -44.87978983
 -43.63840307 -42.3970163  -41.15562954 -39.91424277 -38.67285601
 -37.43146924 -36.19008248 -34.94869571 -33.70730895 -32.46592218
 -31.22453542 -29.98314865 -28.74176189 -27.50037512 -26.25898836
 -25.01760159 -23.77621483 -22.53482806 -21.2934413  -20.05205453
 -18.81066777 -17.569281   -16.32789424 -15.08650748 -13.84512071
 -12.60373395 -11.36234718 -10.12096042  -8.87957365  -7.63818689
  -6.39680012  -5.15541336  -3.91402659  -2.67263983  -1.43125306
  -0.1898663    1.05152047   2.29290723   3.534294     4.77568076
   6.01706753   7.25845429   8.49984106   9.74122782  10.98261459
  12.22400135  13.46538812  14.70677488  15.94816165  17.18954841
  18.43093518  19.67232194  20.91370871  22.15509547  23.39648224
  24.637869    25.87925577  27.12064253  28.3620293   29.60341606
  30.84480283  32.08618959  33.32757636  34.56896312  35.81034989
  37.05173665  38.29312342  39.53451018  40.77589695  42.01728371
  43.25867048  44.50005724  45.74144401  46.98283077  48.22421754
  49.4656043   50.70699107  51.94837783  53.1897646   54.43115136
  55.67253813  56.91392489  58.15531166  59.39669842  60.63808519
  61.87947195  63.12085872  64.36224548  65.60363225  66.84501901
  68.08640578]
Frequencies: [6.00000000e+00 7.00000000e+00 7.00000000e+00 1.90000000e+01
 2.80000000e+01 7.50000000e+01 1.68000000e+02 2.58000000e+02
 4.07000000e+02 5.57000000e+02 8.44000000e+02 1.23200000e+03
 1.85100000e+03 2.63200000e+03 3.99700000e+03 5.91300000e+03
 8.89000000e+03 1.30300000e+04 2.11120000e+04 3.23810000e+04
 4.87460000e+04 7.40460000e+04 1.14756000e+05 1.76326000e+05
 2.73854000e+05 4.41430000e+05 7.40531000e+05 1.28495100e+06
 2.26371700e+06 4.01761200e+06 7.03934100e+06 1.18626740e+07
 1.92074730e+07 2.98428970e+07 4.46621930e+07 6.40830180e+07
 8.74856310e+07 1.13532439e+08 1.40113891e+08 1.65180146e+08
 1.86818482e+08 2.03802149e+08 2.15700906e+08 2.22749385e+08
 2.24997740e+08 2.22967605e+08 2.17482483e+08 2.09367528e+08
 1.99522200e+08 1.88494534e+08 1.77226057e+08 1.65882929e+08
 1.54551790e+08 1.43540252e+08 1.32846517e+08 1.22273361e+08
 1.12059832e+08 1.02177030e+08 9.26940270e+07 8.35660820e+07
 7.47023320e+07 6.62618670e+07 5.82094880e+07 5.05157700e+07
 4.32532370e+07 3.65455820e+07 3.04180620e+07 2.49793800e+07
 2.01488200e+07 1.60155390e+07 1.25513240e+07 9.69904000e+06
 7.39180300e+06 5.53213800e+06 4.06829700e+06 2.95017200e+06
 2.10057000e+06 1.47566600e+06 1.01885800e+06 7.00138000e+05
 4.69572000e+05 3.10787000e+05 2.03114000e+05 1.32786000e+05
 8.82950000e+04 5.90360000e+04 3.97360000e+04 2.65110000e+04
 1.75470000e+04 1.22840000e+04 8.55300000e+03 6.16300000e+03
 4.12000000e+03 2.46300000e+03 1.62500000e+03 1.32100000e+03
 9.45000000e+02 5.85000000e+02 3.50000000e+02 1.49000000e+02]
