Standard Deviation: 1.1634384103139061e-07
Skewness: 0.9419841396996628
Kurtosis: 2.29049486422954
Median: 1.7339847920797491e-06
Mean: 1.7463895077082863e-06
Deciles: [1.67643742e-06 1.80523145e-06]
Minimum: 1.3798195022856497e-06
Maximum: 3.1183060166613147e-06
Bin Edges: [1.37981950e-06 1.39720437e-06 1.41458923e-06 1.43197410e-06
 1.44935896e-06 1.46674383e-06 1.48412869e-06 1.50151356e-06
 1.51889842e-06 1.53628329e-06 1.55366815e-06 1.57105302e-06
 1.58843788e-06 1.60582275e-06 1.62320761e-06 1.64059248e-06
 1.65797734e-06 1.67536221e-06 1.69274707e-06 1.71013194e-06
 1.72751681e-06 1.74490167e-06 1.76228654e-06 1.77967140e-06
 1.79705627e-06 1.81444113e-06 1.83182600e-06 1.84921086e-06
 1.86659573e-06 1.88398059e-06 1.90136546e-06 1.91875032e-06
 1.93613519e-06 1.95352005e-06 1.97090492e-06 1.98828978e-06
 2.00567465e-06 2.02305951e-06 2.04044438e-06 2.05782924e-06
 2.07521411e-06 2.09259897e-06 2.10998384e-06 2.12736870e-06
 2.14475357e-06 2.16213843e-06 2.17952330e-06 2.19690816e-06
 2.21429303e-06 2.23167789e-06 2.24906276e-06 2.26644762e-06
 2.28383249e-06 2.30121735e-06 2.31860222e-06 2.33598709e-06
 2.35337195e-06 2.37075682e-06 2.38814168e-06 2.40552655e-06
 2.42291141e-06 2.44029628e-06 2.45768114e-06 2.47506601e-06
 2.49245087e-06 2.50983574e-06 2.52722060e-06 2.54460547e-06
 2.56199033e-06 2.57937520e-06 2.59676006e-06 2.61414493e-06
 2.63152979e-06 2.64891466e-06 2.66629952e-06 2.68368439e-06
 2.70106925e-06 2.71845412e-06 2.73583898e-06 2.75322385e-06
 2.77060871e-06 2.78799358e-06 2.80537844e-06 2.82276331e-06
 2.84014817e-06 2.85753304e-06 2.87491790e-06 2.89230277e-06
 2.90968763e-06 2.92707250e-06 2.94445737e-06 2.96184223e-06
 2.97922710e-06 2.99661196e-06 3.01399683e-06 3.03138169e-06
 3.04876656e-06 3.06615142e-06 3.08353629e-06 3.10092115e-06
 3.11830602e-06]
Frequencies: [3.57140000e+04 1.39421000e+05 1.78082000e+05 3.07096000e+05
 1.21280600e+06 6.83471500e+06 1.98544820e+07 3.07488210e+07
 4.26748240e+07 5.41887540e+07 6.33661770e+07 7.57784560e+07
 9.29420580e+07 1.15094404e+08 1.44877435e+08 1.89109876e+08
 2.75022300e+08 3.65932829e+08 4.15151483e+08 2.85842231e+08
 2.57687248e+08 3.15894954e+08 2.82560332e+08 2.60942466e+08
 2.34636563e+08 1.95669206e+08 1.59896645e+08 1.30870381e+08
 8.73097570e+07 6.64833770e+07 5.40371740e+07 4.45051510e+07
 3.63342740e+07 3.06393220e+07 2.67475970e+07 2.32927040e+07
 2.13113010e+07 1.89345230e+07 1.59954300e+07 1.37863290e+07
 1.25184720e+07 1.12014790e+07 1.00969490e+07 9.72883800e+06
 1.05997700e+07 1.13932820e+07 8.01820100e+06 2.18281700e+06
 1.49993500e+06 1.17756800e+06 9.37240000e+05 7.69893000e+05
 6.31889000e+05 5.49482000e+05 5.10771000e+05 4.93090000e+05
 1.12268700e+06 3.97544000e+05 1.01310000e+05 7.78810000e+04
 5.89550000e+04 4.53270000e+04 3.61850000e+04 2.94310000e+04
 2.56760000e+04 2.22150000e+04 1.88970000e+04 1.60480000e+04
 1.50470000e+04 1.29640000e+04 1.12880000e+04 9.58000000e+03
 8.20600000e+03 6.87100000e+03 5.65100000e+03 4.59200000e+03
 3.93200000e+03 3.30500000e+03 2.86300000e+03 2.16500000e+03
 1.86700000e+03 1.55900000e+03 1.17200000e+03 9.91000000e+02
 6.33000000e+02 5.44000000e+02 5.31000000e+02 3.80000000e+02
 2.83000000e+02 2.42000000e+02 2.07000000e+02 1.77000000e+02
 1.41000000e+02 1.12000000e+02 5.80000000e+01 4.70000000e+01
 2.30000000e+01 1.60000000e+01 1.70000000e+01 6.00000000e+00]
