Standard Deviation: 8.326855422819207e-47
Skewness: 42571.56361169229
Kurtosis: 1954664915.0325708
Median: 0.0
Mean: 2.366958935129708e-51
Deciles: [0. 0.]
Minimum: 0.0
Maximum: 4.304788882405838e-42
Bin Edges: [0.00000000e+00 4.30478888e-44 8.60957776e-44 1.29143666e-43
 1.72191555e-43 2.15239444e-43 2.58287333e-43 3.01335222e-43
 3.44383111e-43 3.87430999e-43 4.30478888e-43 4.73526777e-43
 5.16574666e-43 5.59622555e-43 6.02670444e-43 6.45718332e-43
 6.88766221e-43 7.31814110e-43 7.74861999e-43 8.17909888e-43
 8.60957776e-43 9.04005665e-43 9.47053554e-43 9.90101443e-43
 1.03314933e-42 1.07619722e-42 1.11924511e-42 1.16229300e-42
 1.20534089e-42 1.24838878e-42 1.29143666e-42 1.33448455e-42
 1.37753244e-42 1.42058033e-42 1.46362822e-42 1.50667611e-42
 1.54972400e-42 1.59277189e-42 1.63581978e-42 1.67886766e-42
 1.72191555e-42 1.76496344e-42 1.80801133e-42 1.85105922e-42
 1.89410711e-42 1.93715500e-42 1.98020289e-42 2.02325077e-42
 2.06629866e-42 2.10934655e-42 2.15239444e-42 2.19544233e-42
 2.23849022e-42 2.28153811e-42 2.32458600e-42 2.36763389e-42
 2.41068177e-42 2.45372966e-42 2.49677755e-42 2.53982544e-42
 2.58287333e-42 2.62592122e-42 2.66896911e-42 2.71201700e-42
 2.75506488e-42 2.79811277e-42 2.84116066e-42 2.88420855e-42
 2.92725644e-42 2.97030433e-42 3.01335222e-42 3.05640011e-42
 3.09944800e-42 3.14249588e-42 3.18554377e-42 3.22859166e-42
 3.27163955e-42 3.31468744e-42 3.35773533e-42 3.40078322e-42
 3.44383111e-42 3.48687899e-42 3.52992688e-42 3.57297477e-42
 3.61602266e-42 3.65907055e-42 3.70211844e-42 3.74516633e-42
 3.78821422e-42 3.83126211e-42 3.87430999e-42 3.91735788e-42
 3.96040577e-42 4.00345366e-42 4.04650155e-42 4.08954944e-42
 4.13259733e-42 4.17564522e-42 4.21869310e-42 4.26174099e-42
 4.30478888e-42]
Frequencies: [4.54118399e+09 2.00000000e+00 1.00000000e+00 0.00000000e+00
 0.00000000e+00 0.00000000e+00 0.00000000e+00 0.00000000e+00
 0.00000000e+00 0.00000000e+00 0.00000000e+00 0.00000000e+00
 1.00000000e+00 0.00000000e+00 0.00000000e+00 0.00000000e+00
 1.00000000e+00 0.00000000e+00 0.00000000e+00 0.00000000e+00
 0.00000000e+00 0.00000000e+00 0.00000000e+00 0.00000000e+00
 0.00000000e+00 0.00000000e+00 0.00000000e+00 0.00000000e+00
 0.00000000e+00 0.00000000e+00 0.00000000e+00 0.00000000e+00
 0.00000000e+00 0.00000000e+00 0.00000000e+00 0.00000000e+00
 0.00000000e+00 0.00000000e+00 0.00000000e+00 0.00000000e+00
 0.00000000e+00 0.00000000e+00 0.00000000e+00 0.00000000e+00
 0.00000000e+00 1.00000000e+00 0.00000000e+00 0.00000000e+00
 0.00000000e+00 0.00000000e+00 0.00000000e+00 0.00000000e+00
 0.00000000e+00 0.00000000e+00 0.00000000e+00 0.00000000e+00
 0.00000000e+00 0.00000000e+00 0.00000000e+00 0.00000000e+00
 0.00000000e+00 0.00000000e+00 0.00000000e+00 0.00000000e+00
 0.00000000e+00 0.00000000e+00 1.00000000e+00 0.00000000e+00
 0.00000000e+00 0.00000000e+00 0.00000000e+00 0.00000000e+00
 0.00000000e+00 0.00000000e+00 0.00000000e+00 0.00000000e+00
 0.00000000e+00 0.00000000e+00 0.00000000e+00 0.00000000e+00
 0.00000000e+00 0.00000000e+00 0.00000000e+00 0.00000000e+00
 0.00000000e+00 0.00000000e+00 0.00000000e+00 0.00000000e+00
 0.00000000e+00 0.00000000e+00 0.00000000e+00 0.00000000e+00
 0.00000000e+00 0.00000000e+00 0.00000000e+00 0.00000000e+00
 0.00000000e+00 0.00000000e+00 0.00000000e+00 1.00000000e+00]
