Standard Deviation: 0.004459598670423956
Skewness: 0.229770852116107
Kurtosis: -1.238572397288689
Median: 0.006294569690672845
Mean: 0.0069527966051665105
Deciles: [0.00299946 0.01100107]
Minimum: 1e-12
Maximum: 0.02216836334456943
Bin Edges: [1.00000000e-12 2.21683634e-04 4.43367268e-04 6.65050901e-04
 8.86734535e-04 1.10841817e-03 1.33010180e-03 1.55178544e-03
 1.77346907e-03 1.99515270e-03 2.21683634e-03 2.43851997e-03
 2.66020360e-03 2.88188724e-03 3.10357087e-03 3.32525450e-03
 3.54693814e-03 3.76862177e-03 3.99030540e-03 4.21198904e-03
 4.43367267e-03 4.65535630e-03 4.87703994e-03 5.09872357e-03
 5.32040720e-03 5.54209084e-03 5.76377447e-03 5.98545810e-03
 6.20714174e-03 6.42882537e-03 6.65050900e-03 6.87219264e-03
 7.09387627e-03 7.31555990e-03 7.53724354e-03 7.75892717e-03
 7.98061080e-03 8.20229444e-03 8.42397807e-03 8.64566170e-03
 8.86734534e-03 9.08902897e-03 9.31071261e-03 9.53239624e-03
 9.75407987e-03 9.97576351e-03 1.01974471e-02 1.04191308e-02
 1.06408144e-02 1.08624980e-02 1.10841817e-02 1.13058653e-02
 1.15275489e-02 1.17492326e-02 1.19709162e-02 1.21925998e-02
 1.24142835e-02 1.26359671e-02 1.28576507e-02 1.30793344e-02
 1.33010180e-02 1.35227016e-02 1.37443853e-02 1.39660689e-02
 1.41877525e-02 1.44094362e-02 1.46311198e-02 1.48528034e-02
 1.50744871e-02 1.52961707e-02 1.55178543e-02 1.57395380e-02
 1.59612216e-02 1.61829052e-02 1.64045889e-02 1.66262725e-02
 1.68479561e-02 1.70696398e-02 1.72913234e-02 1.75130070e-02
 1.77346907e-02 1.79563743e-02 1.81780579e-02 1.83997416e-02
 1.86214252e-02 1.88431088e-02 1.90647925e-02 1.92864761e-02
 1.95081597e-02 1.97298434e-02 1.99515270e-02 2.01732106e-02
 2.03948943e-02 2.06165779e-02 2.08382615e-02 2.10599452e-02
 2.12816288e-02 2.15033124e-02 2.17249961e-02 2.19466797e-02
 2.21683633e-02]
Frequencies: [5.5511180e+07 7.8546951e+07 8.2303515e+07 7.7532283e+07 7.5109983e+07
 7.7540985e+07 8.2377612e+07 8.7350984e+07 9.1215965e+07 9.3981673e+07
 9.5334211e+07 9.5244559e+07 9.3964161e+07 9.2471498e+07 9.0634578e+07
 8.8902784e+07 8.7510169e+07 8.6027109e+07 8.4235349e+07 8.2022348e+07
 7.9407151e+07 7.6270664e+07 7.2852365e+07 6.9663786e+07 6.6639946e+07
 6.3966217e+07 6.1555099e+07 5.9472263e+07 5.7671933e+07 5.6080410e+07
 5.4705739e+07 5.3549876e+07 5.2592083e+07 5.1792340e+07 5.1187429e+07
 5.0837392e+07 5.0759666e+07 5.0769762e+07 5.0834164e+07 5.0991200e+07
 5.1233219e+07 5.1603638e+07 5.2107856e+07 5.2773722e+07 5.3690414e+07
 5.4781268e+07 5.6086374e+07 5.7564669e+07 5.9014258e+07 6.0415592e+07
 6.1677917e+07 6.2804614e+07 6.3700124e+07 6.4363923e+07 6.4760414e+07
 6.5006686e+07 6.5076915e+07 6.5027812e+07 6.4947019e+07 6.4839929e+07
 6.4611107e+07 6.3938967e+07 6.2252007e+07 5.9016341e+07 5.3627373e+07
 4.6059940e+07 3.7031071e+07 2.7685504e+07 1.9263173e+07 1.2612538e+07
 7.9657540e+06 5.0527920e+06 3.3064500e+06 2.2628840e+06 1.6126680e+06
 1.1659390e+06 8.5280100e+05 6.1801000e+05 4.3968900e+05 3.0661900e+05
 2.1105500e+05 1.4248300e+05 9.3325000e+04 6.0942000e+04 3.7506000e+04
 2.2765000e+04 1.4526000e+04 9.0160000e+03 5.9010000e+03 3.9960000e+03
 2.5570000e+03 1.7660000e+03 1.2000000e+03 8.3600000e+02 4.4800000e+02
 2.2100000e+02 4.9000000e+01 2.0000000e+01 7.0000000e+00 9.0000000e+00]
