Standard Deviation: 12.154097097245222
Skewness: -1.1645913463246886
Kurtosis: 1.0827589583689896
Median: 282.78139991613176
Mean: 278.59178544981893
Deciles: [271.07623183 288.20344318]
Minimum: 215.36321593096466
Maximum: 305.66533614043607
Bin Edges: [215.36321593 216.26623713 217.16925834 218.07227954 218.97530074
 219.87832194 220.78134314 221.68436435 222.58738555 223.49040675
 224.39342795 225.29644915 226.19947036 227.10249156 228.00551276
 228.90853396 229.81155516 230.71457637 231.61759757 232.52061877
 233.42363997 234.32666117 235.22968238 236.13270358 237.03572478
 237.93874598 238.84176719 239.74478839 240.64780959 241.55083079
 242.45385199 243.3568732  244.2598944  245.1629156  246.0659368
 246.968958   247.87197921 248.77500041 249.67802161 250.58104281
 251.48406401 252.38708522 253.29010642 254.19312762 255.09614882
 255.99917003 256.90219123 257.80521243 258.70823363 259.61125483
 260.51427604 261.41729724 262.32031844 263.22333964 264.12636084
 265.02938205 265.93240325 266.83542445 267.73844565 268.64146685
 269.54448806 270.44750926 271.35053046 272.25355166 273.15657287
 274.05959407 274.96261527 275.86563647 276.76865767 277.67167888
 278.57470008 279.47772128 280.38074248 281.28376368 282.18678489
 283.08980609 283.99282729 284.89584849 285.79886969 286.7018909
 287.6049121  288.5079333  289.4109545  290.3139757  291.21699691
 292.12001811 293.02303931 293.92606051 294.82908172 295.73210292
 296.63512412 297.53814532 298.44116652 299.34418773 300.24720893
 301.15023013 302.05325133 302.95627253 303.85929374 304.76231494
 305.66533614]
Frequencies: [8.70000000e+02 4.56000000e+03 1.28610000e+04 2.81800000e+04
 5.07690000e+04 9.58590000e+04 1.60785000e+05 2.46157000e+05
 3.67786000e+05 5.06806000e+05 6.83177000e+05 8.73829000e+05
 1.07398900e+06 1.28786800e+06 1.49553200e+06 1.69603800e+06
 1.87428700e+06 2.05020400e+06 2.22766400e+06 2.37421800e+06
 2.53492900e+06 2.67906200e+06 2.85221100e+06 3.00452800e+06
 3.20327900e+06 3.41322500e+06 3.66512300e+06 3.98571900e+06
 4.33609600e+06 4.76055300e+06 5.24460200e+06 5.88757300e+06
 6.65698300e+06 7.56839300e+06 8.61463000e+06 9.76980700e+06
 1.09778670e+07 1.22834020e+07 1.37390320e+07 1.52448970e+07
 1.69596150e+07 1.88316360e+07 2.10249070e+07 2.30503740e+07
 2.54069540e+07 2.80555350e+07 3.11163770e+07 3.45923940e+07
 3.83310370e+07 4.21987140e+07 4.58282110e+07 4.93260830e+07
 5.23041460e+07 5.49851130e+07 5.72025390e+07 5.96015910e+07
 6.19879120e+07 6.46179970e+07 6.75120060e+07 7.02433260e+07
 7.27742220e+07 7.46148500e+07 7.55892630e+07 7.59712330e+07
 7.62246460e+07 7.70619370e+07 7.84365930e+07 8.02238610e+07
 8.25465860e+07 8.56968190e+07 8.98503620e+07 9.55639360e+07
 1.03059016e+08 1.12408492e+08 1.23220779e+08 1.34625634e+08
 1.46537611e+08 1.62210638e+08 1.87445670e+08 2.41317839e+08
 3.52216193e+08 3.94161575e+08 2.59863474e+08 1.43378353e+08
 8.16094620e+07 4.74190810e+07 2.82529190e+07 1.73043650e+07
 1.12416930e+07 7.40105800e+06 4.82162500e+06 3.08718100e+06
 1.93401600e+06 1.18925000e+06 6.81670000e+05 3.33722000e+05
 1.40046000e+05 4.55420000e+04 1.17010000e+04 1.27000000e+03]
