Standard Deviation: 11.842177503565726
Skewness: 0.3727194024278335
Kurtosis: -1.0869093970335464
Median: 200.62949229623757
Mean: 202.59792800732038
Deciles: [191.83180032 212.66320021]
Minimum: 179.15923542674233
Maximum: 241.11566157927453
Bin Edges: [179.15923543 179.77879969 180.39836395 181.01792821 181.63749247
 182.25705673 182.876621   183.49618526 184.11574952 184.73531378
 185.35487804 185.9744423  186.59400657 187.21357083 187.83313509
 188.45269935 189.07226361 189.69182787 190.31139213 190.9309564
 191.55052066 192.17008492 192.78964918 193.40921344 194.0287777
 194.64834196 195.26790623 195.88747049 196.50703475 197.12659901
 197.74616327 198.36572753 198.9852918  199.60485606 200.22442032
 200.84398458 201.46354884 202.0831131  202.70267736 203.32224163
 203.94180589 204.56137015 205.18093441 205.80049867 206.42006293
 207.0396272  207.65919146 208.27875572 208.89831998 209.51788424
 210.1374485  210.75701276 211.37657703 211.99614129 212.61570555
 213.23526981 213.85483407 214.47439833 215.0939626  215.71352686
 216.33309112 216.95265538 217.57221964 218.1917839  218.81134816
 219.43091243 220.05047669 220.67004095 221.28960521 221.90916947
 222.52873373 223.148298   223.76786226 224.38742652 225.00699078
 225.62655504 226.2461193  226.86568356 227.48524783 228.10481209
 228.72437635 229.34394061 229.96350487 230.58306913 231.20263339
 231.82219766 232.44176192 233.06132618 233.68089044 234.3004547
 234.92001896 235.53958323 236.15914749 236.77871175 237.39827601
 238.01784027 238.63740453 239.25696879 239.87653306 240.49609732
 241.11566158]
Frequencies: [1.88000000e+02 4.24400000e+03 3.26080000e+04 1.38733000e+05
 4.80144000e+05 1.49584100e+06 3.73751900e+06 7.64119700e+06
 1.37481030e+07 2.24793650e+07 3.40488190e+07 4.80082830e+07
 6.40068110e+07 8.17819790e+07 1.00640655e+08 1.18738115e+08
 1.33833154e+08 1.44397193e+08 1.48789399e+08 1.46772091e+08
 1.39723565e+08 1.29469695e+08 1.17867035e+08 1.06064068e+08
 9.47892060e+07 8.46553630e+07 7.61121810e+07 6.93529890e+07
 6.42372840e+07 6.05684380e+07 5.79086190e+07 5.59025050e+07
 5.45818670e+07 5.37640310e+07 5.31841420e+07 5.28517220e+07
 5.26871890e+07 5.26198710e+07 5.28766010e+07 5.31414140e+07
 5.35726560e+07 5.42311690e+07 5.50563100e+07 5.60643540e+07
 5.72038810e+07 5.84410740e+07 5.97213090e+07 6.10577720e+07
 6.24280420e+07 6.38134070e+07 6.50136880e+07 6.61762410e+07
 6.70813020e+07 6.76881720e+07 6.80334760e+07 6.80644960e+07
 6.76847510e+07 6.69496630e+07 6.55898870e+07 6.36015440e+07
 6.14318320e+07 5.91515120e+07 5.65953990e+07 5.36503320e+07
 5.05682420e+07 4.77732510e+07 4.49915050e+07 4.22109790e+07
 3.92905260e+07 3.66239960e+07 3.39430520e+07 3.11852480e+07
 2.83445440e+07 2.56248140e+07 2.29821160e+07 2.04759490e+07
 1.82255220e+07 1.60698420e+07 1.37829310e+07 1.14720810e+07
 9.26721100e+06 6.68008200e+06 4.37454800e+06 2.59130200e+06
 1.42331400e+06 7.73742000e+05 4.21342000e+05 2.40963000e+05
 1.44448000e+05 9.19580000e+04 6.16480000e+04 4.12930000e+04
 2.71850000e+04 1.77120000e+04 1.16180000e+04 7.43100000e+03
 5.01200000e+03 2.73700000e+03 1.00800000e+03 3.53000000e+02]
