Standard Deviation: 9.087494383869156
Skewness: 0.07357478575926983
Kurtosis: 2.571994262147949
Median: -0.09563799585109944
Mean: -0.03895023482274334
Deciles: [-4.42590577  4.28560876]
Minimum: -69.77157955422278
Maximum: 83.28937525387201
Bin Edges: [-69.77157955 -68.24097001 -66.71036046 -65.17975091 -63.64914136
 -62.11853181 -60.58792227 -59.05731272 -57.52670317 -55.99609362
 -54.46548407 -52.93487453 -51.40426498 -49.87365543 -48.34304588
 -46.81243633 -45.28182678 -43.75121724 -42.22060769 -40.68999814
 -39.15938859 -37.62877904 -36.0981695  -34.56755995 -33.0369504
 -31.50634085 -29.9757313  -28.44512176 -26.91451221 -25.38390266
 -23.85329311 -22.32268356 -20.79207402 -19.26146447 -17.73085492
 -16.20024537 -14.66963582 -13.13902628 -11.60841673 -10.07780718
  -8.54719763  -7.01658808  -5.48597853  -3.95536899  -2.42475944
  -0.89414989   0.63645966   2.16706921   3.69767875   5.2282883
   6.75889785   8.2895074    9.82011695  11.35072649  12.88133604
  14.41194559  15.94255514  17.47316469  19.00377423  20.53438378
  22.06499333  23.59560288  25.12621243  26.65682197  28.18743152
  29.71804107  31.24865062  32.77926017  34.30986972  35.84047926
  37.37108881  38.90169836  40.43230791  41.96291746  43.493527
  45.02413655  46.5547461   48.08535565  49.6159652   51.14657474
  52.67718429  54.20779384  55.73840339  57.26901294  58.79962248
  60.33023203  61.86084158  63.39145113  64.92206068  66.45267022
  67.98327977  69.51388932  71.04449887  72.57510842  74.10571797
  75.63632751  77.16693706  78.69754661  80.22815616  81.75876571
  83.28937525]
Frequencies: [1.00000000e+01 4.00000000e+00 3.10000000e+01 1.17000000e+02
 3.47000000e+02 9.89000000e+02 2.16500000e+03 4.62300000e+03
 8.79600000e+03 1.55570000e+04 2.69490000e+04 4.42750000e+04
 7.04980000e+04 1.06890000e+05 1.57021000e+05 2.31090000e+05
 3.33408000e+05 4.74803000e+05 6.67467000e+05 9.18164000e+05
 1.25050200e+06 1.67539800e+06 2.22710700e+06 2.93961500e+06
 3.84096100e+06 4.97184400e+06 6.38644600e+06 8.13808700e+06
 1.03342760e+07 1.30253920e+07 1.63413530e+07 2.03750740e+07
 2.53416810e+07 3.14570130e+07 3.89777890e+07 4.83036680e+07
 5.98738170e+07 7.46432600e+07 9.39546060e+07 1.20120843e+08
 1.56425517e+08 2.07798808e+08 2.77724999e+08 3.61336457e+08
 4.36350732e+08 4.66689340e+08 4.34950588e+08 3.60930596e+08
 2.78997724e+08 2.09902268e+08 1.58894345e+08 1.22321070e+08
 9.57198660e+07 7.59875220e+07 6.07629070e+07 4.89150230e+07
 3.95217210e+07 3.19663250e+07 2.58581170e+07 2.09124460e+07
 1.68905930e+07 1.36379100e+07 1.09696460e+07 8.80913300e+06
 7.05231400e+06 5.61029600e+06 4.43802000e+06 3.48793500e+06
 2.72057500e+06 2.11637600e+06 1.63423000e+06 1.24510600e+06
 9.39111000e+05 6.99186000e+05 5.13847000e+05 3.70502000e+05
 2.63431000e+05 1.85125000e+05 1.28728000e+05 8.78200000e+04
 5.84700000e+04 3.92970000e+04 2.58250000e+04 1.69820000e+04
 1.15900000e+04 7.85600000e+03 5.36800000e+03 3.64900000e+03
 2.45100000e+03 1.42300000e+03 9.81000000e+02 6.60000000e+02
 4.02000000e+02 2.76000000e+02 1.79000000e+02 1.27000000e+02
 9.40000000e+01 7.60000000e+01 5.00000000e+01 5.30000000e+01]
