Standard Deviation: 20.9024569815482
Skewness: 0.32124014077215923
Kurtosis: 0.08346584360126608
Median: 15.897710390501707
Mean: 17.23032794803974
Deciles: [ 2.67602093 30.68566305]
Minimum: -59.814155895786584
Maximum: 128.7051918117839
Bin Edges: [-59.8141559  -57.92896242 -56.04376894 -54.15857546 -52.27338199
 -50.38818851 -48.50299503 -46.61780156 -44.73260808 -42.8474146
 -40.96222113 -39.07702765 -37.19183417 -35.30664069 -33.42144722
 -31.53625374 -29.65106026 -27.76586679 -25.88067331 -23.99547983
 -22.11028635 -20.22509288 -18.3398994  -16.45470592 -14.56951245
 -12.68431897 -10.79912549  -8.91393201  -7.02873854  -5.14354506
  -3.25835158  -1.37315811   0.51203537   2.39722885   4.28242232
   6.1676158    8.05280928   9.93800276  11.82319623  13.70838971
  15.59358319  17.47877666  19.36397014  21.24916362  23.1343571
  25.01955057  26.90474405  28.78993753  30.675131    32.56032448
  34.44551796  36.33071144  38.21590491  40.10109839  41.98629187
  43.87148534  45.75667882  47.6418723   49.52706577  51.41225925
  53.29745273  55.18264621  57.06783968  58.95303316  60.83822664
  62.72342011  64.60861359  66.49380707  68.37900055  70.26419402
  72.1493875   74.03458098  75.91977445  77.80496793  79.69016141
  81.57535488  83.46054836  85.34574184  87.23093532  89.11612879
  91.00132227  92.88651575  94.77170922  96.6569027   98.54209618
 100.42728966 102.31248313 104.19767661 106.08287009 107.96806356
 109.85325704 111.73845052 113.623644   115.50883747 117.39403095
 119.27922443 121.1644179  123.04961138 124.93480486 126.81999833
 128.70519181]
Frequencies: [8.60000000e+01 6.67000000e+02 1.82700000e+03 4.80200000e+03
 2.19430000e+04 8.45320000e+04 1.49437000e+05 2.62145000e+05
 4.54798000e+05 7.67009000e+05 1.23237100e+06 1.89135900e+06
 2.78691500e+06 3.97926900e+06 5.58777600e+06 7.70658000e+06
 1.04715160e+07 1.38820120e+07 1.80221780e+07 2.29244490e+07
 2.85374650e+07 3.48431170e+07 4.18022230e+07 4.92993930e+07
 5.72524240e+07 6.55893190e+07 7.42912000e+07 8.38632480e+07
 9.42931340e+07 1.05566902e+08 1.17667088e+08 1.29688711e+08
 1.40717774e+08 1.50045767e+08 1.57180831e+08 1.62012805e+08
 1.64879153e+08 1.66138945e+08 1.65876548e+08 1.64491178e+08
 1.62000302e+08 1.58825840e+08 1.54690327e+08 1.49650796e+08
 1.43918483e+08 1.37566677e+08 1.30744485e+08 1.23551935e+08
 1.15975280e+08 1.08157561e+08 1.00312293e+08 9.24914180e+07
 8.47302110e+07 7.71259050e+07 6.97304090e+07 6.27997950e+07
 5.62179630e+07 5.01036390e+07 4.43554600e+07 3.91075450e+07
 3.43548340e+07 3.00602640e+07 2.61755770e+07 2.26970470e+07
 1.95868720e+07 1.68532810e+07 1.44577370e+07 1.23001880e+07
 1.04228590e+07 8.78954400e+06 7.37405500e+06 6.15016200e+06
 5.10071600e+06 4.21559900e+06 3.47335200e+06 2.82711600e+06
 2.28665400e+06 1.83935700e+06 1.46284200e+06 1.14785800e+06
 8.79114000e+05 6.68540000e+05 5.04289000e+05 3.86576000e+05
 2.83969000e+05 2.00555000e+05 1.36392000e+05 9.09930000e+04
 5.77430000e+04 3.44630000e+04 2.02840000e+04 1.05970000e+04
 4.76800000e+03 2.21400000e+03 1.16300000e+03 6.41000000e+02
 3.29000000e+02 9.90000000e+01 8.20000000e+01 5.50000000e+01]
