Standard Deviation: 5.004906480605679e-56
Skewness: 65672.56238581878
Kurtosis: 4374064922.477434
Median: 0.0
Mean: 8.497114041824513e-61
Deciles: [0. 0.]
Minimum: 0.0
Maximum: 3.3409558876152446e-51
Bin Edges: [0.00000000e+00 3.34095589e-53 6.68191178e-53 1.00228677e-52
 1.33638236e-52 1.67047794e-52 2.00457353e-52 2.33866912e-52
 2.67276471e-52 3.00686030e-52 3.34095589e-52 3.67505148e-52
 4.00914707e-52 4.34324265e-52 4.67733824e-52 5.01143383e-52
 5.34552942e-52 5.67962501e-52 6.01372060e-52 6.34781619e-52
 6.68191178e-52 7.01600736e-52 7.35010295e-52 7.68419854e-52
 8.01829413e-52 8.35238972e-52 8.68648531e-52 9.02058090e-52
 9.35467649e-52 9.68877207e-52 1.00228677e-51 1.03569633e-51
 1.06910588e-51 1.10251544e-51 1.13592500e-51 1.16933456e-51
 1.20274412e-51 1.23615368e-51 1.26956324e-51 1.30297280e-51
 1.33638236e-51 1.36979191e-51 1.40320147e-51 1.43661103e-51
 1.47002059e-51 1.50343015e-51 1.53683971e-51 1.57024927e-51
 1.60365883e-51 1.63706838e-51 1.67047794e-51 1.70388750e-51
 1.73729706e-51 1.77070662e-51 1.80411618e-51 1.83752574e-51
 1.87093530e-51 1.90434486e-51 1.93775441e-51 1.97116397e-51
 2.00457353e-51 2.03798309e-51 2.07139265e-51 2.10480221e-51
 2.13821177e-51 2.17162133e-51 2.20503089e-51 2.23844044e-51
 2.27185000e-51 2.30525956e-51 2.33866912e-51 2.37207868e-51
 2.40548824e-51 2.43889780e-51 2.47230736e-51 2.50571692e-51
 2.53912647e-51 2.57253603e-51 2.60594559e-51 2.63935515e-51
 2.67276471e-51 2.70617427e-51 2.73958383e-51 2.77299339e-51
 2.80640295e-51 2.83981250e-51 2.87322206e-51 2.90663162e-51
 2.94004118e-51 2.97345074e-51 3.00686030e-51 3.04026986e-51
 3.07367942e-51 3.10708898e-51 3.14049853e-51 3.17390809e-51
 3.20731765e-51 3.24072721e-51 3.27413677e-51 3.30754633e-51
 3.34095589e-51]
Frequencies: [4.541184e+09 1.000000e+00 0.000000e+00 0.000000e+00 0.000000e+00
 0.000000e+00 0.000000e+00 0.000000e+00 0.000000e+00 0.000000e+00
 0.000000e+00 0.000000e+00 0.000000e+00 1.000000e+00 0.000000e+00
 0.000000e+00 0.000000e+00 0.000000e+00 0.000000e+00 0.000000e+00
 0.000000e+00 0.000000e+00 0.000000e+00 0.000000e+00 0.000000e+00
 0.000000e+00 0.000000e+00 0.000000e+00 0.000000e+00 0.000000e+00
 0.000000e+00 0.000000e+00 0.000000e+00 0.000000e+00 0.000000e+00
 0.000000e+00 0.000000e+00 0.000000e+00 0.000000e+00 0.000000e+00
 0.000000e+00 0.000000e+00 0.000000e+00 0.000000e+00 0.000000e+00
 0.000000e+00 0.000000e+00 0.000000e+00 0.000000e+00 0.000000e+00
 0.000000e+00 0.000000e+00 0.000000e+00 0.000000e+00 0.000000e+00
 0.000000e+00 0.000000e+00 0.000000e+00 0.000000e+00 0.000000e+00
 0.000000e+00 0.000000e+00 0.000000e+00 0.000000e+00 0.000000e+00
 0.000000e+00 0.000000e+00 0.000000e+00 0.000000e+00 0.000000e+00
 0.000000e+00 0.000000e+00 0.000000e+00 0.000000e+00 0.000000e+00
 0.000000e+00 0.000000e+00 0.000000e+00 0.000000e+00 0.000000e+00
 0.000000e+00 0.000000e+00 0.000000e+00 0.000000e+00 0.000000e+00
 0.000000e+00 0.000000e+00 0.000000e+00 0.000000e+00 0.000000e+00
 0.000000e+00 0.000000e+00 0.000000e+00 0.000000e+00 0.000000e+00
 0.000000e+00 0.000000e+00 0.000000e+00 0.000000e+00 1.000000e+00]
