Standard Deviation: 2.5410466112277094e-05
Skewness: 1.6958062629982757
Kurtosis: 3.722733102654849
Median: 1.3966499520014522e-05
Mean: 2.443816904559832e-05
Deciles: [5.86422574e-06 3.55491766e-05]
Minimum: 1e-12
Maximum: 0.0006323364942921509
Bin Edges: [1.00000000e-12 6.32336593e-06 1.26467309e-05 1.89700958e-05
 2.52934607e-05 3.16168257e-05 3.79401906e-05 4.42635555e-05
 5.05869205e-05 5.69102854e-05 6.32336503e-05 6.95570153e-05
 7.58803802e-05 8.22037451e-05 8.85271101e-05 9.48504750e-05
 1.01173840e-04 1.07497205e-04 1.13820570e-04 1.20143935e-04
 1.26467300e-04 1.32790665e-04 1.39114030e-04 1.45437394e-04
 1.51760759e-04 1.58084124e-04 1.64407489e-04 1.70730854e-04
 1.77054219e-04 1.83377584e-04 1.89700949e-04 1.96024314e-04
 2.02347679e-04 2.08671044e-04 2.14994409e-04 2.21317774e-04
 2.27641139e-04 2.33964504e-04 2.40287868e-04 2.46611233e-04
 2.52934598e-04 2.59257963e-04 2.65581328e-04 2.71904693e-04
 2.78228058e-04 2.84551423e-04 2.90874788e-04 2.97198153e-04
 3.03521518e-04 3.09844883e-04 3.16168248e-04 3.22491613e-04
 3.28814978e-04 3.35138342e-04 3.41461707e-04 3.47785072e-04
 3.54108437e-04 3.60431802e-04 3.66755167e-04 3.73078532e-04
 3.79401897e-04 3.85725262e-04 3.92048627e-04 3.98371992e-04
 4.04695357e-04 4.11018722e-04 4.17342087e-04 4.23665452e-04
 4.29988816e-04 4.36312181e-04 4.42635546e-04 4.48958911e-04
 4.55282276e-04 4.61605641e-04 4.67929006e-04 4.74252371e-04
 4.80575736e-04 4.86899101e-04 4.93222466e-04 4.99545831e-04
 5.05869196e-04 5.12192561e-04 5.18515925e-04 5.24839290e-04
 5.31162655e-04 5.37486020e-04 5.43809385e-04 5.50132750e-04
 5.56456115e-04 5.62779480e-04 5.69102845e-04 5.75426210e-04
 5.81749575e-04 5.88072940e-04 5.94396305e-04 6.00719670e-04
 6.07043035e-04 6.13366399e-04 6.19689764e-04 6.26013129e-04
 6.32336494e-04]
Frequencies: [1.23172324e+09 9.08378681e+08 5.22291944e+08 3.48907698e+08
 2.59861297e+08 2.09433496e+08 1.77993152e+08 1.57229471e+08
 1.42824347e+08 1.30339856e+08 1.15042678e+08 9.56180550e+07
 7.39761720e+07 5.33510520e+07 3.62843820e+07 2.38311310e+07
 1.54995890e+07 1.02279320e+07 6.96769900e+06 4.91987700e+06
 3.61513300e+06 2.73993000e+06 2.13299400e+06 1.67785600e+06
 1.32947300e+06 1.05874300e+06 8.41687000e+05 6.69948000e+05
 5.30702000e+05 4.14716000e+05 3.25694000e+05 2.54666000e+05
 1.96273000e+05 1.52797000e+05 1.18022000e+05 8.98910000e+04
 6.81340000e+04 5.27980000e+04 4.05000000e+04 3.14210000e+04
 2.43320000e+04 1.89080000e+04 1.48180000e+04 1.19350000e+04
 9.57500000e+03 8.15800000e+03 6.97900000e+03 6.09000000e+03
 5.17000000e+03 4.38800000e+03 3.90200000e+03 3.38200000e+03
 3.02300000e+03 2.66800000e+03 2.29200000e+03 2.03000000e+03
 1.86000000e+03 1.49100000e+03 1.28600000e+03 1.17500000e+03
 9.27000000e+02 8.14000000e+02 7.76000000e+02 6.30000000e+02
 6.26000000e+02 5.74000000e+02 4.53000000e+02 3.54000000e+02
 2.98000000e+02 2.77000000e+02 2.37000000e+02 1.89000000e+02
 1.38000000e+02 1.26000000e+02 1.00000000e+02 7.80000000e+01
 7.30000000e+01 7.30000000e+01 7.00000000e+01 4.80000000e+01
 6.50000000e+01 5.00000000e+01 4.60000000e+01 5.10000000e+01
 4.90000000e+01 3.30000000e+01 4.30000000e+01 3.30000000e+01
 3.70000000e+01 3.00000000e+01 2.70000000e+01 1.60000000e+01
 1.00000000e+01 1.00000000e+01 1.00000000e+01 1.30000000e+01
 1.00000000e+01 4.00000000e+00 7.00000000e+00 6.00000000e+00]
