Standard Deviation: 0.005864041971127687
Skewness: 0.14926539659827967
Kurtosis: -1.2977352623459868
Median: 0.008872633474068498
Mean: 0.009579844084163874
Deciles: [0.00433607 0.01511596]
Minimum: 7.197107927660623e-07
Maximum: 0.024738237336584857
Bin Edges: [7.19710793e-07 2.48094887e-04 4.95470063e-04 7.42845240e-04
 9.90220416e-04 1.23759559e-03 1.48497077e-03 1.73234594e-03
 1.97972112e-03 2.22709630e-03 2.47447147e-03 2.72184665e-03
 2.96922183e-03 3.21659700e-03 3.46397218e-03 3.71134735e-03
 3.95872253e-03 4.20609771e-03 4.45347288e-03 4.70084806e-03
 4.94822324e-03 5.19559841e-03 5.44297359e-03 5.69034876e-03
 5.93772394e-03 6.18509912e-03 6.43247429e-03 6.67984947e-03
 6.92722465e-03 7.17459982e-03 7.42197500e-03 7.66935017e-03
 7.91672535e-03 8.16410053e-03 8.41147570e-03 8.65885088e-03
 8.90622606e-03 9.15360123e-03 9.40097641e-03 9.64835158e-03
 9.89572676e-03 1.01431019e-02 1.03904771e-02 1.06378523e-02
 1.08852275e-02 1.11326026e-02 1.13799778e-02 1.16273530e-02
 1.18747282e-02 1.21221033e-02 1.23694785e-02 1.26168537e-02
 1.28642289e-02 1.31116041e-02 1.33589792e-02 1.36063544e-02
 1.38537296e-02 1.41011048e-02 1.43484799e-02 1.45958551e-02
 1.48432303e-02 1.50906055e-02 1.53379806e-02 1.55853558e-02
 1.58327310e-02 1.60801062e-02 1.63274813e-02 1.65748565e-02
 1.68222317e-02 1.70696069e-02 1.73169820e-02 1.75643572e-02
 1.78117324e-02 1.80591076e-02 1.83064828e-02 1.85538579e-02
 1.88012331e-02 1.90486083e-02 1.92959835e-02 1.95433586e-02
 1.97907338e-02 2.00381090e-02 2.02854842e-02 2.05328593e-02
 2.07802345e-02 2.10276097e-02 2.12749849e-02 2.15223600e-02
 2.17697352e-02 2.20171104e-02 2.22644856e-02 2.25118608e-02
 2.27592359e-02 2.30066111e-02 2.32539863e-02 2.35013615e-02
 2.37487366e-02 2.39961118e-02 2.42434870e-02 2.44908622e-02
 2.47382373e-02]
Frequencies: [7.5045087e+07 5.9979958e+07 4.8577976e+07 4.1006225e+07 3.9565216e+07
 4.1087183e+07 4.4401820e+07 4.8742676e+07 5.3734995e+07 5.9213924e+07
 6.5744307e+07 7.2988648e+07 7.9712677e+07 8.5292508e+07 9.0435435e+07
 9.6049268e+07 8.9395378e+07 8.3123724e+07 7.8659739e+07 7.5163381e+07
 7.2585481e+07 7.0354073e+07 6.8541246e+07 6.6535113e+07 6.4672310e+07
 6.3001642e+07 6.1362930e+07 5.9741532e+07 5.8073815e+07 5.6433819e+07
 5.4780784e+07 5.3255520e+07 5.1803351e+07 5.0470212e+07 4.9277776e+07
 4.8282236e+07 4.7432874e+07 4.6751052e+07 4.6042049e+07 4.5499222e+07
 4.4927712e+07 4.4461362e+07 4.3941374e+07 4.3527228e+07 4.3167301e+07
 4.2872727e+07 4.2621703e+07 4.2457484e+07 4.2340354e+07 4.2344183e+07
 4.2405331e+07 4.2582019e+07 4.2916160e+07 4.3516091e+07 4.4277371e+07
 4.5156740e+07 4.6236592e+07 4.7464028e+07 4.8738139e+07 5.0111563e+07
 5.1630022e+07 5.3170336e+07 5.4852689e+07 5.6598205e+07 5.8312821e+07
 5.9953946e+07 6.1416546e+07 6.2801188e+07 6.4252832e+07 6.6033902e+07
 6.8022531e+07 7.0071272e+07 7.1601279e+07 7.1465018e+07 6.8842582e+07
 6.3010539e+07 5.3911236e+07 4.2710731e+07 3.1257287e+07 2.1388524e+07
 1.3935904e+07 8.8923040e+06 5.7301690e+06 3.8185420e+06 2.6451740e+06
 1.8794850e+06 1.3394670e+06 9.4286700e+05 6.5065000e+05 4.3536100e+05
 2.8567300e+05 1.7477300e+05 1.0229800e+05 6.2234000e+04 3.8548000e+04
 2.6805000e+04 1.8419000e+04 1.2069000e+04 6.4400000e+03 7.0800000e+02]
