Standard Deviation: 1.0449080192314812e-05
Skewness: 6.937010259223263
Kurtosis: 59.85170631140011
Median: 0.0
Mean: 2.2114477432245e-06
Deciles: [0. 0.]
Minimum: 0.0
Maximum: 0.0003416099250391758
Bin Edges: [0.00000000e+00 3.41609925e-06 6.83219850e-06 1.02482978e-05
 1.36643970e-05 1.70804963e-05 2.04965955e-05 2.39126948e-05
 2.73287940e-05 3.07448933e-05 3.41609925e-05 3.75770918e-05
 4.09931910e-05 4.44092903e-05 4.78253895e-05 5.12414888e-05
 5.46575880e-05 5.80736873e-05 6.14897865e-05 6.49058858e-05
 6.83219850e-05 7.17380843e-05 7.51541835e-05 7.85702828e-05
 8.19863820e-05 8.54024813e-05 8.88185805e-05 9.22346798e-05
 9.56507790e-05 9.90668783e-05 1.02482978e-04 1.05899077e-04
 1.09315176e-04 1.12731275e-04 1.16147375e-04 1.19563474e-04
 1.22979573e-04 1.26395672e-04 1.29811772e-04 1.33227871e-04
 1.36643970e-04 1.40060069e-04 1.43476169e-04 1.46892268e-04
 1.50308367e-04 1.53724466e-04 1.57140566e-04 1.60556665e-04
 1.63972764e-04 1.67388863e-04 1.70804963e-04 1.74221062e-04
 1.77637161e-04 1.81053260e-04 1.84469360e-04 1.87885459e-04
 1.91301558e-04 1.94717657e-04 1.98133757e-04 2.01549856e-04
 2.04965955e-04 2.08382054e-04 2.11798154e-04 2.15214253e-04
 2.18630352e-04 2.22046451e-04 2.25462551e-04 2.28878650e-04
 2.32294749e-04 2.35710848e-04 2.39126948e-04 2.42543047e-04
 2.45959146e-04 2.49375245e-04 2.52791345e-04 2.56207444e-04
 2.59623543e-04 2.63039642e-04 2.66455742e-04 2.69871841e-04
 2.73287940e-04 2.76704039e-04 2.80120139e-04 2.83536238e-04
 2.86952337e-04 2.90368436e-04 2.93784536e-04 2.97200635e-04
 3.00616734e-04 3.04032833e-04 3.07448933e-04 3.10865032e-04
 3.14281131e-04 3.17697230e-04 3.21113330e-04 3.24529429e-04
 3.27945528e-04 3.31361627e-04 3.34777727e-04 3.38193826e-04
 3.41609925e-04]
Frequencies: [4.19487784e+09 5.52391540e+07 3.94302280e+07 3.19697850e+07
 2.71841470e+07 2.35402580e+07 2.05252170e+07 1.79096750e+07
 1.56337610e+07 1.36504140e+07 1.19310130e+07 1.04497790e+07
 9.16111400e+06 8.05375000e+06 7.07987200e+06 6.23278900e+06
 5.48479500e+06 4.83398100e+06 4.26659300e+06 3.76456600e+06
 3.32898200e+06 2.95223900e+06 2.62557000e+06 2.34096400e+06
 2.10359000e+06 1.90256200e+06 1.73461500e+06 1.59635800e+06
 1.49190400e+06 1.41681300e+06 1.29163100e+06 1.13475000e+06
 9.83418000e+05 8.39012000e+05 7.06769000e+05 5.99671000e+05
 5.05515000e+05 4.22359000e+05 3.52006000e+05 2.92551000e+05
 2.40118000e+05 1.95367000e+05 1.59323000e+05 1.33768000e+05
 1.08405000e+05 8.88560000e+04 7.26150000e+04 6.02520000e+04
 4.96700000e+04 4.06080000e+04 3.32730000e+04 2.74740000e+04
 2.24980000e+04 1.90090000e+04 1.57860000e+04 1.31070000e+04
 1.04200000e+04 8.51100000e+03 7.12900000e+03 6.04800000e+03
 5.01500000e+03 4.36000000e+03 3.62600000e+03 3.13100000e+03
 2.62400000e+03 2.16000000e+03 1.70900000e+03 1.39300000e+03
 1.17100000e+03 1.05100000e+03 8.65000000e+02 7.69000000e+02
 6.61000000e+02 4.87000000e+02 3.91000000e+02 3.75000000e+02
 2.82000000e+02 2.66000000e+02 2.08000000e+02 1.99000000e+02
 1.78000000e+02 1.53000000e+02 1.19000000e+02 9.80000000e+01
 8.90000000e+01 7.50000000e+01 4.40000000e+01 4.30000000e+01
 3.90000000e+01 2.60000000e+01 3.50000000e+01 1.90000000e+01
 2.30000000e+01 2.50000000e+01 1.80000000e+01 8.00000000e+00
 4.00000000e+00 2.00000000e+00 3.00000000e+00 1.40000000e+01]
