Standard Deviation: 15.266254898368661
Skewness: 1.2342562293101758
Kurtosis: 2.597946648681485
Median: 1.8751641719599852
Mean: 3.9049277379383684
Deciles: [-5.17171111  9.77978572]
Minimum: -59.71742997869396
Maximum: 92.20398811772016
Bin Edges: [-59.71742998 -58.1982158  -56.67900162 -55.15978744 -53.64057325
 -52.12135907 -50.60214489 -49.08293071 -47.56371653 -46.04450235
 -44.52528817 -43.00607399 -41.48685981 -39.96764563 -38.44843145
 -36.92921726 -35.41000308 -33.8907889  -32.37157472 -30.85236054
 -29.33314636 -27.81393218 -26.294718   -24.77550382 -23.25628964
 -21.73707545 -20.21786127 -18.69864709 -17.17943291 -15.66021873
 -14.14100455 -12.62179037 -11.10257619  -9.58336201  -8.06414783
  -6.54493364  -5.02571946  -3.50650528  -1.9872911   -0.46807692
   1.05113726   2.57035144   4.08956562   5.6087798    7.12799398
   8.64720816  10.16642235  11.68563653  13.20485071  14.72406489
  16.24327907  17.76249325  19.28170743  20.80092161  22.32013579
  23.83934997  25.35856416  26.87777834  28.39699252  29.9162067
  31.43542088  32.95463506  34.47384924  35.99306342  37.5122776
  39.03149178  40.55070596  42.06992015  43.58913433  45.10834851
  46.62756269  48.14677687  49.66599105  51.18520523  52.70441941
  54.22363359  55.74284777  57.26206196  58.78127614  60.30049032
  61.8197045   63.33891868  64.85813286  66.37734704  67.89656122
  69.4157754   70.93498958  72.45420377  73.97341795  75.49263213
  77.01184631  78.53106049  80.05027467  81.56948885  83.08870303
  84.60791721  86.12713139  87.64634557  89.16555976  90.68477394
  92.20398812]
Frequencies: [1.15000000e+02 1.65000000e+02 4.27000000e+02 9.11000000e+02
 1.43900000e+03 2.69000000e+03 3.97800000e+03 4.52000000e+03
 5.48900000e+03 7.19000000e+03 8.67900000e+03 1.22960000e+04
 1.53370000e+04 2.04760000e+04 2.62180000e+04 3.56340000e+04
 5.46440000e+04 1.05418000e+05 2.73065000e+05 7.68005000e+05
 2.06566100e+06 4.99058200e+06 1.05538640e+07 1.95439320e+07
 3.14490200e+07 4.45795750e+07 5.65923050e+07 6.60489010e+07
 7.32409460e+07 8.01245290e+07 8.84240120e+07 9.92833550e+07
 1.13422062e+08 1.31396867e+08 1.52631993e+08 1.77934782e+08
 2.07386289e+08 2.37220614e+08 2.59239705e+08 2.68408979e+08
 2.64932899e+08 2.53746955e+08 2.36446821e+08 2.14314198e+08
 1.88160946e+08 1.60774891e+08 1.35312451e+08 1.13272853e+08
 9.44846400e+07 7.91672960e+07 6.70156050e+07 5.74680600e+07
 4.95973360e+07 4.33144020e+07 3.83707020e+07 3.44059340e+07
 3.12332240e+07 2.85404370e+07 2.62953080e+07 2.42976560e+07
 2.25439660e+07 2.09780380e+07 1.95079810e+07 1.81869820e+07
 1.70309380e+07 1.60010430e+07 1.49892940e+07 1.40037610e+07
 1.30649470e+07 1.21824720e+07 1.14260910e+07 1.06574620e+07
 9.89023300e+06 9.16839800e+06 8.43864900e+06 7.74745200e+06
 7.06050400e+06 6.37470500e+06 5.69585100e+06 5.02045100e+06
 4.40918600e+06 3.82515700e+06 3.31141100e+06 2.84292000e+06
 2.37317900e+06 1.93895500e+06 1.53653900e+06 1.18404700e+06
 8.92165000e+05 6.46434000e+05 4.56394000e+05 3.11435000e+05
 2.06857000e+05 1.26927000e+05 6.60130000e+04 2.99510000e+04
 1.31050000e+04 5.24800000e+03 1.43100000e+03 1.45000000e+02]
