Standard Deviation: 5.694751916309028e-05
Skewness: 5.360276430494154
Kurtosis: 40.57269003461011
Median: 6.617444900424221e-23
Mean: 2.2355146737866848e-05
Deciles: [0.00000000e+00 1.93379628e-05]
Minimum: 0.0
Maximum: 0.0011086598543274156
Bin Edges: [0.00000000e+00 1.10865985e-05 2.21731971e-05 3.32597956e-05
 4.43463942e-05 5.54329927e-05 6.65195913e-05 7.76061898e-05
 8.86927883e-05 9.97793869e-05 1.10865985e-04 1.21952584e-04
 1.33039183e-04 1.44125781e-04 1.55212380e-04 1.66298978e-04
 1.77385577e-04 1.88472175e-04 1.99558774e-04 2.10645372e-04
 2.21731971e-04 2.32818569e-04 2.43905168e-04 2.54991766e-04
 2.66078365e-04 2.77164964e-04 2.88251562e-04 2.99338161e-04
 3.10424759e-04 3.21511358e-04 3.32597956e-04 3.43684555e-04
 3.54771153e-04 3.65857752e-04 3.76944350e-04 3.88030949e-04
 3.99117548e-04 4.10204146e-04 4.21290745e-04 4.32377343e-04
 4.43463942e-04 4.54550540e-04 4.65637139e-04 4.76723737e-04
 4.87810336e-04 4.98896934e-04 5.09983533e-04 5.21070132e-04
 5.32156730e-04 5.43243329e-04 5.54329927e-04 5.65416526e-04
 5.76503124e-04 5.87589723e-04 5.98676321e-04 6.09762920e-04
 6.20849518e-04 6.31936117e-04 6.43022716e-04 6.54109314e-04
 6.65195913e-04 6.76282511e-04 6.87369110e-04 6.98455708e-04
 7.09542307e-04 7.20628905e-04 7.31715504e-04 7.42802102e-04
 7.53888701e-04 7.64975299e-04 7.76061898e-04 7.87148497e-04
 7.98235095e-04 8.09321694e-04 8.20408292e-04 8.31494891e-04
 8.42581489e-04 8.53668088e-04 8.64754686e-04 8.75841285e-04
 8.86927883e-04 8.98014482e-04 9.09101081e-04 9.20187679e-04
 9.31274278e-04 9.42360876e-04 9.53447475e-04 9.64534073e-04
 9.75620672e-04 9.86707270e-04 9.97793869e-04 1.00888047e-03
 1.01996707e-03 1.03105366e-03 1.04214026e-03 1.05322686e-03
 1.06431346e-03 1.07540006e-03 1.08648666e-03 1.09757326e-03
 1.10865985e-03]
Frequencies: [3.10542171e+09 3.82359535e+08 2.49259244e+08 1.70847958e+08
 1.21505173e+08 8.90768430e+07 6.69883760e+07 5.16730350e+07
 4.08797270e+07 3.30852720e+07 2.72972500e+07 2.29089990e+07
 1.94829730e+07 1.67489510e+07 1.45342970e+07 1.27011790e+07
 1.11664780e+07 9.87197300e+06 8.76830300e+06 7.82302300e+06
 6.99632500e+06 6.28607200e+06 5.65494400e+06 5.10647400e+06
 4.61917600e+06 4.18883300e+06 3.80910700e+06 3.47134600e+06
 3.16679900e+06 2.89811800e+06 2.64929200e+06 2.42771500e+06
 2.22664900e+06 2.04565500e+06 1.88196600e+06 1.72954900e+06
 1.59078100e+06 1.46599100e+06 1.35166500e+06 1.24311700e+06
 1.14412700e+06 1.05336200e+06 9.72533000e+05 8.97125000e+05
 8.26412000e+05 7.61123000e+05 7.02912000e+05 6.46427000e+05
 5.98076000e+05 5.51463000e+05 5.08328000e+05 4.68498000e+05
 4.31456000e+05 3.96188000e+05 3.66236000e+05 3.37255000e+05
 3.11199000e+05 2.84987000e+05 2.61518000e+05 2.40590000e+05
 2.19964000e+05 2.00082000e+05 1.82837000e+05 1.67116000e+05
 1.52282000e+05 1.38390000e+05 1.24363000e+05 1.13306000e+05
 1.01602000e+05 9.21440000e+04 8.38860000e+04 7.61230000e+04
 6.87230000e+04 6.18710000e+04 5.58580000e+04 5.04890000e+04
 4.53970000e+04 4.03850000e+04 3.60760000e+04 3.18990000e+04
 2.81580000e+04 2.47430000e+04 2.17680000e+04 1.87270000e+04
 1.61610000e+04 1.40280000e+04 1.20050000e+04 9.87100000e+03
 8.18600000e+03 6.44200000e+03 5.18600000e+03 3.23000000e+03
 1.77400000e+03 8.05000000e+02 3.18000000e+02 7.30000000e+01
 3.40000000e+01 6.00000000e+00 0.00000000e+00 2.00000000e+00]
