Standard Deviation: 4.251697963282693e-33
Skewness: 28851.580420637256
Kurtosis: 942674142.45348
Median: 0.0
Mean: 1.8588199704312479e-37
Deciles: [0. 0.]
Minimum: 0.0
Maximum: 1.7670484276950664e-28
Bin Edges: [0.00000000e+00 1.76704843e-30 3.53409686e-30 5.30114528e-30
 7.06819371e-30 8.83524214e-30 1.06022906e-29 1.23693390e-29
 1.41363874e-29 1.59034358e-29 1.76704843e-29 1.94375327e-29
 2.12045811e-29 2.29716296e-29 2.47386780e-29 2.65057264e-29
 2.82727748e-29 3.00398233e-29 3.18068717e-29 3.35739201e-29
 3.53409686e-29 3.71080170e-29 3.88750654e-29 4.06421138e-29
 4.24091623e-29 4.41762107e-29 4.59432591e-29 4.77103075e-29
 4.94773560e-29 5.12444044e-29 5.30114528e-29 5.47785013e-29
 5.65455497e-29 5.83125981e-29 6.00796465e-29 6.18466950e-29
 6.36137434e-29 6.53807918e-29 6.71478403e-29 6.89148887e-29
 7.06819371e-29 7.24489855e-29 7.42160340e-29 7.59830824e-29
 7.77501308e-29 7.95171792e-29 8.12842277e-29 8.30512761e-29
 8.48183245e-29 8.65853730e-29 8.83524214e-29 9.01194698e-29
 9.18865182e-29 9.36535667e-29 9.54206151e-29 9.71876635e-29
 9.89547120e-29 1.00721760e-28 1.02488809e-28 1.04255857e-28
 1.06022906e-28 1.07789954e-28 1.09557003e-28 1.11324051e-28
 1.13091099e-28 1.14858148e-28 1.16625196e-28 1.18392245e-28
 1.20159293e-28 1.21926342e-28 1.23693390e-28 1.25460438e-28
 1.27227487e-28 1.28994535e-28 1.30761584e-28 1.32528632e-28
 1.34295681e-28 1.36062729e-28 1.37829777e-28 1.39596826e-28
 1.41363874e-28 1.43130923e-28 1.44897971e-28 1.46665019e-28
 1.48432068e-28 1.50199116e-28 1.51966165e-28 1.53733213e-28
 1.55500262e-28 1.57267310e-28 1.59034358e-28 1.60801407e-28
 1.62568455e-28 1.64335504e-28 1.66102552e-28 1.67869601e-28
 1.69636649e-28 1.71403697e-28 1.73170746e-28 1.74937794e-28
 1.76704843e-28]
Frequencies: [4.54118398e+09 1.00000000e+00 2.00000000e+00 1.00000000e+00
 2.00000000e+00 0.00000000e+00 0.00000000e+00 0.00000000e+00
 1.00000000e+00 0.00000000e+00 0.00000000e+00 0.00000000e+00
 2.00000000e+00 0.00000000e+00 1.00000000e+00 0.00000000e+00
 0.00000000e+00 0.00000000e+00 0.00000000e+00 0.00000000e+00
 0.00000000e+00 0.00000000e+00 0.00000000e+00 0.00000000e+00
 0.00000000e+00 0.00000000e+00 0.00000000e+00 0.00000000e+00
 0.00000000e+00 0.00000000e+00 0.00000000e+00 0.00000000e+00
 0.00000000e+00 0.00000000e+00 0.00000000e+00 0.00000000e+00
 0.00000000e+00 0.00000000e+00 0.00000000e+00 0.00000000e+00
 0.00000000e+00 0.00000000e+00 2.00000000e+00 0.00000000e+00
 0.00000000e+00 0.00000000e+00 1.00000000e+00 0.00000000e+00
 0.00000000e+00 0.00000000e+00 0.00000000e+00 0.00000000e+00
 0.00000000e+00 0.00000000e+00 0.00000000e+00 0.00000000e+00
 0.00000000e+00 3.00000000e+00 0.00000000e+00 0.00000000e+00
 0.00000000e+00 0.00000000e+00 0.00000000e+00 0.00000000e+00
 0.00000000e+00 0.00000000e+00 0.00000000e+00 0.00000000e+00
 0.00000000e+00 0.00000000e+00 0.00000000e+00 0.00000000e+00
 0.00000000e+00 0.00000000e+00 0.00000000e+00 0.00000000e+00
 0.00000000e+00 0.00000000e+00 0.00000000e+00 0.00000000e+00
 0.00000000e+00 0.00000000e+00 0.00000000e+00 0.00000000e+00
 0.00000000e+00 0.00000000e+00 0.00000000e+00 0.00000000e+00
 0.00000000e+00 0.00000000e+00 0.00000000e+00 0.00000000e+00
 0.00000000e+00 0.00000000e+00 0.00000000e+00 0.00000000e+00
 0.00000000e+00 0.00000000e+00 0.00000000e+00 1.00000000e+00]
