Standard Deviation: 1.2313716849545853e-05
Skewness: 6.022115347947893
Kurtosis: 46.39583102217451
Median: 0.0
Mean: 3.0388678632330664e-06
Deciles: [0. 0.]
Minimum: 0.0
Maximum: 0.00047801036088853505
Bin Edges: [0.00000000e+00 4.78010361e-06 9.56020722e-06 1.43403108e-05
 1.91204144e-05 2.39005180e-05 2.86806217e-05 3.34607253e-05
 3.82408289e-05 4.30209325e-05 4.78010361e-05 5.25811397e-05
 5.73612433e-05 6.21413469e-05 6.69214505e-05 7.17015541e-05
 7.64816577e-05 8.12617614e-05 8.60418650e-05 9.08219686e-05
 9.56020722e-05 1.00382176e-04 1.05162279e-04 1.09942383e-04
 1.14722487e-04 1.19502590e-04 1.24282694e-04 1.29062797e-04
 1.33842901e-04 1.38623005e-04 1.43403108e-04 1.48183212e-04
 1.52963315e-04 1.57743419e-04 1.62523523e-04 1.67303626e-04
 1.72083730e-04 1.76863834e-04 1.81643937e-04 1.86424041e-04
 1.91204144e-04 1.95984248e-04 2.00764352e-04 2.05544455e-04
 2.10324559e-04 2.15104662e-04 2.19884766e-04 2.24664870e-04
 2.29444973e-04 2.34225077e-04 2.39005180e-04 2.43785284e-04
 2.48565388e-04 2.53345491e-04 2.58125595e-04 2.62905698e-04
 2.67685802e-04 2.72465906e-04 2.77246009e-04 2.82026113e-04
 2.86806217e-04 2.91586320e-04 2.96366424e-04 3.01146527e-04
 3.05926631e-04 3.10706735e-04 3.15486838e-04 3.20266942e-04
 3.25047045e-04 3.29827149e-04 3.34607253e-04 3.39387356e-04
 3.44167460e-04 3.48947563e-04 3.53727667e-04 3.58507771e-04
 3.63287874e-04 3.68067978e-04 3.72848081e-04 3.77628185e-04
 3.82408289e-04 3.87188392e-04 3.91968496e-04 3.96748600e-04
 4.01528703e-04 4.06308807e-04 4.11088910e-04 4.15869014e-04
 4.20649118e-04 4.25429221e-04 4.30209325e-04 4.34989428e-04
 4.39769532e-04 4.44549636e-04 4.49329739e-04 4.54109843e-04
 4.58889946e-04 4.63670050e-04 4.68450154e-04 4.73230257e-04
 4.78010361e-04]
Frequencies: [4.10354626e+09 8.31416070e+07 6.13702710e+07 4.92492090e+07
 4.04401050e+07 3.33585920e+07 2.74777960e+07 2.26369580e+07
 1.87247180e+07 1.55282570e+07 1.29549110e+07 1.08757360e+07
 9.17722600e+06 7.80260900e+06 6.66771100e+06 5.73301500e+06
 4.94479200e+06 4.29041300e+06 3.74856000e+06 3.30203300e+06
 2.97247900e+06 2.69592200e+06 2.25496700e+06 1.78750400e+06
 1.38238400e+06 1.06833900e+06 8.27445000e+05 6.44529000e+05
 5.06069000e+05 3.99599000e+05 3.17534000e+05 2.52162000e+05
 2.01968000e+05 1.62637000e+05 1.32243000e+05 1.06875000e+05
 8.75700000e+04 7.19600000e+04 5.77880000e+04 4.73560000e+04
 3.90340000e+04 3.25490000e+04 2.66500000e+04 2.17940000e+04
 1.82020000e+04 1.51570000e+04 1.26320000e+04 1.06400000e+04
 8.99300000e+03 7.58800000e+03 6.20400000e+03 5.36300000e+03
 4.62900000e+03 3.78800000e+03 3.27400000e+03 2.86500000e+03
 2.38100000e+03 2.05700000e+03 1.71400000e+03 1.49500000e+03
 1.20700000e+03 1.03400000e+03 9.56000000e+02 8.15000000e+02
 7.13000000e+02 6.09000000e+02 5.52000000e+02 4.87000000e+02
 4.25000000e+02 3.54000000e+02 2.56000000e+02 2.43000000e+02
 2.31000000e+02 1.95000000e+02 1.52000000e+02 1.22000000e+02
 1.15000000e+02 7.20000000e+01 8.50000000e+01 5.10000000e+01
 4.30000000e+01 2.80000000e+01 1.70000000e+01 2.20000000e+01
 1.70000000e+01 1.20000000e+01 8.00000000e+00 9.00000000e+00
 3.00000000e+00 6.00000000e+00 7.00000000e+00 5.00000000e+00
 8.00000000e+00 4.00000000e+00 6.00000000e+00 4.00000000e+00
 5.00000000e+00 3.00000000e+00 2.00000000e+00 2.00000000e+00]
