Standard Deviation: 1.775687153441653e-05
Skewness: 5.6082763643009645
Kurtosis: 37.839261468431495
Median: 0.0
Mean: 4.3183228071616165e-06
Deciles: [0. 0.]
Minimum: 0.0
Maximum: 0.0007333031443732737
Bin Edges: [0.00000000e+00 7.33303144e-06 1.46660629e-05 2.19990943e-05
 2.93321258e-05 3.66651572e-05 4.39981887e-05 5.13312201e-05
 5.86642515e-05 6.59972830e-05 7.33303144e-05 8.06633459e-05
 8.79963773e-05 9.53294088e-05 1.02662440e-04 1.09995472e-04
 1.17328503e-04 1.24661535e-04 1.31994566e-04 1.39327597e-04
 1.46660629e-04 1.53993660e-04 1.61326692e-04 1.68659723e-04
 1.75992755e-04 1.83325786e-04 1.90658818e-04 1.97991849e-04
 2.05324880e-04 2.12657912e-04 2.19990943e-04 2.27323975e-04
 2.34657006e-04 2.41990038e-04 2.49323069e-04 2.56656101e-04
 2.63989132e-04 2.71322163e-04 2.78655195e-04 2.85988226e-04
 2.93321258e-04 3.00654289e-04 3.07987321e-04 3.15320352e-04
 3.22653384e-04 3.29986415e-04 3.37319446e-04 3.44652478e-04
 3.51985509e-04 3.59318541e-04 3.66651572e-04 3.73984604e-04
 3.81317635e-04 3.88650667e-04 3.95983698e-04 4.03316729e-04
 4.10649761e-04 4.17982792e-04 4.25315824e-04 4.32648855e-04
 4.39981887e-04 4.47314918e-04 4.54647950e-04 4.61980981e-04
 4.69314012e-04 4.76647044e-04 4.83980075e-04 4.91313107e-04
 4.98646138e-04 5.05979170e-04 5.13312201e-04 5.20645233e-04
 5.27978264e-04 5.35311295e-04 5.42644327e-04 5.49977358e-04
 5.57310390e-04 5.64643421e-04 5.71976453e-04 5.79309484e-04
 5.86642515e-04 5.93975547e-04 6.01308578e-04 6.08641610e-04
 6.15974641e-04 6.23307673e-04 6.30640704e-04 6.37973736e-04
 6.45306767e-04 6.52639798e-04 6.59972830e-04 6.67305861e-04
 6.74638893e-04 6.81971924e-04 6.89304956e-04 6.96637987e-04
 7.03971019e-04 7.11304050e-04 7.18637081e-04 7.25970113e-04
 7.33303144e-04]
Frequencies: [4.14301419e+09 7.49687480e+07 5.36125500e+07 4.18884960e+07
 3.40085010e+07 2.82076870e+07 2.37560090e+07 2.02280570e+07
 1.74272940e+07 1.51490110e+07 1.32855750e+07 1.17737030e+07
 1.05050420e+07 9.47825700e+06 8.62858000e+06 7.70020100e+06
 6.56995000e+06 5.31504900e+06 4.09826800e+06 3.05782400e+06
 2.24337900e+06 1.63165800e+06 1.19125900e+06 8.67240000e+05
 6.31709000e+05 4.64086000e+05 3.46206000e+05 2.59249000e+05
 1.95420000e+05 1.49132000e+05 1.13795000e+05 8.73990000e+04
 6.78230000e+04 5.21940000e+04 4.06040000e+04 3.21730000e+04
 2.50400000e+04 2.00220000e+04 1.56770000e+04 1.25910000e+04
 1.01430000e+04 8.13800000e+03 6.81600000e+03 5.45100000e+03
 4.54400000e+03 3.82800000e+03 3.30800000e+03 2.79700000e+03
 2.37200000e+03 1.96700000e+03 1.73400000e+03 1.50200000e+03
 1.29600000e+03 1.10500000e+03 1.02300000e+03 8.76000000e+02
 8.56000000e+02 7.48000000e+02 6.48000000e+02 5.85000000e+02
 5.23000000e+02 4.96000000e+02 4.16000000e+02 3.47000000e+02
 3.14000000e+02 3.14000000e+02 2.73000000e+02 2.32000000e+02
 2.19000000e+02 1.69000000e+02 1.59000000e+02 1.57000000e+02
 1.36000000e+02 1.24000000e+02 1.00000000e+02 9.40000000e+01
 8.10000000e+01 7.30000000e+01 6.90000000e+01 5.00000000e+01
 4.70000000e+01 3.60000000e+01 2.20000000e+01 3.20000000e+01
 1.70000000e+01 2.00000000e+01 1.80000000e+01 2.60000000e+01
 1.30000000e+01 6.00000000e+00 6.00000000e+00 3.00000000e+00
 6.00000000e+00 3.00000000e+00 4.00000000e+00 2.00000000e+00
 3.00000000e+00 1.00000000e+00 0.00000000e+00 1.00000000e+00]
