Standard Deviation: 17.909562372821608
Skewness: 0.6952268609314695
Kurtosis: 0.3703685720682346
Median: 10.173320022226369
Mean: 12.809733131789189
Deciles: [-0.69947247 23.84640881]
Minimum: -63.33687167994463
Maximum: 123.9705852899489
Bin Edges: [-63.33687168 -61.46379711 -59.59072254 -57.71764797 -55.8445734
 -53.97149883 -52.09842426 -50.22534969 -48.35227512 -46.47920055
 -44.60612598 -42.73305141 -40.85997684 -38.98690227 -37.1138277
 -35.24075313 -33.36767856 -31.494604   -29.62152943 -27.74845486
 -25.87538029 -24.00230572 -22.12923115 -20.25615658 -18.38308201
 -16.51000744 -14.63693287 -12.7638583  -10.89078373  -9.01770916
  -7.14463459  -5.27156002  -3.39848545  -1.52541088   0.34766369
   2.22073826   4.09381283   5.9668874    7.83996197   9.71303654
  11.58611111  13.45918568  15.33226025  17.20533482  19.07840939
  20.95148396  22.82455853  24.6976331   26.57070767  28.44378224
  30.31685681  32.18993137  34.06300594  35.93608051  37.80915508
  39.68222965  41.55530422  43.42837879  45.30145336  47.17452793
  49.0476025   50.92067707  52.79375164  54.66682621  56.53990078
  58.41297535  60.28604992  62.15912449  64.03219906  65.90527363
  67.7783482   69.65142277  71.52449734  73.39757191  75.27064648
  77.14372105  79.01679562  80.88987019  82.76294476  84.63601933
  86.5090939   88.38216847  90.25524304  92.12831761  94.00139217
  95.87446674  97.74754131  99.62061588 101.49369045 103.36676502
 105.23983959 107.11291416 108.98598873 110.8590633  112.73213787
 114.60521244 116.47828701 118.35136158 120.22443615 122.09751072
 123.97058529]
Frequencies: [8.60000000e+01 3.66000000e+02 8.95000000e+02 2.08300000e+03
 4.06300000e+03 6.83400000e+03 1.20680000e+04 2.05560000e+04
 3.23520000e+04 4.88060000e+04 7.33720000e+04 1.06935000e+05
 1.54834000e+05 2.25004000e+05 3.32069000e+05 4.81406000e+05
 7.03344000e+05 1.03352500e+06 1.53002600e+06 2.31812800e+06
 3.61538300e+06 5.84041900e+06 9.58999400e+06 1.56245170e+07
 2.51569490e+07 3.95263660e+07 5.94826570e+07 8.49445440e+07
 1.13310830e+08 1.41386525e+08 1.65258308e+08 1.82702622e+08
 1.94026297e+08 2.00025601e+08 2.01653954e+08 2.00294410e+08
 1.96832050e+08 1.92281300e+08 1.86907118e+08 1.80969036e+08
 1.74273269e+08 1.67247292e+08 1.59556595e+08 1.51442857e+08
 1.43002361e+08 1.34307362e+08 1.25402737e+08 1.16422811e+08
 1.07498891e+08 9.87124730e+07 9.01882660e+07 8.18506470e+07
 7.40041240e+07 6.66051480e+07 5.96069790e+07 5.30791140e+07
 4.70521470e+07 4.15054130e+07 3.64519960e+07 3.18291750e+07
 2.76275440e+07 2.39126410e+07 2.05463420e+07 1.75505330e+07
 1.49353240e+07 1.26300770e+07 1.06419830e+07 8.89933300e+06
 7.37722900e+06 6.08363900e+06 4.98636600e+06 4.08068100e+06
 3.30446200e+06 2.66668100e+06 2.12500500e+06 1.68443200e+06
 1.33524700e+06 1.05053000e+06 8.17779000e+05 6.27846000e+05
 4.75521000e+05 3.54088000e+05 2.65260000e+05 2.01219000e+05
 1.46579000e+05 1.05516000e+05 7.34390000e+04 4.96490000e+04
 3.29700000e+04 2.01630000e+04 1.02190000e+04 4.77900000e+03
 2.60500000e+03 1.43000000e+03 6.64000000e+02 4.12000000e+02
 2.63000000e+02 1.86000000e+02 5.10000000e+01 2.40000000e+01]
