Standard Deviation: 1.4100295919863584e-07
Skewness: 8.36769383448582
Kurtosis: 103.93370622639162
Median: 2.954032281813781e-11
Mean: 3.366476921792223e-08
Deciles: [0.00000000e+00 7.45011129e-09]
Minimum: 0.0
Maximum: 9.390267861598626e-06
Bin Edges: [0.00000000e+00 9.39026786e-08 1.87805357e-07 2.81708036e-07
 3.75610714e-07 4.69513393e-07 5.63416072e-07 6.57318750e-07
 7.51221429e-07 8.45124108e-07 9.39026786e-07 1.03292946e-06
 1.12683214e-06 1.22073482e-06 1.31463750e-06 1.40854018e-06
 1.50244286e-06 1.59634554e-06 1.69024822e-06 1.78415089e-06
 1.87805357e-06 1.97195625e-06 2.06585893e-06 2.15976161e-06
 2.25366429e-06 2.34756697e-06 2.44146964e-06 2.53537232e-06
 2.62927500e-06 2.72317768e-06 2.81708036e-06 2.91098304e-06
 3.00488572e-06 3.09878839e-06 3.19269107e-06 3.28659375e-06
 3.38049643e-06 3.47439911e-06 3.56830179e-06 3.66220447e-06
 3.75610714e-06 3.85000982e-06 3.94391250e-06 4.03781518e-06
 4.13171786e-06 4.22562054e-06 4.31952322e-06 4.41342589e-06
 4.50732857e-06 4.60123125e-06 4.69513393e-06 4.78903661e-06
 4.88293929e-06 4.97684197e-06 5.07074465e-06 5.16464732e-06
 5.25855000e-06 5.35245268e-06 5.44635536e-06 5.54025804e-06
 5.63416072e-06 5.72806340e-06 5.82196607e-06 5.91586875e-06
 6.00977143e-06 6.10367411e-06 6.19757679e-06 6.29147947e-06
 6.38538215e-06 6.47928482e-06 6.57318750e-06 6.66709018e-06
 6.76099286e-06 6.85489554e-06 6.94879822e-06 7.04270090e-06
 7.13660357e-06 7.23050625e-06 7.32440893e-06 7.41831161e-06
 7.51221429e-06 7.60611697e-06 7.70001965e-06 7.79392233e-06
 7.88782500e-06 7.98172768e-06 8.07563036e-06 8.16953304e-06
 8.26343572e-06 8.35733840e-06 8.45124108e-06 8.54514375e-06
 8.63904643e-06 8.73294911e-06 8.82685179e-06 8.92075447e-06
 9.01465715e-06 9.10855983e-06 9.20246250e-06 9.29636518e-06
 9.39026786e-06]
Frequencies: [4.21669374e+09 1.21114738e+08 5.70818330e+07 3.52396540e+07
 2.45098240e+07 1.82319590e+07 1.40994530e+07 1.11342290e+07
 8.88674000e+06 7.11247400e+06 5.68364400e+06 4.52552800e+06
 3.59162600e+06 2.83375000e+06 2.23103400e+06 1.74569900e+06
 1.35976900e+06 1.06038500e+06 8.25864000e+05 6.43349000e+05
 5.03751000e+05 3.94348000e+05 3.11438000e+05 2.46190000e+05
 1.97214000e+05 1.57493000e+05 1.27363000e+05 1.03754000e+05
 8.49190000e+04 6.95160000e+04 5.75380000e+04 4.79820000e+04
 4.01910000e+04 3.38950000e+04 2.88830000e+04 2.46830000e+04
 2.09990000e+04 1.81060000e+04 1.52840000e+04 1.32360000e+04
 1.13600000e+04 9.80800000e+03 8.58600000e+03 7.17500000e+03
 6.10300000e+03 5.30700000e+03 4.65500000e+03 3.90900000e+03
 3.59900000e+03 2.82300000e+03 2.52700000e+03 2.20200000e+03
 1.82500000e+03 1.67900000e+03 1.37400000e+03 1.18300000e+03
 1.00500000e+03 9.36000000e+02 7.95000000e+02 6.66000000e+02
 6.17000000e+02 5.32000000e+02 4.73000000e+02 3.93000000e+02
 3.11000000e+02 3.17000000e+02 2.81000000e+02 2.35000000e+02
 1.93000000e+02 1.95000000e+02 1.44000000e+02 1.16000000e+02
 1.11000000e+02 9.30000000e+01 6.40000000e+01 5.40000000e+01
 4.70000000e+01 4.40000000e+01 3.70000000e+01 2.60000000e+01
 2.60000000e+01 2.00000000e+01 1.10000000e+01 2.30000000e+01
 1.10000000e+01 1.30000000e+01 3.00000000e+00 5.00000000e+00
 2.00000000e+00 0.00000000e+00 2.00000000e+00 2.00000000e+00
 1.00000000e+00 2.00000000e+00 0.00000000e+00 0.00000000e+00
 2.00000000e+00 1.00000000e+00 0.00000000e+00 1.00000000e+00]
