Standard Deviation: 0.32241086125934104
Skewness: 0.9252399933855876
Kurtosis: -0.6321616451695786
Median: 0.007274316361963947
Mean: 0.25024301691390444
Deciles: [0.         0.50089265]
Minimum: -4.630737503178866e-16
Maximum: 0.9997240756933521
Bin Edges: [-4.63073750e-16  9.99724076e-03  1.99944815e-02  2.99917223e-02
  3.99889630e-02  4.99862038e-02  5.99834445e-02  6.99806853e-02
  7.99779261e-02  8.99751668e-02  9.99724076e-02  1.09969648e-01
  1.19966889e-01  1.29964130e-01  1.39961371e-01  1.49958611e-01
  1.59955852e-01  1.69953093e-01  1.79950334e-01  1.89947574e-01
  1.99944815e-01  2.09942056e-01  2.19939297e-01  2.29936537e-01
  2.39933778e-01  2.49931019e-01  2.59928260e-01  2.69925500e-01
  2.79922741e-01  2.89919982e-01  2.99917223e-01  3.09914463e-01
  3.19911704e-01  3.29908945e-01  3.39906186e-01  3.49903426e-01
  3.59900667e-01  3.69897908e-01  3.79895149e-01  3.89892390e-01
  3.99889630e-01  4.09886871e-01  4.19884112e-01  4.29881353e-01
  4.39878593e-01  4.49875834e-01  4.59873075e-01  4.69870316e-01
  4.79867556e-01  4.89864797e-01  4.99862038e-01  5.09859279e-01
  5.19856519e-01  5.29853760e-01  5.39851001e-01  5.49848242e-01
  5.59845482e-01  5.69842723e-01  5.79839964e-01  5.89837205e-01
  5.99834445e-01  6.09831686e-01  6.19828927e-01  6.29826168e-01
  6.39823408e-01  6.49820649e-01  6.59817890e-01  6.69815131e-01
  6.79812371e-01  6.89809612e-01  6.99806853e-01  7.09804094e-01
  7.19801334e-01  7.29798575e-01  7.39795816e-01  7.49793057e-01
  7.59790298e-01  7.69787538e-01  7.79784779e-01  7.89782020e-01
  7.99779261e-01  8.09776501e-01  8.19773742e-01  8.29770983e-01
  8.39768224e-01  8.49765464e-01  8.59762705e-01  8.69759946e-01
  8.79757187e-01  8.89754427e-01  8.99751668e-01  9.09748909e-01
  9.19746150e-01  9.29743390e-01  9.39740631e-01  9.49737872e-01
  9.59735113e-01  9.69732353e-01  9.79729594e-01  9.89726835e-01
  9.99724076e-01]
Frequencies: [2.28124639e+09 3.09575440e+07 2.52202560e+07 2.30461120e+07
 2.26037200e+07 2.24372400e+07 2.24658080e+07 2.24484960e+07
 2.25903840e+07 2.24948880e+07 2.25023360e+07 2.25044880e+07
 2.24922080e+07 2.25893600e+07 2.24779760e+07 2.25679280e+07
 2.25965520e+07 2.25252640e+07 2.26327600e+07 2.25510160e+07
 2.25584000e+07 2.26298400e+07 2.26087360e+07 2.26897440e+07
 2.25632720e+07 2.26634320e+07 2.26690480e+07 2.26759680e+07
 2.27013040e+07 2.26865120e+07 2.27353920e+07 2.26553360e+07
 2.28016080e+07 2.27685200e+07 2.27272000e+07 2.27614560e+07
 2.27990640e+07 2.28342960e+07 2.27758400e+07 2.28366480e+07
 2.28060160e+07 2.28805680e+07 2.28039680e+07 2.28688880e+07
 2.28126160e+07 2.28826160e+07 2.28562800e+07 2.28298320e+07
 2.28923040e+07 2.28151680e+07 2.28641840e+07 2.28690800e+07
 2.28704320e+07 2.28137360e+07 2.29247280e+07 2.28309040e+07
 2.28580880e+07 2.28928400e+07 2.28069680e+07 2.29075280e+07
 2.28567120e+07 2.28754400e+07 2.28288320e+07 2.28781600e+07
 2.28146960e+07 2.28983680e+07 2.28373360e+07 2.28816400e+07
 2.28477040e+07 2.28480880e+07 2.28568320e+07 2.28517040e+07
 2.29068560e+07 2.27625200e+07 2.28915440e+07 2.28583600e+07
 2.28570560e+07 2.28538320e+07 2.27770880e+07 2.28613120e+07
 2.28572320e+07 2.28069920e+07 2.28260960e+07 2.28056400e+07
 2.27858160e+07 2.28485440e+07 2.27460560e+07 2.27700720e+07
 2.27466880e+07 2.26696480e+07 2.26951840e+07 2.26555360e+07
 2.25864320e+07 2.25277840e+07 2.24739040e+07 2.24161920e+07
 2.22848800e+07 2.22299920e+07 2.21875040e+07 2.20406400e+07]
