Standard Deviation: 0.17166575762299469
Skewness: 5.260860618179848
Kurtosis: 26.274926077923105
Median: 0.0
Mean: 0.03500249375628192
Deciles: [0. 0.]
Minimum: 0.0
Maximum: 1.1566905230906834
Bin Edges: [0.         0.01156691 0.02313381 0.03470072 0.04626762 0.05783453
 0.06940143 0.08096834 0.09253524 0.10410215 0.11566905 0.12723596
 0.13880286 0.15036977 0.16193667 0.17350358 0.18507048 0.19663739
 0.20820429 0.2197712  0.2313381  0.24290501 0.25447192 0.26603882
 0.27760573 0.28917263 0.30073954 0.31230644 0.32387335 0.33544025
 0.34700716 0.35857406 0.37014097 0.38170787 0.39327478 0.40484168
 0.41640859 0.42797549 0.4395424  0.4511093  0.46267621 0.47424311
 0.48581002 0.49737692 0.50894383 0.52051074 0.53207764 0.54364455
 0.55521145 0.56677836 0.57834526 0.58991217 0.60147907 0.61304598
 0.62461288 0.63617979 0.64774669 0.6593136  0.6708805  0.68244741
 0.69401431 0.70558122 0.71714812 0.72871503 0.74028193 0.75184884
 0.76341575 0.77498265 0.78654956 0.79811646 0.80968337 0.82125027
 0.83281718 0.84438408 0.85595099 0.86751789 0.8790848  0.8906517
 0.90221861 0.91378551 0.92535242 0.93691932 0.94848623 0.96005313
 0.97162004 0.98318694 0.99475385 1.00632076 1.01788766 1.02945457
 1.04102147 1.05258838 1.06415528 1.07572219 1.08728909 1.098856
 1.1104229  1.12198981 1.13355671 1.14512362 1.15669052]
Frequencies: [4.20394148e+09 2.19237240e+07 1.70354250e+07 1.53170020e+07
 1.42055180e+07 1.32691880e+07 1.24882870e+07 1.16923480e+07
 1.07369650e+07 9.81731300e+06 8.96797800e+06 7.99538900e+06
 7.08442500e+06 6.16788400e+06 5.26203400e+06 4.53944800e+06
 3.90860200e+06 3.40928500e+06 2.87771500e+06 2.48481200e+06
 2.15798100e+06 1.83742100e+06 1.60668100e+06 1.39267900e+06
 1.20776200e+06 1.07787600e+06 9.45691000e+05 8.46989000e+05
 6.97089000e+05 6.37736000e+05 5.77520000e+05 5.25063000e+05
 4.96562000e+05 4.63361000e+05 4.37414000e+05 3.95278000e+05
 3.83449000e+05 3.87491000e+05 3.62233000e+05 3.77403000e+05
 3.17259000e+05 3.32893000e+05 3.01419000e+05 2.86028000e+05
 2.73097000e+05 2.65788000e+05 2.44369000e+05 2.25514000e+05
 2.07436000e+05 2.46835000e+05 2.21012000e+05 2.19500000e+05
 2.02960000e+05 2.06828000e+05 1.92184000e+05 1.98349000e+05
 2.14596000e+05 2.15209000e+05 1.89589000e+05 1.90873000e+05
 1.97179000e+05 2.02373000e+05 1.94367000e+05 1.84422000e+05
 2.00318000e+05 1.84941000e+05 1.65646000e+05 1.87695000e+05
 1.67534000e+05 1.85787000e+05 2.12483000e+05 1.99709000e+05
 2.34706000e+05 3.14316000e+05 3.36835000e+05 3.07963000e+05
 2.81745000e+05 3.51448000e+05 3.79979000e+05 4.68776000e+05
 8.82293000e+05 9.77419000e+05 1.07835800e+06 1.48654000e+06
 3.41935800e+06 8.30470900e+06 1.14377316e+08 5.97619000e+05
 1.79529000e+05 6.49670000e+04 4.22490000e+04 2.19280000e+04
 1.30180000e+04 1.58600000e+04 1.59340000e+04 1.27320000e+04
 5.45500000e+03 1.05160000e+04 1.72770000e+04 1.24670000e+04]
