Standard Deviation: 77.81097076039288
Skewness: -0.8687427245462835
Kurtosis: 1.3099628947625082
Median: 421.9548908916133
Mean: 402.6739115945894
Deciles: [355.61889971 459.86990396]
Minimum: 67.58419881630954
Maximum: 793.3867037503621
Bin Edges: [ 67.58419882  74.84222387  82.10024891  89.35827396  96.61629901
 103.87432406 111.13234911 118.39037416 125.64839921 132.90642426
 140.16444931 147.42247436 154.68049941 161.93852446 169.19654951
 176.45457456 183.71259961 190.97062466 198.2286497  205.48667475
 212.7446998  220.00272485 227.2607499  234.51877495 241.7768
 249.03482505 256.2928501  263.55087515 270.8089002  278.06692525
 285.3249503  292.58297535 299.8410004  307.09902544 314.35705049
 321.61507554 328.87310059 336.13112564 343.38915069 350.64717574
 357.90520079 365.16322584 372.42125089 379.67927594 386.93730099
 394.19532604 401.45335109 408.71137614 415.96940118 423.22742623
 430.48545128 437.74347633 445.00150138 452.25952643 459.51755148
 466.77557653 474.03360158 481.29162663 488.54965168 495.80767673
 503.06570178 510.32372683 517.58175188 524.83977692 532.09780197
 539.35582702 546.61385207 553.87187712 561.12990217 568.38792722
 575.64595227 582.90397732 590.16200237 597.42002742 604.67805247
 611.93607752 619.19410257 626.45212762 633.71015266 640.96817771
 648.22620276 655.48422781 662.74225286 670.00027791 677.25830296
 684.51632801 691.77435306 699.03237811 706.29040316 713.54842821
 720.80645326 728.06447831 735.32250336 742.5805284  749.83855345
 757.0965785  764.35460355 771.6126286  778.87065365 786.1286787
 793.38670375]
Frequencies: [2.50300000e+03 4.80000000e+04 3.14735000e+05 1.06237900e+06
 2.09025400e+06 2.99463700e+06 3.60986200e+06 3.94870900e+06
 4.15989000e+06 4.42435300e+06 4.89129300e+06 5.72601100e+06
 7.15029600e+06 9.07211000e+06 1.12295500e+07 1.33150150e+07
 1.50786390e+07 1.62920000e+07 1.70340480e+07 1.74147190e+07
 1.75849370e+07 1.75986250e+07 1.75193480e+07 1.75725080e+07
 1.78478870e+07 1.82798410e+07 1.90004620e+07 2.00170030e+07
 2.13352210e+07 2.33958290e+07 2.67828650e+07 3.23518770e+07
 4.27727070e+07 8.45142360e+07 1.33051206e+08 1.06038351e+08
 9.81224940e+07 1.00724274e+08 1.05539983e+08 1.10077898e+08
 1.13504572e+08 1.13049589e+08 1.12673751e+08 1.13514300e+08
 1.15925167e+08 1.23850267e+08 1.33845090e+08 1.46012178e+08
 1.56445336e+08 1.70979699e+08 1.89740711e+08 2.08096293e+08
 2.34991577e+08 2.87685522e+08 3.46993670e+08 3.75185674e+08
 2.09687269e+08 3.17985300e+07 2.47918400e+07 2.05554620e+07
 1.72113460e+07 1.46185780e+07 1.26354520e+07 1.11518370e+07
 1.00286210e+07 9.12449600e+06 8.32372500e+06 7.57459400e+06
 6.84270600e+06 6.17809200e+06 5.56017400e+06 4.99934400e+06
 4.48181300e+06 3.98934800e+06 3.51521700e+06 3.06681800e+06
 2.64238500e+06 2.24227600e+06 1.86873600e+06 1.52452000e+06
 1.21628300e+06 9.35119000e+05 6.93493000e+05 4.95284000e+05
 3.43018000e+05 2.28180000e+05 1.47361000e+05 9.29210000e+04
 5.71480000e+04 3.51300000e+04 2.11570000e+04 1.22250000e+04
 7.01400000e+03 3.51200000e+03 1.68100000e+03 8.24000000e+02
 3.71000000e+02 8.70000000e+01 4.60000000e+01 1.60000000e+01]
