Standard Deviation: 0.44949039769790744
Skewness: -0.7268547266254451
Kurtosis: -1.4004873440067134
Median: 0.9999999999999998
Mean: 0.6715381764347865
Deciles: [0.00741674 1.        ]
Minimum: 0.0
Maximum: 1.0000000000000009
Bin Edges: [0.   0.01 0.02 0.03 0.04 0.05 0.06 0.07 0.08 0.09 0.1  0.11 0.12 0.13
 0.14 0.15 0.16 0.17 0.18 0.19 0.2  0.21 0.22 0.23 0.24 0.25 0.26 0.27
 0.28 0.29 0.3  0.31 0.32 0.33 0.34 0.35 0.36 0.37 0.38 0.39 0.4  0.41
 0.42 0.43 0.44 0.45 0.46 0.47 0.48 0.49 0.5  0.51 0.52 0.53 0.54 0.55
 0.56 0.57 0.58 0.59 0.6  0.61 0.62 0.63 0.64 0.65 0.66 0.67 0.68 0.69
 0.7  0.71 0.72 0.73 0.74 0.75 0.76 0.77 0.78 0.79 0.8  0.81 0.82 0.83
 0.84 0.85 0.86 0.87 0.88 0.89 0.9  0.91 0.92 0.93 0.94 0.95 0.96 0.97
 0.98 0.99 1.  ]
Frequencies: [1.14290657e+09 2.63402580e+07 2.29548480e+07 2.20759400e+07
 2.00491780e+07 1.66895100e+07 1.72515960e+07 1.28858300e+07
 1.13399820e+07 1.03103560e+07 9.31985800e+06 8.07267000e+06
 6.72545600e+06 5.97599400e+06 7.06577200e+06 5.86932600e+06
 5.41294600e+06 4.95606800e+06 5.94102600e+06 5.14761400e+06
 3.95888600e+06 5.23989800e+06 4.33263200e+06 4.64777400e+06
 4.89616800e+06 4.40837200e+06 4.53033800e+06 3.56292400e+06
 4.74065400e+06 4.88158800e+06 5.18181000e+06 3.19731800e+06
 3.01335200e+06 4.17257000e+06 3.16919000e+06 3.56931400e+06
 4.46942800e+06 5.78010800e+06 4.59444800e+06 3.29504600e+06
 3.17064000e+06 5.48741400e+06 4.23089800e+06 3.65659000e+06
 4.03844200e+06 4.46720800e+06 3.39292400e+06 4.48533200e+06
 2.95584600e+06 2.93816200e+06 4.36635800e+06 3.85848400e+06
 4.19925400e+06 2.97521600e+06 3.31082000e+06 4.34147200e+06
 4.79326000e+06 4.44621600e+06 3.15313800e+06 4.36888600e+06
 3.23527800e+06 4.54882000e+06 4.17095800e+06 4.99720000e+06
 3.30410000e+06 3.97245000e+06 3.74783400e+06 3.55743400e+06
 4.84675400e+06 6.14585400e+06 4.75010600e+06 3.78216600e+06
 5.37689200e+06 3.87085800e+06 4.78705600e+06 5.13233800e+06
 5.16299200e+06 4.33421600e+06 5.14137800e+06 5.57532400e+06
 6.28477400e+06 4.74827800e+06 6.23829800e+06 5.90737800e+06
 4.86789200e+06 5.39440800e+06 7.89948200e+06 8.10718600e+06
 7.46282200e+06 8.44565000e+06 8.69651000e+06 8.13135000e+06
 1.09987040e+07 9.81399800e+06 9.73699600e+06 1.45263040e+07
 1.81416160e+07 1.61053200e+07 2.16496220e+07 2.73601823e+09]
