Standard Deviation: 122.74231887954635
Skewness: 1.8003167330322976
Kurtosis: 2.2172926923149125
Median: 5.774065670543326e-26
Mean: 70.29258349633832
Deciles: [ 0.        93.9254683]
Minimum: 0.0
Maximum: 682.8347962007708
Bin Edges: [  0.           6.82834796  13.65669592  20.48504389  27.31339185
  34.14173981  40.97008777  47.79843573  54.6267837   61.45513166
  68.28347962  75.11182758  81.94017554  88.76852351  95.59687147
 102.42521943 109.25356739 116.08191535 122.91026332 129.73861128
 136.56695924 143.3953072  150.22365516 157.05200313 163.88035109
 170.70869905 177.53704701 184.36539497 191.19374294 198.0220909
 204.85043886 211.67878682 218.50713478 225.33548275 232.16383071
 238.99217867 245.82052663 252.64887459 259.47722256 266.30557052
 273.13391848 279.96226644 286.7906144  293.61896237 300.44731033
 307.27565829 314.10400625 320.93235421 327.76070218 334.58905014
 341.4173981  348.24574606 355.07409402 361.90244199 368.73078995
 375.55913791 382.38748587 389.21583383 396.0441818  402.87252976
 409.70087772 416.52922568 423.35757364 430.18592161 437.01426957
 443.84261753 450.67096549 457.49931345 464.32766142 471.15600938
 477.98435734 484.8127053  491.64105326 498.46940123 505.29774919
 512.12609715 518.95444511 525.78279307 532.61114104 539.439489
 546.26783696 553.09618492 559.92453288 566.75288085 573.58122881
 580.40957677 587.23792473 594.06627269 600.89462066 607.72296862
 614.55131658 621.37966454 628.2080125  635.03636047 641.86470843
 648.69305639 655.52140435 662.34975231 669.17810028 676.00644824
 682.8347962 ]
Frequencies: [2.77727576e+09 9.43019170e+07 7.15748130e+07 6.05267410e+07
 5.37617630e+07 4.90562260e+07 4.55637120e+07 4.27773250e+07
 4.05008500e+07 3.85809610e+07 3.69557880e+07 3.55386340e+07
 3.43013990e+07 3.31989720e+07 3.22190530e+07 3.13350960e+07
 3.05052630e+07 2.97692870e+07 2.90825360e+07 2.84426650e+07
 2.78423360e+07 2.72722670e+07 2.67458690e+07 2.62667200e+07
 2.58081700e+07 2.53599430e+07 2.49332220e+07 2.45386380e+07
 2.41466410e+07 2.37863930e+07 2.34111100e+07 2.30639220e+07
 2.27329770e+07 2.24011140e+07 2.20646180e+07 2.17607900e+07
 2.14287910e+07 2.11314390e+07 2.08227370e+07 2.05098020e+07
 2.01838760e+07 1.98623320e+07 1.95381160e+07 1.92200960e+07
 1.88853430e+07 1.85560200e+07 1.82138370e+07 1.78610820e+07
 1.75134540e+07 1.71548240e+07 1.67869050e+07 1.64049110e+07
 1.60122790e+07 1.56124010e+07 1.52000510e+07 1.47533680e+07
 1.42995890e+07 1.38251300e+07 1.33413990e+07 1.28270980e+07
 1.22974090e+07 1.17627380e+07 1.12046820e+07 1.06503730e+07
 1.00905470e+07 9.53586300e+06 8.97234300e+06 8.38439800e+06
 7.74591600e+06 7.02644500e+06 6.25745500e+06 5.52430400e+06
 4.82722800e+06 4.17634100e+06 3.56888900e+06 2.99400800e+06
 2.43247000e+06 1.90859800e+06 1.43883500e+06 1.03901500e+06
 7.16320000e+05 4.74620000e+05 3.01323000e+05 1.86484000e+05
 1.13454000e+05 6.95500000e+04 4.52240000e+04 2.92270000e+04
 1.92120000e+04 1.29160000e+04 9.23500000e+03 6.75000000e+03
 4.95700000e+03 3.60300000e+03 2.44600000e+03 1.38700000e+03
 6.77000000e+02 3.01000000e+02 7.40000000e+01 1.70000000e+01]
