Standard Deviation: 114.1140499708591
Skewness: 1.8845026719533526
Kurtosis: 2.5455219603174797
Median: 1.9366917182528616e-28
Mean: 63.41291646252636
Deciles: [ 0.         77.49129345]
Minimum: 0.0
Maximum: 551.7706773177295
Bin Edges: [  0.           5.51770677  11.03541355  16.55312032  22.07082709
  27.58853387  33.10624064  38.62394741  44.14165419  49.65936096
  55.17706773  60.6947745   66.21248128  71.73018805  77.24789482
  82.7656016   88.28330837  93.80101514  99.31872192 104.83642869
 110.35413546 115.87184224 121.38954901 126.90725578 132.42496256
 137.94266933 143.4603761  148.97808288 154.49578965 160.01349642
 165.5312032  171.04890997 176.56661674 182.08432351 187.60203029
 193.11973706 198.63744383 204.15515061 209.67285738 215.19056415
 220.70827093 226.2259777  231.74368447 237.26139125 242.77909802
 248.29680479 253.81451157 259.33221834 264.84992511 270.36763189
 275.88533866 281.40304543 286.92075221 292.43845898 297.95616575
 303.47387252 308.9915793  314.50928607 320.02699284 325.54469962
 331.06240639 336.58011316 342.09781994 347.61552671 353.13323348
 358.65094026 364.16864703 369.6863538  375.20406058 380.72176735
 386.23947412 391.7571809  397.27488767 402.79259444 408.31030122
 413.82800799 419.34571476 424.86342153 430.38112831 435.89883508
 441.41654185 446.93424863 452.4519554  457.96966217 463.48736895
 469.00507572 474.52278249 480.04048927 485.55819604 491.07590281
 496.59360959 502.11131636 507.62902313 513.14672991 518.66443668
 524.18214345 529.69985023 535.217557   540.73526377 546.25297054
 551.77067732]
Frequencies: [2.80462053e+09 9.46888880e+07 7.03640020e+07 5.83959450e+07
 5.10707920e+07 4.60075120e+07 4.22522980e+07 3.93344320e+07
 3.70070260e+07 3.50596400e+07 3.34079390e+07 3.19877470e+07
 3.07510290e+07 2.96543000e+07 2.86741050e+07 2.78133290e+07
 2.69989510e+07 2.62740800e+07 2.56138920e+07 2.49932430e+07
 2.44255400e+07 2.39031240e+07 2.33996630e+07 2.29449470e+07
 2.25050520e+07 2.20904960e+07 2.17000540e+07 2.13376190e+07
 2.09880200e+07 2.06508990e+07 2.03305940e+07 2.00221310e+07
 1.97364160e+07 1.94359150e+07 1.91686570e+07 1.89004130e+07
 1.86405780e+07 1.83805310e+07 1.81365430e+07 1.78875850e+07
 1.76450580e+07 1.74201200e+07 1.71992190e+07 1.69666990e+07
 1.67510520e+07 1.65308420e+07 1.63080010e+07 1.60843780e+07
 1.58642180e+07 1.56524960e+07 1.54166900e+07 1.52011410e+07
 1.49618540e+07 1.47395150e+07 1.45002070e+07 1.42690850e+07
 1.40136410e+07 1.37704710e+07 1.35129440e+07 1.32462880e+07
 1.29842070e+07 1.27115580e+07 1.24448660e+07 1.21665410e+07
 1.18785420e+07 1.15757420e+07 1.12917550e+07 1.09931050e+07
 1.06854700e+07 1.03808330e+07 1.00566740e+07 9.73328400e+06
 9.40309000e+06 9.07226100e+06 8.73527900e+06 8.39181600e+06
 8.03853100e+06 7.67364800e+06 7.32308700e+06 6.96015800e+06
 6.59844400e+06 6.23492500e+06 5.88647900e+06 5.51135500e+06
 5.16938500e+06 4.79228400e+06 4.31451700e+06 3.56637100e+06
 2.49548100e+06 1.69122000e+06 1.19462600e+06 8.35981000e+05
 4.74556000e+05 1.88118000e+05 6.77920000e+04 2.48010000e+04
 1.42410000e+04 8.36800000e+03 5.25700000e+03 9.72000000e+02]
