Standard Deviation: 75.45112616735118
Skewness: -1.0508445280437386
Kurtosis: 1.0249849672193063
Median: 360.7816783381271
Mean: 347.4449431649255
Deciles: [305.94837593 407.99924324]
Minimum: 39.34127560758941
Maximum: 566.1519655646746
Bin Edges: [ 39.34127561  44.60938251  49.87748941  55.14559631  60.41370321
  65.68181011  70.94991701  76.2180239   81.4861308   86.7542377
  92.0223446   97.2904515  102.5585584  107.8266653  113.0947722
 118.3628791  123.630986   128.8990929  134.1671998  139.4353067
 144.7034136  149.9715205  155.2396274  160.5077343  165.7758412
 171.0439481  176.312055   181.5801619  186.8482688  192.1163757
 197.38448259 202.65258949 207.92069639 213.18880329 218.45691019
 223.72501709 228.99312399 234.26123089 239.52933779 244.79744469
 250.06555159 255.33365849 260.60176539 265.86987229 271.13797919
 276.40608609 281.67419299 286.94229989 292.21040679 297.47851369
 302.74662059 308.01472749 313.28283439 318.55094128 323.81904818
 329.08715508 334.35526198 339.62336888 344.89147578 350.15958268
 355.42768958 360.69579648 365.96390338 371.23201028 376.50011718
 381.76822408 387.03633098 392.30443788 397.57254478 402.84065168
 408.10875858 413.37686548 418.64497238 423.91307928 429.18118618
 434.44929308 439.71739997 444.98550687 450.25361377 455.52172067
 460.78982757 466.05793447 471.32604137 476.59414827 481.86225517
 487.13036207 492.39846897 497.66657587 502.93468277 508.20278967
 513.47089657 518.73900347 524.00711037 529.27521727 534.54332417
 539.81143107 545.07953797 550.34764487 555.61575177 560.88385867
 566.15196556]
Frequencies: [1.08700000e+04 1.29750000e+05 5.97683000e+05 1.45741700e+06
 2.49726500e+06 3.23850000e+06 3.70266000e+06 4.01674400e+06
 4.12094700e+06 4.17519400e+06 4.27114200e+06 4.49116200e+06
 5.00162500e+06 5.78452700e+06 6.77518100e+06 8.10504800e+06
 9.66335100e+06 1.11139110e+07 1.22910580e+07 1.30822920e+07
 1.36094430e+07 1.37586640e+07 1.35975160e+07 1.34230390e+07
 1.32745660e+07 1.30608530e+07 1.29182630e+07 1.28716420e+07
 1.29559090e+07 1.31833520e+07 1.35224240e+07 1.40409540e+07
 1.46849570e+07 1.57006110e+07 1.71878730e+07 1.94185020e+07
 2.25093940e+07 2.64058270e+07 3.09876720e+07 3.58765220e+07
 4.08516910e+07 4.57603300e+07 5.05787000e+07 5.52251270e+07
 5.98900450e+07 6.46472440e+07 6.97297410e+07 7.51937730e+07
 8.11080910e+07 8.77616350e+07 9.56236740e+07 1.07116461e+08
 1.20537380e+08 1.10964661e+08 1.07058493e+08 1.06243593e+08
 1.06766999e+08 1.07639636e+08 1.08720934e+08 1.09623778e+08
 1.10229779e+08 1.11093835e+08 1.12525163e+08 1.14693467e+08
 1.18107461e+08 1.23033821e+08 1.29478361e+08 1.36780578e+08
 1.44047905e+08 1.50533996e+08 1.56643039e+08 1.62385838e+08
 1.67042907e+08 1.68808658e+08 1.62082532e+08 1.44121856e+08
 1.02066541e+08 4.33901390e+07 1.27677020e+07 4.85109000e+06
 2.71364300e+06 1.78739000e+06 1.20649800e+06 8.08861000e+05
 5.31062000e+05 3.42554000e+05 2.14007000e+05 1.32531000e+05
 8.15340000e+04 5.07580000e+04 3.19640000e+04 1.94790000e+04
 1.14100000e+04 6.27200000e+03 3.00500000e+03 1.38100000e+03
 4.87000000e+02 1.48000000e+02 4.10000000e+01 1.10000000e+01]
