Standard Deviation: 32.31151039781709
Skewness: 2.5489878469320555
Kurtosis: 7.055641797877081
Median: 0.7009814530515359
Mean: 17.44071498821466
Deciles: [ 0.        20.2061009]
Minimum: 0.0
Maximum: 362.4959027007257
Bin Edges: [  0.           3.62495903   7.24991805  10.87487708  14.49983611
  18.12479514  21.74975416  25.37471319  28.99967222  32.62463124
  36.24959027  39.8745493   43.49950832  47.12446735  50.74942638
  54.37438541  57.99934443  61.62430346  65.24926249  68.87422151
  72.49918054  76.12413957  79.74909859  83.37405762  86.99901665
  90.62397568  94.2489347   97.87389373 101.49885276 105.12381178
 108.74877081 112.37372984 115.99868886 119.62364789 123.24860692
 126.87356595 130.49852497 134.123484   137.74844303 141.37340205
 144.99836108 148.62332011 152.24827913 155.87323816 159.49819719
 163.12315622 166.74811524 170.37307427 173.9980333  177.62299232
 181.24795135 184.87291038 188.4978694  192.12282843 195.74778746
 199.37274649 202.99770551 206.62266454 210.24762357 213.87258259
 217.49754162 221.12250065 224.74745967 228.3724187  231.99737773
 235.62233676 239.24729578 242.87225481 246.49721384 250.12217286
 253.74713189 257.37209092 260.99704994 264.62200897 268.246968
 271.87192703 275.49688605 279.12184508 282.74680411 286.37176313
 289.99672216 293.62168119 297.24664021 300.87159924 304.49655827
 308.1215173  311.74647632 315.37143535 318.99639438 322.6213534
 326.24631243 329.87127146 333.49623048 337.12118951 340.74614854
 344.37110757 347.99606659 351.62102562 355.24598465 358.87094367
 362.4959027 ]
Frequencies: [2.52725610e+09 4.13024952e+08 1.60063191e+08 1.32089943e+08
 1.14160144e+08 1.00799827e+08 9.02396910e+07 8.15881170e+07
 7.41548250e+07 6.76115110e+07 6.17637200e+07 5.65241240e+07
 5.18429710e+07 4.76204050e+07 4.38210520e+07 4.04239130e+07
 3.73036520e+07 3.44702740e+07 3.18862160e+07 2.95147550e+07
 2.73400140e+07 2.53362770e+07 2.35112900e+07 2.18217710e+07
 2.02527610e+07 1.88062060e+07 1.74639060e+07 1.62263110e+07
 1.50600260e+07 1.39911940e+07 1.29850720e+07 1.20580740e+07
 1.11799410e+07 1.03621590e+07 9.59515400e+06 8.87311500e+06
 8.20208600e+06 7.56806100e+06 6.97310300e+06 6.41043700e+06
 5.88179200e+06 5.37907600e+06 4.90540000e+06 4.46256600e+06
 4.03607000e+06 3.64153200e+06 3.26761800e+06 2.91264000e+06
 2.57979800e+06 2.26868700e+06 1.98079600e+06 1.71476100e+06
 1.46683200e+06 1.24324600e+06 1.04189400e+06 8.64204000e+05
 7.09725000e+05 5.78063000e+05 4.66404000e+05 3.73146000e+05
 2.94991000e+05 2.30417000e+05 1.78047000e+05 1.36081000e+05
 1.02311000e+05 7.60170000e+04 5.51010000e+04 4.01360000e+04
 2.93760000e+04 2.16030000e+04 1.57710000e+04 1.16450000e+04
 8.87900000e+03 7.02500000e+03 5.55500000e+03 4.37900000e+03
 3.58400000e+03 2.83200000e+03 2.28700000e+03 1.82200000e+03
 1.35200000e+03 1.09100000e+03 7.99000000e+02 5.90000000e+02
 4.80000000e+02 3.34000000e+02 2.76000000e+02 2.03000000e+02
 1.56000000e+02 1.01000000e+02 5.10000000e+01 3.60000000e+01
 3.40000000e+01 1.40000000e+01 1.20000000e+01 5.00000000e+00
 4.00000000e+00 6.00000000e+00 2.00000000e+00 4.00000000e+00]
