Standard Deviation: 252.87918323566876
Skewness: 1.5396827529869863
Kurtosis: 1.2081632217995422
Median: 0.11430949276054905
Mean: 161.6585122660003
Deciles: [  0.         252.42065654]
Minimum: 0.0
Maximum: 1132.9804816707006
Bin Edges: [   0.           11.32980482   22.65960963   33.98941445   45.31921927
   56.64902408   67.9788289    79.30863372   90.63843853  101.96824335
  113.29804817  124.62785298  135.9576578   147.28746262  158.61726743
  169.94707225  181.27687707  192.60668188  203.9364867   215.26629152
  226.59609633  237.92590115  249.25570597  260.58551078  271.9153156
  283.24512042  294.57492523  305.90473005  317.23453487  328.56433968
  339.8941445   351.22394932  362.55375413  373.88355895  385.21336377
  396.54316858  407.8729734   419.20277822  430.53258303  441.86238785
  453.19219267  464.52199748  475.8518023   487.18160712  498.51141194
  509.84121675  521.17102157  532.50082639  543.8306312   555.16043602
  566.49024084  577.82004565  589.14985047  600.47965529  611.8094601
  623.13926492  634.46906974  645.79887455  657.12867937  668.45848419
  679.788289    691.11809382  702.44789864  713.77770345  725.10750827
  736.43731309  747.7671179   759.09692272  770.42672754  781.75653235
  793.08633717  804.41614199  815.7459468   827.07575162  838.40555644
  849.73536125  861.06516607  872.39497089  883.7247757   895.05458052
  906.38438534  917.71419015  929.04399497  940.37379979  951.7036046
  963.03340942  974.36321424  985.69301905  997.02282387 1008.35262869
 1019.6824335  1031.01223832 1042.34204314 1053.67184795 1065.00165277
 1076.33145759 1087.6612624  1098.99106722 1110.32087204 1121.65067685
 1132.98048167]
Frequencies: [2.41575382e+09 9.79106920e+07 8.51034080e+07 7.47305090e+07
 6.66099010e+07 6.06952540e+07 5.57425790e+07 5.15174020e+07
 4.79012550e+07 4.47642050e+07 4.20539420e+07 3.96708050e+07
 3.75769140e+07 3.57541850e+07 3.41381420e+07 3.27391120e+07
 3.15040410e+07 3.04505590e+07 2.95387770e+07 2.87557520e+07
 2.80411970e+07 2.73909490e+07 2.68042970e+07 2.62688640e+07
 2.57747900e+07 2.53100200e+07 2.48981460e+07 2.45231790e+07
 2.41581120e+07 2.38197380e+07 2.35099130e+07 2.32446550e+07
 2.29612950e+07 2.27184900e+07 2.24858080e+07 2.22593530e+07
 2.20395210e+07 2.18441800e+07 2.16549980e+07 2.15047460e+07
 2.13266140e+07 2.11473980e+07 2.09773600e+07 2.08090990e+07
 2.06465240e+07 2.05064210e+07 2.03378730e+07 2.01642140e+07
 2.00045220e+07 1.98204690e+07 1.96372280e+07 1.94439620e+07
 1.92523790e+07 1.90545180e+07 1.88522210e+07 1.86478600e+07
 1.84346210e+07 1.81917550e+07 1.79063770e+07 1.75934930e+07
 1.72715460e+07 1.69477210e+07 1.66529140e+07 1.63495130e+07
 1.60365900e+07 1.56778600e+07 1.53231610e+07 1.49513940e+07
 1.45338690e+07 1.40963750e+07 1.36530830e+07 1.31757210e+07
 1.26901880e+07 1.21867620e+07 1.16789400e+07 1.11360570e+07
 1.05639950e+07 9.97457300e+06 9.37368700e+06 8.76384900e+06
 8.13227900e+06 7.49265500e+06 6.81798100e+06 6.12851100e+06
 5.42509700e+06 4.66825700e+06 3.84136400e+06 3.06659500e+06
 2.41663800e+06 1.83434000e+06 1.33702400e+06 9.16820000e+05
 5.72707000e+05 3.16041000e+05 1.65526000e+05 8.34230000e+04
 3.84100000e+04 1.22370000e+04 1.80600000e+03 7.90000000e+01]
