Standard Deviation: 87.44248389885003
Skewness: 1.2318211870761302
Kurtosis: 2.189123491683282
Median: 64.6632492869973
Mean: 84.29845087455062
Deciles: [  9.03560329 136.28608312]
Minimum: -500.27299863116116
Maximum: 1340.8513772580163
Bin Edges: [-500.27299863 -481.86175487 -463.45051111 -445.03926735 -426.6280236
 -408.21677984 -389.80553608 -371.39429232 -352.98304856 -334.5718048
 -316.16056104 -297.74931728 -279.33807352 -260.92682977 -242.51558601
 -224.10434225 -205.69309849 -187.28185473 -168.87061097 -150.45936721
 -132.04812345 -113.63687969  -95.22563594  -76.81439218  -58.40314842
  -39.99190466  -21.5806609    -3.16941714   15.24182662   33.65307038
   52.06431414   70.47555789   88.88680165  107.29804541  125.70928917
  144.12053293  162.53177669  180.94302045  199.35426421  217.76550797
  236.17675172  254.58799548  272.99923924  291.410483    309.82172676
  328.23297052  346.64421428  365.05545804  383.4667018   401.87794555
  420.28918931  438.70043307  457.11167683  475.52292059  493.93416435
  512.34540811  530.75665187  549.16789563  567.57913938  585.99038314
  604.4016269   622.81287066  641.22411442  659.63535818  678.04660194
  696.4578457   714.86908946  733.28033321  751.69157697  770.10282073
  788.51406449  806.92530825  825.33655201  843.74779577  862.15903953
  880.57028329  898.98152704  917.3927708   935.80401456  954.21525832
  972.62650208  991.03774584 1009.4489896  1027.86023336 1046.27147712
 1064.68272087 1083.09396463 1101.50520839 1119.91645215 1138.32769591
 1156.73893967 1175.15018343 1193.56142719 1211.97267095 1230.3839147
 1248.79515846 1267.20640222 1285.61764598 1304.02888974 1322.4401335
 1340.85137726]
Frequencies: [2.00000000e+01 9.00000000e+00 1.80000000e+01 2.60000000e+01
 5.20000000e+01 6.60000000e+01 1.49000000e+02 2.91000000e+02
 5.30000000e+02 8.25000000e+02 1.40900000e+03 2.33800000e+03
 3.93200000e+03 6.91800000e+03 1.24340000e+04 2.26870000e+04
 4.13610000e+04 7.44460000e+04 1.40781000e+05 2.75511000e+05
 5.49920000e+05 1.10811400e+06 2.33574100e+06 5.14726300e+06
 1.20266230e+07 3.17818750e+07 1.89328596e+08 1.10633065e+09
 4.05628306e+08 3.11814929e+08 2.97981825e+08 3.01185773e+08
 3.00879622e+08 2.86097791e+08 2.59973517e+08 2.26254194e+08
 1.87743921e+08 1.48476872e+08 1.13425539e+08 8.53026410e+07
 6.38339200e+07 4.80588200e+07 3.65661770e+07 2.80441910e+07
 2.16665140e+07 1.67565040e+07 1.28041900e+07 9.58849500e+06
 7.14272800e+06 5.35982200e+06 4.05256500e+06 3.08585800e+06
 2.36024100e+06 1.81011900e+06 1.39209000e+06 1.07377900e+06
 8.22386000e+05 6.35495000e+05 4.90420000e+05 3.80529000e+05
 2.94973000e+05 2.27673000e+05 1.73867000e+05 1.36155000e+05
 1.05839000e+05 8.26870000e+04 6.43590000e+04 5.02010000e+04
 3.90280000e+04 3.00090000e+04 2.30390000e+04 1.73490000e+04
 1.31020000e+04 1.02570000e+04 7.93600000e+03 6.08900000e+03
 4.49800000e+03 3.62100000e+03 2.54600000e+03 2.02500000e+03
 1.56700000e+03 1.07300000e+03 8.93000000e+02 6.33000000e+02
 5.79000000e+02 4.16000000e+02 3.37000000e+02 2.29000000e+02
 1.60000000e+02 9.70000000e+01 8.40000000e+01 8.10000000e+01
 5.90000000e+01 5.20000000e+01 4.10000000e+01 3.50000000e+01
 1.50000000e+01 2.50000000e+01 1.20000000e+01 2.00000000e+00]
