Standard Deviation: 0.14501988809226907
Skewness: -1.7598686093642888
Kurtosis: 14.667072545481112
Median: 0.004182216672257174
Mean: -0.01015182821167054
Deciles: [-0.035777    0.04945318]
Minimum: -6.968149451837751
Maximum: 4.49438569592475
Bin Edges: [-6.96814945 -6.8535241  -6.73889875 -6.6242734  -6.50964805 -6.39502269
 -6.28039734 -6.16577199 -6.05114664 -5.93652129 -5.82189594 -5.70727059
 -5.59264523 -5.47801988 -5.36339453 -5.24876918 -5.13414383 -5.01951848
 -4.90489313 -4.79026777 -4.67564242 -4.56101707 -4.44639172 -4.33176637
 -4.21714102 -4.10251566 -3.98789031 -3.87326496 -3.75863961 -3.64401426
 -3.52938891 -3.41476356 -3.3001382  -3.18551285 -3.0708875  -2.95626215
 -2.8416368  -2.72701145 -2.6123861  -2.49776074 -2.38313539 -2.26851004
 -2.15388469 -2.03925934 -1.92463399 -1.81000864 -1.69538328 -1.58075793
 -1.46613258 -1.35150723 -1.23688188 -1.12225653 -1.00763118 -0.89300582
 -0.77838047 -0.66375512 -0.54912977 -0.43450442 -0.31987907 -0.20525371
 -0.09062836  0.02399699  0.13862234  0.25324769  0.36787304  0.48249839
  0.59712375  0.7117491   0.82637445  0.9409998   1.05562515  1.1702505
  1.28487585  1.39950121  1.51412656  1.62875191  1.74337726  1.85800261
  1.97262796  2.08725331  2.20187867  2.31650402  2.43112937  2.54575472
  2.66038007  2.77500542  2.88963078  3.00425613  3.11888148  3.23350683
  3.34813218  3.46275753  3.57738288  3.69200824  3.80663359  3.92125894
  4.03588429  4.15050964  4.26513499  4.37976034  4.4943857 ]
Frequencies: [3.00000000e+00 0.00000000e+00 1.00000000e+00 1.00000000e+00
 1.00000000e+00 3.00000000e+00 2.00000000e+00 0.00000000e+00
 2.00000000e+00 0.00000000e+00 2.00000000e+00 1.00000000e+00
 0.00000000e+00 1.00000000e+00 3.00000000e+00 0.00000000e+00
 1.00000000e+00 2.00000000e+00 4.00000000e+00 7.00000000e+00
 3.00000000e+00 1.20000000e+01 1.40000000e+01 1.80000000e+01
 2.10000000e+01 3.20000000e+01 4.70000000e+01 4.30000000e+01
 8.00000000e+01 9.90000000e+01 1.32000000e+02 2.35000000e+02
 3.11000000e+02 5.11000000e+02 7.91000000e+02 1.22900000e+03
 1.96000000e+03 3.01800000e+03 4.40000000e+03 6.73600000e+03
 1.03630000e+04 1.59680000e+04 2.48300000e+04 3.87870000e+04
 6.05390000e+04 9.51180000e+04 1.49370000e+05 2.36453000e+05
 3.81861000e+05 6.29016000e+05 1.05877000e+06 1.82733100e+06
 3.22908200e+06 5.86206400e+06 1.08313790e+07 2.04383660e+07
 3.93531080e+07 7.78157170e+07 1.61921207e+08 3.80853982e+08
 2.21233095e+09 1.32242729e+09 2.24238120e+08 4.76061350e+07
 1.60064540e+07 6.81671500e+06 3.27485400e+06 1.65348700e+06
 8.61625000e+05 4.64119000e+05 2.60241000e+05 1.50279000e+05
 8.94200000e+04 5.43740000e+04 3.37500000e+04 2.06710000e+04
 1.38550000e+04 9.11200000e+03 6.01100000e+03 4.40000000e+03
 3.03000000e+03 2.00300000e+03 1.26300000e+03 8.02000000e+02
 5.19000000e+02 3.76000000e+02 3.45000000e+02 2.17000000e+02
 1.26000000e+02 6.40000000e+01 5.00000000e+01 5.00000000e+01
 5.80000000e+01 5.40000000e+01 5.10000000e+01 2.20000000e+01
 2.70000000e+01 2.50000000e+01 1.50000000e+01 8.00000000e+00]
