Standard Deviation: 438.8572689710638
Skewness: 0.9281494082809052
Kurtosis: -0.6216004034225358
Median: 9.892435297668362
Mean: 340.4721477837953
Deciles: [  0.         681.09953282]
Minimum: 0.0
Maximum: 1406.6057976789332
Bin Edges: [   0.           14.06605798   28.13211595   42.19817393   56.26423191
   70.33028988   84.39634786   98.46240584  112.52846381  126.59452179
  140.66057977  154.72663774  168.79269572  182.8587537   196.92481168
  210.99086965  225.05692763  239.12298561  253.18904358  267.25510156
  281.32115954  295.38721751  309.45327549  323.51933347  337.58539144
  351.65144942  365.7175074   379.78356537  393.84962335  407.91568133
  421.9817393   436.04779728  450.11385526  464.17991323  478.24597121
  492.31202919  506.37808716  520.44414514  534.51020312  548.57626109
  562.64231907  576.70837705  590.77443503  604.840493    618.90655098
  632.97260896  647.03866693  661.10472491  675.17078289  689.23684086
  703.30289884  717.36895682  731.43501479  745.50107277  759.56713075
  773.63318872  787.6992467   801.76530468  815.83136265  829.89742063
  843.96347861  858.02953658  872.09559456  886.16165254  900.22771051
  914.29376849  928.35982647  942.42588444  956.49194242  970.5580004
  984.62405838  998.69011635 1012.75617433 1026.82223231 1040.88829028
 1054.95434826 1069.02040624 1083.08646421 1097.15252219 1111.21858017
 1125.28463814 1139.35069612 1153.4167541  1167.48281207 1181.54887005
 1195.61492803 1209.680986   1223.74704398 1237.81310196 1251.87915993
 1265.94521791 1280.01127589 1294.07733386 1308.14339184 1322.20944982
 1336.27550779 1350.34156577 1364.40762375 1378.47368173 1392.5397397
 1406.60579768]
Frequencies: [2.28252594e+09 3.15641120e+07 2.57968480e+07 2.37713680e+07
 2.32689360e+07 2.32425600e+07 2.32793040e+07 2.32580000e+07
 2.33292800e+07 2.32870480e+07 2.32771200e+07 2.32549120e+07
 2.33396640e+07 2.33510400e+07 2.33020320e+07 2.33178400e+07
 2.33529280e+07 2.33731360e+07 2.33621040e+07 2.33745840e+07
 2.33709120e+07 2.34090320e+07 2.33871360e+07 2.34631520e+07
 2.34003440e+07 2.34627040e+07 2.34642560e+07 2.34484240e+07
 2.35296400e+07 2.34682240e+07 2.35628960e+07 2.34651600e+07
 2.35871200e+07 2.35650160e+07 2.35465200e+07 2.35948160e+07
 2.35937840e+07 2.36007920e+07 2.36013200e+07 2.36222960e+07
 2.36284640e+07 2.36413760e+07 2.36030480e+07 2.36957840e+07
 2.36213440e+07 2.36268400e+07 2.36831920e+07 2.36343120e+07
 2.36218160e+07 2.36820800e+07 2.36406960e+07 2.36430720e+07
 2.36747040e+07 2.36272000e+07 2.36883680e+07 2.36441680e+07
 2.36548160e+07 2.36565120e+07 2.36442480e+07 2.36646080e+07
 2.36594560e+07 2.36474240e+07 2.36595120e+07 2.36368080e+07
 2.36644400e+07 2.36384960e+07 2.36625680e+07 2.36474960e+07
 2.36455760e+07 2.36419600e+07 2.36789760e+07 2.36643280e+07
 2.36552320e+07 2.35743600e+07 2.36705920e+07 2.36359280e+07
 2.36372000e+07 2.36443360e+07 2.36277680e+07 2.36190080e+07
 2.36081920e+07 2.35645520e+07 2.36033360e+07 2.35620960e+07
 2.35416800e+07 2.35287440e+07 2.34757200e+07 2.34440800e+07
 2.33773520e+07 2.33477360e+07 2.32525440e+07 2.31838960e+07
 2.31392480e+07 2.17481920e+07 1.68218000e+07 1.39227440e+07
 1.15473360e+07 9.28708000e+06 6.90495200e+06 3.66231200e+06]
