Standard Deviation: 0.11956648391633319
Skewness: 0.4258968907175366
Kurtosis: 19.086418908651137
Median: -0.0009695320727354921
Mean: 0.0016361343636237936
Deciles: [-0.03369996  0.03056015]
Minimum: -5.916176471958851
Maximum: 4.993201990208001
Bin Edges: [-5.91617647 -5.80708269 -5.6979889  -5.58889512 -5.47980133 -5.37070755
 -5.26161376 -5.15251998 -5.04342619 -4.93433241 -4.82523863 -4.71614484
 -4.60705106 -4.49795727 -4.38886349 -4.2797697  -4.17067592 -4.06158213
 -3.95248835 -3.84339456 -3.73430078 -3.62520699 -3.51611321 -3.40701943
 -3.29792564 -3.18883186 -3.07973807 -2.97064429 -2.8615505  -2.75245672
 -2.64336293 -2.53426915 -2.42517536 -2.31608158 -2.20698779 -2.09789401
 -1.98880023 -1.87970644 -1.77061266 -1.66151887 -1.55242509 -1.4433313
 -1.33423752 -1.22514373 -1.11604995 -1.00695616 -0.89786238 -0.78876859
 -0.67967481 -0.57058103 -0.46148724 -0.35239346 -0.24329967 -0.13420589
 -0.0251121   0.08398168  0.19307547  0.30216925  0.41126304  0.52035682
  0.62945061  0.73854439  0.84763817  0.95673196  1.06582574  1.17491953
  1.28401331  1.3931071   1.50220088  1.61129467  1.72038845  1.82948224
  1.93857602  2.04766981  2.15676359  2.26585737  2.37495116  2.48404494
  2.59313873  2.70223251  2.8113263   2.92042008  3.02951387  3.13860765
  3.24770144  3.35679522  3.46588901  3.57498279  3.68407657  3.79317036
  3.90226414  4.01135793  4.12045171  4.2295455   4.33863928  4.44773307
  4.55682685  4.66592064  4.77501442  4.88410821  4.99320199]
Frequencies: [2.00000000e+00 2.00000000e+00 2.00000000e+00 1.00000000e+00
 3.00000000e+00 1.00000000e+00 2.00000000e+00 5.00000000e+00
 1.00000000e+00 1.00000000e+00 4.00000000e+00 1.20000000e+01
 7.00000000e+00 7.00000000e+00 1.80000000e+01 1.90000000e+01
 1.80000000e+01 1.50000000e+01 2.50000000e+01 3.50000000e+01
 4.40000000e+01 7.70000000e+01 8.10000000e+01 1.30000000e+02
 1.64000000e+02 2.17000000e+02 2.69000000e+02 4.03000000e+02
 5.87000000e+02 7.77000000e+02 1.23700000e+03 1.82600000e+03
 2.52900000e+03 3.83800000e+03 5.43500000e+03 8.15300000e+03
 1.20390000e+04 1.86160000e+04 2.88260000e+04 4.51110000e+04
 7.11230000e+04 1.13398000e+05 1.83332000e+05 2.99277000e+05
 4.94953000e+05 8.44363000e+05 1.47280800e+06 2.66937600e+06
 5.07376800e+06 1.03030280e+07 2.28993280e+07 5.78212290e+07
 1.82229636e+08 1.04472273e+09 2.66432899e+09 3.52980883e+08
 1.07964111e+08 4.41254450e+07 2.05274290e+07 1.02179540e+07
 5.29459200e+06 2.82264700e+06 1.55016400e+06 8.61983000e+05
 4.87981000e+05 2.78735000e+05 1.63667000e+05 9.56200000e+04
 5.74340000e+04 3.51900000e+04 2.18830000e+04 1.38700000e+04
 8.92000000e+03 5.74800000e+03 3.89000000e+03 2.70300000e+03
 1.63300000e+03 1.15000000e+03 8.52000000e+02 4.89000000e+02
 4.11000000e+02 2.45000000e+02 1.64000000e+02 6.60000000e+01
 7.80000000e+01 4.70000000e+01 4.30000000e+01 2.90000000e+01
 1.60000000e+01 1.20000000e+01 7.00000000e+00 1.00000000e+01
 4.00000000e+00 5.00000000e+00 0.00000000e+00 2.00000000e+00
 2.00000000e+00 2.00000000e+00 3.00000000e+00 2.00000000e+00]
