Standard Deviation: 0.43901403269057815
Skewness: 0.9130510681239639
Kurtosis: -1.0999919572580423
Median: 0.0
Mean: 0.29315258956217755
Deciles: [0.         0.98173858]
Minimum: 0.0
Maximum: 1.0
Bin Edges: [0.   0.01 0.02 0.03 0.04 0.05 0.06 0.07 0.08 0.09 0.1  0.11 0.12 0.13
 0.14 0.15 0.16 0.17 0.18 0.19 0.2  0.21 0.22 0.23 0.24 0.25 0.26 0.27
 0.28 0.29 0.3  0.31 0.32 0.33 0.34 0.35 0.36 0.37 0.38 0.39 0.4  0.41
 0.42 0.43 0.44 0.45 0.46 0.47 0.48 0.49 0.5  0.51 0.52 0.53 0.54 0.55
 0.56 0.57 0.58 0.59 0.6  0.61 0.62 0.63 0.64 0.65 0.66 0.67 0.68 0.69
 0.7  0.71 0.72 0.73 0.74 0.75 0.76 0.77 0.78 0.79 0.8  0.81 0.82 0.83
 0.84 0.85 0.86 0.87 0.88 0.89 0.9  0.91 0.92 0.93 0.94 0.95 0.96 0.97
 0.98 0.99 1.  ]
Frequencies: [2.94945696e+09 1.66089600e+07 1.24041600e+07 1.63987200e+07
 1.21939200e+07 6.93792000e+06 8.61984000e+06 9.25056000e+06
 5.88672000e+06 7.35840000e+06 7.14816000e+06 7.35840000e+06
 7.56864000e+06 5.88672000e+06 5.25600000e+06 4.62528000e+06
 5.04576000e+06 5.88672000e+06 4.83552000e+06 5.88672000e+06
 4.62528000e+06 5.04576000e+06 4.62528000e+06 3.78432000e+06
 4.41504000e+06 4.41504000e+06 3.15360000e+06 4.62528000e+06
 3.78432000e+06 4.41504000e+06 5.04576000e+06 3.78432000e+06
 2.94336000e+06 3.99456000e+06 2.94336000e+06 2.94336000e+06
 5.04576000e+06 3.99456000e+06 3.78432000e+06 2.94336000e+06
 4.20480000e+06 2.73312000e+06 3.57408000e+06 4.83552000e+06
 3.36384000e+06 3.15360000e+06 2.31264000e+06 3.57408000e+06
 3.57408000e+06 3.57408000e+06 2.31264000e+06 1.89216000e+06
 3.99456000e+06 2.73312000e+06 4.20480000e+06 3.15360000e+06
 3.57408000e+06 4.20480000e+06 5.25600000e+06 2.73312000e+06
 1.89216000e+06 4.83552000e+06 5.46624000e+06 3.36384000e+06
 2.31264000e+06 1.68192000e+06 2.94336000e+06 2.31264000e+06
 2.10240000e+06 4.41504000e+06 3.57408000e+06 3.78432000e+06
 2.31264000e+06 2.73312000e+06 3.15360000e+06 4.41504000e+06
 3.57408000e+06 2.31264000e+06 4.41504000e+06 2.31264000e+06
 3.15360000e+06 4.41504000e+06 2.94336000e+06 2.94336000e+06
 3.57408000e+06 5.25600000e+06 2.52288000e+06 3.15360000e+06
 3.78432000e+06 4.83552000e+06 5.46624000e+06 5.25600000e+06
 4.83552000e+06 5.67648000e+06 4.62528000e+06 7.35840000e+06
 8.61984000e+06 8.19936000e+06 9.67104000e+06 1.12709664e+09]
