Standard Deviation: 63.82034868405864
Skewness: 3.8471226845683977
Kurtosis: 18.17675444149777
Median: 5.524007584927727
Mean: 20.432441741027553
Deciles: [-4.31496268 17.02794957]
Minimum: -417.4061479304166
Maximum: 985.2490512597533
Bin Edges: [-417.40614793 -403.37959594 -389.35304395 -375.32649195 -361.29993996
 -347.27338797 -333.24683598 -319.22028399 -305.193732   -291.16718
 -277.14062801 -263.11407602 -249.08752403 -235.06097204 -221.03442004
 -207.00786805 -192.98131606 -178.95476407 -164.92821208 -150.90166008
 -136.87510809 -122.8485561  -108.82200411  -94.79545212  -80.76890012
  -66.74234813  -52.71579614  -38.68924415  -24.66269216  -10.63614017
    3.39041183   17.41696382   31.44351581   45.4700678    59.49661979
   73.52317179   87.54972378  101.57627577  115.60282776  129.62937975
  143.65593175  157.68248374  171.70903573  185.73558772  199.76213971
  213.78869171  227.8152437   241.84179569  255.86834768  269.89489967
  283.92145166  297.94800366  311.97455565  326.00110764  340.02765963
  354.05421162  368.08076362  382.10731561  396.1338676   410.16041959
  424.18697158  438.21352358  452.24007557  466.26662756  480.29317955
  494.31973154  508.34628354  522.37283553  536.39938752  550.42593951
  564.4524915   578.47904349  592.50559549  606.53214748  620.55869947
  634.58525146  648.61180345  662.63835545  676.66490744  690.69145943
  704.71801142  718.74456341  732.77111541  746.7976674   760.82421939
  774.85077138  788.87732337  802.90387537  816.93042736  830.95697935
  844.98353134  859.01008333  873.03663532  887.06318732  901.08973931
  915.1162913   929.14284329  943.16939528  957.19594728  971.22249927
  985.24905126]
Frequencies: [1.00000000e+00 3.00000000e+00 1.00000000e+01 1.10000000e+01
 2.20000000e+01 2.20000000e+01 3.20000000e+01 6.30000000e+01
 6.50000000e+01 1.04000000e+02 2.13000000e+02 2.95000000e+02
 5.47000000e+02 8.67000000e+02 1.46200000e+03 2.51600000e+03
 4.72600000e+03 9.10200000e+03 1.90900000e+04 4.17420000e+04
 9.45820000e+04 2.27273000e+05 5.76196000e+05 1.54726900e+06
 4.75091700e+06 1.69140750e+07 6.11343120e+07 1.90134592e+08
 4.73653065e+08 1.17592227e+09 1.49924790e+09 3.86646161e+08
 1.66932963e+08 9.81233090e+07 6.70056000e+07 5.00261800e+07
 3.97268270e+07 3.28327220e+07 2.79868410e+07 2.44187620e+07
 2.17570950e+07 1.96500450e+07 1.78989380e+07 1.63832080e+07
 1.50586570e+07 1.38719880e+07 1.27983420e+07 1.18168570e+07
 1.08779650e+07 9.98170600e+06 9.11159400e+06 8.25673700e+06
 7.44946000e+06 6.71520600e+06 6.03160500e+06 5.38509500e+06
 4.77823400e+06 4.21440000e+06 3.67638200e+06 3.18606900e+06
 2.72934700e+06 2.31805000e+06 1.94685300e+06 1.61687800e+06
 1.32871900e+06 1.07795900e+06 8.57669000e+05 6.67949000e+05
 5.09987000e+05 3.78810000e+05 2.73669000e+05 1.92764000e+05
 1.32019000e+05 8.95270000e+04 6.06700000e+04 4.17510000e+04
 2.86130000e+04 1.90870000e+04 1.26240000e+04 8.57000000e+03
 5.15100000e+03 2.60900000e+03 1.01400000e+03 4.63000000e+02
 2.37000000e+02 1.64000000e+02 1.36000000e+02 1.11000000e+02
 8.30000000e+01 7.80000000e+01 7.40000000e+01 4.70000000e+01
 7.00000000e+00 2.00000000e+00 5.00000000e+00 3.00000000e+00
 8.00000000e+00 0.00000000e+00 0.00000000e+00 1.00000000e+00]
