Standard Deviation: 0.16057966392355727
Skewness: 4.879161823161654
Kurtosis: 23.071720986631238
Median: 0.0
Mean: 0.035308735092246774
Deciles: [0. 0.]
Minimum: 0.0
Maximum: 0.9998982779048018
Bin Edges: [0.         0.00999898 0.01999797 0.02999695 0.03999593 0.04999491
 0.0599939  0.06999288 0.07999186 0.08999085 0.09998983 0.10998881
 0.11998779 0.12998678 0.13998576 0.14998474 0.15998372 0.16998271
 0.17998169 0.18998067 0.19997966 0.20997864 0.21997762 0.2299766
 0.23997559 0.24997457 0.25997355 0.26997254 0.27997152 0.2899705
 0.29996948 0.30996847 0.31996745 0.32996643 0.33996541 0.3499644
 0.35996338 0.36996236 0.37996135 0.38996033 0.39995931 0.40995829
 0.41995728 0.42995626 0.43995524 0.44995423 0.45995321 0.46995219
 0.47995117 0.48995016 0.49994914 0.50994812 0.5199471  0.52994609
 0.53994507 0.54994405 0.55994304 0.56994202 0.579941   0.58993998
 0.59993897 0.60993795 0.61993693 0.62993592 0.6399349  0.64993388
 0.65993286 0.66993185 0.67993083 0.68992981 0.69992879 0.70992778
 0.71992676 0.72992574 0.73992473 0.74992371 0.75992269 0.76992167
 0.77992066 0.78991964 0.79991862 0.80991761 0.81991659 0.82991557
 0.83991455 0.84991354 0.85991252 0.8699115  0.87991048 0.88990947
 0.89990845 0.90990743 0.91990642 0.9299054  0.93990438 0.94990336
 0.95990235 0.96990133 0.97990031 0.9898993  0.99989828]
Frequencies: [4.22600914e+09 1.59237660e+07 1.01392220e+07 8.95285600e+06
 7.39934600e+06 6.06720200e+06 5.49457200e+06 4.93165200e+06
 4.36954000e+06 4.16124000e+06 3.58822400e+06 3.37842800e+06
 3.24826000e+06 3.20044400e+06 2.83929600e+06 2.93035400e+06
 2.77494400e+06 2.62107800e+06 2.78250400e+06 2.82130800e+06
 2.50808600e+06 2.44198000e+06 2.45955800e+06 2.19890800e+06
 2.24025600e+06 2.04032000e+06 2.01961400e+06 1.97066600e+06
 2.03837600e+06 2.12832000e+06 2.16520200e+06 2.36155600e+06
 1.97695400e+06 1.91768000e+06 2.09711600e+06 1.94399200e+06
 2.14372000e+06 1.95674400e+06 1.84453400e+06 1.76015200e+06
 2.04058400e+06 1.75864800e+06 1.63680800e+06 1.71173800e+06
 1.54912400e+06 1.94495000e+06 1.64625200e+06 1.76839600e+06
 1.64203800e+06 1.62050600e+06 1.75933200e+06 1.89898000e+06
 1.89178000e+06 1.89122600e+06 1.76366200e+06 1.80725400e+06
 1.81546000e+06 1.80105400e+06 1.90695200e+06 1.51650800e+06
 1.66342400e+06 1.55568200e+06 1.66202400e+06 1.67642600e+06
 1.46362400e+06 1.49272400e+06 1.49017200e+06 1.50437600e+06
 1.59772400e+06 1.74581400e+06 1.62586400e+06 1.66908600e+06
 1.83182600e+06 1.99011600e+06 1.85941400e+06 1.91887800e+06
 1.99423800e+06 1.84121600e+06 1.71434000e+06 1.78711800e+06
 1.94019600e+06 2.25359000e+06 2.23710600e+06 2.33608000e+06
 2.60311200e+06 2.46564800e+06 2.63124400e+06 3.02942000e+06
 3.09204200e+06 3.50747400e+06 3.94061400e+06 4.78316400e+06
 5.66536600e+06 8.32835600e+06 1.00041380e+07 9.56456600e+06
 8.70044600e+06 9.01882200e+06 1.16619180e+07 8.11824600e+06]
