Standard Deviation: 0.07220062881836099
Skewness: 4.96080015965237
Kurtosis: 26.33026015604919
Median: 0.0
Mean: 0.016372572900544446
Deciles: [0. 0.]
Minimum: 0.0
Maximum: 0.6611695316212
Bin Edges: [0.         0.0066117  0.01322339 0.01983509 0.02644678 0.03305848
 0.03967017 0.04628187 0.05289356 0.05950526 0.06611695 0.07272865
 0.07934034 0.08595204 0.09256373 0.09917543 0.10578713 0.11239882
 0.11901052 0.12562221 0.13223391 0.1388456  0.1454573  0.15206899
 0.15868069 0.16529238 0.17190408 0.17851577 0.18512747 0.19173916
 0.19835086 0.20496255 0.21157425 0.21818595 0.22479764 0.23140934
 0.23802103 0.24463273 0.25124442 0.25785612 0.26446781 0.27107951
 0.2776912  0.2843029  0.29091459 0.29752629 0.30413798 0.31074968
 0.31736138 0.32397307 0.33058477 0.33719646 0.34380816 0.35041985
 0.35703155 0.36364324 0.37025494 0.37686663 0.38347833 0.39009002
 0.39670172 0.40331341 0.40992511 0.4165368  0.4231485  0.4297602
 0.43637189 0.44298359 0.44959528 0.45620698 0.46281867 0.46943037
 0.47604206 0.48265376 0.48926545 0.49587715 0.50248884 0.50910054
 0.51571223 0.52232393 0.52893563 0.53554732 0.54215902 0.54877071
 0.55538241 0.5619941  0.5686058  0.57521749 0.58182919 0.58844088
 0.59505258 0.60166427 0.60827597 0.61488766 0.62149936 0.62811106
 0.63472275 0.64133445 0.64794614 0.65455784 0.66116953]
Frequencies: [4.23944215e+09 8.87640400e+06 6.85033500e+06 5.90663600e+06
 5.32114000e+06 4.88832300e+06 4.59038800e+06 4.30481900e+06
 4.05025300e+06 3.85654500e+06 3.72894800e+06 3.63116300e+06
 3.52960200e+06 3.42757300e+06 3.30381100e+06 3.26199000e+06
 3.26724000e+06 3.22190000e+06 3.14815900e+06 3.07308400e+06
 3.09770200e+06 3.03472100e+06 3.03748200e+06 3.02980500e+06
 3.00256500e+06 3.00724400e+06 2.97795700e+06 2.99370200e+06
 2.94643200e+06 3.01957300e+06 3.00333200e+06 2.99556200e+06
 3.01659200e+06 3.06499800e+06 3.11089600e+06 3.15764300e+06
 3.20112800e+06 3.21646200e+06 3.21735200e+06 3.23192300e+06
 3.25188400e+06 3.34603300e+06 3.37349200e+06 3.52307200e+06
 3.66642500e+06 3.84983500e+06 4.12246500e+06 4.72020200e+06
 6.18167600e+06 7.80324340e+07 1.55509300e+06 1.50391000e+06
 1.44911600e+06 1.44575100e+06 1.44501200e+06 1.40433400e+06
 1.36847100e+06 1.34330600e+06 1.27586500e+06 1.27210700e+06
 1.20490500e+06 1.15301400e+06 1.14657200e+06 1.08159300e+06
 1.02417700e+06 1.00661700e+06 9.41921000e+05 9.19251000e+05
 8.79505000e+05 8.48691000e+05 7.97566000e+05 7.73367000e+05
 7.39242000e+05 7.20051000e+05 6.97069000e+05 6.57368000e+05
 6.57106000e+05 6.02755000e+05 5.84674000e+05 5.69946000e+05
 5.54831000e+05 5.19505000e+05 5.09896000e+05 5.11554000e+05
 4.71508000e+05 4.58879000e+05 4.51271000e+05 4.60518000e+05
 4.37513000e+05 4.49524000e+05 4.39074000e+05 4.26415000e+05
 4.32629000e+05 4.35876000e+05 4.38575000e+05 4.52043000e+05
 4.81159000e+05 5.77336000e+05 7.70641000e+05 3.72584400e+06]
