Standard Deviation: 1.2265391750558537e-05
Skewness: 5.663232553795864
Kurtosis: 40.451896821238414
Median: 0.0
Mean: 3.2426017344643805e-06
Deciles: [0.00000000e+00 7.78811854e-10]
Minimum: 0.0
Maximum: 0.00040326298953468606
Bin Edges: [0.00000000e+00 4.03262990e-06 8.06525979e-06 1.20978897e-05
 1.61305196e-05 2.01631495e-05 2.41957794e-05 2.82284093e-05
 3.22610392e-05 3.62936691e-05 4.03262990e-05 4.43589288e-05
 4.83915587e-05 5.24241886e-05 5.64568185e-05 6.04894484e-05
 6.45220783e-05 6.85547082e-05 7.25873381e-05 7.66199680e-05
 8.06525979e-05 8.46852278e-05 8.87178577e-05 9.27504876e-05
 9.67831175e-05 1.00815747e-04 1.04848377e-04 1.08881007e-04
 1.12913637e-04 1.16946267e-04 1.20978897e-04 1.25011527e-04
 1.29044157e-04 1.33076787e-04 1.37109416e-04 1.41142046e-04
 1.45174676e-04 1.49207306e-04 1.53239936e-04 1.57272566e-04
 1.61305196e-04 1.65337826e-04 1.69370456e-04 1.73403085e-04
 1.77435715e-04 1.81468345e-04 1.85500975e-04 1.89533605e-04
 1.93566235e-04 1.97598865e-04 2.01631495e-04 2.05664125e-04
 2.09696755e-04 2.13729384e-04 2.17762014e-04 2.21794644e-04
 2.25827274e-04 2.29859904e-04 2.33892534e-04 2.37925164e-04
 2.41957794e-04 2.45990424e-04 2.50023054e-04 2.54055683e-04
 2.58088313e-04 2.62120943e-04 2.66153573e-04 2.70186203e-04
 2.74218833e-04 2.78251463e-04 2.82284093e-04 2.86316723e-04
 2.90349352e-04 2.94381982e-04 2.98414612e-04 3.02447242e-04
 3.06479872e-04 3.10512502e-04 3.14545132e-04 3.18577762e-04
 3.22610392e-04 3.26643022e-04 3.30675651e-04 3.34708281e-04
 3.38740911e-04 3.42773541e-04 3.46806171e-04 3.50838801e-04
 3.54871431e-04 3.58904061e-04 3.62936691e-04 3.66969320e-04
 3.71001950e-04 3.75034580e-04 3.79067210e-04 3.83099840e-04
 3.87132470e-04 3.91165100e-04 3.95197730e-04 3.99230360e-04
 4.03262990e-04]
Frequencies: [4.03137394e+09 9.62747440e+07 6.71719560e+07 5.32729540e+07
 4.39923980e+07 3.68786840e+07 3.10491480e+07 2.61698730e+07
 2.20553610e+07 1.86016270e+07 1.57415270e+07 1.33702340e+07
 1.14046250e+07 9.77551100e+06 8.41945600e+06 7.30288600e+06
 6.36007500e+06 5.56882100e+06 4.91081300e+06 4.35281900e+06
 3.87250700e+06 3.46686100e+06 3.09733900e+06 2.77213600e+06
 2.46534400e+06 2.16056000e+06 1.83357600e+06 1.50211900e+06
 1.19680400e+06 9.45523000e+05 7.43933000e+05 5.86073000e+05
 4.62694000e+05 3.70069000e+05 2.96951000e+05 2.39215000e+05
 1.93772000e+05 1.58396000e+05 1.29549000e+05 1.06774000e+05
 8.94110000e+04 7.36020000e+04 6.16790000e+04 5.11430000e+04
 4.17750000e+04 3.48620000e+04 2.93690000e+04 2.47170000e+04
 2.06720000e+04 1.73410000e+04 1.46940000e+04 1.19420000e+04
 1.01670000e+04 8.86100000e+03 7.62500000e+03 6.25300000e+03
 5.31600000e+03 4.49800000e+03 3.64600000e+03 3.23100000e+03
 2.57600000e+03 2.13300000e+03 1.76100000e+03 1.55200000e+03
 1.24400000e+03 1.12700000e+03 9.36000000e+02 8.17000000e+02
 6.32000000e+02 5.39000000e+02 3.69000000e+02 3.35000000e+02
 2.88000000e+02 2.25000000e+02 1.84000000e+02 1.62000000e+02
 1.01000000e+02 1.15000000e+02 1.00000000e+02 7.30000000e+01
 6.80000000e+01 4.40000000e+01 3.80000000e+01 2.90000000e+01
 2.10000000e+01 2.00000000e+01 1.60000000e+01 1.00000000e+01
 6.00000000e+00 5.00000000e+00 6.00000000e+00 4.00000000e+00
 2.00000000e+00 0.00000000e+00 4.00000000e+00 3.00000000e+00
 2.00000000e+00 0.00000000e+00 2.00000000e+00 1.00000000e+00]
