Standard Deviation: 9.929274052398034
Skewness: 0.5085637442723748
Kurtosis: 0.0018755875504865571
Median: 2.1398229627918752
Mean: 3.372350627846695
Deciles: [-3.95683608  9.74445031]
Minimum: -58.12654566986648
Maximum: 64.6335623278169
Bin Edges: [-58.12654567 -56.89894459 -55.67134351 -54.44374243 -53.21614135
 -51.98854027 -50.76093919 -49.53333811 -48.30573703 -47.07813595
 -45.85053487 -44.62293379 -43.39533271 -42.16773163 -40.94013055
 -39.71252947 -38.48492839 -37.25732731 -36.02972623 -34.80212515
 -33.57452407 -32.34692299 -31.11932191 -29.89172083 -28.66411975
 -27.43651867 -26.20891759 -24.98131651 -23.75371543 -22.52611435
 -21.29851327 -20.07091219 -18.84331111 -17.61571003 -16.38810895
 -15.16050787 -13.93290679 -12.70530571 -11.47770463 -10.25010355
  -9.02250247  -7.79490139  -6.56730031  -5.33969923  -4.11209815
  -2.88449707  -1.65689599  -0.42929491   0.79830617   2.02590725
   3.25350833   4.48110941   5.70871049   6.93631157   8.16391265
   9.39151373  10.61911481  11.84671589  13.07431697  14.30191805
  15.52951913  16.75712021  17.98472129  19.21232237  20.43992345
  21.66752453  22.89512561  24.12272669  25.35032777  26.57792885
  27.80552993  29.03313101  30.26073209  31.48833317  32.71593425
  33.94353533  35.17113641  36.39873749  37.62633857  38.85393965
  40.08154073  41.30914181  42.53674289  43.76434397  44.99194505
  46.21954613  47.44714721  48.67474829  49.90234937  51.12995045
  52.35755153  53.58515261  54.81275369  56.04035477  57.26795585
  58.49555693  59.72315801  60.95075909  62.17836017  63.40596125
  64.63356233]
Frequencies: [7.00000000e+00 2.00000000e+00 1.10000000e+01 1.70000000e+01
 2.80000000e+01 3.50000000e+01 8.90000000e+01 1.75000000e+02
 2.92000000e+02 5.18000000e+02 6.89000000e+02 9.34000000e+02
 1.40700000e+03 1.92100000e+03 2.82800000e+03 3.95100000e+03
 5.63800000e+03 8.16800000e+03 1.18480000e+04 1.73890000e+04
 2.63220000e+04 4.00430000e+04 5.84610000e+04 8.69480000e+04
 1.29493000e+05 1.94226000e+05 2.98399000e+05 4.61260000e+05
 7.40979000e+05 1.24358200e+06 2.14026800e+06 3.71921500e+06
 6.43628300e+06 1.09622130e+07 1.80628000e+07 2.87958890e+07
 4.40106910e+07 6.39881570e+07 8.86180340e+07 1.16259134e+08
 1.44649435e+08 1.71075827e+08 1.93796924e+08 2.11698980e+08
 2.23822960e+08 2.30986242e+08 2.33086280e+08 2.30486383e+08
 2.24271463e+08 2.15136468e+08 2.04025717e+08 1.91854333e+08
 1.79639349e+08 1.67301513e+08 1.55271777e+08 1.43459350e+08
 1.31999397e+08 1.20562125e+08 1.09628280e+08 9.89238650e+07
 8.87772050e+07 7.90336240e+07 6.97711830e+07 6.09859680e+07
 5.27265540e+07 4.49023540e+07 3.77111800e+07 3.12429140e+07
 2.54302700e+07 2.03433940e+07 1.60001280e+07 1.24229730e+07
 9.46824700e+06 7.08164900e+06 5.20672800e+06 3.76683800e+06
 2.67928500e+06 1.86178200e+06 1.28207500e+06 8.73562000e+05
 5.78122000e+05 3.76103000e+05 2.42362000e+05 1.50258000e+05
 9.44730000e+04 6.01050000e+04 3.88770000e+04 2.54660000e+04
 1.63060000e+04 1.00350000e+04 6.38000000e+03 4.25100000e+03
 2.96700000e+03 1.88400000e+03 1.33100000e+03 8.90000000e+02
 6.90000000e+02 3.88000000e+02 1.65000000e+02 2.20000000e+01]
