Standard Deviation: 2.3679014291085282e-08
Skewness: 0.4288726760353393
Kurtosis: -0.5646285634003494
Median: 7.460390703833689e-08
Mean: 7.93619088702e-08
Deciles: [6.07052965e-08 9.67509902e-08]
Minimum: 2.6970972282553494e-08
Maximum: 1.6991265978623226e-07
Bin Edges: [2.69709723e-08 2.84003892e-08 2.98298060e-08 3.12592229e-08
 3.26886398e-08 3.41180567e-08 3.55474735e-08 3.69768904e-08
 3.84063073e-08 3.98357242e-08 4.12651410e-08 4.26945579e-08
 4.41239748e-08 4.55533917e-08 4.69828085e-08 4.84122254e-08
 4.98416423e-08 5.12710592e-08 5.27004760e-08 5.41298929e-08
 5.55593098e-08 5.69887267e-08 5.84181435e-08 5.98475604e-08
 6.12769773e-08 6.27063942e-08 6.41358110e-08 6.55652279e-08
 6.69946448e-08 6.84240617e-08 6.98534785e-08 7.12828954e-08
 7.27123123e-08 7.41417292e-08 7.55711460e-08 7.70005629e-08
 7.84299798e-08 7.98593967e-08 8.12888135e-08 8.27182304e-08
 8.41476473e-08 8.55770642e-08 8.70064810e-08 8.84358979e-08
 8.98653148e-08 9.12947317e-08 9.27241485e-08 9.41535654e-08
 9.55829823e-08 9.70123992e-08 9.84418160e-08 9.98712329e-08
 1.01300650e-07 1.02730067e-07 1.04159484e-07 1.05588900e-07
 1.07018317e-07 1.08447734e-07 1.09877151e-07 1.11306568e-07
 1.12735985e-07 1.14165402e-07 1.15594819e-07 1.17024235e-07
 1.18453652e-07 1.19883069e-07 1.21312486e-07 1.22741903e-07
 1.24171320e-07 1.25600737e-07 1.27030154e-07 1.28459570e-07
 1.29888987e-07 1.31318404e-07 1.32747821e-07 1.34177238e-07
 1.35606655e-07 1.37036072e-07 1.38465489e-07 1.39894905e-07
 1.41324322e-07 1.42753739e-07 1.44183156e-07 1.45612573e-07
 1.47041990e-07 1.48471407e-07 1.49900824e-07 1.51330240e-07
 1.52759657e-07 1.54189074e-07 1.55618491e-07 1.57047908e-07
 1.58477325e-07 1.59906742e-07 1.61336159e-07 1.62765575e-07
 1.64194992e-07 1.65624409e-07 1.67053826e-07 1.68483243e-07
 1.69912660e-07]
Frequencies: [4.15333000e+05 3.24799400e+06 7.62934500e+06 1.12617610e+07
 1.44233220e+07 1.66398820e+07 1.81065260e+07 2.06902230e+07
 2.32474030e+07 2.44343050e+07 2.51277180e+07 2.72428580e+07
 2.84094770e+07 3.01196950e+07 3.12343870e+07 3.34555390e+07
 3.83402430e+07 4.60569540e+07 6.31630410e+07 9.16426850e+07
 1.36667463e+08 1.81002505e+08 1.68358512e+08 1.56038217e+08
 1.53586364e+08 1.54222557e+08 1.44736299e+08 1.26273150e+08
 1.10416489e+08 9.96997520e+07 9.18716000e+07 8.63897480e+07
 8.11691770e+07 7.60709370e+07 7.21896800e+07 7.09327120e+07
 6.75317900e+07 6.60260050e+07 6.90838200e+07 6.85323220e+07
 6.56830960e+07 6.49686350e+07 6.31700060e+07 6.57805290e+07
 7.42959490e+07 8.89230530e+07 9.11072580e+07 8.57930840e+07
 8.61111200e+07 8.48632150e+07 7.94616630e+07 7.02779980e+07
 6.18547450e+07 5.65553080e+07 5.25282990e+07 4.90765960e+07
 4.58879320e+07 4.34000860e+07 4.37667410e+07 4.41970860e+07
 4.24603130e+07 4.15786900e+07 4.00677590e+07 3.83939200e+07
 3.68584440e+07 3.37797710e+07 3.09409960e+07 2.89649270e+07
 2.78055100e+07 2.65348780e+07 2.55704940e+07 2.38588830e+07
 2.03847940e+07 1.63117290e+07 1.23680060e+07 9.23536700e+06
 6.84510400e+06 5.42797700e+06 4.81742200e+06 3.47272500e+06
 2.46811400e+06 2.01686000e+06 1.68041000e+06 1.42716700e+06
 1.11277900e+06 8.67676000e+05 6.64654000e+05 5.12449000e+05
 4.00629000e+05 3.24768000e+05 2.58896000e+05 1.85918000e+05
 1.07811000e+05 4.88860000e+04 2.08360000e+04 1.04120000e+04
 5.49600000e+03 1.69300000e+03 4.96000000e+02 1.52000000e+02]
