Standard Deviation: 3395.688708901717
Skewness: -3.6048410652539853
Kurtosis: 15.498897943523787
Median: 62624.92201822593
Mean: 61394.70986416359
Deciles: [61191.60585953 62999.58088348]
Minimum: 36746.64436070781
Maximum: 66221.86786005544
Bin Edges: [36746.64436071 37041.3965957  37336.14883069 37630.90106569
 37925.65330068 38220.40553568 38515.15777067 38809.91000566
 39104.66224066 39399.41447565 39694.16671064 39988.91894564
 40283.67118063 40578.42341562 40873.17565062 41167.92788561
 41462.6801206  41757.4323556  42052.18459059 42346.93682558
 42641.68906058 42936.44129557 43231.19353056 43525.94576556
 43820.69800055 44115.45023554 44410.20247054 44704.95470553
 44999.70694053 45294.45917552 45589.21141051 45883.96364551
 46178.7158805  46473.46811549 46768.22035049 47062.97258548
 47357.72482047 47652.47705547 47947.22929046 48241.98152545
 48536.73376045 48831.48599544 49126.23823043 49420.99046543
 49715.74270042 50010.49493541 50305.24717041 50599.9994054
 50894.75164039 51189.50387539 51484.25611038 51779.00834538
 52073.76058037 52368.51281536 52663.26505036 52958.01728535
 53252.76952034 53547.52175534 53842.27399033 54137.02622532
 54431.77846032 54726.53069531 55021.2829303  55316.0351653
 55610.78740029 55905.53963528 56200.29187028 56495.04410527
 56789.79634026 57084.54857526 57379.30081025 57674.05304524
 57968.80528024 58263.55751523 58558.30975023 58853.06198522
 59147.81422021 59442.56645521 59737.3186902  60032.07092519
 60326.82316019 60621.57539518 60916.32763017 61211.07986517
 61505.83210016 61800.58433515 62095.33657015 62390.08880514
 62684.84104013 62979.59327513 63274.34551012 63569.09774511
 63863.84998011 64158.6022151  64453.35445009 64748.10668509
 65042.85892008 65337.61115508 65632.36339007 65927.11562506
 66221.86786006]
Frequencies: [3.24700000e+03 3.43760000e+04 2.14012000e+05 6.12063000e+05
 1.43533000e+06 2.30397700e+06 1.80202800e+06 1.15344100e+06
 7.14157000e+05 1.20462700e+06 1.22384100e+06 1.33601200e+06
 1.95257500e+06 2.31425600e+06 2.51995500e+06 2.48773000e+06
 2.11066500e+06 2.18244900e+06 2.48702500e+06 2.45461800e+06
 2.42623300e+06 3.17838500e+06 3.45430700e+06 3.28083100e+06
 3.14557500e+06 3.40240600e+06 2.82764100e+06 2.90280500e+06
 3.03415800e+06 3.03348500e+06 3.40175200e+06 3.36264500e+06
 2.61021600e+06 2.75447400e+06 2.95381700e+06 3.15654500e+06
 2.69484200e+06 2.25256500e+06 2.54093100e+06 2.69121500e+06
 2.64542100e+06 3.26721500e+06 3.11846400e+06 3.65982400e+06
 3.32332400e+06 2.83760300e+06 3.36972300e+06 3.89896600e+06
 4.07788300e+06 3.97736000e+06 4.66625500e+06 4.96991700e+06
 5.92658300e+06 6.74985100e+06 6.67534600e+06 7.58851900e+06
 7.57407800e+06 7.66260500e+06 8.11978200e+06 9.62523200e+06
 1.14691460e+07 1.23376660e+07 1.39266280e+07 1.63872500e+07
 1.89315660e+07 1.86620140e+07 1.91329730e+07 1.97260660e+07
 2.07127900e+07 2.09699570e+07 2.13203200e+07 2.08863200e+07
 2.26446040e+07 2.73754200e+07 3.06533520e+07 3.66760640e+07
 4.54878420e+07 5.31497890e+07 6.70524880e+07 8.21708750e+07
 9.96509420e+07 1.25561581e+08 1.47194028e+08 1.61996781e+08
 1.79611193e+08 2.07210758e+08 2.53269380e+08 4.68669780e+08
 9.36710193e+08 6.26285215e+08 3.58802163e+08 1.50625148e+08
 4.19595740e+07 8.46057100e+06 1.66038400e+06 3.41380000e+05
 8.73270000e+04 2.18880000e+04 5.56100000e+03 1.86000000e+03]
