Standard Deviation: 2.3201717720611604e-05
Skewness: 6.1712942871315
Kurtosis: 49.85749418887341
Median: 5.154952160289838e-18
Mean: 5.898431725306926e-06
Deciles: [0.0000000e+00 8.1028898e-08]
Minimum: 0.0
Maximum: 0.0008357932657095649
Bin Edges: [0.00000000e+00 8.35793266e-06 1.67158653e-05 2.50737980e-05
 3.34317306e-05 4.17896633e-05 5.01475959e-05 5.85055286e-05
 6.68634613e-05 7.52213939e-05 8.35793266e-05 9.19372592e-05
 1.00295192e-04 1.08653125e-04 1.17011057e-04 1.25368990e-04
 1.33726923e-04 1.42084855e-04 1.50442788e-04 1.58800720e-04
 1.67158653e-04 1.75516586e-04 1.83874518e-04 1.92232451e-04
 2.00590384e-04 2.08948316e-04 2.17306249e-04 2.25664182e-04
 2.34022114e-04 2.42380047e-04 2.50737980e-04 2.59095912e-04
 2.67453845e-04 2.75811778e-04 2.84169710e-04 2.92527643e-04
 3.00885576e-04 3.09243508e-04 3.17601441e-04 3.25959374e-04
 3.34317306e-04 3.42675239e-04 3.51033172e-04 3.59391104e-04
 3.67749037e-04 3.76106970e-04 3.84464902e-04 3.92822835e-04
 4.01180768e-04 4.09538700e-04 4.17896633e-04 4.26254566e-04
 4.34612498e-04 4.42970431e-04 4.51328363e-04 4.59686296e-04
 4.68044229e-04 4.76402161e-04 4.84760094e-04 4.93118027e-04
 5.01475959e-04 5.09833892e-04 5.18191825e-04 5.26549757e-04
 5.34907690e-04 5.43265623e-04 5.51623555e-04 5.59981488e-04
 5.68339421e-04 5.76697353e-04 5.85055286e-04 5.93413219e-04
 6.01771151e-04 6.10129084e-04 6.18487017e-04 6.26844949e-04
 6.35202882e-04 6.43560815e-04 6.51918747e-04 6.60276680e-04
 6.68634613e-04 6.76992545e-04 6.85350478e-04 6.93708411e-04
 7.02066343e-04 7.10424276e-04 7.18782209e-04 7.27140141e-04
 7.35498074e-04 7.43856006e-04 7.52213939e-04 7.60571872e-04
 7.68929804e-04 7.77287737e-04 7.85645670e-04 7.94003602e-04
 8.02361535e-04 8.10719468e-04 8.19077400e-04 8.27435333e-04
 8.35793266e-04]
Frequencies: [4.07642169e+09 1.06110855e+08 6.14049290e+07 4.59095860e+07
 3.72678920e+07 3.11534530e+07 2.63464210e+07 2.24215070e+07
 1.91782320e+07 1.64735060e+07 1.42036490e+07 1.22798260e+07
 1.06231310e+07 9.18121900e+06 7.91941600e+06 6.81153300e+06
 5.82519700e+06 4.96082600e+06 4.19524900e+06 3.53045900e+06
 2.96551800e+06 2.48638300e+06 2.08919100e+06 1.75651600e+06
 1.48003900e+06 1.25112400e+06 1.05999100e+06 8.99009000e+05
 7.62800000e+05 6.48327000e+05 5.50003000e+05 4.68741000e+05
 3.96848000e+05 3.37278000e+05 2.86411000e+05 2.43656000e+05
 2.05848000e+05 1.73237000e+05 1.47416000e+05 1.24373000e+05
 1.05122000e+05 8.79700000e+04 7.42170000e+04 6.19070000e+04
 5.16870000e+04 4.29000000e+04 3.53800000e+04 2.98690000e+04
 2.48190000e+04 2.09330000e+04 1.73140000e+04 1.42720000e+04
 1.19520000e+04 9.61900000e+03 7.87600000e+03 6.77200000e+03
 5.53900000e+03 4.50400000e+03 3.70100000e+03 3.00900000e+03
 2.52700000e+03 2.07300000e+03 1.66600000e+03 1.26300000e+03
 1.16400000e+03 8.98000000e+02 7.41000000e+02 5.92000000e+02
 4.51000000e+02 3.49000000e+02 2.98000000e+02 2.68000000e+02
 1.88000000e+02 1.57000000e+02 1.38000000e+02 1.15000000e+02
 9.00000000e+01 7.80000000e+01 5.80000000e+01 6.10000000e+01
 3.70000000e+01 2.90000000e+01 2.70000000e+01 3.40000000e+01
 9.00000000e+00 1.30000000e+01 7.00000000e+00 7.00000000e+00
 4.00000000e+00 4.00000000e+00 2.00000000e+00 1.00000000e+00
 0.00000000e+00 0.00000000e+00 0.00000000e+00 1.00000000e+00
 0.00000000e+00 0.00000000e+00 0.00000000e+00 1.00000000e+00]
