Standard Deviation: 12.015995176979288
Skewness: -1.21563959700437
Kurtosis: 1.0903485550442502
Median: 279.9588734869834
Mean: 275.3402647677832
Deciles: [268.01102068 284.78412403]
Minimum: 213.667869477525
Maximum: 299.09842175179614
Bin Edges: [213.66786948 214.522175   215.37648052 216.23078605 217.08509157
 217.93939709 218.79370261 219.64800814 220.50231366 221.35661918
 222.2109247  223.06523023 223.91953575 224.77384127 225.6281468
 226.48245232 227.33675784 228.19106336 229.04536889 229.89967441
 230.75397993 231.60828546 232.46259098 233.3168965  234.17120202
 235.02550755 235.87981307 236.73411859 237.58842411 238.44272964
 239.29703516 240.15134068 241.00564621 241.85995173 242.71425725
 243.56856277 244.4228683  245.27717382 246.13147934 246.98578486
 247.84009039 248.69439591 249.54870143 250.40300696 251.25731248
 252.111618   252.96592352 253.82022905 254.67453457 255.52884009
 256.38314561 257.23745114 258.09175666 258.94606218 259.80036771
 260.65467323 261.50897875 262.36328427 263.2175898  264.07189532
 264.92620084 265.78050636 266.63481189 267.48911741 268.34342293
 269.19772846 270.05203398 270.9063395  271.76064502 272.61495055
 273.46925607 274.32356159 275.17786712 276.03217264 276.88647816
 277.74078368 278.59508921 279.44939473 280.30370025 281.15800577
 282.0123113  282.86661682 283.72092234 284.57522787 285.42953339
 286.28383891 287.13814443 287.99244996 288.84675548 289.701061
 290.55536652 291.40967205 292.26397757 293.11828309 293.97258862
 294.82689414 295.68119966 296.53550518 297.38981071 298.24411623
 299.09842175]
Frequencies: [1.10200000e+03 5.38400000e+03 1.61580000e+04 3.27280000e+04
 6.19720000e+04 1.10327000e+05 1.84690000e+05 2.82475000e+05
 4.10249000e+05 5.62252000e+05 7.35160000e+05 9.26880000e+05
 1.12104000e+06 1.33417800e+06 1.52886500e+06 1.70898800e+06
 1.90303200e+06 2.05875400e+06 2.21925100e+06 2.35968600e+06
 2.49044900e+06 2.63228800e+06 2.74981900e+06 2.87973000e+06
 3.05056500e+06 3.20146400e+06 3.39441500e+06 3.61875100e+06
 3.92031100e+06 4.21991000e+06 4.61360900e+06 5.08823300e+06
 5.70740100e+06 6.42028900e+06 7.35465600e+06 8.45673900e+06
 9.67634900e+06 1.10108480e+07 1.24472800e+07 1.40650440e+07
 1.57898360e+07 1.76732220e+07 1.97592230e+07 2.20898430e+07
 2.45745000e+07 2.72163720e+07 3.02843720e+07 3.31434940e+07
 3.58515450e+07 3.85660540e+07 4.12053410e+07 4.38156820e+07
 4.62980860e+07 4.84887210e+07 5.02973140e+07 5.20867350e+07
 5.37845190e+07 5.54216470e+07 5.69792790e+07 5.86578290e+07
 6.06552560e+07 6.27611240e+07 6.47945460e+07 6.67022880e+07
 6.80828560e+07 6.86593870e+07 6.91972470e+07 6.95559480e+07
 7.03405070e+07 7.16226370e+07 7.38032190e+07 7.68256470e+07
 8.07757080e+07 8.60599590e+07 9.24531280e+07 1.00486209e+08
 1.10287313e+08 1.21419490e+08 1.34321314e+08 1.51574831e+08
 1.75937446e+08 2.17117694e+08 3.10124908e+08 4.17438046e+08
 3.69965665e+08 2.26782112e+08 1.15236321e+08 5.33682690e+07
 2.39177380e+07 1.10375860e+07 5.64642600e+06 3.24763300e+06
 1.95457600e+06 1.19715900e+06 6.93557000e+05 3.63704000e+05
 1.60944000e+05 5.56860000e+04 1.35900000e+04 1.39100000e+03]
