Standard Deviation: 9.414905323779104
Skewness: 0.5434704259661339
Kurtosis: 0.23551779044774923
Median: -0.4079252770719304
Mean: 0.6335036451315785
Deciles: [-6.2764584   6.37907352]
Minimum: -60.736006622642975
Maximum: 54.27500942790934
Bin Edges: [-60.73600662 -59.58589646 -58.4357863  -57.28567614 -56.13556598
 -54.98545582 -53.83534566 -52.6852355  -51.53512534 -50.38501518
 -49.23490502 -48.08479486 -46.9346847  -45.78457454 -44.63446438
 -43.48435422 -42.33424405 -41.18413389 -40.03402373 -38.88391357
 -37.73380341 -36.58369325 -35.43358309 -34.28347293 -33.13336277
 -31.98325261 -30.83314245 -29.68303229 -28.53292213 -27.38281197
 -26.23270181 -25.08259165 -23.93248149 -22.78237133 -21.63226117
 -20.482151   -19.33204084 -18.18193068 -17.03182052 -15.88171036
 -14.7316002  -13.58149004 -12.43137988 -11.28126972 -10.13115956
  -8.9810494   -7.83093924  -6.68082908  -5.53071892  -4.38060876
  -3.2304986   -2.08038844  -0.93027828   0.21983188   1.36994204
   2.52005221   3.67016237   4.82027253   5.97038269   7.12049285
   8.27060301   9.42071317  10.57082333  11.72093349  12.87104365
  14.02115381  15.17126397  16.32137413  17.47148429  18.62159445
  19.77170461  20.92181477  22.07192493  23.22203509  24.37214525
  25.52225542  26.67236558  27.82247574  28.9725859   30.12269606
  31.27280622  32.42291638  33.57302654  34.7231367   35.87324686
  37.02335702  38.17346718  39.32357734  40.4736875   41.62379766
  42.77390782  43.92401798  45.07412814  46.2242383   47.37434846
  48.52445863  49.67456879  50.82467895  51.97478911  53.12489927
  54.27500943]
Frequencies: [1.00000000e+01 1.60000000e+01 1.50000000e+01 2.20000000e+01
 4.00000000e+01 5.70000000e+01 8.80000000e+01 1.75000000e+02
 3.45000000e+02 7.09000000e+02 1.12000000e+03 1.82900000e+03
 2.84800000e+03 4.81600000e+03 6.82100000e+03 1.01580000e+04
 1.44580000e+04 2.09220000e+04 3.05340000e+04 4.28060000e+04
 6.24610000e+04 8.60530000e+04 1.16666000e+05 1.51132000e+05
 1.97486000e+05 2.56459000e+05 3.28453000e+05 4.25382000e+05
 5.46051000e+05 7.07062000e+05 9.23754000e+05 1.22978500e+06
 1.67864100e+06 2.35086700e+06 3.43983100e+06 5.29853800e+06
 8.52890000e+06 1.41526480e+07 2.34295920e+07 3.77942150e+07
 5.82128480e+07 8.49272630e+07 1.15403573e+08 1.44989101e+08
 1.69417911e+08 1.87343997e+08 2.00239139e+08 2.10289513e+08
 2.18425342e+08 2.23952655e+08 2.26774309e+08 2.26638251e+08
 2.23699746e+08 2.17498172e+08 2.07668712e+08 1.94287314e+08
 1.78575254e+08 1.62037174e+08 1.46081447e+08 1.31374052e+08
 1.18108189e+08 1.06228166e+08 9.55610640e+07 8.59235260e+07
 7.70099970e+07 6.86339320e+07 6.05534190e+07 5.27712830e+07
 4.54782290e+07 3.86990480e+07 3.25611840e+07 2.70662130e+07
 2.22544450e+07 1.80706140e+07 1.44957820e+07 1.15359820e+07
 9.07349500e+06 7.04461400e+06 5.41082500e+06 4.10348100e+06
 3.09496000e+06 2.30495200e+06 1.69071500e+06 1.21929200e+06
 8.72573000e+05 6.12558000e+05 4.21516000e+05 2.81275000e+05
 1.80498000e+05 1.08968000e+05 6.31220000e+04 3.53600000e+04
 1.93450000e+04 1.00050000e+04 4.77500000e+03 1.93900000e+03
 7.83000000e+02 2.50000000e+02 6.90000000e+01 1.90000000e+01]
