Standard Deviation: 2.156782949567759e-08
Skewness: 0.39075624640710616
Kurtosis: -0.8337777489818956
Median: 4.749960490300085e-08
Mean: 5.311000979185792e-08
Deciles: [3.62136760e-08 7.28829658e-08]
Minimum: 1.0260821320123055e-08
Maximum: 1.45593614664952e-07
Bin Edges: [1.02608213e-08 1.16141493e-08 1.29674772e-08 1.43208051e-08
 1.56741331e-08 1.70274610e-08 1.83807889e-08 1.97341169e-08
 2.10874448e-08 2.24407727e-08 2.37941007e-08 2.51474286e-08
 2.65007565e-08 2.78540845e-08 2.92074124e-08 3.05607403e-08
 3.19140683e-08 3.32673962e-08 3.46207241e-08 3.59740521e-08
 3.73273800e-08 3.86807079e-08 4.00340359e-08 4.13873638e-08
 4.27406917e-08 4.40940197e-08 4.54473476e-08 4.68006755e-08
 4.81540035e-08 4.95073314e-08 5.08606593e-08 5.22139873e-08
 5.35673152e-08 5.49206431e-08 5.62739711e-08 5.76272990e-08
 5.89806269e-08 6.03339549e-08 6.16872828e-08 6.30406107e-08
 6.43939387e-08 6.57472666e-08 6.71005945e-08 6.84539225e-08
 6.98072504e-08 7.11605783e-08 7.25139063e-08 7.38672342e-08
 7.52205621e-08 7.65738901e-08 7.79272180e-08 7.92805459e-08
 8.06338739e-08 8.19872018e-08 8.33405297e-08 8.46938577e-08
 8.60471856e-08 8.74005135e-08 8.87538415e-08 9.01071694e-08
 9.14604973e-08 9.28138253e-08 9.41671532e-08 9.55204811e-08
 9.68738091e-08 9.82271370e-08 9.95804649e-08 1.00933793e-07
 1.02287121e-07 1.03640449e-07 1.04993777e-07 1.06347105e-07
 1.07700433e-07 1.09053760e-07 1.10407088e-07 1.11760416e-07
 1.13113744e-07 1.14467072e-07 1.15820400e-07 1.17173728e-07
 1.18527056e-07 1.19880384e-07 1.21233712e-07 1.22587040e-07
 1.23940368e-07 1.25293696e-07 1.26647024e-07 1.28000352e-07
 1.29353679e-07 1.30707007e-07 1.32060335e-07 1.33413663e-07
 1.34766991e-07 1.36120319e-07 1.37473647e-07 1.38826975e-07
 1.40180303e-07 1.41533631e-07 1.42886959e-07 1.44240287e-07
 1.45593615e-07]
Frequencies: [1.50506300e+06 7.22187800e+06 1.35637830e+07 2.24754590e+07
 2.92248480e+07 2.95702250e+07 2.99333090e+07 3.17132270e+07
 3.44369630e+07 4.46715390e+07 6.43229060e+07 7.95379390e+07
 8.78267020e+07 9.49101900e+07 1.02616262e+08 1.09796332e+08
 1.11988717e+08 1.10888996e+08 1.09653889e+08 1.08623725e+08
 1.06657866e+08 1.08135037e+08 1.12085644e+08 1.16991065e+08
 1.23846303e+08 1.31695031e+08 1.91302441e+08 2.70238923e+08
 1.46416105e+08 8.09719060e+07 5.60689550e+07 5.16821610e+07
 4.66462490e+07 4.45918240e+07 4.24318250e+07 4.17305280e+07
 4.10580460e+07 4.28644520e+07 4.31007260e+07 4.39435800e+07
 4.66599470e+07 4.96474660e+07 5.09396500e+07 5.30794890e+07
 5.68734500e+07 6.33357710e+07 7.03595030e+07 7.78606850e+07
 8.22852550e+07 8.91118580e+07 9.30421050e+07 9.64041100e+07
 9.30641140e+07 8.11340740e+07 7.41626040e+07 6.62375830e+07
 5.63935210e+07 4.56527100e+07 3.52360600e+07 2.82260520e+07
 2.39756890e+07 2.14536100e+07 1.89115270e+07 1.64205220e+07
 1.46214540e+07 1.34008490e+07 1.16961130e+07 9.86385800e+06
 8.04409300e+06 5.86865900e+06 3.99339100e+06 3.18537900e+06
 2.60314100e+06 2.14121100e+06 1.84477900e+06 1.55997100e+06
 1.28567200e+06 1.05590900e+06 8.19004000e+05 3.26831000e+05
 2.25014000e+05 1.88424000e+05 1.75068000e+05 1.37644000e+05
 1.18659000e+05 9.80910000e+04 1.03184000e+05 9.82510000e+04
 8.33870000e+04 5.91630000e+04 4.71570000e+04 3.69080000e+04
 3.33680000e+04 2.15850000e+04 1.57380000e+04 1.14960000e+04
 6.14200000e+03 2.88600000e+03 2.63200000e+03 9.15000000e+02]
