Standard Deviation: 11.2227193320722
Skewness: -0.7747758655046485
Kurtosis: -0.44875661201349226
Median: 243.0426650456962
Mean: 239.4120147783619
Deciles: [231.00745636 249.10765735]
Minimum: 195.7011816796168
Maximum: 265.2750000017112
Bin Edges: [195.70118168 196.39691986 197.09265805 197.78839623 198.48413441
 199.1798726  199.87561078 200.57134896 201.26708715 201.96282533
 202.65856351 203.3543017  204.05003988 204.74577806 205.44151624
 206.13725443 206.83299261 207.52873079 208.22446898 208.92020716
 209.61594534 210.31168353 211.00742171 211.70315989 212.39889808
 213.09463626 213.79037444 214.48611263 215.18185081 215.87758899
 216.57332718 217.26906536 217.96480354 218.66054173 219.35627991
 220.05201809 220.74775628 221.44349446 222.13923264 222.83497083
 223.53070901 224.22644719 224.92218537 225.61792356 226.31366174
 227.00939992 227.70513811 228.40087629 229.09661447 229.79235266
 230.48809084 231.18382902 231.87956721 232.57530539 233.27104357
 233.96678176 234.66251994 235.35825812 236.05399631 236.74973449
 237.44547267 238.14121086 238.83694904 239.53268722 240.22842541
 240.92416359 241.61990177 242.31563996 243.01137814 243.70711632
 244.40285451 245.09859269 245.79433087 246.49006905 247.18580724
 247.88154542 248.5772836  249.27302179 249.96875997 250.66449815
 251.36023634 252.05597452 252.7517127  253.44745089 254.14318907
 254.83892725 255.53466544 256.23040362 256.9261418  257.62187999
 258.31761817 259.01335635 259.70909454 260.40483272 261.1005709
 261.79630909 262.49204727 263.18778545 263.88352364 264.57926182
 265.275     ]
Frequencies: [1.87000000e+02 1.58000000e+03 4.82900000e+03 1.12930000e+04
 2.99310000e+04 6.74840000e+04 1.53020000e+05 3.19701000e+05
 6.13319000e+05 1.00329200e+06 1.47555800e+06 1.92831300e+06
 2.31731600e+06 2.61260900e+06 2.89074000e+06 3.15851000e+06
 3.40102600e+06 3.58854700e+06 3.83254200e+06 4.14655100e+06
 4.52203100e+06 5.10869000e+06 6.08722900e+06 7.48543000e+06
 9.30840400e+06 1.17165970e+07 1.45109360e+07 1.75958500e+07
 2.09007780e+07 2.42312170e+07 2.73730750e+07 3.02879830e+07
 3.30522790e+07 3.57485860e+07 3.83205610e+07 4.08698800e+07
 4.34230900e+07 4.58157190e+07 4.80945450e+07 5.01181550e+07
 5.17540250e+07 5.29253140e+07 5.38084080e+07 5.45015670e+07
 5.49112360e+07 5.51344820e+07 5.53855980e+07 5.56971980e+07
 5.60602110e+07 5.64919350e+07 5.69835350e+07 5.73740510e+07
 5.78972430e+07 5.85193480e+07 5.92087590e+07 5.99632120e+07
 6.09590460e+07 6.20383530e+07 6.31197570e+07 6.42949500e+07
 6.55475170e+07 6.70243940e+07 6.85346890e+07 7.01231730e+07
 7.20250030e+07 7.39427440e+07 7.65460890e+07 7.99976610e+07
 8.43614620e+07 9.01369690e+07 9.78482430e+07 1.07557740e+08
 1.19475822e+08 1.34923875e+08 1.55466998e+08 1.83808565e+08
 2.22263614e+08 2.66657994e+08 2.86461365e+08 2.44027145e+08
 1.53650722e+08 7.17896700e+07 2.91710090e+07 1.32940670e+07
 6.86282100e+06 3.56577400e+06 1.69157800e+06 7.30597000e+05
 3.03061000e+05 1.36388000e+05 5.62610000e+04 2.38410000e+04
 1.08190000e+04 4.93200000e+03 2.83500000e+03 1.27500000e+03
 8.22000000e+02 4.62000000e+02 3.00000000e+02 9.30000000e+01]
