Standard Deviation: 6.98098366065684
Skewness: 0.07343013102405908
Kurtosis: 2.0479543176683768
Median: -0.06599612574664673
Mean: -0.04449380667277507
Deciles: [-3.6248105   3.46358868]
Minimum: -57.40384165217484
Maximum: 61.05582457572378
Bin Edges: [-57.40384165 -56.21924499 -55.03464833 -53.85005167 -52.665455
 -51.48085834 -50.29626168 -49.11166502 -47.92706835 -46.74247169
 -45.55787503 -44.37327837 -43.1886817  -42.00408504 -40.81948838
 -39.63489172 -38.45029506 -37.26569839 -36.08110173 -34.89650507
 -33.71190841 -32.52731174 -31.34271508 -30.15811842 -28.97352176
 -27.7889251  -26.60432843 -25.41973177 -24.23513511 -23.05053845
 -21.86594178 -20.68134512 -19.49674846 -18.3121518  -17.12755513
 -15.94295847 -14.75836181 -13.57376515 -12.38916849 -11.20457182
 -10.01997516  -8.8353785   -7.65078184  -6.46618517  -5.28158851
  -4.09699185  -2.91239519  -1.72779853  -0.54320186   0.6413948
   1.82599146   3.01058812   4.19518479   5.37978145   6.56437811
   7.74897477   8.93357144  10.1181681   11.30276476  12.48736142
  13.67195808  14.85655475  16.04115141  17.22574807  18.41034473
  19.5949414   20.77953806  21.96413472  23.14873138  24.33332805
  25.51792471  26.70252137  27.88711803  29.07171469  30.25631136
  31.44090802  32.62550468  33.81010134  34.99469801  36.17929467
  37.36389133  38.54848799  39.73308465  40.91768132  42.10227798
  43.28687464  44.4714713   45.65606797  46.84066463  48.02526129
  49.20985795  50.39445462  51.57905128  52.76364794  53.9482446
  55.13284126  56.31743793  57.50203459  58.68663125  59.87122791
  61.05582458]
Frequencies: [3.00000000e+00 5.00000000e+00 5.00000000e+00 1.70000000e+01
 6.50000000e+01 1.20000000e+02 2.95000000e+02 5.54000000e+02
 1.08600000e+03 1.86500000e+03 3.02600000e+03 5.28200000e+03
 8.56900000e+03 1.40320000e+04 2.26280000e+04 3.53890000e+04
 5.58420000e+04 8.75440000e+04 1.34873000e+05 2.02073000e+05
 2.97560000e+05 4.34727000e+05 6.26639000e+05 8.98158000e+05
 1.26671700e+06 1.75221700e+06 2.39453300e+06 3.25068400e+06
 4.35681000e+06 5.79187600e+06 7.61439700e+06 9.95039000e+06
 1.28778210e+07 1.65283000e+07 2.11008850e+07 2.67527600e+07
 3.37460040e+07 4.23795450e+07 5.30309620e+07 6.63732830e+07
 8.32875160e+07 1.05152387e+08 1.33821259e+08 1.72139745e+08
 2.22831236e+08 2.86991932e+08 3.58346840e+08 4.18388035e+08
 4.40452992e+08 4.11914265e+08 3.47343063e+08 2.74104345e+08
 2.10009526e+08 1.60747901e+08 1.24440901e+08 9.76150160e+07
 7.74118300e+07 6.18640160e+07 4.97535690e+07 4.01331070e+07
 3.23726260e+07 2.60337030e+07 2.08551250e+07 1.66224440e+07
 1.31670070e+07 1.03399330e+07 8.06380500e+06 6.23330000e+06
 4.77321100e+06 3.63622900e+06 2.74841100e+06 2.06264900e+06
 1.53496500e+06 1.12980100e+06 8.27962000e+05 5.96549000e+05
 4.25860000e+05 3.01361000e+05 2.13202000e+05 1.50101000e+05
 1.05143000e+05 7.42670000e+04 5.24770000e+04 3.61290000e+04
 2.57180000e+04 1.83480000e+04 1.23540000e+04 8.68500000e+03
 5.75000000e+03 3.92600000e+03 2.38800000e+03 1.50400000e+03
 9.68000000e+02 4.54000000e+02 2.54000000e+02 1.41000000e+02
 1.06000000e+02 7.20000000e+01 4.30000000e+01 7.00000000e+00]
