Standard Deviation: 15.266338149465826
Skewness: 1.2342291794425766
Kurtosis: 2.59787979172009
Median: 1.8751824451100036
Mean: 3.9049101136181945
Deciles: [-5.17183901  9.77993228]
Minimum: -59.717382965360066
Maximum: 92.20014045996119
Bin Edges: [-59.71738297 -58.19820773 -56.6790325  -55.15985726 -53.64068203
 -52.12150679 -50.60233156 -49.08315633 -47.56398109 -46.04480586
 -44.52563062 -43.00645539 -41.48728015 -39.96810492 -38.44892969
 -36.92975445 -35.41057922 -33.89140398 -32.37222875 -30.85305351
 -29.33387828 -27.81470305 -26.29552781 -24.77635258 -23.25717734
 -21.73800211 -20.21882687 -18.69965164 -17.18047641 -15.66130117
 -14.14212594 -12.6229507  -11.10377547  -9.58460024  -8.065425
  -6.54624977  -5.02707453  -3.5078993   -1.98872406  -0.46954883
   1.0496264    2.56880164   4.08797687   5.60715211   7.12632734
   8.64550258  10.16467781  11.68385304  13.20302828  14.72220351
  16.24137875  17.76055398  19.27972922  20.79890445  22.31807968
  23.83725492  25.35643015  26.87560539  28.39478062  29.91395586
  31.43313109  32.95230632  34.47148156  35.99065679  37.50983203
  39.02900726  40.5481825   42.06735773  43.58653296  45.1057082
  46.62488343  48.14405867  49.6632339   51.18240914  52.70158437
  54.2207596   55.73993484  57.25911007  58.77828531  60.29746054
  61.81663577  63.33581101  64.85498624  66.37416148  67.89333671
  69.41251195  70.93168718  72.45086241  73.97003765  75.48921288
  77.00838812  78.52756335  80.04673859  81.56591382  83.08508905
  84.60426429  86.12343952  87.64261476  89.16178999  90.68096523
  92.20014046]
Frequencies: [1.23000000e+02 1.87000000e+02 5.19000000e+02 1.16000000e+03
 1.54600000e+03 2.72500000e+03 3.46400000e+03 4.52000000e+03
 5.48900000e+03 7.18700000e+03 8.68000000e+03 1.22950000e+04
 1.53390000e+04 2.04740000e+04 2.62150000e+04 3.56460000e+04
 5.46600000e+04 1.05495000e+05 2.73217000e+05 7.68274000e+05
 2.06560400e+06 4.98991200e+06 1.05509080e+07 1.95381990e+07
 3.14411430e+07 4.45704040e+07 5.65834460e+07 6.60423630e+07
 7.32354040e+07 8.01181320e+07 8.84171920e+07 9.92734300e+07
 1.13408867e+08 1.31377428e+08 1.52609435e+08 1.77903919e+08
 2.07348969e+08 2.37186789e+08 2.59212900e+08 2.68395291e+08
 2.64930162e+08 2.53753082e+08 2.36457918e+08 2.14333792e+08
 1.88184895e+08 1.60800677e+08 1.35338180e+08 1.13295108e+08
 9.45055080e+07 7.91849890e+07 6.70290820e+07 5.74792610e+07
 4.96069090e+07 4.33206060e+07 3.83765140e+07 3.44109150e+07
 3.12365900e+07 2.85432120e+07 2.62978010e+07 2.43001720e+07
 2.25453570e+07 2.09803400e+07 1.95095190e+07 1.81882170e+07
 1.70323140e+07 1.60024080e+07 1.49904350e+07 1.40049970e+07
 1.30660980e+07 1.21836160e+07 1.14271800e+07 1.06588190e+07
 9.89079000e+06 9.16990600e+06 8.43954800e+06 7.74871300e+06
 7.06179100e+06 6.37572200e+06 5.69732000e+06 5.02146200e+06
 4.41015700e+06 3.82629100e+06 3.31243000e+06 2.84367600e+06
 2.37423900e+06 1.93976200e+06 1.53742500e+06 1.18462100e+06
 8.92823000e+05 6.46915000e+05 4.56771000e+05 3.11739000e+05
 2.07044000e+05 1.27121000e+05 6.61430000e+04 3.00000000e+04
 1.31260000e+04 5.25600000e+03 1.44100000e+03 1.45000000e+02]
