Standard Deviation: 8.390528927339052e-06
Skewness: 7.704808938823581
Kurtosis: 73.99846610641738
Median: 0.0
Mean: 1.6941096918280915e-06
Deciles: [0.00000000e+00 1.17541102e-12]
Minimum: 0.0
Maximum: 0.00025182541014301277
Bin Edges: [0.00000000e+00 2.51825410e-06 5.03650820e-06 7.55476230e-06
 1.00730164e-05 1.25912705e-05 1.51095246e-05 1.76277787e-05
 2.01460328e-05 2.26642869e-05 2.51825410e-05 2.77007951e-05
 3.02190492e-05 3.27373033e-05 3.52555574e-05 3.77738115e-05
 4.02920656e-05 4.28103197e-05 4.53285738e-05 4.78468279e-05
 5.03650820e-05 5.28833361e-05 5.54015902e-05 5.79198443e-05
 6.04380984e-05 6.29563525e-05 6.54746066e-05 6.79928607e-05
 7.05111148e-05 7.30293689e-05 7.55476230e-05 7.80658771e-05
 8.05841312e-05 8.31023853e-05 8.56206394e-05 8.81388936e-05
 9.06571477e-05 9.31754018e-05 9.56936559e-05 9.82119100e-05
 1.00730164e-04 1.03248418e-04 1.05766672e-04 1.08284926e-04
 1.10803180e-04 1.13321435e-04 1.15839689e-04 1.18357943e-04
 1.20876197e-04 1.23394451e-04 1.25912705e-04 1.28430959e-04
 1.30949213e-04 1.33467467e-04 1.35985721e-04 1.38503976e-04
 1.41022230e-04 1.43540484e-04 1.46058738e-04 1.48576992e-04
 1.51095246e-04 1.53613500e-04 1.56131754e-04 1.58650008e-04
 1.61168262e-04 1.63686517e-04 1.66204771e-04 1.68723025e-04
 1.71241279e-04 1.73759533e-04 1.76277787e-04 1.78796041e-04
 1.81314295e-04 1.83832549e-04 1.86350804e-04 1.88869058e-04
 1.91387312e-04 1.93905566e-04 1.96423820e-04 1.98942074e-04
 2.01460328e-04 2.03978582e-04 2.06496836e-04 2.09015090e-04
 2.11533345e-04 2.14051599e-04 2.16569853e-04 2.19088107e-04
 2.21606361e-04 2.24124615e-04 2.26642869e-04 2.29161123e-04
 2.31679377e-04 2.34197631e-04 2.36715886e-04 2.39234140e-04
 2.41752394e-04 2.44270648e-04 2.46788902e-04 2.49307156e-04
 2.51825410e-04]
Frequencies: [4.19506117e+09 6.78861720e+07 4.12419240e+07 3.04997050e+07
 2.45387530e+07 2.06987210e+07 1.79231630e+07 1.57558860e+07
 1.39628550e+07 1.24231590e+07 1.10520800e+07 9.81350200e+06
 8.68776000e+06 7.65387200e+06 6.72331900e+06 5.88534100e+06
 5.12940100e+06 4.46892300e+06 3.90448000e+06 3.43289200e+06
 3.03295000e+06 2.69466500e+06 2.41563800e+06 2.17363500e+06
 1.96633900e+06 1.79740700e+06 1.65107300e+06 1.52689800e+06
 1.41933500e+06 1.33062500e+06 1.25190400e+06 1.17970300e+06
 1.11888300e+06 1.06474200e+06 1.01155600e+06 9.63062000e+05
 9.14387000e+05 8.64538000e+05 8.14440000e+05 7.59719000e+05
 6.93958000e+05 6.15219000e+05 5.35453000e+05 4.56123000e+05
 3.80988000e+05 3.13479000e+05 2.58645000e+05 2.13877000e+05
 1.75135000e+05 1.44056000e+05 1.17728000e+05 9.85400000e+04
 8.26020000e+04 6.83220000e+04 5.61420000e+04 4.67230000e+04
 3.95810000e+04 3.30800000e+04 2.79010000e+04 2.26690000e+04
 1.93840000e+04 1.64010000e+04 1.31930000e+04 1.05950000e+04
 8.68200000e+03 7.36000000e+03 6.09800000e+03 4.78100000e+03
 4.23900000e+03 3.49300000e+03 2.75500000e+03 2.52000000e+03
 1.82900000e+03 1.49000000e+03 1.18700000e+03 1.04900000e+03
 8.67000000e+02 6.67000000e+02 5.03000000e+02 4.00000000e+02
 3.30000000e+02 2.43000000e+02 2.52000000e+02 1.68000000e+02
 1.67000000e+02 1.09000000e+02 8.50000000e+01 5.10000000e+01
 4.10000000e+01 5.50000000e+01 4.80000000e+01 3.90000000e+01
 2.80000000e+01 2.10000000e+01 2.40000000e+01 1.40000000e+01
 9.00000000e+00 1.40000000e+01 6.00000000e+00 4.00000000e+00]
