Standard Deviation: 5.5862413627676584e-08
Skewness: -1.0642272028089468
Kurtosis: 0.027081135740708362
Median: 1.9260746410342223e-07
Mean: 1.7553674718502522e-07
Deciles: [1.49148451e-07 2.19191318e-07]
Minimum: 2.489302486868722e-08
Maximum: 2.3545748299254528e-07
Bin Edges: [2.48930249e-08 2.69986694e-08 2.91043140e-08 3.12099586e-08
 3.33156032e-08 3.54212478e-08 3.75268924e-08 3.96325369e-08
 4.17381815e-08 4.38438261e-08 4.59494707e-08 4.80551153e-08
 5.01607598e-08 5.22664044e-08 5.43720490e-08 5.64776936e-08
 5.85833382e-08 6.06889827e-08 6.27946273e-08 6.49002719e-08
 6.70059165e-08 6.91115611e-08 7.12172057e-08 7.33228502e-08
 7.54284948e-08 7.75341394e-08 7.96397840e-08 8.17454286e-08
 8.38510731e-08 8.59567177e-08 8.80623623e-08 9.01680069e-08
 9.22736515e-08 9.43792960e-08 9.64849406e-08 9.85905852e-08
 1.00696230e-07 1.02801874e-07 1.04907519e-07 1.07013164e-07
 1.09118808e-07 1.11224453e-07 1.13330097e-07 1.15435742e-07
 1.17541386e-07 1.19647031e-07 1.21752676e-07 1.23858320e-07
 1.25963965e-07 1.28069609e-07 1.30175254e-07 1.32280899e-07
 1.34386543e-07 1.36492188e-07 1.38597832e-07 1.40703477e-07
 1.42809121e-07 1.44914766e-07 1.47020411e-07 1.49126055e-07
 1.51231700e-07 1.53337344e-07 1.55442989e-07 1.57548633e-07
 1.59654278e-07 1.61759923e-07 1.63865567e-07 1.65971212e-07
 1.68076856e-07 1.70182501e-07 1.72288146e-07 1.74393790e-07
 1.76499435e-07 1.78605079e-07 1.80710724e-07 1.82816368e-07
 1.84922013e-07 1.87027658e-07 1.89133302e-07 1.91238947e-07
 1.93344591e-07 1.95450236e-07 1.97555881e-07 1.99661525e-07
 2.01767170e-07 2.03872814e-07 2.05978459e-07 2.08084103e-07
 2.10189748e-07 2.12295393e-07 2.14401037e-07 2.16506682e-07
 2.18612326e-07 2.20717971e-07 2.22823616e-07 2.24929260e-07
 2.27034905e-07 2.29140549e-07 2.31246194e-07 2.33351838e-07
 2.35457483e-07]
Frequencies: [5.0457600e+06 8.4096000e+06 1.1773440e+07 1.1773440e+07 1.3455360e+07
 1.8501120e+07 1.8501120e+07 1.6819200e+07 1.8501120e+07 1.6819200e+07
 2.1864960e+07 2.0183040e+07 1.8501120e+07 2.3546880e+07 1.5137280e+07
 2.6910720e+07 1.3455360e+07 2.5228800e+07 1.6819200e+07 2.5228800e+07
 1.3455360e+07 2.6910720e+07 1.8501120e+07 2.0183040e+07 2.0183040e+07
 1.8501120e+07 2.3546880e+07 2.0183040e+07 2.5228800e+07 2.0183040e+07
 1.6819200e+07 2.3546880e+07 2.1864960e+07 1.0091520e+07 3.0274560e+07
 2.0183040e+07 1.8501120e+07 2.3546880e+07 2.0183040e+07 1.3455360e+07
 2.5228800e+07 2.3546880e+07 1.6819200e+07 1.3455360e+07 2.8592640e+07
 1.6819200e+07 2.3546880e+07 1.3455360e+07 2.5228800e+07 1.6819200e+07
 1.6819200e+07 1.6819200e+07 2.6910720e+07 2.1864960e+07 1.3455360e+07
 1.6819200e+07 2.3546880e+07 2.0183040e+07 2.1864960e+07 1.0091520e+07
 2.0183040e+07 2.6910720e+07 1.6819200e+07 2.1864960e+07 1.0091520e+07
 2.3546880e+07 2.6910720e+07 1.6819200e+07 5.5503360e+07 7.9050240e+07
 9.5869440e+07 8.9141760e+07 8.4096000e+07 9.2505600e+07 8.5777920e+07
 7.9050240e+07 8.4096000e+07 8.7459840e+07 8.7459840e+07 8.7459840e+07
 7.7368320e+07 8.0732160e+07 8.7459840e+07 8.4096000e+07 8.7459840e+07
 8.4096000e+07 8.0732160e+07 9.7551360e+07 9.4187520e+07 9.7551360e+07
 9.7551360e+07 9.0823680e+07 1.0427904e+08 1.0427904e+08 1.1437056e+08
 1.3118976e+08 1.3455360e+08 1.4464512e+08 1.8164736e+08 2.5228800e+08]
