Standard Deviation: 4.819906749431755e-08
Skewness: 1.410232951239482
Kurtosis: 2.5368291792679845
Median: 9.126706382190118e-08
Mean: 1.022865476964303e-07
Deciles: [7.04966995e-08 1.21296079e-07]
Minimum: 2.8918097123604986e-08
Maximum: 4.900212732311649e-07
Bin Edges: [2.89180971e-08 3.35291289e-08 3.81401606e-08 4.27511924e-08
 4.73622242e-08 5.19732559e-08 5.65842877e-08 6.11953195e-08
 6.58063512e-08 7.04173830e-08 7.50284147e-08 7.96394465e-08
 8.42504783e-08 8.88615100e-08 9.34725418e-08 9.80835735e-08
 1.02694605e-07 1.07305637e-07 1.11916669e-07 1.16527701e-07
 1.21138732e-07 1.25749764e-07 1.30360796e-07 1.34971828e-07
 1.39582859e-07 1.44193891e-07 1.48804923e-07 1.53415955e-07
 1.58026986e-07 1.62638018e-07 1.67249050e-07 1.71860082e-07
 1.76471113e-07 1.81082145e-07 1.85693177e-07 1.90304209e-07
 1.94915241e-07 1.99526272e-07 2.04137304e-07 2.08748336e-07
 2.13359368e-07 2.17970399e-07 2.22581431e-07 2.27192463e-07
 2.31803495e-07 2.36414526e-07 2.41025558e-07 2.45636590e-07
 2.50247622e-07 2.54858653e-07 2.59469685e-07 2.64080717e-07
 2.68691749e-07 2.73302780e-07 2.77913812e-07 2.82524844e-07
 2.87135876e-07 2.91746908e-07 2.96357939e-07 3.00968971e-07
 3.05580003e-07 3.10191035e-07 3.14802066e-07 3.19413098e-07
 3.24024130e-07 3.28635162e-07 3.33246193e-07 3.37857225e-07
 3.42468257e-07 3.47079289e-07 3.51690320e-07 3.56301352e-07
 3.60912384e-07 3.65523416e-07 3.70134447e-07 3.74745479e-07
 3.79356511e-07 3.83967543e-07 3.88578574e-07 3.93189606e-07
 3.97800638e-07 4.02411670e-07 4.07022702e-07 4.11633733e-07
 4.16244765e-07 4.20855797e-07 4.25466829e-07 4.30077860e-07
 4.34688892e-07 4.39299924e-07 4.43910956e-07 4.48521987e-07
 4.53133019e-07 4.57744051e-07 4.62355083e-07 4.66966114e-07
 4.71577146e-07 4.76188178e-07 4.80799210e-07 4.85410241e-07
 4.90021273e-07]
Frequencies: [2.58924540e+07 7.69597170e+07 1.03808062e+08 1.14144858e+08
 1.22397036e+08 1.29658370e+08 1.53914258e+08 1.87128795e+08
 2.17342564e+08 2.48078202e+08 2.41123318e+08 2.44930310e+08
 2.62383832e+08 2.71046930e+08 2.57908239e+08 2.26709434e+08
 1.66761098e+08 1.32914735e+08 1.14946657e+08 1.04466396e+08
 9.52707200e+07 8.67565230e+07 7.73478820e+07 7.21567830e+07
 6.03596240e+07 5.47266190e+07 5.30230210e+07 5.18953560e+07
 5.03280360e+07 5.10434110e+07 4.68009680e+07 4.26332130e+07
 4.05348760e+07 3.56551580e+07 3.17825540e+07 2.81652990e+07
 2.53996620e+07 2.31335540e+07 2.03324160e+07 1.77709290e+07
 1.59513030e+07 1.49264330e+07 1.42988140e+07 1.37555630e+07
 1.31486870e+07 1.25676880e+07 1.19221450e+07 1.13902390e+07
 1.05142240e+07 9.42745200e+06 8.00172000e+06 6.64007700e+06
 5.42678200e+06 4.45882500e+06 3.65763000e+06 2.95022100e+06
 2.33285600e+06 1.87953400e+06 1.46945100e+06 1.13772900e+06
 8.97950000e+05 7.31047000e+05 6.16961000e+05 5.43147000e+05
 4.94848000e+05 4.24416000e+05 3.87116000e+05 3.61126000e+05
 3.15189000e+05 2.93844000e+05 2.78755000e+05 2.50169000e+05
 2.18164000e+05 1.86522000e+05 1.74886000e+05 1.64495000e+05
 1.48490000e+05 1.22002000e+05 1.10465000e+05 1.00163000e+05
 9.93630000e+04 9.45850000e+04 9.22300000e+04 9.00250000e+04
 8.23430000e+04 7.41910000e+04 7.04260000e+04 6.30850000e+04
 5.74890000e+04 4.65270000e+04 3.39900000e+04 2.51190000e+04
 1.83820000e+04 1.13120000e+04 8.00800000e+03 4.18600000e+03
 2.20500000e+03 1.12900000e+03 2.90000000e+02 1.18000000e+02]
