Standard Deviation: 2705.2997420642837
Skewness: -3.6048410652567426
Kurtosis: 15.498897943537333
Median: 53598.94178919011
Mean: 52618.8482328119
Deciles: [52457.03799093 53897.42749222]
Minimum: 32982.064367998166
Maximum: 56464.58039517055
Bin Edges: [32982.064368   33216.88952827 33451.71468854 33686.53984881
 33921.36500909 34156.19016936 34391.01532963 34625.8404899
 34860.66565017 35095.49081044 35330.31597072 35565.14113099
 35799.96629126 36034.79145153 36269.6166118  36504.44177207
 36739.26693235 36974.09209262 37208.91725289 37443.74241316
 37678.56757343 37913.3927337  38148.21789398 38383.04305425
 38617.86821452 38852.69337479 39087.51853506 39322.34369533
 39557.16885561 39791.99401588 40026.81917615 40261.64433642
 40496.46949669 40731.29465697 40966.11981724 41200.94497751
 41435.77013778 41670.59529805 41905.42045832 42140.2456186
 42375.07077887 42609.89593914 42844.72109941 43079.54625968
 43314.37141995 43549.19658023 43784.0217405  44018.84690077
 44253.67206104 44488.49722131 44723.32238158 44958.14754186
 45192.97270213 45427.7978624  45662.62302267 45897.44818294
 46132.27334321 46367.09850349 46601.92366376 46836.74882403
 47071.5739843  47306.39914457 47541.22430485 47776.04946512
 48010.87462539 48245.69978566 48480.52494593 48715.3501062
 48950.17526648 49185.00042675 49419.82558702 49654.65074729
 49889.47590756 50124.30106783 50359.12622811 50593.95138838
 50828.77654865 51063.60170892 51298.42686919 51533.25202946
 51768.07718974 52002.90235001 52237.72751028 52472.55267055
 52707.37783082 52942.20299109 53177.02815137 53411.85331164
 53646.67847191 53881.50363218 54116.32879245 54351.15395273
 54585.979113   54820.80427327 55055.62943354 55290.45459381
 55525.27975408 55760.10491436 55994.93007463 56229.7552349
 56464.58039517]
Frequencies: [3.24700000e+03 3.43760000e+04 2.14012000e+05 6.12063000e+05
 1.43533000e+06 2.30397700e+06 1.80202800e+06 1.15344100e+06
 7.14157000e+05 1.20462700e+06 1.22384100e+06 1.33601200e+06
 1.95257500e+06 2.31425600e+06 2.51995500e+06 2.48773000e+06
 2.11066500e+06 2.18244900e+06 2.48702500e+06 2.45461800e+06
 2.42623300e+06 3.17838500e+06 3.45430700e+06 3.28083100e+06
 3.14557500e+06 3.40240600e+06 2.82764100e+06 2.90280500e+06
 3.03415800e+06 3.03348500e+06 3.40175200e+06 3.36264500e+06
 2.61021600e+06 2.75447400e+06 2.95381700e+06 3.15654500e+06
 2.69484200e+06 2.25256500e+06 2.54093100e+06 2.69121500e+06
 2.64542100e+06 3.26721500e+06 3.11846400e+06 3.65982400e+06
 3.32332400e+06 2.83760300e+06 3.36972300e+06 3.89896600e+06
 4.07788300e+06 3.97736000e+06 4.66625500e+06 4.96991700e+06
 5.92658300e+06 6.74985100e+06 6.67534600e+06 7.58851900e+06
 7.57407800e+06 7.66260500e+06 8.11978200e+06 9.62523200e+06
 1.14691460e+07 1.23376660e+07 1.39266280e+07 1.63872500e+07
 1.89315660e+07 1.86620140e+07 1.91329730e+07 1.97260660e+07
 2.07127900e+07 2.09699570e+07 2.13203200e+07 2.08863200e+07
 2.26446040e+07 2.73754200e+07 3.06533520e+07 3.66760640e+07
 4.54878420e+07 5.31497890e+07 6.70524880e+07 8.21708750e+07
 9.96509420e+07 1.25561581e+08 1.47194028e+08 1.61996781e+08
 1.79611193e+08 2.07210758e+08 2.53269380e+08 4.68669780e+08
 9.36710193e+08 6.26285215e+08 3.58802163e+08 1.50625148e+08
 4.19595740e+07 8.46057100e+06 1.66038400e+06 3.41380000e+05
 8.73270000e+04 2.18880000e+04 5.56100000e+03 1.86000000e+03]
