Standard Deviation: 6.770600634894324e-06
Skewness: 9.244008051871768
Kurtosis: 106.42422008652035
Median: 0.0
Mean: 1.2199937552041458e-06
Deciles: [0.0000000e+00 4.2779967e-13]
Minimum: 0.0
Maximum: 0.00023955123404266403
Bin Edges: [0.00000000e+00 2.39551234e-06 4.79102468e-06 7.18653702e-06
 9.58204936e-06 1.19775617e-05 1.43730740e-05 1.67685864e-05
 1.91640987e-05 2.15596111e-05 2.39551234e-05 2.63506357e-05
 2.87461481e-05 3.11416604e-05 3.35371728e-05 3.59326851e-05
 3.83281974e-05 4.07237098e-05 4.31192221e-05 4.55147345e-05
 4.79102468e-05 5.03057591e-05 5.27012715e-05 5.50967838e-05
 5.74922962e-05 5.98878085e-05 6.22833209e-05 6.46788332e-05
 6.70743455e-05 6.94698579e-05 7.18653702e-05 7.42608826e-05
 7.66563949e-05 7.90519072e-05 8.14474196e-05 8.38429319e-05
 8.62384443e-05 8.86339566e-05 9.10294689e-05 9.34249813e-05
 9.58204936e-05 9.82160060e-05 1.00611518e-04 1.03007031e-04
 1.05402543e-04 1.07798055e-04 1.10193568e-04 1.12589080e-04
 1.14984592e-04 1.17380105e-04 1.19775617e-04 1.22171129e-04
 1.24566642e-04 1.26962154e-04 1.29357666e-04 1.31753179e-04
 1.34148691e-04 1.36544203e-04 1.38939716e-04 1.41335228e-04
 1.43730740e-04 1.46126253e-04 1.48521765e-04 1.50917277e-04
 1.53312790e-04 1.55708302e-04 1.58103814e-04 1.60499327e-04
 1.62894839e-04 1.65290351e-04 1.67685864e-04 1.70081376e-04
 1.72476889e-04 1.74872401e-04 1.77267913e-04 1.79663426e-04
 1.82058938e-04 1.84454450e-04 1.86849963e-04 1.89245475e-04
 1.91640987e-04 1.94036500e-04 1.96432012e-04 1.98827524e-04
 2.01223037e-04 2.03618549e-04 2.06014061e-04 2.08409574e-04
 2.10805086e-04 2.13200598e-04 2.15596111e-04 2.17991623e-04
 2.20387135e-04 2.22782648e-04 2.25178160e-04 2.27573672e-04
 2.29969185e-04 2.32364697e-04 2.34760209e-04 2.37155722e-04
 2.39551234e-04]
Frequencies: [4.23655304e+09 7.84944180e+07 4.33448380e+07 2.96841080e+07
 2.26256890e+07 1.82023850e+07 1.49795990e+07 1.24757520e+07
 1.04124220e+07 8.66668000e+06 7.22330200e+06 6.05352900e+06
 5.12968700e+06 4.41437700e+06 3.85331900e+06 3.39255100e+06
 3.00778700e+06 2.68995900e+06 2.42348800e+06 2.19334200e+06
 1.99672200e+06 1.82613800e+06 1.68139000e+06 1.55200100e+06
 1.44134300e+06 1.34209500e+06 1.25305700e+06 1.17606800e+06
 1.10426100e+06 1.04473400e+06 9.88232000e+05 9.38024000e+05
 8.91032000e+05 8.47345000e+05 8.01958000e+05 7.58140000e+05
 7.11369000e+05 6.65327000e+05 6.14588000e+05 5.63764000e+05
 5.08792000e+05 4.43223000e+05 3.79311000e+05 3.17399000e+05
 2.64163000e+05 2.17582000e+05 1.80254000e+05 1.50679000e+05
 1.23842000e+05 1.01587000e+05 8.36900000e+04 6.98680000e+04
 5.80910000e+04 4.81850000e+04 3.94970000e+04 3.24480000e+04
 2.70370000e+04 2.19650000e+04 1.86920000e+04 1.51090000e+04
 1.25270000e+04 9.67200000e+03 7.85300000e+03 6.50700000e+03
 5.38400000e+03 4.31300000e+03 3.73600000e+03 2.82900000e+03
 2.37000000e+03 1.86000000e+03 1.38600000e+03 1.18500000e+03
 1.05300000e+03 7.54000000e+02 6.34000000e+02 4.62000000e+02
 4.34000000e+02 4.37000000e+02 2.85000000e+02 2.36000000e+02
 1.28000000e+02 1.12000000e+02 8.50000000e+01 6.70000000e+01
 8.10000000e+01 7.50000000e+01 5.50000000e+01 3.60000000e+01
 2.90000000e+01 3.70000000e+01 2.60000000e+01 2.30000000e+01
 1.70000000e+01 1.10000000e+01 1.00000000e+01 6.00000000e+00
 4.00000000e+00 5.00000000e+00 3.00000000e+00 3.00000000e+00]
