Standard Deviation: 7.835815523309271
Skewness: -0.16452825220972178
Kurtosis: 3.1877616155848374
Median: 257.98691252107085
Mean: 257.4102971779498
Deciles: [253.64335007 261.61888097]
Minimum: 193.9327405041041
Maximum: 320.2754057060862
Bin Edges: [193.9327405  195.19616716 196.45959381 197.72302046 198.98644711
 200.24987376 201.51330042 202.77672707 204.04015372 205.30358037
 206.56700702 207.83043368 209.09386033 210.35728698 211.62071363
 212.88414028 214.14756694 215.41099359 216.67442024 217.93784689
 219.20127354 220.4647002  221.72812685 222.9915535  224.25498015
 225.5184068  226.78183346 228.04526011 229.30868676 230.57211341
 231.83554006 233.09896672 234.36239337 235.62582002 236.88924667
 238.15267332 239.41609998 240.67952663 241.94295328 243.20637993
 244.46980658 245.73323324 246.99665989 248.26008654 249.52351319
 250.78693984 252.0503665  253.31379315 254.5772198  255.84064645
 257.10407311 258.36749976 259.63092641 260.89435306 262.15777971
 263.42120637 264.68463302 265.94805967 267.21148632 268.47491297
 269.73833963 271.00176628 272.26519293 273.52861958 274.79204623
 276.05547289 277.31889954 278.58232619 279.84575284 281.10917949
 282.37260615 283.6360328  284.89945945 286.1628861  287.42631275
 288.68973941 289.95316606 291.21659271 292.48001936 293.74344601
 295.00687267 296.27029932 297.53372597 298.79715262 300.06057927
 301.32400593 302.58743258 303.85085923 305.11428588 306.37771253
 307.64113919 308.90456584 310.16799249 311.43141914 312.69484579
 313.95827245 315.2216991  316.48512575 317.7485524  319.01197905
 320.27540571]
Frequencies: [1.14000000e+02 1.71000000e+02 5.37000000e+02 1.29700000e+03
 1.87800000e+03 2.73100000e+03 4.17100000e+03 5.87300000e+03
 9.14500000e+03 1.27660000e+04 1.83910000e+04 2.75120000e+04
 4.11400000e+04 6.33440000e+04 9.01790000e+04 1.26356000e+05
 1.76133000e+05 2.45929000e+05 3.44735000e+05 4.71602000e+05
 6.31685000e+05 8.32709000e+05 1.08198400e+06 1.40154000e+06
 1.82067500e+06 2.36285500e+06 3.03829200e+06 3.85264100e+06
 4.81655700e+06 5.99698900e+06 7.42554800e+06 9.16502200e+06
 1.12591290e+07 1.38745700e+07 1.70463470e+07 2.08610400e+07
 2.54966290e+07 3.11479610e+07 3.80349280e+07 4.64684230e+07
 5.68525710e+07 6.96422120e+07 8.58332320e+07 1.06419163e+08
 1.32711827e+08 1.66192414e+08 2.07561057e+08 2.55861773e+08
 3.08455324e+08 3.58452040e+08 3.96665520e+08 4.11732743e+08
 3.94986051e+08 3.46315657e+08 2.76640792e+08 2.03700869e+08
 1.40970477e+08 9.41008170e+07 6.23778860e+07 4.23270230e+07
 3.01378900e+07 2.28023540e+07 1.82116900e+07 1.51486230e+07
 1.28946080e+07 1.12046850e+07 9.81942700e+06 8.59999800e+06
 7.51212500e+06 6.54752700e+06 5.67830800e+06 4.87270700e+06
 4.14114400e+06 3.49319400e+06 2.92566400e+06 2.43170200e+06
 1.98864300e+06 1.60079300e+06 1.26342100e+06 9.90160000e+05
 7.64888000e+05 5.84366000e+05 4.37750000e+05 3.21446000e+05
 2.35130000e+05 1.67858000e+05 1.16756000e+05 8.00210000e+04
 5.47810000e+04 3.64180000e+04 2.45280000e+04 1.48590000e+04
 9.22900000e+03 5.86000000e+03 3.37500000e+03 1.76200000e+03
 8.67000000e+02 2.72000000e+02 1.51000000e+02 4.40000000e+01]
