Standard Deviation: 7.019783672135184e-07
Skewness: -0.9754971564333254
Kurtosis: 0.4954722577277364
Median: 8.380779531319712e-06
Mean: 8.219955650487384e-06
Deciles: [7.84817915e-06 8.73051198e-06]
Minimum: 5.680951189347284e-06
Maximum: 9.4546397304833e-06
Bin Edges: [5.68095119e-06 5.71868807e-06 5.75642496e-06 5.79416185e-06
 5.83189873e-06 5.86963562e-06 5.90737250e-06 5.94510939e-06
 5.98284627e-06 6.02058316e-06 6.05832004e-06 6.09605693e-06
 6.13379381e-06 6.17153070e-06 6.20926759e-06 6.24700447e-06
 6.28474136e-06 6.32247824e-06 6.36021513e-06 6.39795201e-06
 6.43568890e-06 6.47342578e-06 6.51116267e-06 6.54889955e-06
 6.58663644e-06 6.62437332e-06 6.66211021e-06 6.69984710e-06
 6.73758398e-06 6.77532087e-06 6.81305775e-06 6.85079464e-06
 6.88853152e-06 6.92626841e-06 6.96400529e-06 7.00174218e-06
 7.03947906e-06 7.07721595e-06 7.11495283e-06 7.15268972e-06
 7.19042661e-06 7.22816349e-06 7.26590038e-06 7.30363726e-06
 7.34137415e-06 7.37911103e-06 7.41684792e-06 7.45458480e-06
 7.49232169e-06 7.53005857e-06 7.56779546e-06 7.60553235e-06
 7.64326923e-06 7.68100612e-06 7.71874300e-06 7.75647989e-06
 7.79421677e-06 7.83195366e-06 7.86969054e-06 7.90742743e-06
 7.94516431e-06 7.98290120e-06 8.02063808e-06 8.05837497e-06
 8.09611186e-06 8.13384874e-06 8.17158563e-06 8.20932251e-06
 8.24705940e-06 8.28479628e-06 8.32253317e-06 8.36027005e-06
 8.39800694e-06 8.43574382e-06 8.47348071e-06 8.51121760e-06
 8.54895448e-06 8.58669137e-06 8.62442825e-06 8.66216514e-06
 8.69990202e-06 8.73763891e-06 8.77537579e-06 8.81311268e-06
 8.85084956e-06 8.88858645e-06 8.92632333e-06 8.96406022e-06
 9.00179711e-06 9.03953399e-06 9.07727088e-06 9.11500776e-06
 9.15274465e-06 9.19048153e-06 9.22821842e-06 9.26595530e-06
 9.30369219e-06 9.34142907e-06 9.37916596e-06 9.41690285e-06
 9.45463973e-06]
Frequencies: [4.48936000e+05 1.77692000e+06 3.11686400e+06 4.15921600e+06
 3.92070400e+06 3.88560000e+06 3.42410400e+06 2.82616800e+06
 2.81405600e+06 2.74728000e+06 2.94809600e+06 3.07195200e+06
 3.85644000e+06 5.10075200e+06 6.41737600e+06 8.56908800e+06
 9.71827200e+06 8.05914400e+06 8.12880800e+06 8.11129600e+06
 8.77917600e+06 9.78880800e+06 1.07945840e+07 1.19452080e+07
 1.29530400e+07 1.42027920e+07 1.52508800e+07 1.59707920e+07
 1.69155200e+07 1.80866400e+07 1.94673440e+07 2.12910160e+07
 2.32968560e+07 2.55812160e+07 2.69948080e+07 2.78064160e+07
 2.80356000e+07 2.83689680e+07 2.84915840e+07 2.95150320e+07
 3.03323760e+07 3.15007120e+07 3.23430720e+07 3.39604000e+07
 3.49242480e+07 3.61844800e+07 3.52726400e+07 3.55056720e+07
 3.57422240e+07 3.66247440e+07 3.77325600e+07 3.81161280e+07
 3.93448400e+07 4.07230080e+07 4.20043040e+07 4.34392480e+07
 4.50469760e+07 4.70357760e+07 4.94124640e+07 5.13246000e+07
 5.35354160e+07 5.53485040e+07 5.80008160e+07 6.07292400e+07
 6.47732720e+07 6.85585840e+07 7.56797280e+07 8.70267440e+07
 1.03252920e+08 1.26344624e+08 1.64262704e+08 1.58566760e+08
 1.38863752e+08 1.26747528e+08 1.19927040e+08 1.20282824e+08
 1.22675904e+08 1.22030440e+08 1.17631768e+08 1.10883264e+08
 1.07614096e+08 1.07457816e+08 1.12081816e+08 1.12828264e+08
 1.06576800e+08 9.55841520e+07 8.73571680e+07 8.06545680e+07
 7.92903440e+07 7.57600320e+07 6.19795760e+07 5.45311120e+07
 4.70855600e+07 3.81281760e+07 2.61153840e+07 1.71802240e+07
 7.46984000e+06 3.19972000e+06 1.63403200e+06 3.25664000e+05]
