Standard Deviation: 8.881265855203532
Skewness: 0.03600405747185044
Kurtosis: 15.492110013317504
Median: 0.0027460931248254427
Mean: 0.012234412225301838
Deciles: [-2.76124487  2.77629649]
Minimum: -119.77389751023733
Maximum: 121.09675310227524
Bin Edges: [-119.77389751 -117.365191   -114.9564845  -112.54777799 -110.13907149
 -107.73036498 -105.32165847 -102.91295197 -100.50424546  -98.09553896
  -95.68683245  -93.27812594  -90.86941944  -88.46071293  -86.05200642
  -83.64329992  -81.23459341  -78.82588691  -76.4171804   -74.00847389
  -71.59976739  -69.19106088  -66.78235438  -64.37364787  -61.96494136
  -59.55623486  -57.14752835  -54.73882184  -52.33011534  -49.92140883
  -47.51270233  -45.10399582  -42.69528931  -40.28658281  -37.8778763
  -35.4691698   -33.06046329  -30.65175678  -28.24305028  -25.83434377
  -23.42563727  -21.01693076  -18.60822425  -16.19951775  -13.79081124
  -11.38210473   -8.97339823   -6.56469172   -4.15598522   -1.74727871
    0.6614278     3.0701343     5.47884081    7.88754731   10.29625382
   12.70496033   15.11366683   17.52237334   19.93107985   22.33978635
   24.74849286   27.15719936   29.56590587   31.97461238   34.38331888
   36.79202539   39.20073189   41.6094384    44.01814491   46.42685141
   48.83555792   51.24426442   53.65297093   56.06167744   58.47038394
   60.87909045   63.28779696   65.69650346   68.10520997   70.51391647
   72.92262298   75.33132949   77.74003599   80.1487425    82.557449
   84.96615551   87.37486202   89.78356852   92.19227503   94.60098153
   97.00968804   99.41839455  101.82710105  104.23580756  106.64451407
  109.05322057  111.46192708  113.87063358  116.27934009  118.6880466
  121.0967531 ]
Frequencies: [1.47000000e+02 4.48000000e+02 8.29000000e+02 1.63600000e+03
 3.12200000e+03 5.31200000e+03 8.55100000e+03 1.36120000e+04
 1.95160000e+04 2.74170000e+04 3.48660000e+04 4.53850000e+04
 6.01700000e+04 8.30670000e+04 1.04664000e+05 1.30300000e+05
 1.61507000e+05 1.99745000e+05 2.42586000e+05 2.92252000e+05
 3.59174000e+05 4.32302000e+05 5.14831000e+05 6.22427000e+05
 7.47837000e+05 9.12242000e+05 1.09571400e+06 1.31019000e+06
 1.55068300e+06 1.86257600e+06 2.22688200e+06 2.66973900e+06
 3.19921200e+06 3.85255600e+06 4.65568900e+06 5.69187900e+06
 6.93770800e+06 8.53507500e+06 1.05939740e+07 1.32596380e+07
 1.67112030e+07 2.12380760e+07 2.74133630e+07 3.66223550e+07
 5.18713700e+07 8.19850030e+07 1.52544467e+08 3.27032490e+08
 7.02846563e+08 1.08837489e+09 9.12790945e+08 4.71544477e+08
 2.13674354e+08 1.06099174e+08 6.23711570e+07 4.22035730e+07
 3.09850810e+07 2.36621510e+07 1.84150760e+07 1.45147870e+07
 1.15559980e+07 9.31075100e+06 7.59552500e+06 6.22959700e+06
 5.16438100e+06 4.30425800e+06 3.58703200e+06 3.00242100e+06
 2.53532300e+06 2.14025400e+06 1.80319200e+06 1.50537400e+06
 1.25966600e+06 1.05303200e+06 8.89842000e+05 7.41755000e+05
 6.21477000e+05 5.14404000e+05 4.24339000e+05 3.48119000e+05
 2.85330000e+05 2.31739000e+05 1.84061000e+05 1.39974000e+05
 1.04539000e+05 7.97250000e+04 6.06160000e+04 4.58550000e+04
 3.31690000e+04 2.39040000e+04 1.62120000e+04 1.17320000e+04
 7.37500000e+03 3.68900000e+03 1.51600000e+03 9.18000000e+02
 5.81000000e+02 2.57000000e+02 2.50000000e+01 2.50000000e+01]
