Standard Deviation: 6.938061339638711e-08
Skewness: -1.101714523640263
Kurtosis: 0.23650138433858414
Median: 3.0503588352144214e-07
Mean: 2.8456479880095223e-07
Deciles: [2.52580974e-07 3.39695769e-07]
Minimum: 8.11691908122959e-08
Maximum: 3.57545287988678e-07
Bin Edges: [8.11691908e-08 8.39329518e-08 8.66967128e-08 8.94604737e-08
 9.22242347e-08 9.49879957e-08 9.77517566e-08 1.00515518e-07
 1.03279279e-07 1.06043040e-07 1.08806801e-07 1.11570562e-07
 1.14334322e-07 1.17098083e-07 1.19861844e-07 1.22625605e-07
 1.25389366e-07 1.28153127e-07 1.30916888e-07 1.33680649e-07
 1.36444410e-07 1.39208171e-07 1.41971932e-07 1.44735693e-07
 1.47499454e-07 1.50263215e-07 1.53026976e-07 1.55790737e-07
 1.58554498e-07 1.61318259e-07 1.64082020e-07 1.66845781e-07
 1.69609542e-07 1.72373303e-07 1.75137064e-07 1.77900825e-07
 1.80664586e-07 1.83428347e-07 1.86192108e-07 1.88955869e-07
 1.91719630e-07 1.94483391e-07 1.97247152e-07 2.00010913e-07
 2.02774674e-07 2.05538435e-07 2.08302196e-07 2.11065956e-07
 2.13829717e-07 2.16593478e-07 2.19357239e-07 2.22121000e-07
 2.24884761e-07 2.27648522e-07 2.30412283e-07 2.33176044e-07
 2.35939805e-07 2.38703566e-07 2.41467327e-07 2.44231088e-07
 2.46994849e-07 2.49758610e-07 2.52522371e-07 2.55286132e-07
 2.58049893e-07 2.60813654e-07 2.63577415e-07 2.66341176e-07
 2.69104937e-07 2.71868698e-07 2.74632459e-07 2.77396220e-07
 2.80159981e-07 2.82923742e-07 2.85687503e-07 2.88451264e-07
 2.91215025e-07 2.93978786e-07 2.96742547e-07 2.99506308e-07
 3.02270069e-07 3.05033830e-07 3.07797590e-07 3.10561351e-07
 3.13325112e-07 3.16088873e-07 3.18852634e-07 3.21616395e-07
 3.24380156e-07 3.27143917e-07 3.29907678e-07 3.32671439e-07
 3.35435200e-07 3.38198961e-07 3.40962722e-07 3.43726483e-07
 3.46490244e-07 3.49254005e-07 3.52017766e-07 3.54781527e-07
 3.57545288e-07]
Frequencies: [5.0457600e+06 1.6819200e+06 6.7276800e+06 8.4096000e+06 1.0091520e+07
 5.0457600e+06 1.3455360e+07 1.1773440e+07 1.0091520e+07 1.5137280e+07
 1.6819200e+07 1.1773440e+07 1.6819200e+07 6.7276800e+06 2.1864960e+07
 1.3455360e+07 2.1864960e+07 6.7276800e+06 2.3546880e+07 1.1773440e+07
 2.6910720e+07 1.0091520e+07 2.5228800e+07 1.3455360e+07 2.3546880e+07
 1.8501120e+07 1.3455360e+07 2.3546880e+07 1.5137280e+07 2.0183040e+07
 1.6819200e+07 1.8501120e+07 2.3546880e+07 2.0183040e+07 2.0183040e+07
 2.5228800e+07 1.6819200e+07 2.3546880e+07 2.1864960e+07 1.0091520e+07
 3.3638400e+07 1.6819200e+07 2.1864960e+07 2.3546880e+07 2.0183040e+07
 1.5137280e+07 2.6910720e+07 2.3546880e+07 2.0183040e+07 2.1864960e+07
 2.6910720e+07 2.3546880e+07 1.3455360e+07 3.5320320e+07 1.3455360e+07
 2.3546880e+07 2.6910720e+07 2.8592640e+07 2.0183040e+07 1.3455360e+07
 3.3638400e+07 2.5228800e+07 2.0183040e+07 2.3546880e+07 3.0274560e+07
 2.1864960e+07 2.0183040e+07 3.0274560e+07 2.6910720e+07 5.8867200e+07
 7.5686400e+07 9.2505600e+07 8.5777920e+07 8.4096000e+07 8.5777920e+07
 7.9050240e+07 7.9050240e+07 8.0732160e+07 8.7459840e+07 8.4096000e+07
 7.0640640e+07 8.4096000e+07 9.0823680e+07 8.0732160e+07 8.0732160e+07
 8.0732160e+07 9.0823680e+07 8.7459840e+07 9.7551360e+07 8.4096000e+07
 9.4187520e+07 9.0823680e+07 1.0427904e+08 1.1100672e+08 1.1437056e+08
 1.2109824e+08 1.5473664e+08 1.5473664e+08 2.0519424e+08 3.4311168e+08]
