Standard Deviation: 0.002630084483592278
Skewness: 0.9040754390570525
Kurtosis: -0.24172020051144028
Median: 0.0021198447744848374
Mean: 0.002996691782485642
Deciles: [0.0008124  0.00468669]
Minimum: 1.1770481842554593e-12
Maximum: 0.01708628748796044
Bin Edges: [1.17704818e-12 1.70862876e-04 3.41725751e-04 5.12588626e-04
 6.83451501e-04 8.54314376e-04 1.02517725e-03 1.19604013e-03
 1.36690300e-03 1.53776587e-03 1.70862875e-03 1.87949162e-03
 2.05035450e-03 2.22121737e-03 2.39208025e-03 2.56294312e-03
 2.73380600e-03 2.90466887e-03 3.07553175e-03 3.24639462e-03
 3.41725750e-03 3.58812037e-03 3.75898325e-03 3.92984612e-03
 4.10070900e-03 4.27157187e-03 4.44243475e-03 4.61329762e-03
 4.78416050e-03 4.95502337e-03 5.12588625e-03 5.29674912e-03
 5.46761200e-03 5.63847487e-03 5.80933775e-03 5.98020062e-03
 6.15106350e-03 6.32192637e-03 6.49278925e-03 6.66365212e-03
 6.83451500e-03 7.00537787e-03 7.17624075e-03 7.34710362e-03
 7.51796650e-03 7.68882937e-03 7.85969225e-03 8.03055512e-03
 8.20141799e-03 8.37228087e-03 8.54314374e-03 8.71400662e-03
 8.88486949e-03 9.05573237e-03 9.22659524e-03 9.39745812e-03
 9.56832099e-03 9.73918387e-03 9.91004674e-03 1.00809096e-02
 1.02517725e-02 1.04226354e-02 1.05934982e-02 1.07643611e-02
 1.09352240e-02 1.11060869e-02 1.12769497e-02 1.14478126e-02
 1.16186755e-02 1.17895384e-02 1.19604012e-02 1.21312641e-02
 1.23021270e-02 1.24729899e-02 1.26438527e-02 1.28147156e-02
 1.29855785e-02 1.31564414e-02 1.33273042e-02 1.34981671e-02
 1.36690300e-02 1.38398929e-02 1.40107557e-02 1.41816186e-02
 1.43524815e-02 1.45233444e-02 1.46942072e-02 1.48650701e-02
 1.50359330e-02 1.52067959e-02 1.53776587e-02 1.55485216e-02
 1.57193845e-02 1.58902474e-02 1.60611102e-02 1.62319731e-02
 1.64028360e-02 1.65736989e-02 1.67445617e-02 1.69154246e-02
 1.70862875e-02]
Frequencies: [1.93302821e+08 2.68955479e+08 2.64348657e+08 2.41928480e+08
 2.18025767e+08 1.94718073e+08 1.73909511e+08 1.56997897e+08
 1.43332285e+08 1.32196068e+08 1.22939875e+08 1.15136549e+08
 1.08241152e+08 1.02155535e+08 9.65982010e+07 9.14574190e+07
 8.67785540e+07 8.22667660e+07 7.80788670e+07 7.41969690e+07
 7.06952760e+07 6.75578090e+07 6.46323760e+07 6.19855490e+07
 5.95810240e+07 5.73403680e+07 5.53260570e+07 5.35122820e+07
 5.18391680e+07 5.02921150e+07 4.88721610e+07 4.75693710e+07
 4.63773050e+07 4.53616730e+07 4.44253360e+07 4.35986590e+07
 4.29019220e+07 4.23286700e+07 4.18566890e+07 4.14521810e+07
 4.10187500e+07 4.05526560e+07 4.00521900e+07 3.94257970e+07
 3.86444830e+07 3.77121750e+07 3.65545310e+07 3.52098910e+07
 3.35865760e+07 3.17460500e+07 2.96349270e+07 2.72463090e+07
 2.44823240e+07 2.14801440e+07 1.83695830e+07 1.51439460e+07
 1.20966360e+07 9.32680200e+06 6.96860700e+06 5.08822600e+06
 3.65293300e+06 2.60601600e+06 1.87801700e+06 1.37249400e+06
 1.01770300e+06 7.64606000e+05 5.83823000e+05 4.48844000e+05
 3.45280000e+05 2.66008000e+05 2.03441000e+05 1.56675000e+05
 1.18171000e+05 8.89280000e+04 6.49270000e+04 4.92830000e+04
 3.70570000e+04 2.77450000e+04 2.10690000e+04 1.62490000e+04
 1.23730000e+04 9.76000000e+03 7.61800000e+03 6.15700000e+03
 4.64900000e+03 3.54300000e+03 2.67000000e+03 1.90500000e+03
 1.45800000e+03 1.09200000e+03 7.66000000e+02 4.71000000e+02
 3.17000000e+02 1.81000000e+02 1.12000000e+02 5.10000000e+01
 4.40000000e+01 2.50000000e+01 1.40000000e+01 6.00000000e+00]
