Standard Deviation: 9.243398480554697
Skewness: -0.6687761511502704
Kurtosis: -0.5587699010427607
Median: 230.55038127423398
Mean: 227.85888889286585
Deciles: [220.59115019 235.84973469]
Minimum: 191.74104943976306
Maximum: 253.94998203524892
Bin Edges: [191.74104944 192.36313877 192.98522809 193.60731742 194.22940674
 194.85149607 195.4735854  196.09567472 196.71776405 197.33985337
 197.9619427  198.58403203 199.20612135 199.82821068 200.4503
 201.07238933 201.69447866 202.31656798 202.93865731 203.56074663
 204.18283596 204.80492528 205.42701461 206.04910394 206.67119326
 207.29328259 207.91537191 208.53746124 209.15955057 209.78163989
 210.40372922 211.02581854 211.64790787 212.2699972  212.89208652
 213.51417585 214.13626517 214.7583545  215.38044383 216.00253315
 216.62462248 217.2467118  217.86880113 218.49089046 219.11297978
 219.73506911 220.35715843 220.97924776 221.60133709 222.22342641
 222.84551574 223.46760506 224.08969439 224.71178372 225.33387304
 225.95596237 226.57805169 227.20014102 227.82223035 228.44431967
 229.066409   229.68849832 230.31058765 230.93267697 231.5547663
 232.17685563 232.79894495 233.42103428 234.0431236  234.66521293
 235.28730226 235.90939158 236.53148091 237.15357023 237.77565956
 238.39774889 239.01983821 239.64192754 240.26401686 240.88610619
 241.50819552 242.13028484 242.75237417 243.37446349 243.99655282
 244.61864215 245.24073147 245.8628208  246.48491012 247.10699945
 247.72908878 248.3511781  248.97326743 249.59535675 250.21744608
 250.83953541 251.46162473 252.08371406 252.70580338 253.32789271
 253.94998204]
Frequencies: [3.61000000e+02 2.50400000e+03 7.35600000e+03 1.61150000e+04
 3.27850000e+04 7.05460000e+04 1.51815000e+05 2.94613000e+05
 5.37029000e+05 8.85631000e+05 1.31801900e+06 1.81653500e+06
 2.32396000e+06 2.80734400e+06 3.23856200e+06 3.64784800e+06
 4.06978000e+06 4.57709600e+06 5.20445200e+06 6.00203400e+06
 7.06497000e+06 8.46864200e+06 1.01636570e+07 1.21287000e+07
 1.42318470e+07 1.65177560e+07 1.88988210e+07 2.13841970e+07
 2.40793620e+07 2.69372750e+07 3.00631970e+07 3.34970080e+07
 3.71065970e+07 4.09495830e+07 4.50847400e+07 4.93751280e+07
 5.36592520e+07 5.78662820e+07 6.16935430e+07 6.52811050e+07
 6.83007600e+07 7.06564510e+07 7.23912430e+07 7.39589650e+07
 7.48898570e+07 7.53096150e+07 7.52949180e+07 7.47759550e+07
 7.39362750e+07 7.28574080e+07 7.13772480e+07 6.99949570e+07
 6.89652450e+07 6.82903160e+07 6.78529630e+07 6.75629420e+07
 6.75284150e+07 6.79725360e+07 6.88448630e+07 7.04348290e+07
 7.25610210e+07 7.53498690e+07 7.93816330e+07 8.50475350e+07
 9.25790440e+07 1.02677114e+08 1.16554885e+08 1.35905871e+08
 1.60872844e+08 1.91314994e+08 2.23690705e+08 2.46424114e+08
 2.48435769e+08 2.19521082e+08 1.63926530e+08 1.02768962e+08
 5.60256270e+07 2.95917640e+07 1.72242090e+07 1.09646310e+07
 7.13913200e+06 4.57406200e+06 2.80642400e+06 1.58094600e+06
 8.34274000e+05 4.03795000e+05 1.83992000e+05 8.56030000e+04
 4.59180000e+04 2.58840000e+04 1.49060000e+04 8.41900000e+03
 5.03400000e+03 2.60700000e+03 1.35700000e+03 6.45000000e+02
 4.91000000e+02 2.89000000e+02 1.49000000e+02 6.20000000e+01]
