Standard Deviation: 5.3753239317649294e-05
Skewness: 5.447833203952267
Kurtosis: 41.89406795902267
Median: 2.830981447358787e-06
Mean: 2.1867320935425133e-05
Deciles: [4.41348724e-08 1.88284944e-05]
Minimum: 0.0
Maximum: 0.0010598208376230494
Bin Edges: [0.00000000e+00 1.05982084e-05 2.11964168e-05 3.17946251e-05
 4.23928335e-05 5.29910419e-05 6.35892503e-05 7.41874586e-05
 8.47856670e-05 9.53838754e-05 1.05982084e-04 1.16580292e-04
 1.27178501e-04 1.37776709e-04 1.48374917e-04 1.58973126e-04
 1.69571334e-04 1.80169542e-04 1.90767751e-04 2.01365959e-04
 2.11964168e-04 2.22562376e-04 2.33160584e-04 2.43758793e-04
 2.54357001e-04 2.64955209e-04 2.75553418e-04 2.86151626e-04
 2.96749835e-04 3.07348043e-04 3.17946251e-04 3.28544460e-04
 3.39142668e-04 3.49740876e-04 3.60339085e-04 3.70937293e-04
 3.81535502e-04 3.92133710e-04 4.02731918e-04 4.13330127e-04
 4.23928335e-04 4.34526543e-04 4.45124752e-04 4.55722960e-04
 4.66321169e-04 4.76919377e-04 4.87517585e-04 4.98115794e-04
 5.08714002e-04 5.19312210e-04 5.29910419e-04 5.40508627e-04
 5.51106836e-04 5.61705044e-04 5.72303252e-04 5.82901461e-04
 5.93499669e-04 6.04097877e-04 6.14696086e-04 6.25294294e-04
 6.35892503e-04 6.46490711e-04 6.57088919e-04 6.67687128e-04
 6.78285336e-04 6.88883544e-04 6.99481753e-04 7.10079961e-04
 7.20678170e-04 7.31276378e-04 7.41874586e-04 7.52472795e-04
 7.63071003e-04 7.73669211e-04 7.84267420e-04 7.94865628e-04
 8.05463837e-04 8.16062045e-04 8.26660253e-04 8.37258462e-04
 8.47856670e-04 8.58454878e-04 8.69053087e-04 8.79651295e-04
 8.90249504e-04 9.00847712e-04 9.11445920e-04 9.22044129e-04
 9.32642337e-04 9.43240545e-04 9.53838754e-04 9.64436962e-04
 9.75035171e-04 9.85633379e-04 9.96231587e-04 1.00682980e-03
 1.01742800e-03 1.02802621e-03 1.03862442e-03 1.04922263e-03
 1.05982084e-03]
Frequencies: [3.03110196e+09 4.53533957e+08 2.64268002e+08 1.72852230e+08
 1.20078756e+08 8.69584760e+07 6.49440490e+07 4.98929620e+07
 3.94372610e+07 3.19793480e+07 2.65167390e+07 2.23671700e+07
 1.91235200e+07 1.64872930e+07 1.43462330e+07 1.25608500e+07
 1.10502890e+07 9.77914300e+06 8.68426200e+06 7.74399500e+06
 6.92719200e+06 6.21829900e+06 5.59185800e+06 5.04598400e+06
 4.56275000e+06 4.13488400e+06 3.74992300e+06 3.40917400e+06
 3.10868700e+06 2.83741200e+06 2.59704000e+06 2.37636200e+06
 2.18108600e+06 1.99934200e+06 1.83378700e+06 1.68374600e+06
 1.54978800e+06 1.42777600e+06 1.31394900e+06 1.21094000e+06
 1.11510200e+06 1.02794000e+06 9.50986000e+05 8.76781000e+05
 8.09128000e+05 7.47535000e+05 6.89086000e+05 6.35534000e+05
 5.86914000e+05 5.40390000e+05 4.99632000e+05 4.59659000e+05
 4.23233000e+05 3.92354000e+05 3.60905000e+05 3.31926000e+05
 3.05196000e+05 2.80836000e+05 2.58775000e+05 2.38025000e+05
 2.18316000e+05 1.99410000e+05 1.82069000e+05 1.66000000e+05
 1.50963000e+05 1.37720000e+05 1.25391000e+05 1.13090000e+05
 1.02448000e+05 9.20510000e+04 8.27180000e+04 7.38530000e+04
 6.67520000e+04 5.98510000e+04 5.29220000e+04 4.76840000e+04
 4.28870000e+04 3.82450000e+04 3.35800000e+04 3.01640000e+04
 2.64010000e+04 2.34680000e+04 2.03950000e+04 1.79020000e+04
 1.53700000e+04 1.32860000e+04 1.15930000e+04 9.72900000e+03
 8.14900000e+03 6.73800000e+03 5.45100000e+03 4.28500000e+03
 3.15300000e+03 2.30000000e+03 1.53100000e+03 9.40000000e+02
 4.70000000e+02 2.16000000e+02 8.60000000e+01 1.20000000e+01]
