Standard Deviation: 12.15432138813285
Skewness: -1.164431784713769
Kurtosis: 1.080219954159391
Median: 282.79772040168314
Mean: 278.5985975211077
Deciles: [271.08236867 288.19338281]
Minimum: 215.37664187178964
Maximum: 305.69647159583866
Bin Edges: [215.37664187 216.27984017 217.18303847 218.08623676 218.98943506
 219.89263336 220.79583166 221.69902995 222.60222825 223.50542655
 224.40862484 225.31182314 226.21502144 227.11821974 228.02141803
 228.92461633 229.82781463 230.73101292 231.63421122 232.53740952
 233.44060782 234.34380611 235.24700441 236.15020271 237.05340101
 237.9565993  238.8597976  239.7629959  240.66619419 241.56939249
 242.47259079 243.37578909 244.27898738 245.18218568 246.08538398
 246.98858228 247.89178057 248.79497887 249.69817717 250.60137546
 251.50457376 252.40777206 253.31097036 254.21416865 255.11736695
 256.02056525 256.92376354 257.82696184 258.73016014 259.63335844
 260.53655673 261.43975503 262.34295333 263.24615163 264.14934992
 265.05254822 265.95574652 266.85894481 267.76214311 268.66534141
 269.56853971 270.471738   271.3749363  272.2781346  273.1813329
 274.08453119 274.98772949 275.89092779 276.79412608 277.69732438
 278.60052268 279.50372098 280.40691927 281.31011757 282.21331587
 283.11651416 284.01971246 284.92291076 285.82610906 286.72930735
 287.63250565 288.53570395 289.43890225 290.34210054 291.24529884
 292.14849714 293.05169543 293.95489373 294.85809203 295.76129033
 296.66448862 297.56768692 298.47088522 299.37408352 300.27728181
 301.18048011 302.08367841 302.9868767  303.890075   304.7932733
 305.6964716 ]
Frequencies: [8.65000000e+02 4.54100000e+03 1.28160000e+04 2.81230000e+04
 5.06860000e+04 9.56660000e+04 1.60422000e+05 2.45697000e+05
 3.67041000e+05 5.06035000e+05 6.82059000e+05 8.72487000e+05
 1.07305500e+06 1.28633300e+06 1.49448600e+06 1.69537400e+06
 1.87326200e+06 2.04936200e+06 2.22705300e+06 2.37377700e+06
 2.53627500e+06 2.67893700e+06 2.85368100e+06 3.00560700e+06
 3.20505400e+06 3.41581400e+06 3.66861300e+06 3.98979900e+06
 4.34084400e+06 4.76585700e+06 5.25091100e+06 5.89555100e+06
 6.66637300e+06 7.58150200e+06 8.63047100e+06 9.78715400e+06
 1.10007560e+07 1.23095080e+07 1.37715990e+07 1.52843820e+07
 1.70110330e+07 1.88983200e+07 2.10620990e+07 2.31089140e+07
 2.54830740e+07 2.81494040e+07 3.12341190e+07 3.47182220e+07
 3.84662330e+07 4.23409070e+07 4.59664930e+07 4.94601730e+07
 5.24256430e+07 5.50965850e+07 5.72821020e+07 5.96662220e+07
 6.20191840e+07 6.46371710e+07 6.74473140e+07 7.01261750e+07
 7.26814870e+07 7.45709120e+07 7.55394940e+07 7.59286770e+07
 7.62117800e+07 7.70038020e+07 7.83542270e+07 8.01415220e+07
 8.24766560e+07 8.56295300e+07 8.97891490e+07 9.55731220e+07
 1.03130923e+08 1.12624636e+08 1.23460384e+08 1.34879984e+08
 1.46798350e+08 1.62628690e+08 1.88562722e+08 2.46912130e+08
 3.60802180e+08 3.86821353e+08 2.52454035e+08 1.41685656e+08
 8.11041160e+07 4.71866410e+07 2.80815260e+07 1.71844620e+07
 1.11581370e+07 7.33986500e+06 4.77974000e+06 3.05898700e+06
 1.91608400e+06 1.17827000e+06 6.73488000e+05 3.29005000e+05
 1.37792000e+05 4.46480000e+04 1.13910000e+04 1.23200000e+03]
