Standard Deviation: 1.627089321896493e-34
Skewness: 5.1722648079331845
Kurtosis: 31.250437282517865
Median: 1.8289359240130727e-38
Mean: 4.698113350213843e-35
Deciles: [7.12496176e-41 4.50861128e-36]
Minimum: 8.615755622105292e-44
Maximum: 2.185400870154926e-33
Bin Edges: [8.61575562e-44 2.18540088e-35 4.37080175e-35 6.55620262e-35
 8.74160349e-35 1.09270044e-34 1.31124052e-34 1.52978061e-34
 1.74832070e-34 1.96686078e-34 2.18540087e-34 2.40394096e-34
 2.62248104e-34 2.84102113e-34 3.05956122e-34 3.27810131e-34
 3.49664139e-34 3.71518148e-34 3.93372157e-34 4.15226165e-34
 4.37080174e-34 4.58934183e-34 4.80788192e-34 5.02642200e-34
 5.24496209e-34 5.46350218e-34 5.68204226e-34 5.90058235e-34
 6.11912244e-34 6.33766252e-34 6.55620261e-34 6.77474270e-34
 6.99328279e-34 7.21182287e-34 7.43036296e-34 7.64890305e-34
 7.86744313e-34 8.08598322e-34 8.30452331e-34 8.52306339e-34
 8.74160348e-34 8.96014357e-34 9.17868366e-34 9.39722374e-34
 9.61576383e-34 9.83430392e-34 1.00528440e-33 1.02713841e-33
 1.04899242e-33 1.07084643e-33 1.09270044e-33 1.11455444e-33
 1.13640845e-33 1.15826246e-33 1.18011647e-33 1.20197048e-33
 1.22382449e-33 1.24567850e-33 1.26753250e-33 1.28938651e-33
 1.31124052e-33 1.33309453e-33 1.35494854e-33 1.37680255e-33
 1.39865656e-33 1.42051057e-33 1.44236457e-33 1.46421858e-33
 1.48607259e-33 1.50792660e-33 1.52978061e-33 1.55163462e-33
 1.57348863e-33 1.59534264e-33 1.61719664e-33 1.63905065e-33
 1.66090466e-33 1.68275867e-33 1.70461268e-33 1.72646669e-33
 1.74832070e-33 1.77017470e-33 1.79202871e-33 1.81388272e-33
 1.83573673e-33 1.85759074e-33 1.87944475e-33 1.90129876e-33
 1.92315277e-33 1.94500677e-33 1.96686078e-33 1.98871479e-33
 2.01056880e-33 2.03242281e-33 2.05427682e-33 2.07613083e-33
 2.09798484e-33 2.11983884e-33 2.14169285e-33 2.16354686e-33
 2.18540087e-33]
Frequencies: [3.71667783e+09 1.72824180e+08 9.56184180e+07 7.41843230e+07
 6.79761580e+07 3.62490710e+07 2.84953250e+07 2.34499420e+07
 2.00263190e+07 1.45388020e+07 1.32207460e+07 1.22383060e+07
 1.12623710e+07 1.02987880e+07 1.03349160e+07 1.18037480e+07
 1.26053300e+07 1.27305960e+07 1.45463110e+07 1.69624460e+07
 1.64895970e+07 1.47498860e+07 1.06627500e+07 7.52692900e+06
 6.45594000e+06 5.85527100e+06 5.49779600e+06 5.33549000e+06
 5.33083600e+06 5.55437000e+06 5.39794700e+06 5.19598000e+06
 4.35614700e+06 3.13663100e+06 2.74653200e+06 2.48790200e+06
 2.21717800e+06 2.04971900e+06 1.85045400e+06 1.73651000e+06
 1.75208600e+06 1.92569800e+06 1.80835300e+06 1.79737900e+06
 1.83307100e+06 1.96757100e+06 2.17741400e+06 2.11653600e+06
 1.81474400e+06 1.73978000e+06 1.85149700e+06 1.92002500e+06
 2.18855500e+06 2.98636800e+06 3.73180300e+06 2.44817400e+06
 1.91305000e+06 1.73137600e+06 1.41197500e+06 1.20432400e+06
 1.13208800e+06 1.08182200e+06 9.79602000e+05 8.73295000e+05
 7.57139000e+05 7.11751000e+05 6.14094000e+05 4.70037000e+05
 4.21474000e+05 4.21692000e+05 4.08032000e+05 3.71273000e+05
 3.40130000e+05 2.95275000e+05 2.53130000e+05 2.15233000e+05
 1.68153000e+05 1.27837000e+05 1.04162000e+05 8.70860000e+04
 7.85950000e+04 6.31570000e+04 5.09810000e+04 3.82030000e+04
 2.93660000e+04 2.12860000e+04 1.56130000e+04 1.32250000e+04
 1.04180000e+04 7.28300000e+03 5.49500000e+03 4.08500000e+03
 3.35400000e+03 2.59100000e+03 2.51600000e+03 2.66100000e+03
 2.24200000e+03 1.24800000e+03 6.24000000e+02 1.80000000e+02]
