Standard Deviation: 11.088930228562162
Skewness: 0.5577197029077958
Kurtosis: 0.031124985247771964
Median: 3.455858528556629
Mean: 4.970643422905508
Deciles: [-3.28014241 12.06342258]
Minimum: -55.37580788973279
Maximum: 73.5064441513279
Bin Edges: [-5.53758079e+01 -5.40869854e+01 -5.27981628e+01 -5.15093403e+01
 -5.02205178e+01 -4.89316953e+01 -4.76428728e+01 -4.63540502e+01
 -4.50652277e+01 -4.37764052e+01 -4.24875827e+01 -4.11987602e+01
 -3.99099376e+01 -3.86211151e+01 -3.73322926e+01 -3.60434701e+01
 -3.47546476e+01 -3.34658250e+01 -3.21770025e+01 -3.08881800e+01
 -2.95993575e+01 -2.83105350e+01 -2.70217124e+01 -2.57328899e+01
 -2.44440674e+01 -2.31552449e+01 -2.18664224e+01 -2.05775998e+01
 -1.92887773e+01 -1.79999548e+01 -1.67111323e+01 -1.54223098e+01
 -1.41334872e+01 -1.28446647e+01 -1.15558422e+01 -1.02670197e+01
 -8.97819715e+00 -7.68937463e+00 -6.40055211e+00 -5.11172959e+00
 -3.82290707e+00 -2.53408455e+00 -1.24526203e+00  4.35604879e-02
  1.33238301e+00  2.62120553e+00  3.91002805e+00  5.19885057e+00
  6.48767309e+00  7.77649561e+00  9.06531813e+00  1.03541407e+01
  1.16429632e+01  1.29317857e+01  1.42206082e+01  1.55094307e+01
  1.67982533e+01  1.80870758e+01  1.93758983e+01  2.06647208e+01
  2.19535433e+01  2.32423659e+01  2.45311884e+01  2.58200109e+01
  2.71088334e+01  2.83976559e+01  2.96864785e+01  3.09753010e+01
  3.22641235e+01  3.35529460e+01  3.48417685e+01  3.61305911e+01
  3.74194136e+01  3.87082361e+01  3.99970586e+01  4.12858811e+01
  4.25747037e+01  4.38635262e+01  4.51523487e+01  4.64411712e+01
  4.77299937e+01  4.90188163e+01  5.03076388e+01  5.15964613e+01
  5.28852838e+01  5.41741063e+01  5.54629289e+01  5.67517514e+01
  5.80405739e+01  5.93293964e+01  6.06182189e+01  6.19070415e+01
  6.31958640e+01  6.44846865e+01  6.57735090e+01  6.70623315e+01
  6.83511541e+01  6.96399766e+01  7.09287991e+01  7.22176216e+01
  7.35064442e+01]
Frequencies: [6.00000000e+00 7.00000000e+00 1.60000000e+01 3.60000000e+01
 8.10000000e+01 9.60000000e+01 2.16000000e+02 3.33000000e+02
 5.04000000e+02 6.79000000e+02 9.79000000e+02 1.38000000e+03
 2.16700000e+03 3.55300000e+03 5.90200000e+03 9.55600000e+03
 1.52420000e+04 2.39680000e+04 3.85270000e+04 6.15070000e+04
 9.53660000e+04 1.50992000e+05 2.39244000e+05 3.87770000e+05
 6.41786000e+05 1.08598000e+06 1.88088600e+06 3.30431800e+06
 5.79510200e+06 1.00152560e+07 1.67576740e+07 2.68744990e+07
 4.13530820e+07 6.03652520e+07 8.35336860e+07 1.09693878e+08
 1.36617167e+08 1.62076762e+08 1.84166574e+08 2.01428763e+08
 2.13314652e+08 2.20151386e+08 2.22092566e+08 2.19810941e+08
 2.14083571e+08 2.06070765e+08 1.96515414e+08 1.86074713e+08
 1.75306820e+08 1.64423596e+08 1.53695066e+08 1.43221113e+08
 1.33007546e+08 1.23144548e+08 1.13542682e+08 1.04253731e+08
 9.53059150e+07 8.66590730e+07 7.82637660e+07 7.00217300e+07
 6.20788080e+07 5.45244060e+07 4.73251150e+07 4.06021840e+07
 3.43427330e+07 2.86506180e+07 2.36323960e+07 1.92256570e+07
 1.54211830e+07 1.22116960e+07 9.53908200e+06 7.36980300e+06
 5.59990500e+06 4.20097700e+06 3.11539000e+06 2.27902400e+06
 1.64837200e+06 1.17211900e+06 8.22203000e+05 5.75210000e+05
 4.02912000e+05 2.74149000e+05 1.84365000e+05 1.24171000e+05
 8.28840000e+04 5.81430000e+04 4.07670000e+04 2.90540000e+04
 1.97540000e+04 1.28120000e+04 9.49700000e+03 6.85900000e+03
 4.90800000e+03 3.42400000e+03 2.04500000e+03 1.19500000e+03
 7.31000000e+02 5.76000000e+02 3.83000000e+02 1.04000000e+02]
