Standard Deviation: 6.595916657686598
Skewness: 0.24117069165728344
Kurtosis: 2.0303234493039097
Median: 211.00816271461576
Mean: 212.3823808093039
Deciles: [208.66290184 215.74997195]
Minimum: 179.225357535599
Maximum: 254.86872755562587
Bin Edges: [179.22535754 179.98179124 180.73822494 181.49465864 182.25109234
 183.00752604 183.76395974 184.52039344 185.27682714 186.03326084
 186.78969454 187.54612824 188.30256194 189.05899564 189.81542934
 190.57186304 191.32829674 192.08473044 192.84116414 193.59759784
 194.35403154 195.11046524 195.86689894 196.62333264 197.37976634
 198.13620004 198.89263374 199.64906744 200.40550114 201.16193484
 201.91836854 202.67480224 203.43123594 204.18766964 204.94410334
 205.70053704 206.45697074 207.21340444 207.96983814 208.72627184
 209.48270554 210.23913924 210.99557294 211.75200664 212.50844034
 213.26487404 214.02130774 214.77774145 215.53417515 216.29060885
 217.04704255 217.80347625 218.55990995 219.31634365 220.07277735
 220.82921105 221.58564475 222.34207845 223.09851215 223.85494585
 224.61137955 225.36781325 226.12424695 226.88068065 227.63711435
 228.39354805 229.14998175 229.90641545 230.66284915 231.41928285
 232.17571655 232.93215025 233.68858395 234.44501765 235.20145135
 235.95788505 236.71431875 237.47075245 238.22718615 238.98361985
 239.74005355 240.49648725 241.25292095 242.00935465 242.76578835
 243.52222205 244.27865575 245.03508945 245.79152315 246.54795685
 247.30439055 248.06082425 248.81725795 249.57369165 250.33012535
 251.08655905 251.84299275 252.59942646 253.35586016 254.11229386
 254.86872756]
Frequencies: [2.13500000e+03 1.76250000e+04 3.94930000e+04 1.26851000e+05
 3.82378000e+05 8.10525000e+05 1.39527100e+06 1.98114900e+06
 2.58158900e+06 3.04726500e+06 3.37789400e+06 3.57153300e+06
 3.79790500e+06 4.07101800e+06 4.42451500e+06 4.89724400e+06
 5.34207800e+06 5.66656100e+06 5.97849900e+06 6.30845600e+06
 6.67472300e+06 6.97646800e+06 7.26095400e+06 7.63115600e+06
 7.93129800e+06 8.24081500e+06 8.60418400e+06 9.06469100e+06
 9.77837200e+06 1.09374780e+07 1.32330190e+07 1.78163890e+07
 2.65937260e+07 4.23968650e+07 6.88673110e+07 1.10165243e+08
 1.70163807e+08 2.47556406e+08 3.27649515e+08 3.80669924e+08
 3.82404516e+08 3.37086323e+08 2.72237297e+08 2.16446469e+08
 1.80052987e+08 1.58630905e+08 1.44331151e+08 1.32730282e+08
 1.22406491e+08 1.12612828e+08 1.03061922e+08 9.41949710e+07
 8.58847510e+07 7.81560840e+07 7.12778890e+07 6.48725080e+07
 5.87725490e+07 5.31254570e+07 4.77191020e+07 4.28829110e+07
 3.81032990e+07 3.37142380e+07 2.97402920e+07 2.58915270e+07
 2.13079420e+07 1.74273820e+07 1.43682640e+07 1.22318860e+07
 1.05490440e+07 9.00483900e+06 7.33766700e+06 5.29138500e+06
 3.56763900e+06 2.26256400e+06 1.44217700e+06 1.02640900e+06
 7.44147000e+05 5.34729000e+05 3.95755000e+05 3.10509000e+05
 2.46374000e+05 1.93227000e+05 1.43123000e+05 1.08854000e+05
 8.60440000e+04 6.50450000e+04 4.92150000e+04 3.92960000e+04
 2.78720000e+04 1.87780000e+04 1.29190000e+04 7.45300000e+03
 4.91700000e+03 3.02500000e+03 1.79200000e+03 1.49100000e+03
 1.21200000e+03 1.01100000e+03 7.42000000e+02 1.95000000e+02]
