Standard Deviation: 1.3614171375167926e-05
Skewness: 5.808405122068513
Kurtosis: 42.13478492263618
Median: 0.0
Mean: 3.5045415750541057e-06
Deciles: [0.00000000e+00 3.75537633e-09]
Minimum: 0.0
Maximum: 0.0004706186027553149
Bin Edges: [0.00000000e+00 4.70618603e-06 9.41237206e-06 1.41185581e-05
 1.88247441e-05 2.35309301e-05 2.82371162e-05 3.29433022e-05
 3.76494882e-05 4.23556742e-05 4.70618603e-05 5.17680463e-05
 5.64742323e-05 6.11804184e-05 6.58866044e-05 7.05927904e-05
 7.52989764e-05 8.00051625e-05 8.47113485e-05 8.94175345e-05
 9.41237206e-05 9.88299066e-05 1.03536093e-04 1.08242279e-04
 1.12948465e-04 1.17654651e-04 1.22360837e-04 1.27067023e-04
 1.31773209e-04 1.36479395e-04 1.41185581e-04 1.45891767e-04
 1.50597953e-04 1.55304139e-04 1.60010325e-04 1.64716511e-04
 1.69422697e-04 1.74128883e-04 1.78835069e-04 1.83541255e-04
 1.88247441e-04 1.92953627e-04 1.97659813e-04 2.02365999e-04
 2.07072185e-04 2.11778371e-04 2.16484557e-04 2.21190743e-04
 2.25896929e-04 2.30603115e-04 2.35309301e-04 2.40015487e-04
 2.44721673e-04 2.49427859e-04 2.54134045e-04 2.58840232e-04
 2.63546418e-04 2.68252604e-04 2.72958790e-04 2.77664976e-04
 2.82371162e-04 2.87077348e-04 2.91783534e-04 2.96489720e-04
 3.01195906e-04 3.05902092e-04 3.10608278e-04 3.15314464e-04
 3.20020650e-04 3.24726836e-04 3.29433022e-04 3.34139208e-04
 3.38845394e-04 3.43551580e-04 3.48257766e-04 3.52963952e-04
 3.57670138e-04 3.62376324e-04 3.67082510e-04 3.71788696e-04
 3.76494882e-04 3.81201068e-04 3.85907254e-04 3.90613440e-04
 3.95319626e-04 4.00025812e-04 4.04731998e-04 4.09438184e-04
 4.14144370e-04 4.18850556e-04 4.23556742e-04 4.28262929e-04
 4.32969115e-04 4.37675301e-04 4.42381487e-04 4.47087673e-04
 4.51793859e-04 4.56500045e-04 4.61206231e-04 4.65912417e-04
 4.70618603e-04]
Frequencies: [4.05516040e+09 1.01182942e+08 6.73195460e+07 5.14616390e+07
 4.12812360e+07 3.37194050e+07 2.77925610e+07 2.30399310e+07
 1.92243030e+07 1.61600660e+07 1.36889890e+07 1.17076560e+07
 1.01079100e+07 8.80506900e+06 7.73928900e+06 6.84241500e+06
 6.11183500e+06 5.48575000e+06 4.95905900e+06 4.49230300e+06
 4.07739300e+06 3.67653700e+06 3.25737100e+06 2.80081400e+06
 2.32457400e+06 1.87468200e+06 1.47735700e+06 1.15344700e+06
 8.97594000e+05 7.00261000e+05 5.43423000e+05 4.23504000e+05
 3.32171000e+05 2.62071000e+05 2.06761000e+05 1.63107000e+05
 1.30796000e+05 1.05584000e+05 8.39960000e+04 6.73090000e+04
 5.40810000e+04 4.45700000e+04 3.68310000e+04 3.03450000e+04
 2.52720000e+04 2.09010000e+04 1.72760000e+04 1.47360000e+04
 1.27010000e+04 1.07000000e+04 9.16600000e+03 8.07800000e+03
 7.08400000e+03 6.23700000e+03 5.35500000e+03 4.81100000e+03
 4.43100000e+03 3.79900000e+03 3.26800000e+03 3.08100000e+03
 2.57200000e+03 2.29300000e+03 2.01700000e+03 1.79500000e+03
 1.57200000e+03 1.35700000e+03 1.19900000e+03 1.06900000e+03
 9.53000000e+02 8.23000000e+02 6.88000000e+02 5.77000000e+02
 5.48000000e+02 4.72000000e+02 4.08000000e+02 3.48000000e+02
 2.70000000e+02 2.37000000e+02 1.77000000e+02 1.45000000e+02
 1.23000000e+02 9.40000000e+01 8.50000000e+01 6.90000000e+01
 6.30000000e+01 6.90000000e+01 4.30000000e+01 3.80000000e+01
 1.70000000e+01 2.20000000e+01 2.80000000e+01 1.30000000e+01
 1.30000000e+01 5.00000000e+00 6.00000000e+00 4.00000000e+00
 2.00000000e+00 5.00000000e+00 2.00000000e+00 4.00000000e+00]
