Standard Deviation: 6.560142801475366e-07
Skewness: -0.19511379120668318
Kurtosis: 0.31480125550082017
Median: 6.919432550567378e-06
Mean: 6.921400502808956e-06
Deciles: [6.47763609e-06 7.35238946e-06]
Minimum: 4.242751521606155e-06
Maximum: 8.707558023713163e-06
Bin Edges: [4.24275152e-06 4.28739959e-06 4.33204765e-06 4.37669572e-06
 4.42134378e-06 4.46599185e-06 4.51063991e-06 4.55528798e-06
 4.59993604e-06 4.64458411e-06 4.68923217e-06 4.73388024e-06
 4.77852830e-06 4.82317637e-06 4.86782443e-06 4.91247250e-06
 4.95712056e-06 5.00176863e-06 5.04641669e-06 5.09106476e-06
 5.13571282e-06 5.18036089e-06 5.22500895e-06 5.26965702e-06
 5.31430508e-06 5.35895315e-06 5.40360121e-06 5.44824928e-06
 5.49289734e-06 5.53754541e-06 5.58219347e-06 5.62684154e-06
 5.67148960e-06 5.71613767e-06 5.76078573e-06 5.80543380e-06
 5.85008186e-06 5.89472993e-06 5.93937799e-06 5.98402606e-06
 6.02867412e-06 6.07332219e-06 6.11797025e-06 6.16261832e-06
 6.20726638e-06 6.25191445e-06 6.29656251e-06 6.34121058e-06
 6.38585864e-06 6.43050671e-06 6.47515477e-06 6.51980284e-06
 6.56445090e-06 6.60909897e-06 6.65374703e-06 6.69839510e-06
 6.74304316e-06 6.78769123e-06 6.83233929e-06 6.87698736e-06
 6.92163542e-06 6.96628349e-06 7.01093155e-06 7.05557962e-06
 7.10022768e-06 7.14487575e-06 7.18952381e-06 7.23417188e-06
 7.27881994e-06 7.32346801e-06 7.36811607e-06 7.41276414e-06
 7.45741220e-06 7.50206027e-06 7.54670833e-06 7.59135640e-06
 7.63600446e-06 7.68065253e-06 7.72530059e-06 7.76994866e-06
 7.81459672e-06 7.85924479e-06 7.90389285e-06 7.94854092e-06
 7.99318898e-06 8.03783705e-06 8.08248511e-06 8.12713318e-06
 8.17178124e-06 8.21642931e-06 8.26107737e-06 8.30572544e-06
 8.35037350e-06 8.39502157e-06 8.43966963e-06 8.48431770e-06
 8.52896576e-06 8.57361383e-06 8.61826189e-06 8.66290996e-06
 8.70755802e-06]
Frequencies: [2.74248000e+05 6.89440000e+05 8.17056000e+05 9.74712000e+05
 1.11567200e+06 1.21717600e+06 1.34311200e+06 1.41306400e+06
 1.53233600e+06 1.56613600e+06 1.75906400e+06 1.69893600e+06
 1.80876000e+06 2.27391200e+06 2.96051200e+06 3.85404800e+06
 4.87540000e+06 4.84492000e+06 4.85455200e+06 4.93209600e+06
 5.36090400e+06 5.62242400e+06 5.67501600e+06 5.86854400e+06
 6.10128800e+06 6.30102400e+06 6.32432800e+06 6.54024000e+06
 6.67382400e+06 6.69469600e+06 6.87163200e+06 7.28236000e+06
 9.49243200e+06 1.35873120e+07 1.73239120e+07 2.15397760e+07
 2.72338560e+07 3.51046800e+07 4.27082960e+07 5.08038160e+07
 5.73862640e+07 6.89702720e+07 7.85004640e+07 8.59857920e+07
 8.92238720e+07 8.31939120e+07 8.19624800e+07 8.05833680e+07
 8.58296240e+07 8.13302640e+07 7.99852400e+07 8.29161040e+07
 8.43432080e+07 9.08419120e+07 1.01484536e+08 1.34173280e+08
 1.32471592e+08 1.32220288e+08 1.51405880e+08 1.56718808e+08
 1.26560536e+08 1.16508440e+08 1.19787120e+08 1.26713008e+08
 1.28812072e+08 1.20788536e+08 1.13192288e+08 1.10462280e+08
 1.03627056e+08 9.42938560e+07 8.50223040e+07 7.86188240e+07
 7.71560000e+07 7.71621920e+07 7.43327280e+07 7.27046640e+07
 6.98816400e+07 6.63617200e+07 6.34581600e+07 5.29434160e+07
 4.19363520e+07 3.82677040e+07 3.57846800e+07 3.19529040e+07
 2.94193600e+07 2.69440560e+07 2.57369360e+07 2.47284960e+07
 2.28616320e+07 1.98441040e+07 1.75126000e+07 1.56800640e+07
 1.39735760e+07 1.17771040e+07 9.93111200e+06 7.59469600e+06
 5.47633600e+06 3.82599200e+06 1.65155200e+06 4.55232000e+05]
