Standard Deviation: 5822.890616904622
Skewness: -3.6048410652545444
Kurtosis: 15.498897943526472
Median: 94357.57923879087
Mean: 92248.02461739467
Deciles: [91899.74404629 95000.04024687]
Minimum: 49981.785969345365
Maximum: 100525.58343098818
Bin Edges: [ 49981.78596935  50487.22394396  50992.66191858  51498.09989319
  52003.53786781  52508.97584243  53014.41381704  53519.85179166
  54025.28976628  54530.72774089  55036.16571551  55541.60369013
  56047.04166474  56552.47963936  57057.91761398  57563.35558859
  58068.79356321  58574.23153782  59079.66951244  59585.10748706
  60090.54546167  60595.98343629  61101.42141091  61606.85938552
  62112.29736014  62617.73533476  63123.17330937  63628.61128399
  64134.04925861  64639.48723322  65144.92520784  65650.36318245
  66155.80115707  66661.23913169  67166.6771063   67672.11508092
  68177.55305554  68682.99103015  69188.42900477  69693.86697939
  70199.304954    70704.74292862  71210.18090324  71715.61887785
  72221.05685247  72726.49482708  73231.9328017   73737.37077632
  74242.80875093  74748.24672555  75253.68470017  75759.12267478
  76264.5606494   76769.99862402  77275.43659863  77780.87457325
  78286.31254787  78791.75052248  79297.1884971   79802.62647171
  80308.06444633  80813.50242095  81318.94039556  81824.37837018
  82329.8163448   82835.25431941  83340.69229403  83846.13026865
  84351.56824326  84857.00621788  85362.4441925   85867.88216711
  86373.32014173  86878.75811634  87384.19609096  87889.63406558
  88395.07204019  88900.51001481  89405.94798943  89911.38596404
  90416.82393866  90922.26191328  91427.69988789  91933.13786251
  92438.57583713  92944.01381174  93449.45178636  93954.88976097
  94460.32773559  94965.76571021  95471.20368482  95976.64165944
  96482.07963406  96987.51760867  97492.95558329  97998.39355791
  98503.83153252  99009.26950714  99514.70748176 100020.14545637
 100525.58343099]
Frequencies: [3.24700000e+03 3.43760000e+04 2.14012000e+05 6.12063000e+05
 1.43533000e+06 2.30397700e+06 1.80202800e+06 1.15344100e+06
 7.14157000e+05 1.20462700e+06 1.22384100e+06 1.33601200e+06
 1.95257500e+06 2.31425600e+06 2.51995500e+06 2.48773000e+06
 2.11066500e+06 2.18244900e+06 2.48702500e+06 2.45461800e+06
 2.42623300e+06 3.17838500e+06 3.45430700e+06 3.28083100e+06
 3.14557500e+06 3.40240600e+06 2.82764100e+06 2.90280500e+06
 3.03415800e+06 3.03348500e+06 3.40175200e+06 3.36264500e+06
 2.61021600e+06 2.75447400e+06 2.95381700e+06 3.15654500e+06
 2.69484200e+06 2.25256500e+06 2.54093100e+06 2.69121500e+06
 2.64542100e+06 3.26721500e+06 3.11846400e+06 3.65982400e+06
 3.32332400e+06 2.83760300e+06 3.36972300e+06 3.89896600e+06
 4.07788300e+06 3.97736000e+06 4.66625500e+06 4.96991700e+06
 5.92658300e+06 6.74985100e+06 6.67534600e+06 7.58851900e+06
 7.57407800e+06 7.66260500e+06 8.11978200e+06 9.62523200e+06
 1.14691460e+07 1.23376660e+07 1.39266280e+07 1.63872500e+07
 1.89315660e+07 1.86620140e+07 1.91329730e+07 1.97260660e+07
 2.07127900e+07 2.09699570e+07 2.13203200e+07 2.08863200e+07
 2.26446040e+07 2.73754200e+07 3.06533520e+07 3.66760640e+07
 4.54878420e+07 5.31497890e+07 6.70524880e+07 8.21708750e+07
 9.96509420e+07 1.25561581e+08 1.47194028e+08 1.61996781e+08
 1.79611193e+08 2.07210758e+08 2.53269380e+08 4.68669780e+08
 9.36710193e+08 6.26285215e+08 3.58802163e+08 1.50625148e+08
 4.19595740e+07 8.46057100e+06 1.66038400e+06 3.41380000e+05
 8.73270000e+04 2.18880000e+04 5.56100000e+03 1.86000000e+03]
