Standard Deviation: 4.6821233570639044e-05
Skewness: 6.6811356985229455
Kurtosis: 62.23331587381911
Median: 4.2262948270894487e-07
Mean: 1.4047733549665793e-05
Deciles: [1.46757791e-08 4.70741907e-06]
Minimum: 0.0
Maximum: 0.0010733144354215995
Bin Edges: [0.00000000e+00 1.07331444e-05 2.14662887e-05 3.21994331e-05
 4.29325774e-05 5.36657218e-05 6.43988661e-05 7.51320105e-05
 8.58651548e-05 9.65982992e-05 1.07331444e-04 1.18064588e-04
 1.28797732e-04 1.39530877e-04 1.50264021e-04 1.60997165e-04
 1.71730310e-04 1.82463454e-04 1.93196598e-04 2.03929743e-04
 2.14662887e-04 2.25396031e-04 2.36129176e-04 2.46862320e-04
 2.57595465e-04 2.68328609e-04 2.79061753e-04 2.89794898e-04
 3.00528042e-04 3.11261186e-04 3.21994331e-04 3.32727475e-04
 3.43460619e-04 3.54193764e-04 3.64926908e-04 3.75660052e-04
 3.86393197e-04 3.97126341e-04 4.07859485e-04 4.18592630e-04
 4.29325774e-04 4.40058919e-04 4.50792063e-04 4.61525207e-04
 4.72258352e-04 4.82991496e-04 4.93724640e-04 5.04457785e-04
 5.15190929e-04 5.25924073e-04 5.36657218e-04 5.47390362e-04
 5.58123506e-04 5.68856651e-04 5.79589795e-04 5.90322939e-04
 6.01056084e-04 6.11789228e-04 6.22522373e-04 6.33255517e-04
 6.43988661e-04 6.54721806e-04 6.65454950e-04 6.76188094e-04
 6.86921239e-04 6.97654383e-04 7.08387527e-04 7.19120672e-04
 7.29853816e-04 7.40586960e-04 7.51320105e-04 7.62053249e-04
 7.72786394e-04 7.83519538e-04 7.94252682e-04 8.04985827e-04
 8.15718971e-04 8.26452115e-04 8.37185260e-04 8.47918404e-04
 8.58651548e-04 8.69384693e-04 8.80117837e-04 8.90850981e-04
 9.01584126e-04 9.12317270e-04 9.23050414e-04 9.33783559e-04
 9.44516703e-04 9.55249848e-04 9.65982992e-04 9.76716136e-04
 9.87449281e-04 9.98182425e-04 1.00891557e-03 1.01964871e-03
 1.03038186e-03 1.04111500e-03 1.05184815e-03 1.06258129e-03
 1.07331444e-03]
Frequencies: [3.71144675e+09 2.34550133e+08 1.27436598e+08 8.58103090e+07
 6.26572110e+07 4.74506330e+07 3.71067370e+07 2.99131130e+07
 2.46924610e+07 2.07487620e+07 1.76745540e+07 1.52224650e+07
 1.32146380e+07 1.15477610e+07 1.01395050e+07 8.94975300e+06
 7.93196200e+06 7.06005700e+06 6.30284400e+06 5.63540700e+06
 5.05722700e+06 4.55001800e+06 4.09008000e+06 3.68963300e+06
 3.33342500e+06 3.01783900e+06 2.73346500e+06 2.48003100e+06
 2.25312100e+06 2.05211100e+06 1.86640000e+06 1.70125900e+06
 1.55277300e+06 1.41664500e+06 1.29391400e+06 1.18410800e+06
 1.08365400e+06 9.95528000e+05 9.10872000e+05 8.37656000e+05
 7.69851000e+05 7.08872000e+05 6.52154000e+05 5.99608000e+05
 5.51913000e+05 5.08852000e+05 4.67876000e+05 4.31164000e+05
 3.98184000e+05 3.67474000e+05 3.38209000e+05 3.12234000e+05
 2.89594000e+05 2.66195000e+05 2.46289000e+05 2.26596000e+05
 2.10460000e+05 1.94335000e+05 1.80017000e+05 1.65422000e+05
 1.52714000e+05 1.41377000e+05 1.29736000e+05 1.19065000e+05
 1.09023000e+05 1.00223000e+05 9.23140000e+04 8.45320000e+04
 7.75330000e+04 7.06000000e+04 6.45080000e+04 5.85690000e+04
 5.37520000e+04 4.96050000e+04 4.53770000e+04 4.13380000e+04
 3.81050000e+04 3.45650000e+04 3.14300000e+04 2.84170000e+04
 2.58220000e+04 2.36160000e+04 2.12520000e+04 1.87150000e+04
 1.69820000e+04 1.47720000e+04 1.32340000e+04 1.15660000e+04
 1.00380000e+04 8.60600000e+03 6.77300000e+03 5.15600000e+03
 3.62700000e+03 2.15900000e+03 1.20100000e+03 6.03000000e+02
 2.80000000e+02 7.20000000e+01 2.50000000e+01 8.00000000e+00]
