Standard Deviation: 11.907054159553184
Skewness: 0.03735638762287488
Kurtosis: 2.6115570639837093
Median: 0.042715451379161336
Mean: 0.05253929600652865
Deciles: [-5.67330687  5.75707096]
Minimum: -80.9715330230642
Maximum: 94.78380348318348
Bin Edges: [-80.97153302 -79.21397966 -77.45642629 -75.69887293 -73.94131956
 -72.1837662  -70.42621283 -68.66865947 -66.9111061  -65.15355274
 -63.39599937 -61.63844601 -59.88089264 -58.12333928 -56.36578591
 -54.60823255 -52.85067918 -51.09312582 -49.33557245 -47.57801909
 -45.82046572 -44.06291236 -42.30535899 -40.54780563 -38.79025226
 -37.0326989  -35.27514553 -33.51759217 -31.7600388  -30.00248544
 -28.24493207 -26.48737871 -24.72982534 -22.97227198 -21.21471861
 -19.45716525 -17.69961188 -15.94205852 -14.18450515 -12.42695179
 -10.66939842  -8.91184506  -7.15429169  -5.39673833  -3.63918496
  -1.8816316   -0.12407823   1.63347513   3.3910285    5.14858186
   6.90613523   8.6636886   10.42124196  12.17879533  13.93634869
  15.69390206  17.45145542  19.20900879  20.96656215  22.72411552
  24.48166888  26.23922225  27.99677561  29.75432898  31.51188234
  33.26943571  35.02698907  36.78454244  38.5420958   40.29964917
  42.05720253  43.8147559   45.57230926  47.32986263  49.08741599
  50.84496936  52.60252272  54.36007609  56.11762945  57.87518282
  59.63273618  61.39028955  63.14784291  64.90539628  66.66294964
  68.42050301  70.17805637  71.93560974  73.6931631   75.45071647
  77.20826983  78.9658232   80.72337656  82.48092993  84.23848329
  85.99603666  87.75359002  89.51114339  91.26869675  93.02625012
  94.78380348]
Frequencies: [2.30000000e+01 1.11000000e+02 3.06000000e+02 7.88000000e+02
 1.96300000e+03 4.49300000e+03 9.73200000e+03 2.18360000e+04
 4.33690000e+04 7.41890000e+04 1.18770000e+05 1.83615000e+05
 2.74083000e+05 4.00754000e+05 5.65618000e+05 7.77699000e+05
 1.03049100e+06 1.30051000e+06 1.62171100e+06 2.03833300e+06
 2.55886600e+06 3.19112800e+06 3.95312000e+06 4.87902500e+06
 5.98717900e+06 7.32584300e+06 8.92178800e+06 1.08215960e+07
 1.31239930e+07 1.58426290e+07 1.91196010e+07 2.30849090e+07
 2.78810590e+07 3.36521620e+07 4.07109530e+07 4.94039080e+07
 6.01478760e+07 7.36437310e+07 9.08584490e+07 1.13204039e+08
 1.42896827e+08 1.82440581e+08 2.33874813e+08 2.96204180e+08
 3.58612008e+08 4.00851229e+08 4.04589145e+08 3.68277747e+08
 3.09193636e+08 2.46592211e+08 1.92536230e+08 1.50124462e+08
 1.18143064e+08 9.40754710e+07 7.57086980e+07 6.15657610e+07
 5.04517690e+07 4.15311670e+07 3.42606940e+07 2.83580300e+07
 2.35444950e+07 1.95746320e+07 1.63063440e+07 1.35895470e+07
 1.13040060e+07 9.37852800e+06 7.75392900e+06 6.40217100e+06
 5.26846000e+06 4.31437900e+06 3.51799600e+06 2.85646900e+06
 2.30559400e+06 1.84579400e+06 1.46647600e+06 1.16031800e+06
 9.04944000e+05 6.99492000e+05 5.33918000e+05 4.01692000e+05
 2.95491000e+05 2.14708000e+05 1.52667000e+05 1.06362000e+05
 7.42460000e+04 5.01190000e+04 3.29570000e+04 2.17070000e+04
 1.42120000e+04 9.48500000e+03 5.85900000e+03 3.50900000e+03
 2.27400000e+03 1.38400000e+03 8.88000000e+02 4.76000000e+02
 2.27000000e+02 1.30000000e+02 1.04000000e+02 4.00000000e+01]
