Standard Deviation: 1400.166820466809
Skewness: -3.6048410652573786
Kurtosis: 15.498897943539369
Median: 36535.946126663766
Mean: 36028.68459950075
Deciles: [35944.93737978 36690.43169854]
Minimum: 25865.38446655107
Maximum: 38019.098634001406
Bin Edges: [25865.38446655 25986.92160823 26108.4587499  26229.99589157
 26351.53303325 26473.07017492 26594.6073166  26716.14445827
 26837.68159995 26959.21874162 27080.7558833  27202.29302497
 27323.83016665 27445.36730832 27566.90444999 27688.44159167
 27809.97873334 27931.51587502 28053.05301669 28174.59015837
 28296.12730004 28417.66444172 28539.20158339 28660.73872506
 28782.27586674 28903.81300841 29025.35015009 29146.88729176
 29268.42443344 29389.96157511 29511.49871679 29633.03585846
 29754.57300014 29876.11014181 29997.64728348 30119.18442516
 30240.72156683 30362.25870851 30483.79585018 30605.33299186
 30726.87013353 30848.40727521 30969.94441688 31091.48155855
 31213.01870023 31334.5558419  31456.09298358 31577.63012525
 31699.16726693 31820.7044086  31942.24155028 32063.77869195
 32185.31583363 32306.8529753  32428.39011697 32549.92725865
 32671.46440032 32793.001542   32914.53868367 33036.07582535
 33157.61296702 33279.1501087  33400.68725037 33522.22439204
 33643.76153372 33765.29867539 33886.83581707 34008.37295874
 34129.91010042 34251.44724209 34372.98438377 34494.52152544
 34616.05866712 34737.59580879 34859.13295046 34980.67009214
 35102.20723381 35223.74437549 35345.28151716 35466.81865884
 35588.35580051 35709.89294219 35831.43008386 35952.96722553
 36074.50436721 36196.04150888 36317.57865056 36439.11579223
 36560.65293391 36682.19007558 36803.72721726 36925.26435893
 37046.80150061 37168.33864228 37289.87578395 37411.41292563
 37532.9500673  37654.48720898 37776.02435065 37897.56149233
 38019.098634  ]
Frequencies: [3.24700000e+03 3.43760000e+04 2.14012000e+05 6.12063000e+05
 1.43533000e+06 2.30397700e+06 1.80202800e+06 1.15344100e+06
 7.14157000e+05 1.20462700e+06 1.22384100e+06 1.33601200e+06
 1.95257500e+06 2.31425600e+06 2.51995500e+06 2.48773000e+06
 2.11066500e+06 2.18244900e+06 2.48702500e+06 2.45461800e+06
 2.42623300e+06 3.17838500e+06 3.45430700e+06 3.28083100e+06
 3.14557500e+06 3.40240600e+06 2.82764100e+06 2.90280500e+06
 3.03415800e+06 3.03348500e+06 3.40175200e+06 3.36264500e+06
 2.61021600e+06 2.75447400e+06 2.95381700e+06 3.15654500e+06
 2.69484200e+06 2.25256500e+06 2.54093100e+06 2.69121500e+06
 2.64542100e+06 3.26721500e+06 3.11846400e+06 3.65982400e+06
 3.32332400e+06 2.83760300e+06 3.36972300e+06 3.89896600e+06
 4.07788300e+06 3.97736000e+06 4.66625500e+06 4.96991700e+06
 5.92658300e+06 6.74985100e+06 6.67534600e+06 7.58851900e+06
 7.57407800e+06 7.66260500e+06 8.11978200e+06 9.62523200e+06
 1.14691460e+07 1.23376660e+07 1.39266280e+07 1.63872500e+07
 1.89315660e+07 1.86620140e+07 1.91329730e+07 1.97260660e+07
 2.07127900e+07 2.09699570e+07 2.13203200e+07 2.08863200e+07
 2.26446040e+07 2.73754200e+07 3.06533520e+07 3.66760640e+07
 4.54878420e+07 5.31497890e+07 6.70524880e+07 8.21708750e+07
 9.96509420e+07 1.25561581e+08 1.47194028e+08 1.61996781e+08
 1.79611193e+08 2.07210758e+08 2.53269380e+08 4.68669780e+08
 9.36710193e+08 6.26285215e+08 3.58802163e+08 1.50625148e+08
 4.19595740e+07 8.46057100e+06 1.66038400e+06 3.41380000e+05
 8.73270000e+04 2.18880000e+04 5.56100000e+03 1.86000000e+03]
