Standard Deviation: 7.909322856037908e-08
Skewness: -0.975497156435067
Kurtosis: 0.4954722577303854
Median: 9.442782597646836e-07
Mean: 9.261579293404008e-07
Deciles: [8.84269169e-07 9.83683276e-07]
Minimum: 6.40083500924673e-07
Maximum: 1.0652721167570142e-06
Bin Edges: [6.40083501e-07 6.44335387e-07 6.48587273e-07 6.52839159e-07
 6.57091046e-07 6.61342932e-07 6.65594818e-07 6.69846704e-07
 6.74098590e-07 6.78350476e-07 6.82602363e-07 6.86854249e-07
 6.91106135e-07 6.95358021e-07 6.99609907e-07 7.03861793e-07
 7.08113679e-07 7.12365566e-07 7.16617452e-07 7.20869338e-07
 7.25121224e-07 7.29373110e-07 7.33624996e-07 7.37876883e-07
 7.42128769e-07 7.46380655e-07 7.50632541e-07 7.54884427e-07
 7.59136313e-07 7.63388200e-07 7.67640086e-07 7.71891972e-07
 7.76143858e-07 7.80395744e-07 7.84647630e-07 7.88899516e-07
 7.93151403e-07 7.97403289e-07 8.01655175e-07 8.05907061e-07
 8.10158947e-07 8.14410833e-07 8.18662720e-07 8.22914606e-07
 8.27166492e-07 8.31418378e-07 8.35670264e-07 8.39922150e-07
 8.44174037e-07 8.48425923e-07 8.52677809e-07 8.56929695e-07
 8.61181581e-07 8.65433467e-07 8.69685353e-07 8.73937240e-07
 8.78189126e-07 8.82441012e-07 8.86692898e-07 8.90944784e-07
 8.95196670e-07 8.99448557e-07 9.03700443e-07 9.07952329e-07
 9.12204215e-07 9.16456101e-07 9.20707987e-07 9.24959874e-07
 9.29211760e-07 9.33463646e-07 9.37715532e-07 9.41967418e-07
 9.46219304e-07 9.50471190e-07 9.54723077e-07 9.58974963e-07
 9.63226849e-07 9.67478735e-07 9.71730621e-07 9.75982507e-07
 9.80234394e-07 9.84486280e-07 9.88738166e-07 9.92990052e-07
 9.97241938e-07 1.00149382e-06 1.00574571e-06 1.00999760e-06
 1.01424948e-06 1.01850137e-06 1.02275326e-06 1.02700514e-06
 1.03125703e-06 1.03550891e-06 1.03976080e-06 1.04401269e-06
 1.04826457e-06 1.05251646e-06 1.05676834e-06 1.06102023e-06
 1.06527212e-06]
Frequencies: [4.48936000e+05 1.77692000e+06 3.11686400e+06 4.15921600e+06
 3.92070400e+06 3.88560000e+06 3.42410400e+06 2.82616800e+06
 2.81405600e+06 2.74728000e+06 2.94809600e+06 3.07195200e+06
 3.85644000e+06 5.10075200e+06 6.41737600e+06 8.56908800e+06
 9.71827200e+06 8.05914400e+06 8.12880800e+06 8.11129600e+06
 8.77917600e+06 9.78880800e+06 1.07945840e+07 1.19452080e+07
 1.29530400e+07 1.42027920e+07 1.52508800e+07 1.59707920e+07
 1.69155200e+07 1.80866400e+07 1.94673440e+07 2.12910160e+07
 2.32968560e+07 2.55812160e+07 2.69948080e+07 2.78064160e+07
 2.80356000e+07 2.83689680e+07 2.84915840e+07 2.95150320e+07
 3.03323760e+07 3.15007120e+07 3.23430720e+07 3.39604000e+07
 3.49242480e+07 3.61844800e+07 3.52726400e+07 3.55056720e+07
 3.57422240e+07 3.66247440e+07 3.77325600e+07 3.81161280e+07
 3.93448400e+07 4.07230080e+07 4.20043040e+07 4.34392480e+07
 4.50469760e+07 4.70357760e+07 4.94124640e+07 5.13246000e+07
 5.35354160e+07 5.53485040e+07 5.80008160e+07 6.07292400e+07
 6.47732720e+07 6.85585840e+07 7.56797280e+07 8.70267440e+07
 1.03252920e+08 1.26344624e+08 1.64262704e+08 1.58566760e+08
 1.38863752e+08 1.26747528e+08 1.19927040e+08 1.20282824e+08
 1.22675904e+08 1.22030440e+08 1.17631768e+08 1.10883264e+08
 1.07614096e+08 1.07457816e+08 1.12081816e+08 1.12828264e+08
 1.06576800e+08 9.55841520e+07 8.73571680e+07 8.06545680e+07
 7.92903440e+07 7.57600320e+07 6.19795760e+07 5.45311120e+07
 4.70855600e+07 3.81281760e+07 2.61153840e+07 1.71802240e+07
 7.46984000e+06 3.19972000e+06 1.63403200e+06 3.25664000e+05]
