Standard Deviation: 2.4457149092165982e-08
Skewness: 0.4984845839264675
Kurtosis: -0.4338483706890601
Median: 7.66941845558165e-08
Mean: 8.174001353167446e-08
Deciles: [6.28899242e-08 9.90429487e-08]
Minimum: 2.9057816091410494e-08
Maximum: 1.9612253075291123e-07
Bin Edges: [2.90578161e-08 3.07284632e-08 3.23991104e-08 3.40697575e-08
 3.57404047e-08 3.74110518e-08 3.90816990e-08 4.07523461e-08
 4.24229933e-08 4.40936404e-08 4.57642876e-08 4.74349347e-08
 4.91055819e-08 5.07762290e-08 5.24468761e-08 5.41175233e-08
 5.57881704e-08 5.74588176e-08 5.91294647e-08 6.08001119e-08
 6.24707590e-08 6.41414062e-08 6.58120533e-08 6.74827005e-08
 6.91533476e-08 7.08239948e-08 7.24946419e-08 7.41652891e-08
 7.58359362e-08 7.75065833e-08 7.91772305e-08 8.08478776e-08
 8.25185248e-08 8.41891719e-08 8.58598191e-08 8.75304662e-08
 8.92011134e-08 9.08717605e-08 9.25424077e-08 9.42130548e-08
 9.58837020e-08 9.75543491e-08 9.92249962e-08 1.00895643e-07
 1.02566291e-07 1.04236938e-07 1.05907585e-07 1.07578232e-07
 1.09248879e-07 1.10919526e-07 1.12590173e-07 1.14260821e-07
 1.15931468e-07 1.17602115e-07 1.19272762e-07 1.20943409e-07
 1.22614056e-07 1.24284703e-07 1.25955351e-07 1.27625998e-07
 1.29296645e-07 1.30967292e-07 1.32637939e-07 1.34308586e-07
 1.35979233e-07 1.37649881e-07 1.39320528e-07 1.40991175e-07
 1.42661822e-07 1.44332469e-07 1.46003116e-07 1.47673764e-07
 1.49344411e-07 1.51015058e-07 1.52685705e-07 1.54356352e-07
 1.56026999e-07 1.57697646e-07 1.59368294e-07 1.61038941e-07
 1.62709588e-07 1.64380235e-07 1.66050882e-07 1.67721529e-07
 1.69392176e-07 1.71062824e-07 1.72733471e-07 1.74404118e-07
 1.76074765e-07 1.77745412e-07 1.79416059e-07 1.81086706e-07
 1.82757354e-07 1.84428001e-07 1.86098648e-07 1.87769295e-07
 1.89439942e-07 1.91110589e-07 1.92781236e-07 1.94451884e-07
 1.96122531e-07]
Frequencies: [4.82731000e+05 3.96638900e+06 1.09059310e+07 1.70473870e+07
 1.96078870e+07 2.29115170e+07 2.48956310e+07 2.86968370e+07
 3.10154670e+07 3.40815240e+07 3.56937790e+07 3.82244830e+07
 4.12306400e+07 4.82145390e+07 5.55919790e+07 7.45053410e+07
 1.06725289e+08 1.58490259e+08 1.78961797e+08 1.64627138e+08
 1.56471670e+08 1.56574946e+08 1.64934760e+08 1.71258469e+08
 1.48839623e+08 1.22375817e+08 1.07894969e+08 9.82754060e+07
 9.28475370e+07 8.86007430e+07 8.38556030e+07 8.68814550e+07
 8.72593140e+07 8.04910240e+07 7.89042230e+07 7.67209740e+07
 7.81193370e+07 8.13699110e+07 9.42888930e+07 9.43476860e+07
 8.55194550e+07 8.34286490e+07 8.60053490e+07 8.40852500e+07
 7.67638120e+07 6.74111600e+07 6.08426490e+07 5.51984400e+07
 5.00999200e+07 4.76351240e+07 4.69906720e+07 4.64458820e+07
 4.51264550e+07 4.37820520e+07 4.26846440e+07 4.03825340e+07
 3.88272680e+07 3.58059180e+07 3.30797010e+07 3.15614950e+07
 3.03392560e+07 2.82328990e+07 2.68743780e+07 2.55579050e+07
 2.13909330e+07 1.67554060e+07 1.22728740e+07 8.62377600e+06
 5.77812100e+06 3.63042000e+06 2.67428900e+06 2.22743300e+06
 1.88883700e+06 1.45628700e+06 1.13272600e+06 8.69514000e+05
 6.58103000e+05 5.04840000e+05 4.44643000e+05 3.53602000e+05
 2.60737000e+05 2.23855000e+05 1.92360000e+05 1.75410000e+05
 1.44715000e+05 1.35348000e+05 1.24569000e+05 1.00193000e+05
 8.45470000e+04 6.89230000e+04 4.85270000e+04 3.32110000e+04
 2.35080000e+04 1.54690000e+04 1.06860000e+04 6.04500000e+03
 3.07300000e+03 8.78000000e+02 2.41000000e+02 1.29000000e+02]
