Standard Deviation: 4555.704731257461
Skewness: -3.604841065252087
Kurtosis: 15.498897943514962
Median: 77790.69404831874
Mean: 76140.22375755601
Deciles: [75867.73650853 78293.34176175]
Minimum: 43072.02515146339
Maximum: 82616.4082390048
Bin Edges: [43072.02515146 43467.46898234 43862.91281321 44258.35664409
 44653.80047497 45049.24430584 45444.68813672 45840.13196759
 46235.57579847 46631.01962934 47026.46346022 47421.90729109
 47817.35112197 48212.79495284 48608.23878372 49003.68261459
 49399.12644547 49794.57027635 50190.01410722 50585.4579381
 50980.90176897 51376.34559985 51771.78943072 52167.2332616
 52562.67709247 52958.12092335 53353.56475422 53749.0085851
 54144.45241597 54539.89624685 54935.34007773 55330.7839086
 55726.22773948 56121.67157035 56517.11540123 56912.5592321
 57308.00306298 57703.44689385 58098.89072473 58494.3345556
 58889.77838648 59285.22221736 59680.66604823 60076.10987911
 60471.55370998 60866.99754086 61262.44137173 61657.88520261
 62053.32903348 62448.77286436 62844.21669523 63239.66052611
 63635.10435698 64030.54818786 64425.99201874 64821.43584961
 65216.87968049 65612.32351136 66007.76734224 66403.21117311
 66798.65500399 67194.09883486 67589.54266574 67984.98649661
 68380.43032749 68775.87415837 69171.31798924 69566.76182012
 69962.20565099 70357.64948187 70753.09331274 71148.53714362
 71543.98097449 71939.42480537 72334.86863624 72730.31246712
 73125.75629799 73521.20012887 73916.64395975 74312.08779062
 74707.5316215  75102.97545237 75498.41928325 75893.86311412
 76289.306945   76684.75077587 77080.19460675 77475.63843762
 77871.0822685  78266.52609938 78661.96993025 79057.41376113
 79452.857592   79848.30142288 80243.74525375 80639.18908463
 81034.6329155  81430.07674638 81825.52057725 82220.96440813
 82616.408239  ]
Frequencies: [3.24700000e+03 3.43760000e+04 2.14012000e+05 6.12063000e+05
 1.43533000e+06 2.30397700e+06 1.80202800e+06 1.15344100e+06
 7.14157000e+05 1.20462700e+06 1.22384100e+06 1.33601200e+06
 1.95257500e+06 2.31425600e+06 2.51995500e+06 2.48773000e+06
 2.11066500e+06 2.18244900e+06 2.48702500e+06 2.45461800e+06
 2.42623300e+06 3.17838500e+06 3.45430700e+06 3.28083100e+06
 3.14557500e+06 3.40240600e+06 2.82764100e+06 2.90280500e+06
 3.03415800e+06 3.03348500e+06 3.40175200e+06 3.36264500e+06
 2.61021600e+06 2.75447400e+06 2.95381700e+06 3.15654500e+06
 2.69484200e+06 2.25256500e+06 2.54093100e+06 2.69121500e+06
 2.64542100e+06 3.26721500e+06 3.11846400e+06 3.65982400e+06
 3.32332400e+06 2.83760300e+06 3.36972300e+06 3.89896600e+06
 4.07788300e+06 3.97736000e+06 4.66625500e+06 4.96991700e+06
 5.92658300e+06 6.74985100e+06 6.67534600e+06 7.58851900e+06
 7.57407800e+06 7.66260500e+06 8.11978200e+06 9.62523200e+06
 1.14691460e+07 1.23376660e+07 1.39266280e+07 1.63872500e+07
 1.89315660e+07 1.86620140e+07 1.91329730e+07 1.97260660e+07
 2.07127900e+07 2.09699570e+07 2.13203200e+07 2.08863200e+07
 2.26446040e+07 2.73754200e+07 3.06533520e+07 3.66760640e+07
 4.54878420e+07 5.31497890e+07 6.70524880e+07 8.21708750e+07
 9.96509420e+07 1.25561581e+08 1.47194028e+08 1.61996781e+08
 1.79611193e+08 2.07210758e+08 2.53269380e+08 4.68669780e+08
 9.36710193e+08 6.26285215e+08 3.58802163e+08 1.50625148e+08
 4.19595740e+07 8.46057100e+06 1.66038400e+06 3.41380000e+05
 8.73270000e+04 2.18880000e+04 5.56100000e+03 1.86000000e+03]
