Standard Deviation: 20.906159603627202
Skewness: 0.3208026284835141
Kurtosis: 0.08379587760805807
Median: 15.900244746439238
Mean: 17.231633097133905
Deciles: [ 2.67844452 30.68849429]
Minimum: -60.1762535713365
Maximum: 128.8336880250972
Bin Edges: [-60.17625357 -58.28615416 -56.39605474 -54.50595532 -52.61585591
 -50.72575649 -48.83565708 -46.94555766 -45.05545824 -43.16535883
 -41.27525941 -39.38516    -37.49506058 -35.60496116 -33.71486175
 -31.82476233 -29.93466292 -28.0445635  -26.15446408 -24.26436467
 -22.37426525 -20.48416584 -18.59406642 -16.703967   -14.81386759
 -12.92376817 -11.03366876  -9.14356934  -7.25346992  -5.36337051
  -3.47327109  -1.58317168   0.30692774   2.19702716   4.08712657
   5.97722599   7.8673254    9.75742482  11.64752424  13.53762365
  15.42772307  17.31782248  19.2079219   21.09802132  22.98812073
  24.87822015  26.76831956  28.65841898  30.54851839  32.43861781
  34.32871723  36.21881664  38.10891606  39.99901547  41.88911489
  43.77921431  45.66931372  47.55941314  49.44951255  51.33961197
  53.22971139  55.1198108   57.00991022  58.90000963  60.79010905
  62.68020847  64.57030788  66.4604073   68.35050671  70.24060613
  72.13070555  74.02080496  75.91090438  77.80100379  79.69110321
  81.58120263  83.47130204  85.36140146  87.25150087  89.14160029
  91.03169971  92.92179912  94.81189854  96.70199795  98.59209737
 100.48219679 102.3722962  104.26239562 106.15249503 108.04259445
 109.93269387 111.82279328 113.7128927  115.60299211 117.49309153
 119.38319095 121.27329036 123.16338978 125.05348919 126.94358861
 128.83368803]
Frequencies: [6.60000000e+01 5.14000000e+02 1.57500000e+03 4.24500000e+03
 1.79720000e+04 7.25970000e+04 1.36011000e+05 2.39279000e+05
 4.18193000e+05 7.11616000e+05 1.15192500e+06 1.78098500e+06
 2.64447900e+06 3.79020900e+06 5.34245500e+06 7.38202800e+06
 1.00764690e+07 1.34069920e+07 1.74708510e+07 2.22782740e+07
 2.78361520e+07 3.40661230e+07 4.09588580e+07 4.84198730e+07
 5.63302040e+07 6.46488010e+07 7.33114640e+07 8.27930950e+07
 9.31949180e+07 1.04409734e+08 1.16528797e+08 1.28694536e+08
 1.39928597e+08 1.49525695e+08 1.56940779e+08 1.62038107e+08
 1.65111958e+08 1.66514845e+08 1.66391783e+08 1.65094906e+08
 1.62662088e+08 1.59545541e+08 1.55492737e+08 1.50463189e+08
 1.44760848e+08 1.38418243e+08 1.31582891e+08 1.24381231e+08
 1.16788740e+08 1.08945936e+08 1.01048648e+08 9.31961930e+07
 8.53813990e+07 7.77276200e+07 7.02829890e+07 6.32934690e+07
 5.66583650e+07 5.04953850e+07 4.46936290e+07 3.94053130e+07
 3.46119630e+07 3.02787110e+07 2.63631440e+07 2.28512580e+07
 1.97162700e+07 1.69621280e+07 1.45460030e+07 1.23716840e+07
 1.04815360e+07 8.83603100e+06 7.40961700e+06 6.17752900e+06
 5.12078800e+06 4.23109600e+06 3.48404000e+06 2.83486100e+06
 2.29130500e+06 1.84233100e+06 1.46395600e+06 1.14812800e+06
 8.78089000e+05 6.67434000e+05 5.02976000e+05 3.85663000e+05
 2.82597000e+05 1.99003000e+05 1.35170000e+05 8.99700000e+04
 5.70100000e+04 3.39560000e+04 1.99020000e+04 1.03630000e+04
 4.60100000e+03 2.15200000e+03 1.14300000e+03 6.27000000e+02
 3.19000000e+02 9.80000000e+01 8.20000000e+01 5.20000000e+01]
