Standard Deviation: 9.35870934243344
Skewness: 0.5306648025089369
Kurtosis: 0.16873672574082033
Median: 0.3789444854882219
Mean: 1.520098189470481
Deciles: [-5.27115655  7.31092511]
Minimum: -64.18838393265904
Maximum: 66.77209696726563
Bin Edges: [-6.41883839e+01 -6.28787791e+01 -6.15691743e+01 -6.02595695e+01
 -5.89499647e+01 -5.76403599e+01 -5.63307551e+01 -5.50211503e+01
 -5.37115455e+01 -5.24019407e+01 -5.10923358e+01 -4.97827310e+01
 -4.84731262e+01 -4.71635214e+01 -4.58539166e+01 -4.45443118e+01
 -4.32347070e+01 -4.19251022e+01 -4.06154974e+01 -3.93058926e+01
 -3.79962878e+01 -3.66866829e+01 -3.53770781e+01 -3.40674733e+01
 -3.27578685e+01 -3.14482637e+01 -3.01386589e+01 -2.88290541e+01
 -2.75194493e+01 -2.62098445e+01 -2.49002397e+01 -2.35906349e+01
 -2.22810300e+01 -2.09714252e+01 -1.96618204e+01 -1.83522156e+01
 -1.70426108e+01 -1.57330060e+01 -1.44234012e+01 -1.31137964e+01
 -1.18041916e+01 -1.04945868e+01 -9.18498195e+00 -7.87537715e+00
 -6.56577234e+00 -5.25616753e+00 -3.94656272e+00 -2.63695791e+00
 -1.32735310e+00 -1.77482917e-02  1.29185652e+00  2.60146133e+00
  3.91106614e+00  5.22067094e+00  6.53027575e+00  7.83988056e+00
  9.14948537e+00  1.04590902e+01  1.17686950e+01  1.30782998e+01
  1.43879046e+01  1.56975094e+01  1.70071142e+01  1.83167190e+01
  1.96263238e+01  2.09359287e+01  2.22455335e+01  2.35551383e+01
  2.48647431e+01  2.61743479e+01  2.74839527e+01  2.87935575e+01
  3.01031623e+01  3.14127671e+01  3.27223719e+01  3.40319767e+01
  3.53415816e+01  3.66511864e+01  3.79607912e+01  3.92703960e+01
  4.05800008e+01  4.18896056e+01  4.31992104e+01  4.45088152e+01
  4.58184200e+01  4.71280248e+01  4.84376296e+01  4.97472345e+01
  5.10568393e+01  5.23664441e+01  5.36760489e+01  5.49856537e+01
  5.62952585e+01  5.76048633e+01  5.89144681e+01  6.02240729e+01
  6.15336777e+01  6.28432825e+01  6.41528873e+01  6.54624922e+01
  6.67720970e+01]
Frequencies: [1.10000000e+01 8.00000000e+00 1.60000000e+01 4.20000000e+01
 5.50000000e+01 6.60000000e+01 8.30000000e+01 1.77000000e+02
 3.08000000e+02 5.25000000e+02 7.57000000e+02 1.23500000e+03
 1.88000000e+03 2.71100000e+03 3.94800000e+03 5.81100000e+03
 8.17900000e+03 1.13670000e+04 1.72160000e+04 2.51940000e+04
 3.60320000e+04 4.97270000e+04 6.93870000e+04 9.75520000e+04
 1.35497000e+05 1.87580000e+05 2.58642000e+05 3.60980000e+05
 5.01942000e+05 7.01158000e+05 1.00350200e+06 1.50639600e+06
 2.40064600e+06 4.04386900e+06 7.02167600e+06 1.23625800e+07
 2.12857180e+07 3.51567800e+07 5.53579990e+07 8.27641530e+07
 1.16637455e+08 1.52938571e+08 1.87204371e+08 2.16394906e+08
 2.39584643e+08 2.55740935e+08 2.65158206e+08 2.68026375e+08
 2.64867928e+08 2.55620531e+08 2.41534617e+08 2.23810088e+08
 2.04924900e+08 1.85960720e+08 1.67703049e+08 1.50623428e+08
 1.34838716e+08 1.20264140e+08 1.06853721e+08 9.43855160e+07
 8.27652930e+07 7.19920580e+07 6.17704060e+07 5.22892210e+07
 4.35671000e+07 3.56746690e+07 2.86358900e+07 2.25722770e+07
 1.74590890e+07 1.32150900e+07 9.81247700e+06 7.13970000e+06
 5.08692400e+06 3.56750300e+06 2.46110700e+06 1.67170700e+06
 1.11798000e+06 7.31378000e+05 4.65547000e+05 2.93126000e+05
 1.80282000e+05 1.08866000e+05 6.28970000e+04 3.76540000e+04
 2.20960000e+04 1.29930000e+04 7.41400000e+03 4.39100000e+03
 2.40300000e+03 1.25200000e+03 5.08000000e+02 2.51000000e+02
 1.44000000e+02 4.40000000e+01 1.20000000e+01 1.30000000e+01
 6.00000000e+00 4.00000000e+00 6.00000000e+00 1.00000000e+00]
