Standard Deviation: 5.306497343238162
Skewness: -3.6048410649889813
Kurtosis: 15.498897942250302
Median: 17268.143128500033
Mean: 17266.220656186353
Deciles: [17265.90326229 17268.72861393]
Minimum: 17227.70272791879
Maximum: 17273.764133600827
Bin Edges: [17227.70272792 17228.16334198 17228.62395603 17229.08457009
 17229.54518415 17230.0057982  17230.46641226 17230.92702632
 17231.38764037 17231.84825443 17232.30886849 17232.76948254
 17233.2300966  17233.69071066 17234.15132471 17234.61193877
 17235.07255283 17235.53316688 17235.99378094 17236.454395
 17236.91500906 17237.37562311 17237.83623717 17238.29685123
 17238.75746528 17239.21807934 17239.6786934  17240.13930745
 17240.59992151 17241.06053557 17241.52114962 17241.98176368
 17242.44237774 17242.90299179 17243.36360585 17243.82421991
 17244.28483396 17244.74544802 17245.20606208 17245.66667613
 17246.12729019 17246.58790425 17247.04851831 17247.50913236
 17247.96974642 17248.43036048 17248.89097453 17249.35158859
 17249.81220265 17250.2728167  17250.73343076 17251.19404482
 17251.65465887 17252.11527293 17252.57588699 17253.03650104
 17253.4971151  17253.95772916 17254.41834321 17254.87895727
 17255.33957133 17255.80018538 17256.26079944 17256.7214135
 17257.18202756 17257.64264161 17258.10325567 17258.56386973
 17259.02448378 17259.48509784 17259.9457119  17260.40632595
 17260.86694001 17261.32755407 17261.78816812 17262.24878218
 17262.70939624 17263.17001029 17263.63062435 17264.09123841
 17264.55185246 17265.01246652 17265.47308058 17265.93369463
 17266.39430869 17266.85492275 17267.31553681 17267.77615086
 17268.23676492 17268.69737898 17269.15799303 17269.61860709
 17270.07922115 17270.5398352  17271.00044926 17271.46106332
 17271.92167737 17272.38229143 17272.84290549 17273.30351954
 17273.7641336 ]
Frequencies: [3.24700000e+03 3.43760000e+04 2.14012000e+05 6.12063000e+05
 1.43533000e+06 2.30397700e+06 1.80202800e+06 1.15344100e+06
 7.14157000e+05 1.20462700e+06 1.22384100e+06 1.33601200e+06
 1.95257500e+06 2.31425600e+06 2.51995500e+06 2.48773000e+06
 2.11066500e+06 2.18244900e+06 2.48702500e+06 2.45461800e+06
 2.42623300e+06 3.17838500e+06 3.45430700e+06 3.28083100e+06
 3.14557500e+06 3.40240600e+06 2.82764100e+06 2.90280500e+06
 3.03415800e+06 3.03348500e+06 3.40175200e+06 3.36264500e+06
 2.61021600e+06 2.75447400e+06 2.95381700e+06 3.15654500e+06
 2.69484200e+06 2.25256500e+06 2.54093100e+06 2.69121500e+06
 2.64542100e+06 3.26721500e+06 3.11846400e+06 3.65982400e+06
 3.32332400e+06 2.83760300e+06 3.36972300e+06 3.89896600e+06
 4.07788300e+06 3.97736000e+06 4.66625500e+06 4.96991700e+06
 5.92658300e+06 6.74985100e+06 6.67534600e+06 7.58851900e+06
 7.57407800e+06 7.66260500e+06 8.11978200e+06 9.62523200e+06
 1.14691460e+07 1.23376660e+07 1.39266280e+07 1.63872500e+07
 1.89315660e+07 1.86620140e+07 1.91329730e+07 1.97260660e+07
 2.07127900e+07 2.09699570e+07 2.13203200e+07 2.08863200e+07
 2.26446040e+07 2.73754200e+07 3.06533520e+07 3.66760640e+07
 4.54878420e+07 5.31497890e+07 6.70524880e+07 8.21708750e+07
 9.96509420e+07 1.25561581e+08 1.47194028e+08 1.61996781e+08
 1.79611193e+08 2.07210758e+08 2.53269380e+08 4.68669780e+08
 9.36710193e+08 6.26285215e+08 3.58802163e+08 1.50625148e+08
 4.19595740e+07 8.46057100e+06 1.66038400e+06 3.41380000e+05
 8.73270000e+04 2.18880000e+04 5.56100000e+03 1.86000000e+03]
