Standard Deviation: 2.1602096712241155e-08
Skewness: 0.3335649590766007
Kurtosis: -0.9316489094250722
Median: 4.874340013703227e-08
Mean: 5.508224158779153e-08
Deciles: [3.84059990e-08 7.52929727e-08]
Minimum: 1.111863069233051e-08
Maximum: 1.3277343404212092e-07
Bin Edges: [1.11186307e-08 1.23351787e-08 1.35517268e-08 1.47682748e-08
 1.59848228e-08 1.72013709e-08 1.84179189e-08 1.96344669e-08
 2.08510150e-08 2.20675630e-08 2.32841110e-08 2.45006591e-08
 2.57172071e-08 2.69337551e-08 2.81503032e-08 2.93668512e-08
 3.05833992e-08 3.17999473e-08 3.30164953e-08 3.42330433e-08
 3.54495914e-08 3.66661394e-08 3.78826874e-08 3.90992355e-08
 4.03157835e-08 4.15323315e-08 4.27488796e-08 4.39654276e-08
 4.51819756e-08 4.63985237e-08 4.76150717e-08 4.88316197e-08
 5.00481678e-08 5.12647158e-08 5.24812638e-08 5.36978119e-08
 5.49143599e-08 5.61309079e-08 5.73474560e-08 5.85640040e-08
 5.97805520e-08 6.09971001e-08 6.22136481e-08 6.34301961e-08
 6.46467442e-08 6.58632922e-08 6.70798402e-08 6.82963883e-08
 6.95129363e-08 7.07294843e-08 7.19460324e-08 7.31625804e-08
 7.43791284e-08 7.55956765e-08 7.68122245e-08 7.80287725e-08
 7.92453206e-08 8.04618686e-08 8.16784166e-08 8.28949647e-08
 8.41115127e-08 8.53280607e-08 8.65446088e-08 8.77611568e-08
 8.89777048e-08 9.01942529e-08 9.14108009e-08 9.26273489e-08
 9.38438970e-08 9.50604450e-08 9.62769930e-08 9.74935411e-08
 9.87100891e-08 9.99266371e-08 1.01143185e-07 1.02359733e-07
 1.03576281e-07 1.04792829e-07 1.06009377e-07 1.07225925e-07
 1.08442473e-07 1.09659021e-07 1.10875569e-07 1.12092117e-07
 1.13308666e-07 1.14525214e-07 1.15741762e-07 1.16958310e-07
 1.18174858e-07 1.19391406e-07 1.20607954e-07 1.21824502e-07
 1.23041050e-07 1.24257598e-07 1.25474146e-07 1.26690694e-07
 1.27907242e-07 1.29123790e-07 1.30340338e-07 1.31556886e-07
 1.32773434e-07]
Frequencies: [1.02211500e+06 5.31074100e+06 1.05564400e+07 1.59110550e+07
 2.35603950e+07 2.55170830e+07 2.59270890e+07 2.57371160e+07
 2.62778790e+07 2.72473280e+07 3.13287130e+07 4.46271000e+07
 5.75884450e+07 6.65484410e+07 6.94069690e+07 7.43136390e+07
 8.20136880e+07 8.89238770e+07 9.46409280e+07 9.99358590e+07
 9.87456430e+07 9.80487850e+07 9.82479810e+07 9.82827460e+07
 9.93666910e+07 1.04316178e+08 1.10031523e+08 1.16988211e+08
 1.28243908e+08 2.02224893e+08 2.32560916e+08 1.40981875e+08
 8.81020490e+07 6.00083210e+07 4.93193530e+07 4.43420250e+07
 4.14205270e+07 3.97809600e+07 3.92584240e+07 3.88672010e+07
 3.85478730e+07 3.62863990e+07 3.54948010e+07 3.63050670e+07
 3.88992150e+07 4.09445240e+07 4.34545940e+07 4.77033870e+07
 4.92407740e+07 5.09206430e+07 5.45553110e+07 5.94946180e+07
 6.56187430e+07 7.15444000e+07 7.18473560e+07 7.60779290e+07
 8.65033990e+07 9.32869990e+07 9.28649890e+07 8.09521970e+07
 7.45643580e+07 7.02364980e+07 6.58210140e+07 5.84420490e+07
 4.77138500e+07 3.65910870e+07 2.97085770e+07 2.51447130e+07
 2.12732310e+07 1.83872690e+07 1.61045160e+07 1.41213250e+07
 1.28345550e+07 1.10206690e+07 9.06353200e+06 7.36829000e+06
 6.05346400e+06 4.67996100e+06 3.38789800e+06 2.35901400e+06
 1.91801700e+06 1.63476600e+06 1.36531200e+06 1.15060900e+06
 1.02966500e+06 9.24745000e+05 7.53749000e+05 5.05960000e+05
 3.14501000e+05 1.82324000e+05 1.22614000e+05 1.06860000e+05
 4.80640000e+04 3.49290000e+04 3.32880000e+04 4.62430000e+04
 2.70610000e+04 2.31220000e+04 7.87300000e+03 2.10000000e+03]
