Standard Deviation: 10.710876929636193
Skewness: 0.045345950593230856
Kurtosis: 2.6721894374882833
Median: 7.517692400101864e-05
Mean: 0.019332474957500408
Deciles: [-5.10683388  5.11892681]
Minimum: -73.89870082632875
Maximum: 92.09888064137442
Bin Edges: [-73.89870083 -72.23872501 -70.5787492  -68.91877338 -67.25879757
 -65.59882175 -63.93884594 -62.27887012 -60.61889431 -58.95891849
 -57.29894268 -55.63896686 -53.97899105 -52.31901524 -50.65903942
 -48.99906361 -47.33908779 -45.67911198 -44.01913616 -42.35916035
 -40.69918453 -39.03920872 -37.3792329  -35.71925709 -34.05928127
 -32.39930546 -30.73932964 -29.07935383 -27.41937802 -25.7594022
 -24.09942639 -22.43945057 -20.77947476 -19.11949894 -17.45952313
 -15.79954731 -14.1395715  -12.47959568 -10.81961987  -9.15964405
  -7.49966824  -5.83969242  -4.17971661  -2.5197408   -0.85976498
   0.80021083   2.46018665   4.12016246   5.78013828   7.44011409
   9.10008991  10.76006572  12.42004154  14.08001735  15.73999317
  17.39996898  19.0599448   20.71992061  22.37989642  24.03987224
  25.69984805  27.35982387  29.01979968  30.6797755   32.33975131
  33.99972713  35.65970294  37.31967876  38.97965457  40.63963039
  42.2996062   43.95958202  45.61955783  47.27953365  48.93950946
  50.59948527  52.25946109  53.9194369   55.57941272  57.23938853
  58.89936435  60.55934016  62.21931598  63.87929179  65.53926761
  67.19924342  68.85921924  70.51919505  72.17917087  73.83914668
  75.49912249  77.15909831  78.81907412  80.47904994  82.13902575
  83.79900157  85.45897738  87.1189532   88.77892901  90.43890483
  92.09888064]
Frequencies: [7.80000000e+01 3.77000000e+02 8.21000000e+02 2.17400000e+03
 5.06500000e+03 1.10230000e+04 2.18210000e+04 3.80300000e+04
 6.24870000e+04 9.84340000e+04 1.50134000e+05 2.25449000e+05
 3.25714000e+05 4.50987000e+05 6.06970000e+05 8.03618000e+05
 1.05562100e+06 1.37271800e+06 1.76830000e+06 2.25987100e+06
 2.87922100e+06 3.61881600e+06 4.52505600e+06 5.64108000e+06
 7.00119400e+06 8.62568600e+06 1.06129080e+07 1.30168690e+07
 1.59284070e+07 1.94360760e+07 2.36762730e+07 2.88556060e+07
 3.51917060e+07 4.29618380e+07 5.25963290e+07 6.45971890e+07
 7.98920890e+07 9.97118890e+07 1.25889896e+08 1.61016832e+08
 2.08884165e+08 2.72031626e+08 3.44536330e+08 4.06654014e+08
 4.31406232e+08 4.06705802e+08 3.46482491e+08 2.75847884e+08
 2.12755250e+08 1.63420762e+08 1.26807688e+08 9.98837560e+07
 7.98280840e+07 6.43475070e+07 5.22860870e+07 4.26448800e+07
 3.49182730e+07 2.86417700e+07 2.35294770e+07 1.93759220e+07
 1.59687900e+07 1.31681510e+07 1.08425250e+07 8.90819100e+06
 7.31080000e+06 5.96324200e+06 4.85193500e+06 3.93055100e+06
 3.16072000e+06 2.53064400e+06 2.01598700e+06 1.59428500e+06
 1.25149400e+06 9.69772000e+05 7.47788000e+05 5.68090000e+05
 4.26606000e+05 3.16051000e+05 2.26316000e+05 1.60528000e+05
 1.12602000e+05 7.81410000e+04 5.35560000e+04 3.56920000e+04
 2.35870000e+04 1.58040000e+04 1.06990000e+04 6.85500000e+03
 4.26500000e+03 2.71300000e+03 1.78000000e+03 1.12300000e+03
 7.73000000e+02 4.55000000e+02 3.16000000e+02 1.74000000e+02
 1.61000000e+02 9.10000000e+01 5.40000000e+01 4.10000000e+01]
