Standard Deviation: 3.148746214728897e-07
Skewness: 1.582500632110846
Kurtosis: 19.021887770150485
Median: 1.4082702793468623e-06
Mean: 1.4496320583499808e-06
Deciles: [1.28904945e-06 1.60014286e-06]
Minimum: 5.768187459011126e-12
Maximum: 4.053975304266042e-05
Bin Edges: [5.76818746e-12 4.05403241e-07 8.10800714e-07 1.21619819e-06
 1.62159566e-06 2.02699313e-06 2.43239060e-06 2.83778808e-06
 3.24318555e-06 3.64858302e-06 4.05398050e-06 4.45937797e-06
 4.86477544e-06 5.27017291e-06 5.67557039e-06 6.08096786e-06
 6.48636533e-06 6.89176280e-06 7.29716028e-06 7.70255775e-06
 8.10795522e-06 8.51335270e-06 8.91875017e-06 9.32414764e-06
 9.72954511e-06 1.01349426e-05 1.05403401e-05 1.09457375e-05
 1.13511350e-05 1.17565325e-05 1.21619300e-05 1.25673274e-05
 1.29727249e-05 1.33781224e-05 1.37835198e-05 1.41889173e-05
 1.45943148e-05 1.49997123e-05 1.54051097e-05 1.58105072e-05
 1.62159047e-05 1.66213022e-05 1.70266996e-05 1.74320971e-05
 1.78374946e-05 1.82428920e-05 1.86482895e-05 1.90536870e-05
 1.94590845e-05 1.98644819e-05 2.02698794e-05 2.06752769e-05
 2.10806744e-05 2.14860718e-05 2.18914693e-05 2.22968668e-05
 2.27022642e-05 2.31076617e-05 2.35130592e-05 2.39184567e-05
 2.43238541e-05 2.47292516e-05 2.51346491e-05 2.55400466e-05
 2.59454440e-05 2.63508415e-05 2.67562390e-05 2.71616364e-05
 2.75670339e-05 2.79724314e-05 2.83778289e-05 2.87832263e-05
 2.91886238e-05 2.95940213e-05 2.99994188e-05 3.04048162e-05
 3.08102137e-05 3.12156112e-05 3.16210086e-05 3.20264061e-05
 3.24318036e-05 3.28372011e-05 3.32425985e-05 3.36479960e-05
 3.40533935e-05 3.44587910e-05 3.48641884e-05 3.52695859e-05
 3.56749834e-05 3.60803808e-05 3.64857783e-05 3.68911758e-05
 3.72965733e-05 3.77019707e-05 3.81073682e-05 3.85127657e-05
 3.89181632e-05 3.93235606e-05 3.97289581e-05 4.01343556e-05
 4.05397530e-05]
Frequencies: [4.52848900e+06 7.49948850e+07 6.80661430e+08 2.71781022e+09
 8.96973764e+08 1.28227057e+08 2.56302670e+07 6.78968500e+06
 2.61544200e+06 1.22581100e+06 6.43363000e+05 3.76255000e+05
 2.30268000e+05 1.47600000e+05 9.60730000e+04 6.49160000e+04
 4.54020000e+04 3.18290000e+04 2.30710000e+04 1.62290000e+04
 1.18420000e+04 9.12300000e+03 6.78700000e+03 5.39900000e+03
 3.94800000e+03 2.98900000e+03 2.43800000e+03 1.95500000e+03
 1.56900000e+03 1.24300000e+03 8.73000000e+02 7.61000000e+02
 6.79000000e+02 4.90000000e+02 3.79000000e+02 2.83000000e+02
 2.38000000e+02 1.90000000e+02 1.46000000e+02 1.15000000e+02
 9.60000000e+01 8.00000000e+01 4.40000000e+01 4.90000000e+01
 3.40000000e+01 2.80000000e+01 2.20000000e+01 2.00000000e+01
 1.60000000e+01 1.50000000e+01 1.30000000e+01 8.00000000e+00
 9.00000000e+00 6.00000000e+00 1.00000000e+01 1.00000000e+01
 5.00000000e+00 6.00000000e+00 4.00000000e+00 3.00000000e+00
 5.00000000e+00 1.00000000e+00 2.00000000e+00 4.00000000e+00
 1.00000000e+00 1.00000000e+00 0.00000000e+00 1.00000000e+00
 0.00000000e+00 1.00000000e+00 1.00000000e+00 0.00000000e+00
 1.00000000e+00 1.00000000e+00 0.00000000e+00 2.00000000e+00
 0.00000000e+00 2.00000000e+00 0.00000000e+00 0.00000000e+00
 0.00000000e+00 0.00000000e+00 0.00000000e+00 0.00000000e+00
 0.00000000e+00 0.00000000e+00 0.00000000e+00 0.00000000e+00
 0.00000000e+00 0.00000000e+00 0.00000000e+00 0.00000000e+00
 0.00000000e+00 0.00000000e+00 0.00000000e+00 0.00000000e+00
 0.00000000e+00 0.00000000e+00 0.00000000e+00 1.00000000e+00]
