Standard Deviation: 11.801461580321849
Skewness: -1.1765958190037382
Kurtosis: 0.8091146107446363
Median: 268.5319488148744
Mean: 263.92454286458553
Deciles: [256.77969314 273.31496111]
Minimum: 208.04093808331916
Maximum: 285.340164218457
Bin Edges: [208.04093808 208.81393034 209.58692261 210.35991487 211.13290713
 211.90589939 212.67889165 213.45188391 214.22487617 214.99786844
 215.7708607  216.54385296 217.31684522 218.08983748 218.86282974
 219.635822   220.40881426 221.18180653 221.95479879 222.72779105
 223.50078331 224.27377557 225.04676783 225.81976009 226.59275236
 227.36574462 228.13873688 228.91172914 229.6847214  230.45771366
 231.23070592 232.00369819 232.77669045 233.54968271 234.32267497
 235.09566723 235.86865949 236.64165175 237.41464401 238.18763628
 238.96062854 239.7336208  240.50661306 241.27960532 242.05259758
 242.82558984 243.59858211 244.37157437 245.14456663 245.91755889
 246.69055115 247.46354341 248.23653567 249.00952793 249.7825202
 250.55551246 251.32850472 252.10149698 252.87448924 253.6474815
 254.42047376 255.19346603 255.96645829 256.73945055 257.51244281
 258.28543507 259.05842733 259.83141959 260.60441186 261.37740412
 262.15039638 262.92338864 263.6963809  264.46937316 265.24236542
 266.01535768 266.78834995 267.56134221 268.33433447 269.10732673
 269.88031899 270.65331125 271.42630351 272.19929578 272.97228804
 273.7452803  274.51827256 275.29126482 276.06425708 276.83724934
 277.6102416  278.38323387 279.15622613 279.92921839 280.70221065
 281.47520291 282.24819517 283.02118743 283.7941797  284.56717196
 285.34016422]
Frequencies: [1.32500000e+03 1.04770000e+04 2.91830000e+04 6.57130000e+04
 1.23951000e+05 2.18861000e+05 3.52362000e+05 5.27869000e+05
 7.21850000e+05 9.29918000e+05 1.14940800e+06 1.37236700e+06
 1.59163900e+06 1.81390300e+06 1.99565700e+06 2.19189300e+06
 2.36571800e+06 2.49768400e+06 2.64976700e+06 2.76624200e+06
 2.87538400e+06 2.99904200e+06 3.14615400e+06 3.26617100e+06
 3.44477300e+06 3.68505900e+06 3.94654000e+06 4.25878800e+06
 4.68605900e+06 5.22050000e+06 5.96005100e+06 6.88825500e+06
 7.99153700e+06 9.33992300e+06 1.08358440e+07 1.24973700e+07
 1.43853960e+07 1.62839300e+07 1.81442460e+07 2.01625060e+07
 2.21557220e+07 2.40490450e+07 2.60319350e+07 2.79390790e+07
 2.97913280e+07 3.17025530e+07 3.36082190e+07 3.54883790e+07
 3.72387550e+07 3.90862990e+07 4.08767640e+07 4.24839260e+07
 4.39893150e+07 4.52414720e+07 4.65263570e+07 4.77744380e+07
 4.90911210e+07 5.05790400e+07 5.23069610e+07 5.39526590e+07
 5.52041400e+07 5.62969750e+07 5.74610180e+07 5.88277800e+07
 6.02905250e+07 6.19072460e+07 6.37180600e+07 6.55090690e+07
 6.72230100e+07 6.89352820e+07 7.10118230e+07 7.33389940e+07
 7.59726940e+07 7.90224620e+07 8.26636180e+07 8.68926440e+07
 9.31522580e+07 1.02020981e+08 1.13469892e+08 1.27007686e+08
 1.43931087e+08 1.66533619e+08 2.00412126e+08 2.63798141e+08
 3.59686463e+08 3.87789772e+08 2.79930249e+08 1.49332200e+08
 6.71350690e+07 2.61231160e+07 9.03152200e+06 2.90463600e+06
 9.30790000e+05 2.77772000e+05 9.45030000e+04 3.01260000e+04
 7.91800000e+03 1.61000000e+03 3.66000000e+02 7.60000000e+01]
