Standard Deviation: 2.2924993436710238e-07
Skewness: 1.3311314824785574
Kurtosis: 1.112716650688963
Median: 1.3399313596165073e-07
Mean: 2.44718905786706e-07
Deciles: [7.35589321e-08 3.86148225e-07]
Minimum: 2.8860464438426775e-08
Maximum: 1.141967497486249e-06
Bin Edges: [2.88604644e-08 3.99915348e-08 5.11226051e-08 6.22536754e-08
 7.33847458e-08 8.45158161e-08 9.56468864e-08 1.06777957e-07
 1.17909027e-07 1.29040097e-07 1.40171168e-07 1.51302238e-07
 1.62433308e-07 1.73564379e-07 1.84695449e-07 1.95826519e-07
 2.06957590e-07 2.18088660e-07 2.29219730e-07 2.40350801e-07
 2.51481871e-07 2.62612941e-07 2.73744012e-07 2.84875082e-07
 2.96006152e-07 3.07137223e-07 3.18268293e-07 3.29399363e-07
 3.40530434e-07 3.51661504e-07 3.62792574e-07 3.73923645e-07
 3.85054715e-07 3.96185785e-07 4.07316856e-07 4.18447926e-07
 4.29578996e-07 4.40710067e-07 4.51841137e-07 4.62972207e-07
 4.74103278e-07 4.85234348e-07 4.96365418e-07 5.07496489e-07
 5.18627559e-07 5.29758629e-07 5.40889700e-07 5.52020770e-07
 5.63151840e-07 5.74282911e-07 5.85413981e-07 5.96545051e-07
 6.07676122e-07 6.18807192e-07 6.29938262e-07 6.41069333e-07
 6.52200403e-07 6.63331473e-07 6.74462544e-07 6.85593614e-07
 6.96724684e-07 7.07855755e-07 7.18986825e-07 7.30117895e-07
 7.41248966e-07 7.52380036e-07 7.63511106e-07 7.74642177e-07
 7.85773247e-07 7.96904317e-07 8.08035388e-07 8.19166458e-07
 8.30297528e-07 8.41428599e-07 8.52559669e-07 8.63690739e-07
 8.74821810e-07 8.85952880e-07 8.97083950e-07 9.08215021e-07
 9.19346091e-07 9.30477161e-07 9.41608232e-07 9.52739302e-07
 9.63870372e-07 9.75001443e-07 9.86132513e-07 9.97263583e-07
 1.00839465e-06 1.01952572e-06 1.03065679e-06 1.04178786e-06
 1.05291893e-06 1.06405001e-06 1.07518108e-06 1.08631215e-06
 1.09744322e-06 1.10857429e-06 1.11970536e-06 1.13083643e-06
 1.14196750e-06]
Frequencies: [1.37635473e+08 3.03634645e+08 3.14495564e+08 3.73419626e+08
 3.74629706e+08 2.84672749e+08 1.82807093e+08 1.32438568e+08
 1.19127515e+08 1.04134791e+08 8.96506130e+07 7.75074980e+07
 7.14344560e+07 6.54018160e+07 6.11444940e+07 5.67912890e+07
 5.20516880e+07 4.97697930e+07 4.67649500e+07 4.44175640e+07
 4.27280590e+07 4.17400010e+07 4.07603420e+07 3.92229330e+07
 3.85980930e+07 3.78193510e+07 3.74737940e+07 3.68448060e+07
 3.64370570e+07 3.63337190e+07 3.62513370e+07 3.61741540e+07
 3.65220360e+07 3.71682890e+07 3.83533120e+07 3.98575290e+07
 3.99480560e+07 4.10704020e+07 4.20942190e+07 4.45079150e+07
 4.53207880e+07 4.36673760e+07 4.01487550e+07 3.87383850e+07
 3.68305160e+07 3.33947360e+07 3.12522750e+07 3.05799790e+07
 2.98776480e+07 3.05319980e+07 3.08046620e+07 3.26756300e+07
 3.54682880e+07 2.83720230e+07 2.19305940e+07 1.84951060e+07
 1.68132010e+07 1.58682240e+07 1.42026140e+07 1.27061210e+07
 1.14320670e+07 1.01118350e+07 9.55378100e+06 8.86545800e+06
 8.39362800e+06 8.15331600e+06 7.93133100e+06 7.85882000e+06
 7.85339100e+06 7.64900000e+06 7.67499400e+06 7.35641300e+06
 7.26078700e+06 7.16877800e+06 6.86456700e+06 6.67988000e+06
 6.59899100e+06 6.45672400e+06 6.24329400e+06 5.87461800e+06
 5.63956100e+06 5.62237300e+06 5.40036400e+06 5.25258600e+06
 5.26963600e+06 5.19099900e+06 5.22330700e+06 5.36169200e+06
 5.27948800e+06 4.75806500e+06 4.48944500e+06 4.01320100e+06
 3.48157000e+06 3.03848200e+06 2.45031800e+06 1.89886700e+06
 1.48737700e+06 1.12797800e+06 5.79125000e+05 1.23679000e+05]
