Standard Deviation: 2.0846561749208084e-08
Skewness: -2.874210209966247
Kurtosis: 7.6432224177934085
Median: 4.908583856935717e-07
Mean: 4.828772521040992e-07
Deciles: [4.90858386e-07 4.90858386e-07]
Minimum: 3.7326106794333895e-07
Maximum: 4.908583856935717e-07
Bin Edges: [3.73261068e-07 3.74437041e-07 3.75613014e-07 3.76788987e-07
 3.77964961e-07 3.79140934e-07 3.80316907e-07 3.81492880e-07
 3.82668853e-07 3.83844827e-07 3.85020800e-07 3.86196773e-07
 3.87372746e-07 3.88548719e-07 3.89724692e-07 3.90900666e-07
 3.92076639e-07 3.93252612e-07 3.94428585e-07 3.95604558e-07
 3.96780531e-07 3.97956505e-07 3.99132478e-07 4.00308451e-07
 4.01484424e-07 4.02660397e-07 4.03836371e-07 4.05012344e-07
 4.06188317e-07 4.07364290e-07 4.08540263e-07 4.09716236e-07
 4.10892210e-07 4.12068183e-07 4.13244156e-07 4.14420129e-07
 4.15596102e-07 4.16772076e-07 4.17948049e-07 4.19124022e-07
 4.20299995e-07 4.21475968e-07 4.22651941e-07 4.23827915e-07
 4.25003888e-07 4.26179861e-07 4.27355834e-07 4.28531807e-07
 4.29707780e-07 4.30883754e-07 4.32059727e-07 4.33235700e-07
 4.34411673e-07 4.35587646e-07 4.36763620e-07 4.37939593e-07
 4.39115566e-07 4.40291539e-07 4.41467512e-07 4.42643485e-07
 4.43819459e-07 4.44995432e-07 4.46171405e-07 4.47347378e-07
 4.48523351e-07 4.49699324e-07 4.50875298e-07 4.52051271e-07
 4.53227244e-07 4.54403217e-07 4.55579190e-07 4.56755164e-07
 4.57931137e-07 4.59107110e-07 4.60283083e-07 4.61459056e-07
 4.62635029e-07 4.63811003e-07 4.64986976e-07 4.66162949e-07
 4.67338922e-07 4.68514895e-07 4.69690868e-07 4.70866842e-07
 4.72042815e-07 4.73218788e-07 4.74394761e-07 4.75570734e-07
 4.76746708e-07 4.77922681e-07 4.79098654e-07 4.80274627e-07
 4.81450600e-07 4.82626573e-07 4.83802547e-07 4.84978520e-07
 4.86154493e-07 4.87330466e-07 4.88506439e-07 4.89682413e-07
 4.90858386e-07]
Frequencies: [2.99308000e+05 5.56321000e+05 6.79146000e+05 1.18206300e+06
 7.43619000e+05 1.32677000e+06 1.50565700e+06 1.01941700e+06
 1.62948300e+06 1.82018900e+06 2.05958700e+06 3.51404100e+06
 2.57141400e+06 2.84633900e+06 4.69066000e+06 3.03680300e+06
 5.11091000e+06 3.38182500e+06 5.76097200e+06 5.35005900e+06
 4.79143000e+06 6.58121300e+06 4.90957000e+06 5.75354400e+06
 7.29893700e+06 4.80289700e+06 5.81488700e+06 6.90986500e+06
 6.61834400e+06 4.32986600e+06 6.97671700e+06 7.67963000e+06
 4.82976100e+06 6.70536600e+06 6.79633700e+06 7.88414600e+06
 6.22875700e+06 5.15719700e+06 8.63699000e+06 7.13667900e+06
 6.59796500e+06 7.09979300e+06 7.54915400e+06 8.19826500e+06
 6.95382600e+06 6.01264000e+06 1.15081780e+07 7.06957200e+06
 6.69148300e+06 7.66534600e+06 1.01911970e+07 9.39944500e+06
 7.39742600e+06 7.44010000e+06 1.05247560e+07 1.02885010e+07
 7.06997200e+06 8.83384300e+06 1.01446240e+07 1.21132280e+07
 9.48841400e+06 7.33348600e+06 8.99036900e+06 1.43528470e+07
 1.13447330e+07 8.08413200e+06 9.26309300e+06 1.13732710e+07
 1.51369060e+07 9.21529500e+06 9.66813100e+06 9.69120100e+06
 1.74536250e+07 9.69872800e+06 1.20104290e+07 8.54723500e+06
 1.29466620e+07 1.68310930e+07 1.09927540e+07 1.07919550e+07
 1.03632720e+07 1.85705430e+07 1.33178380e+07 1.37149010e+07
 8.42531900e+06 1.75143900e+07 1.77110290e+07 1.21256040e+07
 1.40244300e+07 1.10244780e+07 2.23939890e+07 1.49445400e+07
 1.29035750e+07 1.49235990e+07 1.90615740e+07 1.87735340e+07
 1.56929620e+07 1.33517870e+07 2.22824370e+07 3.68317381e+09]
