Standard Deviation: 1.6964754629380903e-07
Skewness: -1.4407143277966648
Kurtosis: 0.5836104231475367
Median: 5.624833071589305e-07
Mean: 4.831511203452544e-07
Deciles: [4.40474683e-07 5.94204357e-07]
Minimum: 2.4488676523346203e-08
Maximum: 6.080440495633311e-07
Bin Edges: [2.44886765e-08 3.03242303e-08 3.61597840e-08 4.19953377e-08
 4.78308914e-08 5.36664452e-08 5.95019989e-08 6.53375526e-08
 7.11731064e-08 7.70086601e-08 8.28442138e-08 8.86797676e-08
 9.45153213e-08 1.00350875e-07 1.06186429e-07 1.12021982e-07
 1.17857536e-07 1.23693090e-07 1.29528644e-07 1.35364197e-07
 1.41199751e-07 1.47035305e-07 1.52870859e-07 1.58706412e-07
 1.64541966e-07 1.70377520e-07 1.76213074e-07 1.82048627e-07
 1.87884181e-07 1.93719735e-07 1.99555288e-07 2.05390842e-07
 2.11226396e-07 2.17061950e-07 2.22897503e-07 2.28733057e-07
 2.34568611e-07 2.40404165e-07 2.46239718e-07 2.52075272e-07
 2.57910826e-07 2.63746379e-07 2.69581933e-07 2.75417487e-07
 2.81253041e-07 2.87088594e-07 2.92924148e-07 2.98759702e-07
 3.04595256e-07 3.10430809e-07 3.16266363e-07 3.22101917e-07
 3.27937471e-07 3.33773024e-07 3.39608578e-07 3.45444132e-07
 3.51279685e-07 3.57115239e-07 3.62950793e-07 3.68786347e-07
 3.74621900e-07 3.80457454e-07 3.86293008e-07 3.92128562e-07
 3.97964115e-07 4.03799669e-07 4.09635223e-07 4.15470776e-07
 4.21306330e-07 4.27141884e-07 4.32977438e-07 4.38812991e-07
 4.44648545e-07 4.50484099e-07 4.56319653e-07 4.62155206e-07
 4.67990760e-07 4.73826314e-07 4.79661867e-07 4.85497421e-07
 4.91332975e-07 4.97168529e-07 5.03004082e-07 5.08839636e-07
 5.14675190e-07 5.20510744e-07 5.26346297e-07 5.32181851e-07
 5.38017405e-07 5.43852959e-07 5.49688512e-07 5.55524066e-07
 5.61359620e-07 5.67195173e-07 5.73030727e-07 5.78866281e-07
 5.84701835e-07 5.90537388e-07 5.96372942e-07 6.02208496e-07
 6.08044050e-07]
Frequencies: [1.0091520e+07 1.5137280e+07 2.1864960e+07 1.8501120e+07 2.1864960e+07
 2.0183040e+07 2.5228800e+07 2.1864960e+07 2.0183040e+07 2.1864960e+07
 2.6910720e+07 1.5137280e+07 2.6910720e+07 1.3455360e+07 2.5228800e+07
 1.6819200e+07 2.1864960e+07 1.3455360e+07 2.6910720e+07 1.3455360e+07
 1.5137280e+07 2.6910720e+07 1.6819200e+07 8.4096000e+06 2.3546880e+07
 1.6819200e+07 1.3455360e+07 2.1864960e+07 1.3455360e+07 1.6819200e+07
 1.6819200e+07 1.6819200e+07 1.8501120e+07 3.3638400e+06 2.0183040e+07
 2.3546880e+07 6.7276800e+06 1.8501120e+07 6.7276800e+06 2.3546880e+07
 1.6819200e+07 1.0091520e+07 1.1773440e+07 2.0183040e+07 1.6819200e+07
 1.3455360e+07 6.7276800e+06 1.0091520e+07 1.8501120e+07 1.6819200e+07
 1.0091520e+07 1.3455360e+07 1.0091520e+07 1.3455360e+07 1.5137280e+07
 2.0183040e+07 6.7276800e+06 1.6819200e+07 6.7276800e+06 6.7276800e+06
 2.0183040e+07 1.3455360e+07 1.8501120e+07 6.7276800e+06 6.7276800e+06
 1.3455360e+07 1.0091520e+07 1.6819200e+07 1.3455360e+07 8.4096000e+06
 2.0183040e+07 6.7276800e+06 3.3638400e+06 1.0091520e+07 2.0183040e+07
 1.3455360e+07 1.3455360e+07 6.7276800e+06 1.1773440e+07 1.3455360e+07
 3.3638400e+06 1.3455360e+07 6.7276800e+06 2.0183040e+07 1.3455360e+07
 1.0091520e+07 6.7276800e+06 1.7828352e+08 1.8837504e+08 1.8837504e+08
 1.9005696e+08 1.8501120e+08 1.9846656e+08 1.8501120e+08 1.9510272e+08
 1.9846656e+08 2.2537728e+08 2.6574336e+08 3.1283712e+08 7.2322560e+08]
