Standard Deviation: 13.631005048588285
Skewness: -1.3470633007447597
Kurtosis: 2.0714655190084272
Median: 290.79013325749224
Mean: 286.6015009263785
Deciles: [279.40144143 296.69083218]
Minimum: 205.592386252902
Maximum: 322.80953916565056
Bin Edges: [205.59238625 206.76455778 207.93672931 209.10890084 210.28107237
 211.4532439  212.62541543 213.79758696 214.96975849 216.14193002
 217.31410154 218.48627307 219.6584446  220.83061613 222.00278766
 223.17495919 224.34713072 225.51930225 226.69147378 227.86364531
 229.03581684 230.20798836 231.38015989 232.55233142 233.72450295
 234.89667448 236.06884601 237.24101754 238.41318907 239.5853606
 240.75753213 241.92970366 243.10187518 244.27404671 245.44621824
 246.61838977 247.7905613  248.96273283 250.13490436 251.30707589
 252.47924742 253.65141895 254.82359048 255.99576201 257.16793353
 258.34010506 259.51227659 260.68444812 261.85661965 263.02879118
 264.20096271 265.37313424 266.54530577 267.7174773  268.88964883
 270.06182035 271.23399188 272.40616341 273.57833494 274.75050647
 275.922678   277.09484953 278.26702106 279.43919259 280.61136412
 281.78353565 282.95570718 284.1278787  285.30005023 286.47222176
 287.64439329 288.81656482 289.98873635 291.16090788 292.33307941
 293.50525094 294.67742247 295.849594   297.02176552 298.19393705
 299.36610858 300.53828011 301.71045164 302.88262317 304.0547947
 305.22696623 306.39913776 307.57130929 308.74348082 309.91565235
 311.08782387 312.2599954  313.43216693 314.60433846 315.77650999
 316.94868152 318.12085305 319.29302458 320.46519611 321.63736764
 322.80953917]
Frequencies: [1.40000000e+01 1.38000000e+02 1.14400000e+03 3.77300000e+03
 8.32500000e+03 1.77920000e+04 2.90010000e+04 5.19300000e+04
 8.71400000e+04 1.32198000e+05 1.94676000e+05 2.82252000e+05
 3.96409000e+05 5.50109000e+05 7.32585000e+05 9.21186000e+05
 1.13128400e+06 1.37097900e+06 1.62753800e+06 1.85966500e+06
 2.07382700e+06 2.25901700e+06 2.44115500e+06 2.62649200e+06
 2.81680700e+06 3.01543600e+06 3.27396300e+06 3.58168800e+06
 4.03827200e+06 4.60213400e+06 5.36135600e+06 6.25874500e+06
 7.23772800e+06 8.28579600e+06 9.34672200e+06 1.04208560e+07
 1.14316580e+07 1.23109760e+07 1.31261310e+07 1.38882310e+07
 1.46028010e+07 1.53247220e+07 1.59147460e+07 1.65364420e+07
 1.71148670e+07 1.78758230e+07 1.88166610e+07 2.00025530e+07
 2.15076170e+07 2.35265950e+07 2.63427580e+07 3.02221330e+07
 3.62049940e+07 4.54779210e+07 5.84690870e+07 6.96595390e+07
 7.38826400e+07 7.35884120e+07 7.47555240e+07 7.73218310e+07
 8.07216980e+07 8.43746170e+07 8.81575430e+07 9.20622700e+07
 9.60959970e+07 1.00312206e+08 1.05116068e+08 1.11037651e+08
 1.18282580e+08 1.26520979e+08 1.34815023e+08 1.43860545e+08
 1.54360920e+08 1.67974369e+08 1.86394494e+08 2.14467148e+08
 2.67197559e+08 3.62662395e+08 4.19208851e+08 2.98850848e+08
 8.27808560e+07 4.91209030e+07 3.84626650e+07 3.11719910e+07
 2.54803160e+07 2.07656610e+07 1.66565350e+07 1.29334390e+07
 9.59358600e+06 6.70314900e+06 4.41009600e+06 2.75299000e+06
 1.56852600e+06 8.09380000e+05 3.69662000e+05 1.35868000e+05
 3.97010000e+04 9.88000000e+03 1.98400000e+03 2.57000000e+02]
