Standard Deviation: 4020.571397651661
Skewness: -3.604841065254102
Kurtosis: 15.498897943525744
Median: 70794.4888349745
Mean: 69337.89012299599
Deciles: [69097.41043779 71238.09331308]
Minimum: 40154.02915515928
Maximum: 75053.35318041666
Bin Edges: [40154.02915516 40503.02239541 40852.01563566 41201.00887592
 41550.00211617 41898.99535642 42247.98859667 42596.98183693
 42945.97507718 43294.96831743 43643.96155769 43992.95479794
 44341.94803819 44690.94127844 45039.9345187  45388.92775895
 45737.9209992  46086.91423945 46435.90747971 46784.90071996
 47133.89396021 47482.88720046 47831.88044072 48180.87368097
 48529.86692122 48878.86016147 49227.85340173 49576.84664198
 49925.83988223 50274.83312248 50623.82636274 50972.81960299
 51321.81284324 51670.80608349 52019.79932375 52368.792564
 52717.78580425 53066.7790445  53415.77228476 53764.76552501
 54113.75876526 54462.75200551 54811.74524577 55160.73848602
 55509.73172627 55858.72496653 56207.71820678 56556.71144703
 56905.70468728 57254.69792754 57603.69116779 57952.68440804
 58301.67764829 58650.67088855 58999.6641288  59348.65736905
 59697.6506093  60046.64384956 60395.63708981 60744.63033006
 61093.62357031 61442.61681057 61791.61005082 62140.60329107
 62489.59653132 62838.58977158 63187.58301183 63536.57625208
 63885.56949233 64234.56273259 64583.55597284 64932.54921309
 65281.54245334 65630.5356936  65979.52893385 66328.5221741
 66677.51541435 67026.50865461 67375.50189486 67724.49513511
 68073.48837537 68422.48161562 68771.47485587 69120.46809612
 69469.46133638 69818.45457663 70167.44781688 70516.44105713
 70865.43429739 71214.42753764 71563.42077789 71912.41401814
 72261.4072584  72610.40049865 72959.3937389  73308.38697915
 73657.38021941 74006.37345966 74355.36669991 74704.35994016
 75053.35318042]
Frequencies: [3.24700000e+03 3.43760000e+04 2.14012000e+05 6.12063000e+05
 1.43533000e+06 2.30397700e+06 1.80202800e+06 1.15344100e+06
 7.14157000e+05 1.20462700e+06 1.22384100e+06 1.33601200e+06
 1.95257500e+06 2.31425600e+06 2.51995500e+06 2.48773000e+06
 2.11066500e+06 2.18244900e+06 2.48702500e+06 2.45461800e+06
 2.42623300e+06 3.17838500e+06 3.45430700e+06 3.28083100e+06
 3.14557500e+06 3.40240600e+06 2.82764100e+06 2.90280500e+06
 3.03415800e+06 3.03348500e+06 3.40175200e+06 3.36264500e+06
 2.61021600e+06 2.75447400e+06 2.95381700e+06 3.15654500e+06
 2.69484200e+06 2.25256500e+06 2.54093100e+06 2.69121500e+06
 2.64542100e+06 3.26721500e+06 3.11846400e+06 3.65982400e+06
 3.32332400e+06 2.83760300e+06 3.36972300e+06 3.89896600e+06
 4.07788300e+06 3.97736000e+06 4.66625500e+06 4.96991700e+06
 5.92658300e+06 6.74985100e+06 6.67534600e+06 7.58851900e+06
 7.57407800e+06 7.66260500e+06 8.11978200e+06 9.62523200e+06
 1.14691460e+07 1.23376660e+07 1.39266280e+07 1.63872500e+07
 1.89315660e+07 1.86620140e+07 1.91329730e+07 1.97260660e+07
 2.07127900e+07 2.09699570e+07 2.13203200e+07 2.08863200e+07
 2.26446040e+07 2.73754200e+07 3.06533520e+07 3.66760640e+07
 4.54878420e+07 5.31497890e+07 6.70524880e+07 8.21708750e+07
 9.96509420e+07 1.25561581e+08 1.47194028e+08 1.61996781e+08
 1.79611193e+08 2.07210758e+08 2.53269380e+08 4.68669780e+08
 9.36710193e+08 6.26285215e+08 3.58802163e+08 1.50625148e+08
 4.19595740e+07 8.46057100e+06 1.66038400e+06 3.41380000e+05
 8.73270000e+04 2.18880000e+04 5.56100000e+03 1.86000000e+03]
