Standard Deviation: 0.0011527535895625282
Skewness: 1.6150388864704532
Kurtosis: 2.0117199795476983
Median: 0.000524545945322086
Mean: 0.0010116339700209666
Deciles: [0.00019776 0.00140342]
Minimum: 1.0012769340756542e-12
Maximum: 0.010554557579708704
Bin Edges: [1.00127693e-12 1.05545577e-04 2.11091153e-04 3.16636728e-04
 4.22182304e-04 5.27727880e-04 6.33273456e-04 7.38819032e-04
 8.44364607e-04 9.49910183e-04 1.05545576e-03 1.16100133e-03
 1.26654691e-03 1.37209249e-03 1.47763806e-03 1.58318364e-03
 1.68872921e-03 1.79427479e-03 1.89982037e-03 2.00536594e-03
 2.11091152e-03 2.21645709e-03 2.32200267e-03 2.42754824e-03
 2.53309382e-03 2.63863940e-03 2.74418497e-03 2.84973055e-03
 2.95527612e-03 3.06082170e-03 3.16636727e-03 3.27191285e-03
 3.37745843e-03 3.48300400e-03 3.58854958e-03 3.69409515e-03
 3.79964073e-03 3.90518631e-03 4.01073188e-03 4.11627746e-03
 4.22182303e-03 4.32736861e-03 4.43291418e-03 4.53845976e-03
 4.64400534e-03 4.74955091e-03 4.85509649e-03 4.96064206e-03
 5.06618764e-03 5.17173321e-03 5.27727879e-03 5.38282437e-03
 5.48836994e-03 5.59391552e-03 5.69946109e-03 5.80500667e-03
 5.91055225e-03 6.01609782e-03 6.12164340e-03 6.22718897e-03
 6.33273455e-03 6.43828012e-03 6.54382570e-03 6.64937128e-03
 6.75491685e-03 6.86046243e-03 6.96600800e-03 7.07155358e-03
 7.17709915e-03 7.28264473e-03 7.38819031e-03 7.49373588e-03
 7.59928146e-03 7.70482703e-03 7.81037261e-03 7.91591819e-03
 8.02146376e-03 8.12700934e-03 8.23255491e-03 8.33810049e-03
 8.44364606e-03 8.54919164e-03 8.65473722e-03 8.76028279e-03
 8.86582837e-03 8.97137394e-03 9.07691952e-03 9.18246509e-03
 9.28801067e-03 9.39355625e-03 9.49910182e-03 9.60464740e-03
 9.71019297e-03 9.81573855e-03 9.92128412e-03 1.00268297e-02
 1.01323753e-02 1.02379209e-02 1.03434664e-02 1.04490120e-02
 1.05545576e-02]
Frequencies: [5.81702316e+08 6.22006962e+08 4.56392817e+08 3.45284711e+08
 2.72597234e+08 2.22004992e+08 1.85228302e+08 1.57655872e+08
 1.36233175e+08 1.19153950e+08 1.05346775e+08 9.41320160e+07
 8.46435910e+07 7.65861270e+07 7.00852000e+07 6.46126580e+07
 5.98776230e+07 5.57791950e+07 5.22403840e+07 4.91358000e+07
 4.63790610e+07 4.39188590e+07 4.17282800e+07 3.97509390e+07
 3.79566430e+07 3.63123300e+07 3.47957180e+07 3.34130190e+07
 3.20927020e+07 3.08433030e+07 2.95856820e+07 2.83186420e+07
 2.70799920e+07 2.58684840e+07 2.46197300e+07 2.33825120e+07
 2.21573230e+07 2.09028620e+07 1.96324400e+07 1.83170210e+07
 1.69448450e+07 1.55415080e+07 1.40858300e+07 1.25912850e+07
 1.10087040e+07 9.42080000e+06 7.82150900e+06 6.32057700e+06
 4.90620300e+06 3.70457800e+06 2.73220200e+06 2.01615600e+06
 1.49014100e+06 1.11255600e+06 8.46272000e+05 6.52833000e+05
 5.03690000e+05 3.87757000e+05 2.98280000e+05 2.30245000e+05
 1.78114000e+05 1.35721000e+05 1.06370000e+05 8.18670000e+04
 6.29590000e+04 5.02580000e+04 3.93740000e+04 3.04760000e+04
 2.38920000e+04 1.94390000e+04 1.56580000e+04 1.28360000e+04
 1.04520000e+04 8.75600000e+03 7.15900000e+03 6.22300000e+03
 5.07500000e+03 4.05700000e+03 3.22400000e+03 2.40600000e+03
 1.94200000e+03 1.51000000e+03 1.21500000e+03 8.88000000e+02
 7.34000000e+02 5.84000000e+02 4.14000000e+02 3.44000000e+02
 3.01000000e+02 1.89000000e+02 1.03000000e+02 7.60000000e+01
 6.30000000e+01 3.30000000e+01 2.10000000e+01 2.00000000e+01
 9.00000000e+00 1.60000000e+01 5.00000000e+00 4.00000000e+00]
