Standard Deviation: 2.4500634873310984e-08
Skewness: -0.9754971564336551
Kurtosis: 0.49547225772853487
Median: 2.9250818663494723e-07
Mean: 2.868950689560921e-07
Deciles: [2.73919227e-07 3.04714641e-07]
Minimum: 1.982780628636762e-07
Maximum: 3.2998833969027067e-07
Bin Edges: [1.98278063e-07 1.99595166e-07 2.00912268e-07 2.02229371e-07
 2.03546474e-07 2.04863577e-07 2.06180679e-07 2.07497782e-07
 2.08814885e-07 2.10131988e-07 2.11449091e-07 2.12766193e-07
 2.14083296e-07 2.15400399e-07 2.16717502e-07 2.18034604e-07
 2.19351707e-07 2.20668810e-07 2.21985913e-07 2.23303015e-07
 2.24620118e-07 2.25937221e-07 2.27254324e-07 2.28571427e-07
 2.29888529e-07 2.31205632e-07 2.32522735e-07 2.33839838e-07
 2.35156940e-07 2.36474043e-07 2.37791146e-07 2.39108249e-07
 2.40425351e-07 2.41742454e-07 2.43059557e-07 2.44376660e-07
 2.45693763e-07 2.47010865e-07 2.48327968e-07 2.49645071e-07
 2.50962174e-07 2.52279276e-07 2.53596379e-07 2.54913482e-07
 2.56230585e-07 2.57547687e-07 2.58864790e-07 2.60181893e-07
 2.61498996e-07 2.62816099e-07 2.64133201e-07 2.65450304e-07
 2.66767407e-07 2.68084510e-07 2.69401612e-07 2.70718715e-07
 2.72035818e-07 2.73352921e-07 2.74670023e-07 2.75987126e-07
 2.77304229e-07 2.78621332e-07 2.79938434e-07 2.81255537e-07
 2.82572640e-07 2.83889743e-07 2.85206846e-07 2.86523948e-07
 2.87841051e-07 2.89158154e-07 2.90475257e-07 2.91792359e-07
 2.93109462e-07 2.94426565e-07 2.95743668e-07 2.97060770e-07
 2.98377873e-07 2.99694976e-07 3.01012079e-07 3.02329182e-07
 3.03646284e-07 3.04963387e-07 3.06280490e-07 3.07597593e-07
 3.08914695e-07 3.10231798e-07 3.11548901e-07 3.12866004e-07
 3.14183106e-07 3.15500209e-07 3.16817312e-07 3.18134415e-07
 3.19451518e-07 3.20768620e-07 3.22085723e-07 3.23402826e-07
 3.24719929e-07 3.26037031e-07 3.27354134e-07 3.28671237e-07
 3.29988340e-07]
Frequencies: [4.48936000e+05 1.77692000e+06 3.11686400e+06 4.15921600e+06
 3.92070400e+06 3.88560000e+06 3.42410400e+06 2.82616800e+06
 2.81405600e+06 2.74728000e+06 2.94809600e+06 3.07195200e+06
 3.85644000e+06 5.10075200e+06 6.41737600e+06 8.56908800e+06
 9.71827200e+06 8.05914400e+06 8.12880800e+06 8.11129600e+06
 8.77917600e+06 9.78880800e+06 1.07945840e+07 1.19452080e+07
 1.29530400e+07 1.42027920e+07 1.52508800e+07 1.59707920e+07
 1.69155200e+07 1.80866400e+07 1.94673440e+07 2.12910160e+07
 2.32968560e+07 2.55812160e+07 2.69948080e+07 2.78064160e+07
 2.80356000e+07 2.83689680e+07 2.84915840e+07 2.95150320e+07
 3.03323760e+07 3.15007120e+07 3.23430720e+07 3.39604000e+07
 3.49242480e+07 3.61844800e+07 3.52726400e+07 3.55056720e+07
 3.57422240e+07 3.66247440e+07 3.77325600e+07 3.81161280e+07
 3.93448400e+07 4.07230080e+07 4.20043040e+07 4.34392480e+07
 4.50469760e+07 4.70357760e+07 4.94124640e+07 5.13246000e+07
 5.35354160e+07 5.53485040e+07 5.80008160e+07 6.07292400e+07
 6.47732720e+07 6.85585840e+07 7.56797280e+07 8.70267440e+07
 1.03252920e+08 1.26344624e+08 1.64262704e+08 1.58566760e+08
 1.38863752e+08 1.26747528e+08 1.19927040e+08 1.20282824e+08
 1.22675904e+08 1.22030440e+08 1.17631768e+08 1.10883264e+08
 1.07614096e+08 1.07457816e+08 1.12081816e+08 1.12828264e+08
 1.06576800e+08 9.55841520e+07 8.73571680e+07 8.06545680e+07
 7.92903440e+07 7.57600320e+07 6.19795760e+07 5.45311120e+07
 4.70855600e+07 3.81281760e+07 2.61153840e+07 1.71802240e+07
 7.46984000e+06 3.19972000e+06 1.63403200e+06 3.25664000e+05]
