Standard Deviation: 7.196730147864885e-08
Skewness: -2.4628467087788777
Kurtosis: 5.392437403921335
Median: 9.986058137126286e-07
Mean: 9.657480004732127e-07
Deciles: [9.81710360e-07 9.98605814e-07]
Minimum: 6.331400262634635e-07
Maximum: 9.986058137126286e-07
Bin Edges: [6.33140026e-07 6.36794684e-07 6.40449342e-07 6.44104000e-07
 6.47758658e-07 6.51413316e-07 6.55067974e-07 6.58722631e-07
 6.62377289e-07 6.66031947e-07 6.69686605e-07 6.73341263e-07
 6.76995921e-07 6.80650579e-07 6.84305237e-07 6.87959894e-07
 6.91614552e-07 6.95269210e-07 6.98923868e-07 7.02578526e-07
 7.06233184e-07 7.09887842e-07 7.13542500e-07 7.17197157e-07
 7.20851815e-07 7.24506473e-07 7.28161131e-07 7.31815789e-07
 7.35470447e-07 7.39125105e-07 7.42779762e-07 7.46434420e-07
 7.50089078e-07 7.53743736e-07 7.57398394e-07 7.61053052e-07
 7.64707710e-07 7.68362368e-07 7.72017025e-07 7.75671683e-07
 7.79326341e-07 7.82980999e-07 7.86635657e-07 7.90290315e-07
 7.93944973e-07 7.97599631e-07 8.01254288e-07 8.04908946e-07
 8.08563604e-07 8.12218262e-07 8.15872920e-07 8.19527578e-07
 8.23182236e-07 8.26836894e-07 8.30491551e-07 8.34146209e-07
 8.37800867e-07 8.41455525e-07 8.45110183e-07 8.48764841e-07
 8.52419499e-07 8.56074157e-07 8.59728814e-07 8.63383472e-07
 8.67038130e-07 8.70692788e-07 8.74347446e-07 8.78002104e-07
 8.81656762e-07 8.85311420e-07 8.88966077e-07 8.92620735e-07
 8.96275393e-07 8.99930051e-07 9.03584709e-07 9.07239367e-07
 9.10894025e-07 9.14548683e-07 9.18203340e-07 9.21857998e-07
 9.25512656e-07 9.29167314e-07 9.32821972e-07 9.36476630e-07
 9.40131288e-07 9.43785946e-07 9.47440603e-07 9.51095261e-07
 9.54749919e-07 9.58404577e-07 9.62059235e-07 9.65713893e-07
 9.69368551e-07 9.73023209e-07 9.76677866e-07 9.80332524e-07
 9.83987182e-07 9.87641840e-07 9.91296498e-07 9.94951156e-07
 9.98605814e-07]
Frequencies: [1.68192000e+06 0.00000000e+00 3.36384000e+06 1.68192000e+06
 3.36316300e+06 3.36451700e+06 0.00000000e+00 5.04607800e+06
 3.36352200e+06 3.36384000e+06 4.49938400e+06 4.06499500e+06
 3.20906100e+06 5.53245400e+06 5.20040700e+06 3.14297900e+06
 8.52721200e+06 3.45646800e+06 6.09696000e+06 4.35317200e+06
 7.42453000e+06 6.72341800e+06 3.36384000e+06 7.99354900e+06
 8.82565100e+06 4.35172800e+06 4.16088200e+06 9.98851000e+06
 7.16733700e+06 6.28802300e+06 5.82880600e+06 1.02003820e+07
 6.90488700e+06 5.66623500e+06 1.04097800e+07 1.03072600e+07
 7.86793000e+06 6.72768000e+06 7.01248600e+06 1.31705540e+07
 6.36844700e+06 8.76883300e+06 1.05108100e+07 6.30839000e+06
 1.34406970e+07 3.37850300e+06 1.13349870e+07 1.11825110e+07
 9.43898200e+06 1.00915200e+07 6.73229600e+06 1.68145840e+07
 8.40960000e+06 1.00915200e+07 7.93558800e+06 1.89751320e+07
 1.00915200e+07 8.77569600e+06 9.72542400e+06 1.41479770e+07
 1.65993780e+07 1.29825650e+07 5.62245900e+06 1.98937790e+07
 9.87244200e+06 1.67508400e+07 1.00915200e+07 1.53221130e+07
 1.99982070e+07 6.72768000e+06 1.34553600e+07 2.01830400e+07
 1.58861430e+07 1.60703370e+07 1.06625520e+07 2.30886730e+07
 1.67063750e+07 1.55584750e+07 1.65917420e+07 2.67169830e+07
 1.68192000e+07 1.38278930e+07 2.31457140e+07 2.52574330e+07
 1.68192000e+07 2.87982630e+07 2.33412570e+07 1.75804580e+07
 2.77229870e+07 3.01836430e+07 2.71100320e+07 3.04848000e+07
 3.17462400e+07 2.69107200e+07 4.20474990e+07 3.70027410e+07
 4.73084750e+07 3.85044750e+07 6.52149530e+07 3.23635898e+09]
