Standard Deviation: 4.213400599551429e-07
Skewness: -0.9754971564331688
Kurtosis: 0.49547225772768577
Median: 5.0302948283348705e-06
Mean: 4.933765438318049e-06
Deciles: [4.71061849e-06 5.24021054e-06]
Minimum: 3.4098092284855163e-06
Maximum: 5.674845062119224e-06
Bin Edges: [3.40980923e-06 3.43245959e-06 3.45510995e-06 3.47776030e-06
 3.50041066e-06 3.52306102e-06 3.54571138e-06 3.56836174e-06
 3.59101210e-06 3.61366245e-06 3.63631281e-06 3.65896317e-06
 3.68161353e-06 3.70426389e-06 3.72691425e-06 3.74956460e-06
 3.77221496e-06 3.79486532e-06 3.81751568e-06 3.84016604e-06
 3.86281640e-06 3.88546675e-06 3.90811711e-06 3.93076747e-06
 3.95341783e-06 3.97606819e-06 3.99871855e-06 4.02136890e-06
 4.04401926e-06 4.06666962e-06 4.08931998e-06 4.11197034e-06
 4.13462070e-06 4.15727105e-06 4.17992141e-06 4.20257177e-06
 4.22522213e-06 4.24787249e-06 4.27052285e-06 4.29317320e-06
 4.31582356e-06 4.33847392e-06 4.36112428e-06 4.38377464e-06
 4.40642500e-06 4.42907535e-06 4.45172571e-06 4.47437607e-06
 4.49702643e-06 4.51967679e-06 4.54232715e-06 4.56497750e-06
 4.58762786e-06 4.61027822e-06 4.63292858e-06 4.65557894e-06
 4.67822930e-06 4.70087965e-06 4.72353001e-06 4.74618037e-06
 4.76883073e-06 4.79148109e-06 4.81413145e-06 4.83678180e-06
 4.85943216e-06 4.88208252e-06 4.90473288e-06 4.92738324e-06
 4.95003360e-06 4.97268395e-06 4.99533431e-06 5.01798467e-06
 5.04063503e-06 5.06328539e-06 5.08593575e-06 5.10858610e-06
 5.13123646e-06 5.15388682e-06 5.17653718e-06 5.19918754e-06
 5.22183790e-06 5.24448825e-06 5.26713861e-06 5.28978897e-06
 5.31243933e-06 5.33508969e-06 5.35774005e-06 5.38039040e-06
 5.40304076e-06 5.42569112e-06 5.44834148e-06 5.47099184e-06
 5.49364220e-06 5.51629255e-06 5.53894291e-06 5.56159327e-06
 5.58424363e-06 5.60689399e-06 5.62954435e-06 5.65219470e-06
 5.67484506e-06]
Frequencies: [4.48936000e+05 1.77692000e+06 3.11686400e+06 4.15921600e+06
 3.92070400e+06 3.88560000e+06 3.42410400e+06 2.82616800e+06
 2.81405600e+06 2.74728000e+06 2.94809600e+06 3.07195200e+06
 3.85644000e+06 5.10075200e+06 6.41737600e+06 8.56908800e+06
 9.71827200e+06 8.05914400e+06 8.12880800e+06 8.11129600e+06
 8.77917600e+06 9.78880800e+06 1.07945840e+07 1.19452080e+07
 1.29530400e+07 1.42027920e+07 1.52508800e+07 1.59707920e+07
 1.69155200e+07 1.80866400e+07 1.94673440e+07 2.12910160e+07
 2.32968560e+07 2.55812160e+07 2.69948080e+07 2.78064160e+07
 2.80356000e+07 2.83689680e+07 2.84915840e+07 2.95150320e+07
 3.03323760e+07 3.15007120e+07 3.23430720e+07 3.39604000e+07
 3.49242480e+07 3.61844800e+07 3.52726400e+07 3.55056720e+07
 3.57422240e+07 3.66247440e+07 3.77325600e+07 3.81161280e+07
 3.93448400e+07 4.07230080e+07 4.20043040e+07 4.34392480e+07
 4.50469760e+07 4.70357760e+07 4.94124640e+07 5.13246000e+07
 5.35354160e+07 5.53485040e+07 5.80008160e+07 6.07292400e+07
 6.47732720e+07 6.85585840e+07 7.56797280e+07 8.70267440e+07
 1.03252920e+08 1.26344624e+08 1.64262704e+08 1.58566760e+08
 1.38863752e+08 1.26747528e+08 1.19927040e+08 1.20282824e+08
 1.22675904e+08 1.22030440e+08 1.17631768e+08 1.10883264e+08
 1.07614096e+08 1.07457816e+08 1.12081816e+08 1.12828264e+08
 1.06576800e+08 9.55841520e+07 8.73571680e+07 8.06545680e+07
 7.92903440e+07 7.57600320e+07 6.19795760e+07 5.45311120e+07
 4.70855600e+07 3.81281760e+07 2.61153840e+07 1.71802240e+07
 7.46984000e+06 3.19972000e+06 1.63403200e+06 3.25664000e+05]
