Standard Deviation: 7.5084723540670755
Skewness: 0.081751860363022
Kurtosis: 2.2162696655578147
Median: -0.08003328146406466
Mean: -0.04298557428736065
Deciles: [-3.79599258  3.63286467]
Minimum: -58.151203118096014
Maximum: 65.10561254196921
Bin Edges: [-58.15120312 -56.91863496 -55.6860668  -54.45349865 -53.22093049
 -51.98836234 -50.75579418 -49.52322602 -48.29065787 -47.05808971
 -45.82552155 -44.5929534  -43.36038524 -42.12781708 -40.89524893
 -39.66268077 -38.43011261 -37.19754446 -35.9649763  -34.73240814
 -33.49983999 -32.26727183 -31.03470367 -29.80213552 -28.56956736
 -27.3369992  -26.10443105 -24.87186289 -23.63929473 -22.40672658
 -21.17415842 -19.94159026 -18.70902211 -17.47645395 -16.24388579
 -15.01131764 -13.77874948 -12.54618132 -11.31361317 -10.08104501
  -8.84847685  -7.6159087   -6.38334054  -5.15077238  -3.91820423
  -2.68563607  -1.45306791  -0.22049976   1.0120684    2.24463656
   3.47720471   4.70977287   5.94234103   7.17490918   8.40747734
   9.64004549  10.87261365  12.10518181  13.33774996  14.57031812
  15.80288628  17.03545443  18.26802259  19.50059075  20.7331589
  21.96572706  23.19829522  24.43086337  25.66343153  26.89599969
  28.12856784  29.361136    30.59370416  31.82627231  33.05884047
  34.29140863  35.52397678  36.75654494  37.9891131   39.22168125
  40.45424941  41.68681757  42.91938572  44.15195388  45.38452204
  46.61709019  47.84965835  49.08222651  50.31479466  51.54736282
  52.77993098  54.01249913  55.24506729  56.47763545  57.7102036
  58.94277176  60.17533992  61.40790807  62.64047623  63.87304439
  65.10561254]
Frequencies: [1.20000000e+01 2.70000000e+01 7.20000000e+01 2.03000000e+02
 3.73000000e+02 7.33000000e+02 1.42200000e+03 2.27300000e+03
 3.91300000e+03 6.69300000e+03 1.08500000e+04 1.78110000e+04
 2.84440000e+04 4.46660000e+04 6.95970000e+04 1.03942000e+05
 1.54992000e+05 2.30331000e+05 3.37821000e+05 4.91410000e+05
 7.03099000e+05 9.83387000e+05 1.36017000e+06 1.85152000e+06
 2.50298400e+06 3.33366900e+06 4.39142700e+06 5.72344800e+06
 7.40810400e+06 9.53634100e+06 1.21564710e+07 1.53970480e+07
 1.93481560e+07 2.42056760e+07 3.00712200e+07 3.72355760e+07
 4.60018610e+07 5.67894210e+07 7.02981750e+07 8.76641360e+07
 1.10330665e+08 1.40713884e+08 1.81849494e+08 2.36875216e+08
 3.05522768e+08 3.77450975e+08 4.29074767e+08 4.35438947e+08
 3.92741884e+08 3.22059396e+08 2.50034057e+08 1.91255742e+08
 1.47093570e+08 1.14727044e+08 9.09870080e+07 7.29324600e+07
 5.89017350e+07 4.77994660e+07 3.89024380e+07 3.17100000e+07
 2.57825320e+07 2.09275110e+07 1.69117070e+07 1.36101660e+07
 1.09130040e+07 8.67450600e+06 6.86925800e+06 5.39261800e+06
 4.19978900e+06 3.25498700e+06 2.50305900e+06 1.91561000e+06
 1.45436400e+06 1.08846400e+06 8.01837000e+05 5.86501000e+05
 4.23928000e+05 3.02907000e+05 2.12557000e+05 1.49094000e+05
 1.04627000e+05 7.36080000e+04 5.10770000e+04 3.52480000e+04
 2.43470000e+04 1.73960000e+04 1.15710000e+04 7.71200000e+03
 5.08700000e+03 3.56600000e+03 2.30900000e+03 1.50500000e+03
 8.48000000e+02 5.74000000e+02 4.31000000e+02 2.48000000e+02
 2.04000000e+02 1.44000000e+02 8.30000000e+01 2.60000000e+01]
