Standard Deviation: 6.100472671760766e-05
Skewness: 4.223164910665339
Kurtosis: 25.731309360357507
Median: 1.4692879780716588e-06
Mean: 2.818578264874452e-05
Deciles: [4.78781811e-12 2.90366717e-05]
Minimum: 0.0
Maximum: 0.0010628544377139387
Bin Edges: [0.00000000e+00 1.06285444e-05 2.12570888e-05 3.18856331e-05
 4.25141775e-05 5.31427219e-05 6.37712663e-05 7.43998106e-05
 8.50283550e-05 9.56568994e-05 1.06285444e-04 1.16913988e-04
 1.27542533e-04 1.38171077e-04 1.48799621e-04 1.59428166e-04
 1.70056710e-04 1.80685254e-04 1.91313799e-04 2.01942343e-04
 2.12570888e-04 2.23199432e-04 2.33827976e-04 2.44456521e-04
 2.55085065e-04 2.65713609e-04 2.76342154e-04 2.86970698e-04
 2.97599243e-04 3.08227787e-04 3.18856331e-04 3.29484876e-04
 3.40113420e-04 3.50741964e-04 3.61370509e-04 3.71999053e-04
 3.82627598e-04 3.93256142e-04 4.03884686e-04 4.14513231e-04
 4.25141775e-04 4.35770319e-04 4.46398864e-04 4.57027408e-04
 4.67655953e-04 4.78284497e-04 4.88913041e-04 4.99541586e-04
 5.10170130e-04 5.20798674e-04 5.31427219e-04 5.42055763e-04
 5.52684308e-04 5.63312852e-04 5.73941396e-04 5.84569941e-04
 5.95198485e-04 6.05827029e-04 6.16455574e-04 6.27084118e-04
 6.37712663e-04 6.48341207e-04 6.58969751e-04 6.69598296e-04
 6.80226840e-04 6.90855385e-04 7.01483929e-04 7.12112473e-04
 7.22741018e-04 7.33369562e-04 7.43998106e-04 7.54626651e-04
 7.65255195e-04 7.75883740e-04 7.86512284e-04 7.97140828e-04
 8.07769373e-04 8.18397917e-04 8.29026461e-04 8.39655006e-04
 8.50283550e-04 8.60912095e-04 8.71540639e-04 8.82169183e-04
 8.92797728e-04 9.03426272e-04 9.14054816e-04 9.24683361e-04
 9.35311905e-04 9.45940450e-04 9.56568994e-04 9.67197538e-04
 9.77826083e-04 9.88454627e-04 9.99083171e-04 1.00971172e-03
 1.02034026e-03 1.03096880e-03 1.04159735e-03 1.05222589e-03
 1.06285444e-03]
Frequencies: [2.91108261e+09 3.29375347e+08 2.17783710e+08 1.70335076e+08
 1.40574793e+08 1.17404767e+08 9.83907270e+07 8.24238590e+07
 6.88994630e+07 5.74545370e+07 4.78124640e+07 3.97781120e+07
 3.31535270e+07 2.77880220e+07 2.34295040e+07 1.99001860e+07
 1.70252220e+07 1.46636960e+07 1.27156020e+07 1.11034800e+07
 9.74487600e+06 8.60280500e+06 7.63359200e+06 6.80326400e+06
 6.08303600e+06 5.46858700e+06 4.93051500e+06 4.45177500e+06
 4.03284000e+06 3.66027700e+06 3.32801000e+06 3.02832000e+06
 2.75849600e+06 2.51680800e+06 2.30219800e+06 2.10683500e+06
 1.92869700e+06 1.76808000e+06 1.62222200e+06 1.48958800e+06
 1.36686200e+06 1.25618900e+06 1.15340500e+06 1.06407000e+06
 9.75312000e+05 8.99023000e+05 8.26347000e+05 7.60506000e+05
 6.98912000e+05 6.40208000e+05 5.88276000e+05 5.40187000e+05
 4.94226000e+05 4.53074000e+05 4.13963000e+05 3.79550000e+05
 3.46736000e+05 3.15873000e+05 2.87289000e+05 2.60924000e+05
 2.36919000e+05 2.14643000e+05 1.94129000e+05 1.75115000e+05
 1.58335000e+05 1.41797000e+05 1.27495000e+05 1.13518000e+05
 1.00798000e+05 8.97550000e+04 7.94630000e+04 7.04210000e+04
 6.21310000e+04 5.43290000e+04 4.71560000e+04 4.08620000e+04
 3.49770000e+04 3.02070000e+04 2.57680000e+04 2.17350000e+04
 1.83410000e+04 1.48490000e+04 1.25300000e+04 1.03430000e+04
 8.34700000e+03 6.55600000e+03 5.16400000e+03 3.79200000e+03
 2.89900000e+03 2.00200000e+03 1.34000000e+03 8.54000000e+02
 5.33000000e+02 2.58000000e+02 1.18000000e+02 4.20000000e+01
 1.40000000e+01 1.00000000e+00 2.00000000e+00 2.00000000e+00]
