Standard Deviation: 3.3538140543024244e-07
Skewness: 10.645136624189629
Kurtosis: 481.7809617532554
Median: 1.5790799861643738e-06
Mean: 1.6517799019470259e-06
Deciles: [1.46471705e-06 1.76838370e-06]
Minimum: 7.271884919198265e-07
Maximum: 7.645212002103814e-05
Bin Edges: [7.27188492e-07 1.48443781e-06 2.24168712e-06 2.99893644e-06
 3.75618575e-06 4.51343507e-06 5.27068438e-06 6.02793370e-06
 6.78518301e-06 7.54243233e-06 8.29968164e-06 9.05693096e-06
 9.81418028e-06 1.05714296e-05 1.13286789e-05 1.20859282e-05
 1.28431775e-05 1.36004269e-05 1.43576762e-05 1.51149255e-05
 1.58721748e-05 1.66294241e-05 1.73866734e-05 1.81439227e-05
 1.89011721e-05 1.96584214e-05 2.04156707e-05 2.11729200e-05
 2.19301693e-05 2.26874186e-05 2.34446680e-05 2.42019173e-05
 2.49591666e-05 2.57164159e-05 2.64736652e-05 2.72309145e-05
 2.79881638e-05 2.87454132e-05 2.95026625e-05 3.02599118e-05
 3.10171611e-05 3.17744104e-05 3.25316597e-05 3.32889090e-05
 3.40461584e-05 3.48034077e-05 3.55606570e-05 3.63179063e-05
 3.70751556e-05 3.78324049e-05 3.85896543e-05 3.93469036e-05
 4.01041529e-05 4.08614022e-05 4.16186515e-05 4.23759008e-05
 4.31331501e-05 4.38903995e-05 4.46476488e-05 4.54048981e-05
 4.61621474e-05 4.69193967e-05 4.76766460e-05 4.84338954e-05
 4.91911447e-05 4.99483940e-05 5.07056433e-05 5.14628926e-05
 5.22201419e-05 5.29773912e-05 5.37346406e-05 5.44918899e-05
 5.52491392e-05 5.60063885e-05 5.67636378e-05 5.75208871e-05
 5.82781365e-05 5.90353858e-05 5.97926351e-05 6.05498844e-05
 6.13071337e-05 6.20643830e-05 6.28216323e-05 6.35788817e-05
 6.43361310e-05 6.50933803e-05 6.58506296e-05 6.66078789e-05
 6.73651282e-05 6.81223776e-05 6.88796269e-05 6.96368762e-05
 7.03941255e-05 7.11513748e-05 7.19086241e-05 7.26658734e-05
 7.34231228e-05 7.41803721e-05 7.49376214e-05 7.56948707e-05
 7.64521200e-05]
Frequencies: [1.36114863e+09 3.02965148e+09 1.21620820e+08 1.76943470e+07
 5.47831000e+06 2.38262400e+06 1.19629500e+06 6.72215000e+05
 4.02871000e+05 2.59040000e+05 1.73597000e+05 1.22132000e+05
 8.53540000e+04 6.23290000e+04 4.61170000e+04 3.46100000e+04
 2.72040000e+04 2.10610000e+04 1.64610000e+04 1.38010000e+04
 1.12270000e+04 9.24200000e+03 7.78100000e+03 6.29000000e+03
 5.52800000e+03 4.76800000e+03 3.93900000e+03 3.27200000e+03
 2.81800000e+03 2.44400000e+03 2.07400000e+03 1.66900000e+03
 1.54700000e+03 1.36200000e+03 1.26300000e+03 1.01900000e+03
 9.06000000e+02 7.86000000e+02 7.20000000e+02 6.76000000e+02
 5.98000000e+02 5.47000000e+02 4.54000000e+02 4.57000000e+02
 3.88000000e+02 3.22000000e+02 2.52000000e+02 2.34000000e+02
 2.31000000e+02 1.98000000e+02 1.73000000e+02 1.36000000e+02
 1.74000000e+02 1.23000000e+02 1.21000000e+02 9.50000000e+01
 9.50000000e+01 8.10000000e+01 7.50000000e+01 5.50000000e+01
 5.30000000e+01 4.20000000e+01 4.80000000e+01 4.40000000e+01
 5.10000000e+01 4.40000000e+01 2.40000000e+01 3.60000000e+01
 1.80000000e+01 2.70000000e+01 2.40000000e+01 1.90000000e+01
 2.20000000e+01 1.40000000e+01 1.20000000e+01 1.20000000e+01
 1.40000000e+01 8.00000000e+00 4.00000000e+00 5.00000000e+00
 7.00000000e+00 7.00000000e+00 7.00000000e+00 2.00000000e+00
 3.00000000e+00 3.00000000e+00 3.00000000e+00 3.00000000e+00
 6.00000000e+00 1.00000000e+00 0.00000000e+00 0.00000000e+00
 1.00000000e+00 1.00000000e+00 0.00000000e+00 0.00000000e+00
 0.00000000e+00 0.00000000e+00 2.00000000e+00 1.00000000e+00]
