Standard Deviation: 9.746489890216896
Skewness: -1.203277641693278
Kurtosis: 1.5113574191784513
Median: 258.4359418068758
Mean: 255.9404087018777
Deciles: [252.27872231 262.2270307 ]
Minimum: 199.10919164417174
Maximum: 319.1237552830055
Bin Edges: [199.10919164 200.30933728 201.50948292 202.70962855 203.90977419
 205.10991983 206.31006546 207.5102111  208.71035674 209.91050237
 211.11064801 212.31079364 213.51093928 214.71108492 215.91123055
 217.11137619 218.31152183 219.51166746 220.7118131  221.91195874
 223.11210437 224.31225001 225.51239564 226.71254128 227.91268692
 229.11283255 230.31297819 231.51312383 232.71326946 233.9134151
 235.11356074 236.31370637 237.51385201 238.71399764 239.91414328
 241.11428892 242.31443455 243.51458019 244.71472583 245.91487146
 247.1150171  248.31516274 249.51530837 250.71545401 251.91559965
 253.11574528 254.31589092 255.51603655 256.71618219 257.91632783
 259.11647346 260.3166191  261.51676474 262.71691037 263.91705601
 265.11720165 266.31734728 267.51749292 268.71763855 269.91778419
 271.11792983 272.31807546 273.5182211  274.71836674 275.91851237
 277.11865801 278.31880365 279.51894928 280.71909492 281.91924055
 283.11938619 284.31953183 285.51967746 286.7198231  287.91996874
 289.12011437 290.32026001 291.52040565 292.72055128 293.92069692
 295.12084256 296.32098819 297.52113383 298.72127946 299.9214251
 301.12157074 302.32171637 303.52186201 304.72200765 305.92215328
 307.12229892 308.32244456 309.52259019 310.72273583 311.92288146
 313.1230271  314.32317274 315.52331837 316.72346401 317.92360965
 319.12375528]
Frequencies: [5.80000000e+02 3.54100000e+03 7.11700000e+03 1.27300000e+04
 2.15610000e+04 3.14110000e+04 4.50380000e+04 7.11220000e+04
 1.13930000e+05 1.80384000e+05 2.81446000e+05 4.41899000e+05
 6.81895000e+05 1.00594500e+06 1.44022600e+06 2.03971100e+06
 2.80511400e+06 3.79220000e+06 4.98116500e+06 6.40387200e+06
 8.14428100e+06 1.01530380e+07 1.23861120e+07 1.49561140e+07
 1.77731260e+07 2.08247580e+07 2.40890840e+07 2.75334420e+07
 3.10147830e+07 3.44256570e+07 3.79023370e+07 4.12806050e+07
 4.45746560e+07 4.79434820e+07 5.12420410e+07 5.43963740e+07
 5.76475060e+07 6.10686200e+07 6.46154140e+07 6.86766560e+07
 7.35149390e+07 7.98972790e+07 8.90520080e+07 1.02921562e+08
 1.23980335e+08 1.54799605e+08 1.96812159e+08 2.48073331e+08
 3.01441197e+08 3.45349293e+08 3.68558194e+08 3.64366307e+08
 3.32474950e+08 2.80749507e+08 2.21106870e+08 1.64658585e+08
 1.17228558e+08 8.02400000e+07 5.29331380e+07 3.35319330e+07
 2.04680760e+07 1.20485080e+07 7.14691200e+06 4.42846900e+06
 2.87461600e+06 1.94141600e+06 1.38696200e+06 1.02806500e+06
 7.67906000e+05 5.73510000e+05 4.27492000e+05 3.15870000e+05
 2.38789000e+05 1.82043000e+05 1.41039000e+05 1.12719000e+05
 8.92860000e+04 7.10720000e+04 5.72390000e+04 4.59800000e+04
 3.53390000e+04 2.66530000e+04 1.97130000e+04 1.52770000e+04
 1.12860000e+04 8.07600000e+03 6.06800000e+03 4.40200000e+03
 3.03700000e+03 2.07600000e+03 1.75400000e+03 1.38600000e+03
 1.01600000e+03 9.10000000e+02 7.56000000e+02 5.81000000e+02
 4.65000000e+02 2.81000000e+02 1.68000000e+02 6.40000000e+01]
