Standard Deviation: 5.610309017356485e-08
Skewness: 1.000000000009993
Kurtosis: -2.0000000000057994
Median: 11209.127353988006
Mean: 11209.127353931903
Deciles: [11209.12735399 11209.12735399]
Minimum: 11209.127353988006
Maximum: 11209.127353988006
Bin Edges: [11208.62735399 11208.63735399 11208.64735399 11208.65735399
 11208.66735399 11208.67735399 11208.68735399 11208.69735399
 11208.70735399 11208.71735399 11208.72735399 11208.73735399
 11208.74735399 11208.75735399 11208.76735399 11208.77735399
 11208.78735399 11208.79735399 11208.80735399 11208.81735399
 11208.82735399 11208.83735399 11208.84735399 11208.85735399
 11208.86735399 11208.87735399 11208.88735399 11208.89735399
 11208.90735399 11208.91735399 11208.92735399 11208.93735399
 11208.94735399 11208.95735399 11208.96735399 11208.97735399
 11208.98735399 11208.99735399 11209.00735399 11209.01735399
 11209.02735399 11209.03735399 11209.04735399 11209.05735399
 11209.06735399 11209.07735399 11209.08735399 11209.09735399
 11209.10735399 11209.11735399 11209.12735399 11209.13735399
 11209.14735399 11209.15735399 11209.16735399 11209.17735399
 11209.18735399 11209.19735399 11209.20735399 11209.21735399
 11209.22735399 11209.23735399 11209.24735399 11209.25735399
 11209.26735399 11209.27735399 11209.28735399 11209.29735399
 11209.30735399 11209.31735399 11209.32735399 11209.33735399
 11209.34735399 11209.35735399 11209.36735399 11209.37735399
 11209.38735399 11209.39735399 11209.40735399 11209.41735399
 11209.42735399 11209.43735399 11209.44735399 11209.45735399
 11209.46735399 11209.47735399 11209.48735399 11209.49735399
 11209.50735399 11209.51735399 11209.52735399 11209.53735399
 11209.54735399 11209.55735399 11209.56735399 11209.57735399
 11209.58735399 11209.59735399 11209.60735399 11209.61735399
 11209.62735399]
Frequencies: [0.000000e+00 0.000000e+00 0.000000e+00 0.000000e+00 0.000000e+00
 0.000000e+00 0.000000e+00 0.000000e+00 0.000000e+00 0.000000e+00
 0.000000e+00 0.000000e+00 0.000000e+00 0.000000e+00 0.000000e+00
 0.000000e+00 0.000000e+00 0.000000e+00 0.000000e+00 0.000000e+00
 0.000000e+00 0.000000e+00 0.000000e+00 0.000000e+00 0.000000e+00
 0.000000e+00 0.000000e+00 0.000000e+00 0.000000e+00 0.000000e+00
 0.000000e+00 0.000000e+00 0.000000e+00 0.000000e+00 0.000000e+00
 0.000000e+00 0.000000e+00 0.000000e+00 0.000000e+00 0.000000e+00
 0.000000e+00 0.000000e+00 0.000000e+00 0.000000e+00 0.000000e+00
 0.000000e+00 0.000000e+00 0.000000e+00 0.000000e+00 0.000000e+00
 4.541184e+09 0.000000e+00 0.000000e+00 0.000000e+00 0.000000e+00
 0.000000e+00 0.000000e+00 0.000000e+00 0.000000e+00 0.000000e+00
 0.000000e+00 0.000000e+00 0.000000e+00 0.000000e+00 0.000000e+00
 0.000000e+00 0.000000e+00 0.000000e+00 0.000000e+00 0.000000e+00
 0.000000e+00 0.000000e+00 0.000000e+00 0.000000e+00 0.000000e+00
 0.000000e+00 0.000000e+00 0.000000e+00 0.000000e+00 0.000000e+00
 0.000000e+00 0.000000e+00 0.000000e+00 0.000000e+00 0.000000e+00
 0.000000e+00 0.000000e+00 0.000000e+00 0.000000e+00 0.000000e+00
 0.000000e+00 0.000000e+00 0.000000e+00 0.000000e+00 0.000000e+00
 0.000000e+00 0.000000e+00 0.000000e+00 0.000000e+00 0.000000e+00]
