Standard Deviation: 1.2201837486074573e-07
Skewness: -1.8465361818709176
Kurtosis: 2.538368036523038
Median: 9.843098217130527e-07
Mean: 9.22054946360763e-07
Deciles: [9.03110892e-07 9.98605814e-07]
Minimum: 4.5215714341684085e-07
Maximum: 9.986058137126286e-07
Bin Edges: [4.52157143e-07 4.57621630e-07 4.63086117e-07 4.68550604e-07
 4.74015090e-07 4.79479577e-07 4.84944064e-07 4.90408550e-07
 4.95873037e-07 5.01337524e-07 5.06802010e-07 5.12266497e-07
 5.17730984e-07 5.23195471e-07 5.28659957e-07 5.34124444e-07
 5.39588931e-07 5.45053417e-07 5.50517904e-07 5.55982391e-07
 5.61446877e-07 5.66911364e-07 5.72375851e-07 5.77840338e-07
 5.83304824e-07 5.88769311e-07 5.94233798e-07 5.99698284e-07
 6.05162771e-07 6.10627258e-07 6.16091745e-07 6.21556231e-07
 6.27020718e-07 6.32485205e-07 6.37949691e-07 6.43414178e-07
 6.48878665e-07 6.54343151e-07 6.59807638e-07 6.65272125e-07
 6.70736612e-07 6.76201098e-07 6.81665585e-07 6.87130072e-07
 6.92594558e-07 6.98059045e-07 7.03523532e-07 7.08988018e-07
 7.14452505e-07 7.19916992e-07 7.25381479e-07 7.30845965e-07
 7.36310452e-07 7.41774939e-07 7.47239425e-07 7.52703912e-07
 7.58168399e-07 7.63632885e-07 7.69097372e-07 7.74561859e-07
 7.80026346e-07 7.85490832e-07 7.90955319e-07 7.96419806e-07
 8.01884292e-07 8.07348779e-07 8.12813266e-07 8.18277753e-07
 8.23742239e-07 8.29206726e-07 8.34671213e-07 8.40135699e-07
 8.45600186e-07 8.51064673e-07 8.56529159e-07 8.61993646e-07
 8.67458133e-07 8.72922620e-07 8.78387106e-07 8.83851593e-07
 8.89316080e-07 8.94780566e-07 9.00245053e-07 9.05709540e-07
 9.11174026e-07 9.16638513e-07 9.22103000e-07 9.27567487e-07
 9.33031973e-07 9.38496460e-07 9.43960947e-07 9.49425433e-07
 9.54889920e-07 9.60354407e-07 9.65818893e-07 9.71283380e-07
 9.76747867e-07 9.82212354e-07 9.87676840e-07 9.93141327e-07
 9.98605814e-07]
Frequencies: [1.68192000e+06 3.36384000e+06 1.68192000e+06 3.36384000e+06
 3.36384000e+06 5.04576000e+06 3.36384000e+06 3.36384000e+06
 8.40960000e+06 3.36384000e+06 1.00915200e+07 3.36384000e+06
 8.40960000e+06 6.72768000e+06 3.36384000e+06 1.00915200e+07
 8.40960000e+06 3.36384000e+06 1.34553600e+07 5.04576000e+06
 6.72768000e+06 1.68192000e+07 6.72768000e+06 8.40960000e+06
 1.00915200e+07 6.72768000e+06 1.00915200e+07 1.34553600e+07
 8.40960000e+06 6.72768000e+06 2.01830400e+07 6.72768000e+06
 8.40960000e+06 1.68192000e+07 1.00915200e+07 6.72768000e+06
 1.85011200e+07 1.34553600e+07 1.00915200e+07 6.72768000e+06
 1.68192000e+07 1.51372800e+07 6.72768000e+06 2.35468800e+07
 1.00915200e+07 1.17734400e+07 1.34553600e+07 2.01830400e+07
 6.72768000e+06 1.17734400e+07 2.35468800e+07 1.34553600e+07
 1.34553600e+07 1.34553600e+07 2.18649600e+07 1.34553600e+07
 1.34553600e+07 2.35468800e+07 1.51372800e+07 1.68192000e+07
 1.34553600e+07 2.35468800e+07 1.34553600e+07 2.18649600e+07
 2.01830400e+07 2.01830400e+07 1.34553600e+07 2.52288000e+07
 2.35468800e+07 1.68192000e+07 1.68192000e+07 3.19564800e+07
 2.01830400e+07 1.68192000e+07 2.52288000e+07 2.69107200e+07
 2.01830400e+07 3.02745600e+07 3.19564800e+07 2.35468800e+07
 2.01830400e+07 3.19564800e+07 2.69107200e+07 3.36384000e+07
 3.36384000e+07 2.85926400e+07 4.03660800e+07 3.86841600e+07
 1.05960960e+08 1.02597120e+08 1.05960960e+08 9.92332800e+07
 1.02597120e+08 9.92332800e+07 1.00915200e+08 1.04279040e+08
 1.00915200e+08 1.00915200e+08 1.07642880e+08 2.09567232e+09]
