Standard Deviation: 4.2913399677533385e-07
Skewness: 13.50399571998687
Kurtosis: 520.5158264527308
Median: 1.4993673551411884e-06
Mean: 1.5929566999271576e-06
Deciles: [1.39873676e-06 1.70949741e-06]
Minimum: 5.895053331574617e-07
Maximum: 9.849556831448346e-05
Bin Edges: [5.89505333e-07 1.56856596e-06 2.54762659e-06 3.52668722e-06
 4.50574785e-06 5.48480848e-06 6.46386911e-06 7.44292974e-06
 8.42199037e-06 9.40105100e-06 1.03801116e-05 1.13591723e-05
 1.23382329e-05 1.33172935e-05 1.42963542e-05 1.52754148e-05
 1.62544754e-05 1.72335360e-05 1.82125967e-05 1.91916573e-05
 2.01707179e-05 2.11497786e-05 2.21288392e-05 2.31078998e-05
 2.40869604e-05 2.50660211e-05 2.60450817e-05 2.70241423e-05
 2.80032030e-05 2.89822636e-05 2.99613242e-05 3.09403849e-05
 3.19194455e-05 3.28985061e-05 3.38775667e-05 3.48566274e-05
 3.58356880e-05 3.68147486e-05 3.77938093e-05 3.87728699e-05
 3.97519305e-05 4.07309912e-05 4.17100518e-05 4.26891124e-05
 4.36681730e-05 4.46472337e-05 4.56262943e-05 4.66053549e-05
 4.75844156e-05 4.85634762e-05 4.95425368e-05 5.05215975e-05
 5.15006581e-05 5.24797187e-05 5.34587793e-05 5.44378400e-05
 5.54169006e-05 5.63959612e-05 5.73750219e-05 5.83540825e-05
 5.93331431e-05 6.03122038e-05 6.12912644e-05 6.22703250e-05
 6.32493856e-05 6.42284463e-05 6.52075069e-05 6.61865675e-05
 6.71656282e-05 6.81446888e-05 6.91237494e-05 7.01028100e-05
 7.10818707e-05 7.20609313e-05 7.30399919e-05 7.40190526e-05
 7.49981132e-05 7.59771738e-05 7.69562345e-05 7.79352951e-05
 7.89143557e-05 7.98934163e-05 8.08724770e-05 8.18515376e-05
 8.28305982e-05 8.38096589e-05 8.47887195e-05 8.57677801e-05
 8.67468408e-05 8.77259014e-05 8.87049620e-05 8.96840226e-05
 9.06630833e-05 9.16421439e-05 9.26212045e-05 9.36002652e-05
 9.45793258e-05 9.55583864e-05 9.65374471e-05 9.75165077e-05
 9.84955683e-05]
Frequencies: [2.75852784e+09 1.70378598e+09 5.60278660e+07 1.18699460e+07
 4.62370200e+06 2.28596200e+06 1.30629200e+06 8.02953000e+05
 5.30835000e+05 3.59546000e+05 2.58153000e+05 1.88724000e+05
 1.38673000e+05 1.04922000e+05 7.94740000e+04 6.15330000e+04
 4.74800000e+04 3.69150000e+04 2.94820000e+04 2.26720000e+04
 1.78040000e+04 1.46170000e+04 1.15930000e+04 9.09100000e+03
 7.59800000e+03 5.74600000e+03 4.93000000e+03 3.92300000e+03
 3.11700000e+03 2.59800000e+03 2.11600000e+03 1.65700000e+03
 1.40400000e+03 1.17800000e+03 9.94000000e+02 8.68000000e+02
 7.36000000e+02 6.42000000e+02 6.17000000e+02 4.39000000e+02
 4.07000000e+02 3.75000000e+02 3.28000000e+02 2.15000000e+02
 2.27000000e+02 2.16000000e+02 1.87000000e+02 1.57000000e+02
 1.36000000e+02 1.27000000e+02 1.28000000e+02 1.03000000e+02
 9.70000000e+01 6.70000000e+01 7.50000000e+01 6.30000000e+01
 5.70000000e+01 4.60000000e+01 3.70000000e+01 2.60000000e+01
 4.20000000e+01 3.80000000e+01 3.80000000e+01 2.30000000e+01
 1.90000000e+01 1.70000000e+01 1.90000000e+01 1.00000000e+01
 1.60000000e+01 1.40000000e+01 9.00000000e+00 1.00000000e+01
 6.00000000e+00 6.00000000e+00 6.00000000e+00 5.00000000e+00
 5.00000000e+00 2.00000000e+00 3.00000000e+00 2.00000000e+00
 2.00000000e+00 2.00000000e+00 1.00000000e+00 2.00000000e+00
 1.00000000e+00 1.00000000e+00 0.00000000e+00 2.00000000e+00
 1.00000000e+00 0.00000000e+00 0.00000000e+00 1.00000000e+00
 0.00000000e+00 0.00000000e+00 0.00000000e+00 0.00000000e+00
 0.00000000e+00 0.00000000e+00 0.00000000e+00 1.00000000e+00]
