Standard Deviation: 1.1034858513255778e-06
Skewness: -1.0222532883919346
Kurtosis: 0.5969352686862646
Median: 1.3280388633438924e-05
Mean: 1.3004483152589437e-05
Deciles: [1.24281880e-05 1.38026238e-05]
Minimum: 8.969232057546127e-06
Maximum: 1.4892776613646768e-05
Bin Edges: [8.96923206e-06 9.02846750e-06 9.08770295e-06 9.14693839e-06
 9.20617384e-06 9.26540929e-06 9.32464473e-06 9.38388018e-06
 9.44311562e-06 9.50235107e-06 9.56158651e-06 9.62082196e-06
 9.68005740e-06 9.73929285e-06 9.79852830e-06 9.85776374e-06
 9.91699919e-06 9.97623463e-06 1.00354701e-05 1.00947055e-05
 1.01539410e-05 1.02131764e-05 1.02724119e-05 1.03316473e-05
 1.03908828e-05 1.04501182e-05 1.05093536e-05 1.05685891e-05
 1.06278245e-05 1.06870600e-05 1.07462954e-05 1.08055309e-05
 1.08647663e-05 1.09240018e-05 1.09832372e-05 1.10424727e-05
 1.11017081e-05 1.11609435e-05 1.12201790e-05 1.12794144e-05
 1.13386499e-05 1.13978853e-05 1.14571208e-05 1.15163562e-05
 1.15755917e-05 1.16348271e-05 1.16940626e-05 1.17532980e-05
 1.18125334e-05 1.18717689e-05 1.19310043e-05 1.19902398e-05
 1.20494752e-05 1.21087107e-05 1.21679461e-05 1.22271816e-05
 1.22864170e-05 1.23456525e-05 1.24048879e-05 1.24641233e-05
 1.25233588e-05 1.25825942e-05 1.26418297e-05 1.27010651e-05
 1.27603006e-05 1.28195360e-05 1.28787715e-05 1.29380069e-05
 1.29972424e-05 1.30564778e-05 1.31157132e-05 1.31749487e-05
 1.32341841e-05 1.32934196e-05 1.33526550e-05 1.34118905e-05
 1.34711259e-05 1.35303614e-05 1.35895968e-05 1.36488323e-05
 1.37080677e-05 1.37673031e-05 1.38265386e-05 1.38857740e-05
 1.39450095e-05 1.40042449e-05 1.40634804e-05 1.41227158e-05
 1.41819513e-05 1.42411867e-05 1.43004222e-05 1.43596576e-05
 1.44188930e-05 1.44781285e-05 1.45373639e-05 1.45965994e-05
 1.46558348e-05 1.47150703e-05 1.47743057e-05 1.48335412e-05
 1.48927766e-05]
Frequencies: [4.68232000e+05 1.78396800e+06 3.15894400e+06 4.27703200e+06
 4.32876800e+06 3.90554400e+06 3.26816800e+06 2.58510400e+06
 2.76513600e+06 2.73840800e+06 2.74353600e+06 3.15166400e+06
 3.78124800e+06 5.07323200e+06 6.38734400e+06 9.51137600e+06
 8.60253600e+06 7.73440800e+06 7.70898400e+06 7.62386400e+06
 8.32308800e+06 9.06897600e+06 1.00009040e+07 1.09791040e+07
 1.19667040e+07 1.31412320e+07 1.42236560e+07 1.52752240e+07
 1.60330880e+07 1.69981760e+07 1.83115520e+07 1.99344480e+07
 2.15508240e+07 2.33669600e+07 2.50714960e+07 2.68091440e+07
 2.72308560e+07 2.74215280e+07 2.79388000e+07 2.83516160e+07
 2.92722000e+07 2.99688240e+07 3.13966000e+07 3.18573200e+07
 3.34646000e+07 3.43272720e+07 3.57612240e+07 3.51844240e+07
 3.49395280e+07 3.55436160e+07 3.61777760e+07 3.75850880e+07
 3.81094400e+07 3.94883280e+07 4.04049680e+07 4.18562800e+07
 4.33611680e+07 4.48377440e+07 4.67807840e+07 4.90598720e+07
 5.11600240e+07 5.36725840e+07 5.53797280e+07 5.79126320e+07
 6.06586640e+07 6.40937760e+07 6.91508480e+07 7.50252240e+07
 8.09224560e+07 9.34300880e+07 1.14072624e+08 1.50006696e+08
 1.68102584e+08 1.50226064e+08 1.38000208e+08 1.29030040e+08
 1.25764968e+08 1.27705472e+08 1.27387552e+08 1.20817016e+08
 1.14090456e+08 1.11324648e+08 1.14234576e+08 1.16854840e+08
 1.14605280e+08 1.09461000e+08 9.99688960e+07 8.80026960e+07
 8.52194880e+07 7.82384320e+07 6.47683760e+07 5.50130960e+07
 4.73447920e+07 4.03620640e+07 2.89488640e+07 2.11060080e+07
 1.45166320e+07 8.88416000e+06 2.39944800e+06 3.49072000e+05]
