Standard Deviation: 1.2120472092647105e-07
Skewness: 0.9999999999976753
Kurtosis: -2.000000000013148
Median: 15122.131809551236
Mean: 15122.131809430031
Deciles: [15122.13180955 15122.13180955]
Minimum: 15122.131809551236
Maximum: 15122.131809551236
Bin Edges: [15121.63180955 15121.64180955 15121.65180955 15121.66180955
 15121.67180955 15121.68180955 15121.69180955 15121.70180955
 15121.71180955 15121.72180955 15121.73180955 15121.74180955
 15121.75180955 15121.76180955 15121.77180955 15121.78180955
 15121.79180955 15121.80180955 15121.81180955 15121.82180955
 15121.83180955 15121.84180955 15121.85180955 15121.86180955
 15121.87180955 15121.88180955 15121.89180955 15121.90180955
 15121.91180955 15121.92180955 15121.93180955 15121.94180955
 15121.95180955 15121.96180955 15121.97180955 15121.98180955
 15121.99180955 15122.00180955 15122.01180955 15122.02180955
 15122.03180955 15122.04180955 15122.05180955 15122.06180955
 15122.07180955 15122.08180955 15122.09180955 15122.10180955
 15122.11180955 15122.12180955 15122.13180955 15122.14180955
 15122.15180955 15122.16180955 15122.17180955 15122.18180955
 15122.19180955 15122.20180955 15122.21180955 15122.22180955
 15122.23180955 15122.24180955 15122.25180955 15122.26180955
 15122.27180955 15122.28180955 15122.29180955 15122.30180955
 15122.31180955 15122.32180955 15122.33180955 15122.34180955
 15122.35180955 15122.36180955 15122.37180955 15122.38180955
 15122.39180955 15122.40180955 15122.41180955 15122.42180955
 15122.43180955 15122.44180955 15122.45180955 15122.46180955
 15122.47180955 15122.48180955 15122.49180955 15122.50180955
 15122.51180955 15122.52180955 15122.53180955 15122.54180955
 15122.55180955 15122.56180955 15122.57180955 15122.58180955
 15122.59180955 15122.60180955 15122.61180955 15122.62180955
 15122.63180955]
Frequencies: [0.000000e+00 0.000000e+00 0.000000e+00 0.000000e+00 0.000000e+00
 0.000000e+00 0.000000e+00 0.000000e+00 0.000000e+00 0.000000e+00
 0.000000e+00 0.000000e+00 0.000000e+00 0.000000e+00 0.000000e+00
 0.000000e+00 0.000000e+00 0.000000e+00 0.000000e+00 0.000000e+00
 0.000000e+00 0.000000e+00 0.000000e+00 0.000000e+00 0.000000e+00
 0.000000e+00 0.000000e+00 0.000000e+00 0.000000e+00 0.000000e+00
 0.000000e+00 0.000000e+00 0.000000e+00 0.000000e+00 0.000000e+00
 0.000000e+00 0.000000e+00 0.000000e+00 0.000000e+00 0.000000e+00
 0.000000e+00 0.000000e+00 0.000000e+00 0.000000e+00 0.000000e+00
 0.000000e+00 0.000000e+00 0.000000e+00 0.000000e+00 0.000000e+00
 4.541184e+09 0.000000e+00 0.000000e+00 0.000000e+00 0.000000e+00
 0.000000e+00 0.000000e+00 0.000000e+00 0.000000e+00 0.000000e+00
 0.000000e+00 0.000000e+00 0.000000e+00 0.000000e+00 0.000000e+00
 0.000000e+00 0.000000e+00 0.000000e+00 0.000000e+00 0.000000e+00
 0.000000e+00 0.000000e+00 0.000000e+00 0.000000e+00 0.000000e+00
 0.000000e+00 0.000000e+00 0.000000e+00 0.000000e+00 0.000000e+00
 0.000000e+00 0.000000e+00 0.000000e+00 0.000000e+00 0.000000e+00
 0.000000e+00 0.000000e+00 0.000000e+00 0.000000e+00 0.000000e+00
 0.000000e+00 0.000000e+00 0.000000e+00 0.000000e+00 0.000000e+00
 0.000000e+00 0.000000e+00 0.000000e+00 0.000000e+00 0.000000e+00]
