Standard Deviation: 12.070248221132355
Skewness: -1.2024032737956305
Kurtosis: 1.0880565196840095
Median: 281.10972072848875
Mean: 276.5890653958162
Deciles: [269.17742938 286.08010755]
Minimum: 214.2904605725995
Maximum: 301.4574746681513
Bin Edges: [214.29046057 215.16213071 216.03380085 216.905471   217.77714114
 218.64881128 219.52048142 220.39215156 221.2638217  222.13549184
 223.00716198 223.87883212 224.75050226 225.62217241 226.49384255
 227.36551269 228.23718283 229.10885297 229.98052311 230.85219325
 231.72386339 232.59553353 233.46720367 234.33887381 235.21054396
 236.0822141  236.95388424 237.82555438 238.69722452 239.56889466
 240.4405648  241.31223494 242.18390508 243.05557522 243.92724537
 244.79891551 245.67058565 246.54225579 247.41392593 248.28559607
 249.15726621 250.02893635 250.90060649 251.77227663 252.64394677
 253.51561692 254.38728706 255.2589572  256.13062734 257.00229748
 257.87396762 258.74563776 259.6173079  260.48897804 261.36064818
 262.23231833 263.10398847 263.97565861 264.84732875 265.71899889
 266.59066903 267.46233917 268.33400931 269.20567945 270.07734959
 270.94901973 271.82068988 272.69236002 273.56403016 274.4357003
 275.30737044 276.17904058 277.05071072 277.92238086 278.794051
 279.66572114 280.53739129 281.40906143 282.28073157 283.15240171
 284.02407185 284.89574199 285.76741213 286.63908227 287.51075241
 288.38242255 289.25409269 290.12576284 290.99743298 291.86910312
 292.74077326 293.6124434  294.48411354 295.35578368 296.22745382
 297.09912396 297.9707941  298.84246425 299.71413439 300.58580453
 301.45747467]
Frequencies: [9.13000000e+02 4.90900000e+03 1.47570000e+04 3.02720000e+04
 5.66200000e+04 1.03376000e+05 1.73788000e+05 2.65247000e+05
 3.90890000e+05 5.36626000e+05 7.08625000e+05 9.04119000e+05
 1.09554600e+06 1.31085100e+06 1.51264600e+06 1.69227100e+06
 1.89171200e+06 2.04985600e+06 2.20893700e+06 2.35962100e+06
 2.49960500e+06 2.63625100e+06 2.77363300e+06 2.91122800e+06
 3.08728500e+06 3.25320000e+06 3.46780400e+06 3.70955300e+06
 4.02624200e+06 4.35256400e+06 4.77931600e+06 5.29147400e+06
 5.93945400e+06 6.72663400e+06 7.68712600e+06 8.81756900e+06
 1.00385010e+07 1.13842480e+07 1.28071280e+07 1.44271740e+07
 1.61077200e+07 1.80224240e+07 2.00918270e+07 2.24374780e+07
 2.50497360e+07 2.78534570e+07 3.07781010e+07 3.37032880e+07
 3.67379030e+07 3.97108110e+07 4.26436740e+07 4.55250680e+07
 4.81566210e+07 5.05698180e+07 5.24606590e+07 5.43447490e+07
 5.61893810e+07 5.79887660e+07 5.98516970e+07 6.18939380e+07
 6.42074780e+07 6.65813500e+07 6.87147200e+07 7.01031530e+07
 7.07302370e+07 7.09057630e+07 7.09760410e+07 7.14587600e+07
 7.27305990e+07 7.48927060e+07 7.78486740e+07 8.16366230e+07
 8.66555540e+07 9.30837470e+07 1.01228404e+08 1.11519454e+08
 1.22708904e+08 1.34748796e+08 1.50002421e+08 1.71355376e+08
 2.07877210e+08 2.91661943e+08 4.05365544e+08 3.73977282e+08
 2.36093818e+08 1.26059904e+08 6.27617950e+07 3.04361940e+07
 1.55389820e+07 8.63341300e+06 5.08999700e+06 3.13187300e+06
 1.94811900e+06 1.19596900e+06 6.94988000e+05 3.56730000e+05
 1.58532000e+05 5.35520000e+04 1.33750000e+04 1.33300000e+03]
