Standard Deviation: 2.1424537963067024e-08
Skewness: 0.23830966738675924
Kurtosis: -0.9102018586078313
Median: 6.393616146650956e-08
Mean: 6.879634083201575e-08
Deciles: [5.22000875e-08 8.77244010e-08]
Minimum: 2.113912765997313e-08
Maximum: 1.4766838410711543e-07
Bin Edges: [2.11391277e-08 2.24044202e-08 2.36697128e-08 2.49350054e-08
 2.62002979e-08 2.74655905e-08 2.87308830e-08 2.99961756e-08
 3.12614682e-08 3.25267607e-08 3.37920533e-08 3.50573459e-08
 3.63226384e-08 3.75879310e-08 3.88532236e-08 4.01185161e-08
 4.13838087e-08 4.26491013e-08 4.39143938e-08 4.51796864e-08
 4.64449789e-08 4.77102715e-08 4.89755641e-08 5.02408566e-08
 5.15061492e-08 5.27714418e-08 5.40367343e-08 5.53020269e-08
 5.65673195e-08 5.78326120e-08 5.90979046e-08 6.03631972e-08
 6.16284897e-08 6.28937823e-08 6.41590749e-08 6.54243674e-08
 6.66896600e-08 6.79549525e-08 6.92202451e-08 7.04855377e-08
 7.17508302e-08 7.30161228e-08 7.42814154e-08 7.55467079e-08
 7.68120005e-08 7.80772931e-08 7.93425856e-08 8.06078782e-08
 8.18731708e-08 8.31384633e-08 8.44037559e-08 8.56690484e-08
 8.69343410e-08 8.81996336e-08 8.94649261e-08 9.07302187e-08
 9.19955113e-08 9.32608038e-08 9.45260964e-08 9.57913890e-08
 9.70566815e-08 9.83219741e-08 9.95872667e-08 1.00852559e-07
 1.02117852e-07 1.03383144e-07 1.04648437e-07 1.05913729e-07
 1.07179022e-07 1.08444315e-07 1.09709607e-07 1.10974900e-07
 1.12240192e-07 1.13505485e-07 1.14770777e-07 1.16036070e-07
 1.17301363e-07 1.18566655e-07 1.19831948e-07 1.21097240e-07
 1.22362533e-07 1.23627825e-07 1.24893118e-07 1.26158411e-07
 1.27423703e-07 1.28688996e-07 1.29954288e-07 1.31219581e-07
 1.32484873e-07 1.33750166e-07 1.35015458e-07 1.36280751e-07
 1.37546044e-07 1.38811336e-07 1.40076629e-07 1.41341921e-07
 1.42607214e-07 1.43872506e-07 1.45137799e-07 1.46403092e-07
 1.47668384e-07]
Frequencies: [1.78079000e+06 5.99330200e+06 1.02325640e+07 1.32172710e+07
 1.54768500e+07 1.83231170e+07 2.04425850e+07 2.17937880e+07
 2.28333460e+07 2.33491990e+07 2.38898530e+07 2.36836010e+07
 2.39157130e+07 2.64149900e+07 3.72206230e+07 4.55075360e+07
 5.19117080e+07 5.55642890e+07 6.03230450e+07 6.58716240e+07
 7.26031860e+07 8.69464010e+07 1.12372413e+08 1.69605854e+08
 2.43004986e+08 2.22239720e+08 1.55661277e+08 1.31345683e+08
 1.12085949e+08 9.84727590e+07 8.77268850e+07 7.98464510e+07
 7.38845060e+07 6.89820390e+07 6.61421450e+07 6.19912130e+07
 5.88967360e+07 5.50069290e+07 5.10495800e+07 4.83153340e+07
 4.54987980e+07 4.44585020e+07 4.31225950e+07 4.39689790e+07
 4.54292940e+07 4.85740660e+07 4.90106470e+07 5.77827790e+07
 7.07300230e+07 8.01251010e+07 8.60755310e+07 1.01012604e+08
 1.06572399e+08 1.08738018e+08 1.02526202e+08 9.16646480e+07
 8.39927620e+07 7.48590080e+07 6.68375950e+07 6.19943900e+07
 5.83039790e+07 5.67205800e+07 5.62153620e+07 5.40636520e+07
 4.64442640e+07 3.80750360e+07 3.19853120e+07 2.73742430e+07
 2.36664330e+07 2.07947460e+07 1.72765280e+07 1.31793150e+07
 1.08321120e+07 9.18379900e+06 7.44320600e+06 6.21793000e+06
 5.43954000e+06 4.49645500e+06 3.65481100e+06 3.12032100e+06
 2.40510200e+06 1.68341500e+06 1.35186400e+06 1.16370500e+06
 8.30355000e+05 6.08309000e+05 4.07460000e+05 3.08104000e+05
 2.53712000e+05 1.72235000e+05 1.42180000e+05 1.12046000e+05
 8.92960000e+04 8.54350000e+04 8.49610000e+04 4.04630000e+04
 2.11240000e+04 1.70620000e+04 1.23730000e+04 7.39400000e+03]
