Standard Deviation: 4.5023993639517705e-08
Skewness: -1.730377060725833
Kurtosis: 1.990737750301622
Median: 4.908583856935717e-07
Mean: 4.637976205707543e-07
Deciles: [4.51700255e-07 4.90858386e-07]
Minimum: 2.9909406053908075e-07
Maximum: 4.908583856935717e-07
Bin Edges: [2.99094061e-07 3.01011704e-07 3.02929347e-07 3.04846990e-07
 3.06764634e-07 3.08682277e-07 3.10599920e-07 3.12517563e-07
 3.14435207e-07 3.16352850e-07 3.18270493e-07 3.20188136e-07
 3.22105780e-07 3.24023423e-07 3.25941066e-07 3.27858709e-07
 3.29776353e-07 3.31693996e-07 3.33611639e-07 3.35529282e-07
 3.37446926e-07 3.39364569e-07 3.41282212e-07 3.43199855e-07
 3.45117499e-07 3.47035142e-07 3.48952785e-07 3.50870428e-07
 3.52788072e-07 3.54705715e-07 3.56623358e-07 3.58541001e-07
 3.60458645e-07 3.62376288e-07 3.64293931e-07 3.66211574e-07
 3.68129218e-07 3.70046861e-07 3.71964504e-07 3.73882147e-07
 3.75799791e-07 3.77717434e-07 3.79635077e-07 3.81552720e-07
 3.83470364e-07 3.85388007e-07 3.87305650e-07 3.89223293e-07
 3.91140937e-07 3.93058580e-07 3.94976223e-07 3.96893866e-07
 3.98811510e-07 4.00729153e-07 4.02646796e-07 4.04564439e-07
 4.06482083e-07 4.08399726e-07 4.10317369e-07 4.12235012e-07
 4.14152656e-07 4.16070299e-07 4.17987942e-07 4.19905585e-07
 4.21823229e-07 4.23740872e-07 4.25658515e-07 4.27576158e-07
 4.29493802e-07 4.31411445e-07 4.33329088e-07 4.35246731e-07
 4.37164375e-07 4.39082018e-07 4.40999661e-07 4.42917304e-07
 4.44834948e-07 4.46752591e-07 4.48670234e-07 4.50587877e-07
 4.52505521e-07 4.54423164e-07 4.56340807e-07 4.58258450e-07
 4.60176094e-07 4.62093737e-07 4.64011380e-07 4.65929023e-07
 4.67846667e-07 4.69764310e-07 4.71681953e-07 4.73599596e-07
 4.75517240e-07 4.77434883e-07 4.79352526e-07 4.81270169e-07
 4.83187813e-07 4.85105456e-07 4.87023099e-07 4.88940742e-07
 4.90858386e-07]
Frequencies: [1.68192000e+06 3.36384000e+06 1.68192000e+06 6.72768000e+06
 0.00000000e+00 8.40960000e+06 3.36384000e+06 6.72768000e+06
 5.04576000e+06 1.00915200e+07 3.36384000e+06 8.40960000e+06
 6.72768000e+06 6.72768000e+06 8.40960000e+06 6.72768000e+06
 1.00915200e+07 1.00915200e+07 8.40960000e+06 1.00915200e+07
 6.72768000e+06 6.72768000e+06 1.51372800e+07 1.00915200e+07
 1.00915200e+07 1.34553600e+07 8.40960000e+06 6.72768000e+06
 2.01830400e+07 6.72768000e+06 8.40960000e+06 1.68192000e+07
 1.34553600e+07 6.72768000e+06 1.51372800e+07 1.34553600e+07
 1.00915200e+07 1.68192000e+07 1.51372800e+07 1.00915200e+07
 1.34553600e+07 1.68192000e+07 1.17734400e+07 1.34553600e+07
 1.68192000e+07 1.68192000e+07 1.00915200e+07 1.85011200e+07
 1.68192000e+07 1.68192000e+07 1.00915200e+07 2.52288000e+07
 1.34553600e+07 1.34553600e+07 2.35468800e+07 1.85011200e+07
 1.34553600e+07 1.68192000e+07 2.69107200e+07 8.40960000e+06
 2.01830400e+07 2.69107200e+07 1.68192000e+07 1.51372800e+07
 2.69107200e+07 2.35468800e+07 1.34553600e+07 1.51372800e+07
 3.36384000e+07 2.01830400e+07 2.01830400e+07 2.85926400e+07
 2.01830400e+07 2.69107200e+07 2.35468800e+07 3.19564800e+07
 2.01830400e+07 2.35468800e+07 2.85926400e+07 2.69107200e+07
 2.69107200e+07 3.36384000e+07 3.19564800e+07 2.01830400e+07
 4.70937600e+07 3.19564800e+07 4.70937600e+07 4.20480000e+07
 4.03660800e+07 4.70937600e+07 3.19564800e+07 5.38214400e+07
 3.53203200e+07 4.70937600e+07 4.54118400e+07 3.36384000e+07
 4.70937600e+07 3.86841600e+07 4.70937600e+07 2.65238784e+09]
