Standard Deviation: 30.831594975230132
Skewness: 0.7104456386694766
Kurtosis: 0.3977171602216605
Median: 2.5641691506222406
Mean: 7.0641359540396635
Deciles: [-15.06624335  24.92470249]
Minimum: -135.37279126624915
Maximum: 178.3511421447587
Bin Edges: [-135.37279127 -132.23555193 -129.0983126  -125.96107326 -122.82383393
 -119.6865946  -116.54935526 -113.41211593 -110.27487659 -107.13763726
 -104.00039793 -100.86315859  -97.72591926  -94.58867992  -91.45144059
  -88.31420125  -85.17696192  -82.03972259  -78.90248325  -75.76524392
  -72.62800458  -69.49076525  -66.35352592  -63.21628658  -60.07904725
  -56.94180791  -53.80456858  -50.66732925  -47.53008991  -44.39285058
  -41.25561124  -38.11837191  -34.98113257  -31.84389324  -28.70665391
  -25.56941457  -22.43217524  -19.2949359   -16.15769657  -13.02045724
   -9.8832179    -6.74597857   -3.60873923   -0.4714999     2.66573943
    5.80297877    8.9402181    12.07745744   15.21469677   18.35193611
   21.48917544   24.62641477   27.76365411   30.90089344   34.03813278
   37.17537211   40.31261144   43.44985078   46.58709011   49.72432945
   52.86156878   55.99880811   59.13604745   62.27328678   65.41052612
   68.54776545   71.68500479   74.82224412   77.95948345   81.09672279
   84.23396212   87.37120146   90.50844079   93.64568012   96.78291946
   99.92015879  103.05739813  106.19463746  109.33187679  112.46911613
  115.60635546  118.7435948   121.88083413  125.01807346  128.1553128
  131.29255213  134.42979147  137.5670308   140.70427014  143.84150947
  146.9787488   150.11598814  153.25322747  156.39046681  159.52770614
  162.66494547  165.80218481  168.93942414  172.07666348  175.21390281
  178.35114214]
Frequencies: [7.00000000e+01 1.45000000e+02 3.44000000e+02 5.49000000e+02
 7.57000000e+02 1.27100000e+03 1.70200000e+03 2.30000000e+03
 3.20100000e+03 5.48700000e+03 9.38900000e+03 1.56500000e+04
 2.15370000e+04 3.02960000e+04 3.85400000e+04 4.96770000e+04
 6.54320000e+04 9.29450000e+04 1.36203000e+05 1.93526000e+05
 2.73279000e+05 3.89576000e+05 5.88391000e+05 1.03864200e+06
 2.16171600e+06 4.65192000e+06 9.42554800e+06 1.74633950e+07
 2.89942970e+07 4.40894640e+07 6.19884780e+07 8.10287730e+07
 9.95539290e+07 1.15888408e+08 1.29707874e+08 1.43053430e+08
 1.57217069e+08 1.73058451e+08 1.89201938e+08 2.02329733e+08
 2.08429754e+08 2.07609504e+08 2.02402810e+08 1.95595673e+08
 1.88196732e+08 1.80316812e+08 1.71267498e+08 1.61116636e+08
 1.50204365e+08 1.38925892e+08 1.27501794e+08 1.16599608e+08
 1.06383815e+08 9.68826160e+07 8.82189050e+07 8.03277220e+07
 7.28379110e+07 6.58737580e+07 5.94602450e+07 5.40300780e+07
 4.92957930e+07 4.50846270e+07 4.10611330e+07 3.73484360e+07
 3.36356680e+07 3.01239570e+07 2.67381390e+07 2.35888850e+07
 2.05339920e+07 1.76436880e+07 1.50369820e+07 1.26967350e+07
 1.05641180e+07 8.77638200e+06 7.19620300e+06 5.87198200e+06
 4.76175900e+06 3.83082000e+06 3.02510800e+06 2.39199800e+06
 1.85400200e+06 1.42006300e+06 1.06255000e+06 7.90331000e+05
 5.80488000e+05 4.24448000e+05 3.03184000e+05 2.05995000e+05
 1.36458000e+05 9.07290000e+04 5.83490000e+04 3.78520000e+04
 2.41170000e+04 1.50880000e+04 9.46100000e+03 5.21100000e+03
 2.44700000e+03 1.01500000e+03 2.77000000e+02 7.00000000e+01]
