Standard Deviation: 4.696446002305155e-05
Skewness: 4.654550607127854
Kurtosis: 32.39302023114694
Median: 1.3577585870398022e-07
Mean: 1.8841620283977232e-05
Deciles: [5.07223765e-26 1.19489769e-05]
Minimum: 0.0
Maximum: 0.0010240947617102434
Bin Edges: [0.00000000e+00 1.02409476e-05 2.04818952e-05 3.07228429e-05
 4.09637905e-05 5.12047381e-05 6.14456857e-05 7.16866333e-05
 8.19275809e-05 9.21685286e-05 1.02409476e-04 1.12650424e-04
 1.22891371e-04 1.33132319e-04 1.43373267e-04 1.53614214e-04
 1.63855162e-04 1.74096109e-04 1.84337057e-04 1.94578005e-04
 2.04818952e-04 2.15059900e-04 2.25300848e-04 2.35541795e-04
 2.45782743e-04 2.56023690e-04 2.66264638e-04 2.76505586e-04
 2.86746533e-04 2.96987481e-04 3.07228429e-04 3.17469376e-04
 3.27710324e-04 3.37951271e-04 3.48192219e-04 3.58433167e-04
 3.68674114e-04 3.78915062e-04 3.89156009e-04 3.99396957e-04
 4.09637905e-04 4.19878852e-04 4.30119800e-04 4.40360748e-04
 4.50601695e-04 4.60842643e-04 4.71083590e-04 4.81324538e-04
 4.91565486e-04 5.01806433e-04 5.12047381e-04 5.22288328e-04
 5.32529276e-04 5.42770224e-04 5.53011171e-04 5.63252119e-04
 5.73493067e-04 5.83734014e-04 5.93974962e-04 6.04215909e-04
 6.14456857e-04 6.24697805e-04 6.34938752e-04 6.45179700e-04
 6.55420647e-04 6.65661595e-04 6.75902543e-04 6.86143490e-04
 6.96384438e-04 7.06625386e-04 7.16866333e-04 7.27107281e-04
 7.37348228e-04 7.47589176e-04 7.57830124e-04 7.68071071e-04
 7.78312019e-04 7.88552967e-04 7.98793914e-04 8.09034862e-04
 8.19275809e-04 8.29516757e-04 8.39757705e-04 8.49998652e-04
 8.60239600e-04 8.70480547e-04 8.80721495e-04 8.90962443e-04
 9.01203390e-04 9.11444338e-04 9.21685286e-04 9.31926233e-04
 9.42167181e-04 9.52408128e-04 9.62649076e-04 9.72890024e-04
 9.83130971e-04 9.93371919e-04 1.00361287e-03 1.01385381e-03
 1.02409476e-03]
Frequencies: [3.34812709e+09 2.63417371e+08 1.60688863e+08 1.20325416e+08
 9.82661900e+07 8.24890310e+07 6.99802870e+07 5.96187320e+07
 5.08120310e+07 4.31311150e+07 3.64232340e+07 3.05881680e+07
 2.55517060e+07 2.12998380e+07 1.77734570e+07 1.48894440e+07
 1.25358360e+07 1.06110700e+07 9.04661700e+06 7.75740100e+06
 6.68176600e+06 5.78803200e+06 5.04182500e+06 4.40469100e+06
 3.86060300e+06 3.39801800e+06 3.00254300e+06 2.65703500e+06
 2.35782200e+06 2.09839200e+06 1.87087700e+06 1.67295600e+06
 1.49320900e+06 1.34031200e+06 1.20250100e+06 1.07845300e+06
 9.70389000e+05 8.72140000e+05 7.84406000e+05 7.05581000e+05
 6.36857000e+05 5.73644000e+05 5.17722000e+05 4.66882000e+05
 4.22388000e+05 3.82317000e+05 3.46018000e+05 3.12968000e+05
 2.83471000e+05 2.55694000e+05 2.32433000e+05 2.10943000e+05
 1.91388000e+05 1.73186000e+05 1.56943000e+05 1.42507000e+05
 1.28980000e+05 1.16856000e+05 1.06590000e+05 9.59990000e+04
 8.75570000e+04 7.93310000e+04 7.20740000e+04 6.49240000e+04
 5.88050000e+04 5.28310000e+04 4.74890000e+04 4.27370000e+04
 3.85920000e+04 3.46040000e+04 3.07930000e+04 2.76220000e+04
 2.45230000e+04 2.18750000e+04 1.95120000e+04 1.69790000e+04
 1.48500000e+04 1.31850000e+04 1.13220000e+04 9.90500000e+03
 8.50300000e+03 7.22800000e+03 6.07800000e+03 5.08000000e+03
 4.33300000e+03 3.59000000e+03 2.82200000e+03 2.23500000e+03
 1.77100000e+03 1.36200000e+03 1.08100000e+03 7.51000000e+02
 5.36000000e+02 3.67000000e+02 2.61000000e+02 1.59000000e+02
 7.30000000e+01 1.80000000e+01 5.00000000e+00 4.00000000e+00]
