Standard Deviation: 1.5028451588694048e-08
Skewness: -0.7452988688064521
Kurtosis: -0.7039876814761059
Median: 3.4888634584389926e-08
Mean: 3.101280610917819e-08
Deciles: [2.10610917e-08 4.30333293e-08]
Minimum: 3.0806302931652343e-10
Maximum: 4.98624374254784e-08
Bin Edges: [3.08063029e-10 8.03606773e-10 1.29915052e-09 1.79469426e-09
 2.29023801e-09 2.78578175e-09 3.28132549e-09 3.77686924e-09
 4.27241298e-09 4.76795672e-09 5.26350047e-09 5.75904421e-09
 6.25458796e-09 6.75013170e-09 7.24567544e-09 7.74121919e-09
 8.23676293e-09 8.73230668e-09 9.22785042e-09 9.72339416e-09
 1.02189379e-08 1.07144817e-08 1.12100254e-08 1.17055691e-08
 1.22011129e-08 1.26966566e-08 1.31922004e-08 1.36877441e-08
 1.41832879e-08 1.46788316e-08 1.51743753e-08 1.56699191e-08
 1.61654628e-08 1.66610066e-08 1.71565503e-08 1.76520941e-08
 1.81476378e-08 1.86431816e-08 1.91387253e-08 1.96342690e-08
 2.01298128e-08 2.06253565e-08 2.11209003e-08 2.16164440e-08
 2.21119878e-08 2.26075315e-08 2.31030753e-08 2.35986190e-08
 2.40941627e-08 2.45897065e-08 2.50852502e-08 2.55807940e-08
 2.60763377e-08 2.65718815e-08 2.70674252e-08 2.75629689e-08
 2.80585127e-08 2.85540564e-08 2.90496002e-08 2.95451439e-08
 3.00406877e-08 3.05362314e-08 3.10317752e-08 3.15273189e-08
 3.20228626e-08 3.25184064e-08 3.30139501e-08 3.35094939e-08
 3.40050376e-08 3.45005814e-08 3.49961251e-08 3.54916689e-08
 3.59872126e-08 3.64827563e-08 3.69783001e-08 3.74738438e-08
 3.79693876e-08 3.84649313e-08 3.89604751e-08 3.94560188e-08
 3.99515625e-08 4.04471063e-08 4.09426500e-08 4.14381938e-08
 4.19337375e-08 4.24292813e-08 4.29248250e-08 4.34203688e-08
 4.39159125e-08 4.44114562e-08 4.49070000e-08 4.54025437e-08
 4.58980875e-08 4.63936312e-08 4.68891750e-08 4.73847187e-08
 4.78802624e-08 4.83758062e-08 4.88713499e-08 4.93668937e-08
 4.98624374e-08]
Frequencies: [6.559488e+07 7.400448e+07 5.718528e+07 5.886720e+07 4.877568e+07
 4.877568e+07 4.036608e+07 3.532032e+07 3.532032e+07 3.700224e+07
 3.195648e+07 2.691072e+07 3.363840e+07 2.859264e+07 2.354688e+07
 2.691072e+07 2.186496e+07 2.691072e+07 2.354688e+07 1.850112e+07
 2.018304e+07 2.354688e+07 2.018304e+07 8.409600e+06 3.363840e+07
 1.681920e+07 1.345536e+07 1.345536e+07 2.522880e+07 1.681920e+07
 1.681920e+07 1.345536e+07 1.009152e+07 2.354688e+07 1.850112e+07
 1.009152e+07 1.345536e+07 1.345536e+07 1.681920e+07 1.681920e+07
 1.513728e+07 1.345536e+07 6.727680e+06 1.009152e+07 1.345536e+07
 2.018304e+07 1.345536e+07 6.727680e+06 1.513728e+07 1.009152e+07
 6.727680e+06 1.009152e+07 2.018304e+07 1.009152e+07 1.681920e+07
 1.009152e+07 2.522880e+07 7.736832e+07 8.241408e+07 7.568640e+07
 6.895872e+07 7.736832e+07 8.241408e+07 6.559488e+07 6.895872e+07
 8.073216e+07 6.727680e+07 7.064064e+07 7.736832e+07 7.064064e+07
 5.718528e+07 8.073216e+07 6.727680e+07 6.727680e+07 6.727680e+07
 5.718528e+07 7.736832e+07 7.064064e+07 5.382144e+07 8.073216e+07
 6.727680e+07 6.391296e+07 7.736832e+07 5.382144e+07 7.736832e+07
 7.400448e+07 6.054912e+07 8.073216e+07 7.400448e+07 6.054912e+07
 8.745984e+07 7.400448e+07 6.727680e+07 8.745984e+07 8.409600e+07
 5.718528e+07 9.755136e+07 1.009152e+08 1.009152e+08 1.177344e+08]
