Standard Deviation: 11.747037787287876
Skewness: -0.8836551930404718
Kurtosis: -0.17435323302636396
Median: 250.4262249026067
Mean: 246.44446506265285
Deciles: [238.22750097 256.44682071]
Minimum: 198.9416462992025
Maximum: 273.3019175508766
Bin Edges: [198.9416463  199.68524901 200.42885172 201.17245444 201.91605715
 202.65965986 203.40326257 204.14686529 204.890468   205.63407071
 206.37767342 207.12127614 207.86487885 208.60848156 209.35208427
 210.09568699 210.8392897  211.58289241 212.32649512 213.07009784
 213.81370055 214.55730326 215.30090597 216.04450869 216.7881114
 217.53171411 218.27531682 219.01891954 219.76252225 220.50612496
 221.24972767 221.99333039 222.7369331  223.48053581 224.22413852
 224.96774124 225.71134395 226.45494666 227.19854937 227.94215209
 228.6857548  229.42935751 230.17296022 230.91656294 231.66016565
 232.40376836 233.14737107 233.89097379 234.6345765  235.37817921
 236.12178193 236.86538464 237.60898735 238.35259006 239.09619278
 239.83979549 240.5833982  241.32700091 242.07060363 242.81420634
 243.55780905 244.30141176 245.04501448 245.78861719 246.5322199
 247.27582261 248.01942533 248.76302804 249.50663075 250.25023346
 250.99383618 251.73743889 252.4810416  253.22464431 253.96824703
 254.71184974 255.45545245 256.19905516 256.94265788 257.68626059
 258.4298633  259.17346601 259.91706873 260.66067144 261.40427415
 262.14787686 262.89147958 263.63508229 264.378685   265.12228771
 265.86589043 266.60949314 267.35309585 268.09669856 268.84030128
 269.58390399 270.3275067  271.07110941 271.81471213 272.55831484
 273.30191755]
Frequencies: [5.50000000e+02 1.68800000e+03 7.94000000e+03 2.34550000e+04
 6.10350000e+04 1.58089000e+05 3.23776000e+05 5.85070000e+05
 9.43403000e+05 1.36423600e+06 1.72988000e+06 2.07986500e+06
 2.39733900e+06 2.68179400e+06 2.90653600e+06 3.14966200e+06
 3.33935200e+06 3.51870300e+06 3.73453300e+06 4.01231100e+06
 4.40148300e+06 4.91050800e+06 5.65640100e+06 6.79346700e+06
 8.25453600e+06 1.00578050e+07 1.21956720e+07 1.45748090e+07
 1.71602960e+07 1.99617520e+07 2.26644520e+07 2.55029750e+07
 2.82705380e+07 3.08782100e+07 3.33164680e+07 3.56461000e+07
 3.78173850e+07 3.98575480e+07 4.17764660e+07 4.36979990e+07
 4.55152140e+07 4.70050180e+07 4.83193560e+07 4.94234950e+07
 5.04838600e+07 5.12665950e+07 5.17910800e+07 5.24167640e+07
 5.30057890e+07 5.37067730e+07 5.43496460e+07 5.50768130e+07
 5.60241370e+07 5.70675940e+07 5.81729900e+07 5.93202810e+07
 6.06107480e+07 6.20869980e+07 6.37158580e+07 6.54852670e+07
 6.74357850e+07 6.93211780e+07 7.11370560e+07 7.30104900e+07
 7.47868560e+07 7.67028710e+07 7.89619310e+07 8.18044160e+07
 8.53139740e+07 9.01624580e+07 9.64720820e+07 1.04998752e+08
 1.16401989e+08 1.30246341e+08 1.48195317e+08 1.74288327e+08
 2.12534254e+08 2.71201670e+08 3.27059623e+08 3.03754351e+08
 1.88582043e+08 7.99654710e+07 2.89402280e+07 1.09112110e+07
 4.55981800e+06 1.91763500e+06 7.69591000e+05 3.03908000e+05
 1.12886000e+05 4.49690000e+04 1.71790000e+04 6.57400000e+03
 2.63700000e+03 1.08600000e+03 3.81000000e+02 1.91000000e+02
 5.70000000e+01 3.10000000e+01 1.20000000e+01 8.00000000e+00]
