Standard Deviation: 21.076791823705893
Skewness: 0.4470456356411042
Kurtosis: 0.09806779842668689
Median: 15.205839039574705
Mean: 17.086829690793138
Deciles: [ 1.94714477 30.5162452 ]
Minimum: -62.243150054215235
Maximum: 129.92032294858905
Bin Edges: [-62.24315005 -60.32151532 -58.39988059 -56.47824586 -54.55661113
 -52.6349764  -50.71334167 -48.79170694 -46.87007221 -44.94843748
 -43.02680275 -41.10516802 -39.18353329 -37.26189856 -35.34026383
 -33.4186291  -31.49699437 -29.57535964 -27.65372491 -25.73209018
 -23.81045545 -21.88882072 -19.96718599 -18.04555126 -16.12391653
 -14.2022818  -12.28064707 -10.35901234  -8.43737761  -6.51574288
  -4.59410815  -2.67247342  -0.75083869   1.17079604   3.09243077
   5.0140655    6.93570023   8.85733496  10.77896969  12.70060442
  14.62223915  16.54387388  18.46550861  20.38714334  22.30877807
  24.2304128   26.15204753  28.07368226  29.99531699  31.91695172
  33.83858645  35.76022118  37.68185591  39.60349064  41.52512537
  43.4467601   45.36839483  47.29002956  49.21166429  51.13329902
  53.05493375  54.97656848  56.89820321  58.81983794  60.74147267
  62.6631074   64.58474213  66.50637686  68.42801159  70.34964632
  72.27128105  74.19291578  76.11455051  78.03618524  79.95781997
  81.8794547   83.80108943  85.72272416  87.64435889  89.56599362
  91.48762835  93.40926308  95.33089781  97.25253254  99.17416727
 101.095802   103.01743673 104.93907146 106.86070619 108.78234092
 110.70397565 112.62561038 114.54724511 116.46887984 118.39051457
 120.3121493  122.23378403 124.15541876 126.07705349 127.99868822
 129.92032295]
Frequencies: [8.10000000e+01 3.03000000e+02 4.63000000e+02 1.02400000e+03
 2.02700000e+03 5.69400000e+03 1.78550000e+04 3.54610000e+04
 7.08800000e+04 1.31577000e+05 2.34947000e+05 4.18887000e+05
 7.33856000e+05 1.22774200e+06 1.99818800e+06 3.19223000e+06
 4.93994900e+06 7.42533500e+06 1.08318880e+07 1.53733810e+07
 2.11125000e+07 2.81095250e+07 3.61825660e+07 4.53325350e+07
 5.53803170e+07 6.60300500e+07 7.70527930e+07 8.82661640e+07
 9.95783640e+07 1.10917248e+08 1.22226521e+08 1.33573842e+08
 1.44024671e+08 1.53063843e+08 1.60088660e+08 1.64720669e+08
 1.67356290e+08 1.68193719e+08 1.67499795e+08 1.65551599e+08
 1.62442465e+08 1.58498942e+08 1.53838451e+08 1.48424037e+08
 1.42378604e+08 1.36048618e+08 1.29330676e+08 1.22168776e+08
 1.14770164e+08 1.07212662e+08 9.96859700e+07 9.22317220e+07
 8.48111790e+07 7.76713450e+07 7.07535460e+07 6.40333260e+07
 5.77803950e+07 5.18320410e+07 4.63271920e+07 4.11841810e+07
 3.64521370e+07 3.21511080e+07 2.82057340e+07 2.45921070e+07
 2.13976300e+07 1.85123460e+07 1.59833610e+07 1.37230760e+07
 1.17289870e+07 9.97154900e+06 8.42887300e+06 7.08649700e+06
 5.93069300e+06 4.93722800e+06 4.07378300e+06 3.34700100e+06
 2.71522900e+06 2.19814800e+06 1.75856100e+06 1.39741700e+06
 1.09938200e+06 8.43107000e+05 6.43535000e+05 4.92673000e+05
 3.76762000e+05 2.78268000e+05 1.99200000e+05 1.29388000e+05
 8.42830000e+04 5.35100000e+04 3.22660000e+04 1.77670000e+04
 7.89900000e+03 3.57700000e+03 1.62100000e+03 7.88000000e+02
 4.72000000e+02 1.95000000e+02 7.30000000e+01 3.80000000e+01]
