Standard Deviation: 1.574371973481061e-05
Skewness: 5.69481492224708
Kurtosis: 39.30947679549966
Median: 0.0
Mean: 3.963174304392939e-06
Deciles: [0.00000000e+00 6.27517138e-09]
Minimum: 0.0
Maximum: 0.0005658234489538569
Bin Edges: [0.00000000e+00 5.65823449e-06 1.13164690e-05 1.69747035e-05
 2.26329380e-05 2.82911724e-05 3.39494069e-05 3.96076414e-05
 4.52658759e-05 5.09241104e-05 5.65823449e-05 6.22405794e-05
 6.78988139e-05 7.35570484e-05 7.92152829e-05 8.48735173e-05
 9.05317518e-05 9.61899863e-05 1.01848221e-04 1.07506455e-04
 1.13164690e-04 1.18822924e-04 1.24481159e-04 1.30139393e-04
 1.35797628e-04 1.41455862e-04 1.47114097e-04 1.52772331e-04
 1.58430566e-04 1.64088800e-04 1.69747035e-04 1.75405269e-04
 1.81063504e-04 1.86721738e-04 1.92379973e-04 1.98038207e-04
 2.03696442e-04 2.09354676e-04 2.15012911e-04 2.20671145e-04
 2.26329380e-04 2.31987614e-04 2.37645849e-04 2.43304083e-04
 2.48962318e-04 2.54620552e-04 2.60278787e-04 2.65937021e-04
 2.71595255e-04 2.77253490e-04 2.82911724e-04 2.88569959e-04
 2.94228193e-04 2.99886428e-04 3.05544662e-04 3.11202897e-04
 3.16861131e-04 3.22519366e-04 3.28177600e-04 3.33835835e-04
 3.39494069e-04 3.45152304e-04 3.50810538e-04 3.56468773e-04
 3.62127007e-04 3.67785242e-04 3.73443476e-04 3.79101711e-04
 3.84759945e-04 3.90418180e-04 3.96076414e-04 4.01734649e-04
 4.07392883e-04 4.13051118e-04 4.18709352e-04 4.24367587e-04
 4.30025821e-04 4.35684056e-04 4.41342290e-04 4.47000525e-04
 4.52658759e-04 4.58316994e-04 4.63975228e-04 4.69633463e-04
 4.75291697e-04 4.80949932e-04 4.86608166e-04 4.92266401e-04
 4.97924635e-04 5.03582870e-04 5.09241104e-04 5.14899339e-04
 5.20557573e-04 5.26215808e-04 5.31874042e-04 5.37532277e-04
 5.43190511e-04 5.48848745e-04 5.54506980e-04 5.60165214e-04
 5.65823449e-04]
Frequencies: [4.09142489e+09 9.70212540e+07 6.06739700e+07 4.46861700e+07
 3.52782550e+07 2.89179880e+07 2.42277850e+07 2.05929450e+07
 1.76877640e+07 1.53309420e+07 1.34022380e+07 1.18014230e+07
 1.04637390e+07 9.33130800e+06 8.39280100e+06 7.58472100e+06
 6.88163000e+06 6.25397100e+06 5.63452000e+06 4.99937800e+06
 4.32058200e+06 3.61423200e+06 2.91493100e+06 2.28361700e+06
 1.76041200e+06 1.34336500e+06 1.01658200e+06 7.70584000e+05
 5.80754000e+05 4.42369000e+05 3.34854000e+05 2.57605000e+05
 1.99166000e+05 1.52764000e+05 1.18088000e+05 9.17590000e+04
 7.22960000e+04 5.73640000e+04 4.57590000e+04 3.67520000e+04
 2.95100000e+04 2.35130000e+04 1.91500000e+04 1.56850000e+04
 1.27010000e+04 1.07770000e+04 9.18600000e+03 7.89100000e+03
 6.66100000e+03 5.63600000e+03 5.02500000e+03 4.27800000e+03
 3.72100000e+03 3.28800000e+03 2.77400000e+03 2.49900000e+03
 2.34900000e+03 1.97500000e+03 1.75800000e+03 1.53100000e+03
 1.32800000e+03 1.16000000e+03 1.08100000e+03 9.02000000e+02
 9.01000000e+02 7.85000000e+02 7.19000000e+02 6.88000000e+02
 6.31000000e+02 5.02000000e+02 4.55000000e+02 4.51000000e+02
 3.93000000e+02 3.51000000e+02 3.18000000e+02 2.69000000e+02
 2.46000000e+02 1.91000000e+02 1.56000000e+02 1.61000000e+02
 1.13000000e+02 1.05000000e+02 1.02000000e+02 6.50000000e+01
 7.20000000e+01 5.60000000e+01 5.50000000e+01 5.20000000e+01
 4.30000000e+01 5.50000000e+01 2.80000000e+01 4.30000000e+01
 2.90000000e+01 2.10000000e+01 1.90000000e+01 8.00000000e+00
 5.00000000e+00 1.00000000e+00 3.00000000e+00 2.00000000e+00]
