Standard Deviation: 2.859518410727932e-05
Skewness: 5.193665244921536
Kurtosis: 34.7743610675849
Median: 9.943630961093668e-10
Mean: 8.79909584794196e-06
Deciles: [0.000000e+00 1.183667e-06]
Minimum: 0.0
Maximum: 0.0007908049005241136
Bin Edges: [0.00000000e+00 7.90804901e-06 1.58160980e-05 2.37241470e-05
 3.16321960e-05 3.95402450e-05 4.74482940e-05 5.53563430e-05
 6.32643920e-05 7.11724410e-05 7.90804901e-05 8.69885391e-05
 9.48965881e-05 1.02804637e-04 1.10712686e-04 1.18620735e-04
 1.26528784e-04 1.34436833e-04 1.42344882e-04 1.50252931e-04
 1.58160980e-04 1.66069029e-04 1.73977078e-04 1.81885127e-04
 1.89793176e-04 1.97701225e-04 2.05609274e-04 2.13517323e-04
 2.21425372e-04 2.29333421e-04 2.37241470e-04 2.45149519e-04
 2.53057568e-04 2.60965617e-04 2.68873666e-04 2.76781715e-04
 2.84689764e-04 2.92597813e-04 3.00505862e-04 3.08413911e-04
 3.16321960e-04 3.24230009e-04 3.32138058e-04 3.40046107e-04
 3.47954156e-04 3.55862205e-04 3.63770254e-04 3.71678303e-04
 3.79586352e-04 3.87494401e-04 3.95402450e-04 4.03310499e-04
 4.11218548e-04 4.19126597e-04 4.27034646e-04 4.34942695e-04
 4.42850744e-04 4.50758793e-04 4.58666842e-04 4.66574891e-04
 4.74482940e-04 4.82390989e-04 4.90299038e-04 4.98207087e-04
 5.06115136e-04 5.14023185e-04 5.21931234e-04 5.29839283e-04
 5.37747332e-04 5.45655381e-04 5.53563430e-04 5.61471479e-04
 5.69379528e-04 5.77287577e-04 5.85195626e-04 5.93103675e-04
 6.01011724e-04 6.08919773e-04 6.16827822e-04 6.24735871e-04
 6.32643920e-04 6.40551969e-04 6.48460018e-04 6.56368067e-04
 6.64276116e-04 6.72184165e-04 6.80092214e-04 6.88000263e-04
 6.95908312e-04 7.03816361e-04 7.11724410e-04 7.19632459e-04
 7.27540508e-04 7.35448557e-04 7.43356606e-04 7.51264655e-04
 7.59172705e-04 7.67080754e-04 7.74988803e-04 7.82896852e-04
 7.90804901e-04]
Frequencies: [3.84193034e+09 1.54292876e+08 9.46185030e+07 7.00002650e+07
 5.54581240e+07 4.56039350e+07 3.83779510e+07 3.27454060e+07
 2.80916910e+07 2.41104300e+07 2.06400450e+07 1.76530580e+07
 1.51300460e+07 1.30589610e+07 1.13519230e+07 9.92842600e+06
 8.70645800e+06 7.64176500e+06 6.69358600e+06 5.85183100e+06
 5.11805800e+06 4.47159800e+06 3.91133400e+06 3.41697800e+06
 2.98882900e+06 2.61335900e+06 2.28676800e+06 1.99621100e+06
 1.74488300e+06 1.52145800e+06 1.32341200e+06 1.15075000e+06
 9.98432000e+05 8.63196000e+05 7.44632000e+05 6.40588000e+05
 5.50936000e+05 4.71654000e+05 4.02956000e+05 3.42414000e+05
 2.88817000e+05 2.44293000e+05 2.06200000e+05 1.71733000e+05
 1.43959000e+05 1.20224000e+05 9.95770000e+04 8.22820000e+04
 6.85930000e+04 5.64730000e+04 4.68180000e+04 3.84430000e+04
 3.18220000e+04 2.60460000e+04 2.14320000e+04 1.74790000e+04
 1.43730000e+04 1.17530000e+04 9.47700000e+03 7.87000000e+03
 6.40300000e+03 5.22100000e+03 4.11800000e+03 3.50700000e+03
 2.71900000e+03 2.20500000e+03 1.75300000e+03 1.40600000e+03
 1.11100000e+03 8.83000000e+02 6.63000000e+02 5.15000000e+02
 4.08000000e+02 3.12000000e+02 2.56000000e+02 1.92000000e+02
 1.57000000e+02 1.46000000e+02 8.60000000e+01 6.10000000e+01
 4.40000000e+01 3.50000000e+01 1.80000000e+01 1.80000000e+01
 1.00000000e+01 5.00000000e+00 7.00000000e+00 2.00000000e+00
 5.00000000e+00 2.00000000e+00 0.00000000e+00 0.00000000e+00
 2.00000000e+00 0.00000000e+00 0.00000000e+00 0.00000000e+00
 0.00000000e+00 0.00000000e+00 1.00000000e+00 2.00000000e+00]
