Standard Deviation: 4.748228433366306e-08
Skewness: -3.0916596739592035
Kurtosis: 9.208591104322537
Median: 9.986058137126286e-07
Mean: 9.811202626711396e-07
Deciles: [9.98605814e-07 9.98605814e-07]
Minimum: 7.103380935973038e-07
Maximum: 9.986058137126286e-07
Bin Edges: [7.10338094e-07 7.13220771e-07 7.16103448e-07 7.18986125e-07
 7.21868802e-07 7.24751480e-07 7.27634157e-07 7.30516834e-07
 7.33399511e-07 7.36282188e-07 7.39164866e-07 7.42047543e-07
 7.44930220e-07 7.47812897e-07 7.50695574e-07 7.53578252e-07
 7.56460929e-07 7.59343606e-07 7.62226283e-07 7.65108960e-07
 7.67991638e-07 7.70874315e-07 7.73756992e-07 7.76639669e-07
 7.79522346e-07 7.82405024e-07 7.85287701e-07 7.88170378e-07
 7.91053055e-07 7.93935732e-07 7.96818410e-07 7.99701087e-07
 8.02583764e-07 8.05466441e-07 8.08349118e-07 8.11231796e-07
 8.14114473e-07 8.16997150e-07 8.19879827e-07 8.22762504e-07
 8.25645182e-07 8.28527859e-07 8.31410536e-07 8.34293213e-07
 8.37175890e-07 8.40058568e-07 8.42941245e-07 8.45823922e-07
 8.48706599e-07 8.51589276e-07 8.54471954e-07 8.57354631e-07
 8.60237308e-07 8.63119985e-07 8.66002662e-07 8.68885340e-07
 8.71768017e-07 8.74650694e-07 8.77533371e-07 8.80416048e-07
 8.83298726e-07 8.86181403e-07 8.89064080e-07 8.91946757e-07
 8.94829434e-07 8.97712112e-07 9.00594789e-07 9.03477466e-07
 9.06360143e-07 9.09242820e-07 9.12125498e-07 9.15008175e-07
 9.17890852e-07 9.20773529e-07 9.23656206e-07 9.26538884e-07
 9.29421561e-07 9.32304238e-07 9.35186915e-07 9.38069592e-07
 9.40952270e-07 9.43834947e-07 9.46717624e-07 9.49600301e-07
 9.52482978e-07 9.55365656e-07 9.58248333e-07 9.61131010e-07
 9.64013687e-07 9.66896364e-07 9.69779042e-07 9.72661719e-07
 9.75544396e-07 9.78427073e-07 9.81309751e-07 9.84192428e-07
 9.87075105e-07 9.89957782e-07 9.92840459e-07 9.95723137e-07
 9.98605814e-07]
Frequencies: [3.30087000e+05 5.04602000e+05 3.74991000e+05 8.15154000e+05
 9.42024000e+05 4.77506000e+05 1.30308900e+06 1.08371400e+06
 1.08283000e+06 1.81310300e+06 1.23480600e+06 2.97162800e+06
 2.05608000e+06 2.08001300e+06 3.46964800e+06 2.79129600e+06
 2.47461000e+06 4.95837000e+06 2.80508700e+06 3.71894400e+06
 4.46017600e+06 4.46659400e+06 4.69202400e+06 4.65861100e+06
 4.93064300e+06 4.48647400e+06 4.98842400e+06 7.13857700e+06
 4.01759200e+06 4.28108200e+06 6.29851000e+06 6.56507000e+06
 4.63124400e+06 4.58635100e+06 6.55568200e+06 6.92661400e+06
 4.63124500e+06 5.53024500e+06 6.43141300e+06 7.45384200e+06
 5.77345400e+06 4.31908100e+06 8.83885500e+06 6.16222800e+06
 5.66164300e+06 7.38255400e+06 6.72738600e+06 7.04920300e+06
 7.69727300e+06 6.23645800e+06 6.21365300e+06 1.12235220e+07
 6.35529400e+06 6.90743800e+06 5.94064300e+06 1.10857800e+07
 8.94793700e+06 7.95247300e+06 6.07811500e+06 1.04151890e+07
 1.05604040e+07 7.01965200e+06 8.58212600e+06 8.10230900e+06
 1.37338790e+07 9.20661500e+06 9.10278500e+06 6.11759700e+06
 1.60222060e+07 1.09588530e+07 9.13222300e+06 9.64537600e+06
 1.13532570e+07 1.57021790e+07 1.01020900e+07 1.02547080e+07
 1.05211340e+07 1.83826340e+07 1.05989410e+07 1.16848910e+07
 1.04615860e+07 1.88084190e+07 1.48720690e+07 1.04044890e+07
 1.22854500e+07 2.08272050e+07 1.56482820e+07 1.38589490e+07
 1.42909000e+07 2.21511440e+07 1.61668520e+07 1.70389060e+07
 1.96929680e+07 2.25336060e+07 1.65703640e+07 2.18831650e+07
 2.59456380e+07 2.17534840e+07 2.07387700e+07 3.69648172e+09]
