Standard Deviation: 9.593208758958752
Skewness: 0.06461599806606842
Kurtosis: 2.6276634956928717
Median: -0.07451213367482476
Mean: -0.02647872754243695
Deciles: [-4.6363776   4.53233204]
Minimum: -70.71415891418162
Maximum: 86.76667105910927
Bin Edges: [-70.71415891 -69.13935061 -67.56454231 -65.98973401 -64.41492572
 -62.84011742 -61.26530912 -59.69050082 -58.11569252 -56.54088422
 -54.96607592 -53.39126762 -51.81645932 -50.24165102 -48.66684272
 -47.09203442 -45.51722612 -43.94241782 -42.36760952 -40.79280122
 -39.21799292 -37.64318462 -36.06837632 -34.49356802 -32.91875972
 -31.34395142 -29.76914312 -28.19433482 -26.61952652 -25.04471822
 -23.46990992 -21.89510162 -20.32029332 -18.74548502 -17.17067672
 -15.59586842 -14.02106012 -12.44625182 -10.87144352  -9.29663522
  -7.72182692  -6.14701863  -4.57221033  -2.99740203  -1.42259373
   0.15221457   1.72702287   3.30183117   4.87663947   6.45144777
   8.02625607   9.60106437  11.17587267  12.75068097  14.32548927
  15.90029757  17.47510587  19.04991417  20.62472247  22.19953077
  23.77433907  25.34914737  26.92395567  28.49876397  30.07357227
  31.64838057  33.22318887  34.79799717  36.37280547  37.94761377
  39.52242207  41.09723037  42.67203867  44.24684697  45.82165527
  47.39646357  48.97127187  50.54608017  52.12088846  53.69569676
  55.27050506  56.84531336  58.42012166  59.99492996  61.56973826
  63.14454656  64.71935486  66.29416316  67.86897146  69.44377976
  71.01858806  72.59339636  74.16820466  75.74301296  77.31782126
  78.89262956  80.46743786  82.04224616  83.61705446  85.19186276
  86.76667106]
Frequencies: [1.00000000e+01 4.40000000e+01 1.55000000e+02 4.65000000e+02
 1.21800000e+03 2.64900000e+03 6.51900000e+03 1.24930000e+04
 2.21390000e+04 3.68190000e+04 6.02240000e+04 9.26920000e+04
 1.39327000e+05 2.01763000e+05 2.88654000e+05 4.08047000e+05
 5.71514000e+05 7.84625000e+05 1.05553800e+06 1.40246800e+06
 1.85221000e+06 2.41956400e+06 3.14233800e+06 4.03274300e+06
 5.15945100e+06 6.53496000e+06 8.23703700e+06 1.03498340e+07
 1.29135960e+07 1.60662660e+07 1.98928570e+07 2.45795670e+07
 3.03191630e+07 3.73971800e+07 4.61173210e+07 5.69769120e+07
 7.07304790e+07 8.84172660e+07 1.12009543e+08 1.44224310e+08
 1.89268293e+08 2.51234795e+08 3.29074889e+08 4.07201248e+08
 4.53388017e+08 4.42611561e+08 3.82711841e+08 3.03670885e+08
 2.31356126e+08 1.75219565e+08 1.34606922e+08 1.05123191e+08
 8.32417890e+07 6.65628860e+07 5.35650660e+07 4.33639060e+07
 3.52158150e+07 2.85880650e+07 2.32321860e+07 1.88794520e+07
 1.53622630e+07 1.24675010e+07 1.01166230e+07 8.18620900e+06
 6.59749600e+06 5.28289800e+06 4.21741600e+06 3.33978000e+06
 2.63184400e+06 2.06575400e+06 1.61494000e+06 1.24134000e+06
 9.44281000e+05 7.11342000e+05 5.29527000e+05 3.88572000e+05
 2.78977000e+05 1.99321000e+05 1.40256000e+05 9.53800000e+04
 6.59590000e+04 4.42040000e+04 2.88050000e+04 1.88030000e+04
 1.26800000e+04 8.18100000e+03 5.89900000e+03 3.98500000e+03
 2.62800000e+03 1.55300000e+03 1.05300000e+03 7.17000000e+02
 4.76000000e+02 2.75000000e+02 1.94000000e+02 1.46000000e+02
 9.40000000e+01 7.60000000e+01 4.70000000e+01 4.70000000e+01]
