Standard Deviation: 0.005236212744083486
Skewness: 0.15814890523121353
Kurtosis: -1.327347654797127
Median: 0.00775739906743942
Mean: 0.00847285058658782
Deciles: [0.00380557 0.0134906 ]
Minimum: 1.274216920133339e-09
Maximum: 0.023785926894022525
Bin Edges: [1.27421692e-09 2.37860530e-04 4.75719787e-04 7.13579043e-04
 9.51438299e-04 1.18929756e-03 1.42715681e-03 1.66501607e-03
 1.90287532e-03 2.14073458e-03 2.37859384e-03 2.61645309e-03
 2.85431235e-03 3.09217160e-03 3.33003086e-03 3.56789012e-03
 3.80574937e-03 4.04360863e-03 4.28146789e-03 4.51932714e-03
 4.75718640e-03 4.99504565e-03 5.23290491e-03 5.47076417e-03
 5.70862342e-03 5.94648268e-03 6.18434194e-03 6.42220119e-03
 6.66006045e-03 6.89791970e-03 7.13577896e-03 7.37363822e-03
 7.61149747e-03 7.84935673e-03 8.08721598e-03 8.32507524e-03
 8.56293450e-03 8.80079375e-03 9.03865301e-03 9.27651227e-03
 9.51437152e-03 9.75223078e-03 9.99009003e-03 1.02279493e-02
 1.04658085e-02 1.07036678e-02 1.09415271e-02 1.11793863e-02
 1.14172456e-02 1.16551048e-02 1.18929641e-02 1.21308233e-02
 1.23686826e-02 1.26065419e-02 1.28444011e-02 1.30822604e-02
 1.33201196e-02 1.35579789e-02 1.37958381e-02 1.40336974e-02
 1.42715566e-02 1.45094159e-02 1.47472752e-02 1.49851344e-02
 1.52229937e-02 1.54608529e-02 1.56987122e-02 1.59365714e-02
 1.61744307e-02 1.64122900e-02 1.66501492e-02 1.68880085e-02
 1.71258677e-02 1.73637270e-02 1.76015862e-02 1.78394455e-02
 1.80773047e-02 1.83151640e-02 1.85530233e-02 1.87908825e-02
 1.90287418e-02 1.92666010e-02 1.95044603e-02 1.97423195e-02
 1.99801788e-02 2.02180381e-02 2.04558973e-02 2.06937566e-02
 2.09316158e-02 2.11694751e-02 2.14073343e-02 2.16451936e-02
 2.18830528e-02 2.21209121e-02 2.23587714e-02 2.25966306e-02
 2.28344899e-02 2.30723491e-02 2.33102084e-02 2.35480676e-02
 2.37859269e-02]
Frequencies: [4.9310856e+07 6.6144555e+07 6.2403778e+07 5.3821518e+07 5.1051643e+07
 5.2193167e+07 5.5904557e+07 6.1552216e+07 6.9500688e+07 7.8604425e+07
 8.5573247e+07 8.9104321e+07 9.0390573e+07 9.0622207e+07 8.9935882e+07
 8.9250024e+07 8.7940897e+07 8.6009572e+07 8.3699991e+07 8.0765928e+07
 7.7577954e+07 7.4650043e+07 7.1865927e+07 6.9254956e+07 6.6752476e+07
 6.4358633e+07 6.2066063e+07 5.9819216e+07 5.7644478e+07 5.5659297e+07
 5.3824278e+07 5.2123256e+07 5.0616249e+07 4.9231075e+07 4.8001246e+07
 4.7030857e+07 4.6202016e+07 4.5627640e+07 4.5138201e+07 4.4742816e+07
 4.4468811e+07 4.4228758e+07 4.4137905e+07 4.4069480e+07 4.4106652e+07
 4.4273709e+07 4.4493884e+07 4.4897857e+07 4.5506040e+07 4.6233970e+07
 4.7133133e+07 4.8247021e+07 4.9579419e+07 5.1083874e+07 5.2730770e+07
 5.4496832e+07 5.6437722e+07 5.8520408e+07 6.0737695e+07 6.2941132e+07
 6.5301527e+07 6.7862789e+07 7.0740686e+07 7.3958252e+07 7.7188614e+07
 8.0033591e+07 8.1579234e+07 8.0937357e+07 7.6964691e+07 6.9337558e+07
 5.8501091e+07 4.5734084e+07 3.2793793e+07 2.1573740e+07 1.3267429e+07
 7.9013000e+06 4.7378830e+06 2.9303570e+06 1.8855340e+06 1.2512870e+06
 8.3788500e+05 5.5632800e+05 3.6943800e+05 2.3993600e+05 1.5086200e+05
 9.5078000e+04 5.9632000e+04 3.7265000e+04 2.3975000e+04 1.5718000e+04
 1.0394000e+04 6.2330000e+03 3.9160000e+03 2.4370000e+03 1.1680000e+03
 6.6800000e+02 2.9100000e+02 1.2000000e+02 5.1000000e+01 1.4000000e+01]
