Standard Deviation: 1.1753716306356339e-06
Skewness: 0.5349017461155133
Kurtosis: -0.9404615384305504
Median: 1.8068230404546408e-06
Mean: 2.1195777347016917e-06
Deciles: [1.05006370e-06 3.13477789e-06]
Minimum: 5.743769063152955e-07
Maximum: 5.565857564133112e-06
Bin Edges: [5.74376906e-07 6.24291713e-07 6.74206519e-07 7.24121326e-07
 7.74036133e-07 8.23950939e-07 8.73865746e-07 9.23780552e-07
 9.73695359e-07 1.02361017e-06 1.07352497e-06 1.12343978e-06
 1.17335459e-06 1.22326939e-06 1.27318420e-06 1.32309900e-06
 1.37301381e-06 1.42292862e-06 1.47284342e-06 1.52275823e-06
 1.57267304e-06 1.62258784e-06 1.67250265e-06 1.72241746e-06
 1.77233226e-06 1.82224707e-06 1.87216188e-06 1.92207668e-06
 1.97199149e-06 2.02190630e-06 2.07182110e-06 2.12173591e-06
 2.17165072e-06 2.22156552e-06 2.27148033e-06 2.32139514e-06
 2.37130994e-06 2.42122475e-06 2.47113956e-06 2.52105436e-06
 2.57096917e-06 2.62088398e-06 2.67079878e-06 2.72071359e-06
 2.77062840e-06 2.82054320e-06 2.87045801e-06 2.92037282e-06
 2.97028762e-06 3.02020243e-06 3.07011724e-06 3.12003204e-06
 3.16994685e-06 3.21986165e-06 3.26977646e-06 3.31969127e-06
 3.36960607e-06 3.41952088e-06 3.46943569e-06 3.51935049e-06
 3.56926530e-06 3.61918011e-06 3.66909491e-06 3.71900972e-06
 3.76892453e-06 3.81883933e-06 3.86875414e-06 3.91866895e-06
 3.96858375e-06 4.01849856e-06 4.06841337e-06 4.11832817e-06
 4.16824298e-06 4.21815779e-06 4.26807259e-06 4.31798740e-06
 4.36790221e-06 4.41781701e-06 4.46773182e-06 4.51764663e-06
 4.56756143e-06 4.61747624e-06 4.66739105e-06 4.71730585e-06
 4.76722066e-06 4.81713547e-06 4.86705027e-06 4.91696508e-06
 4.96687989e-06 5.01679469e-06 5.06670950e-06 5.11662430e-06
 5.16653911e-06 5.21645392e-06 5.26636872e-06 5.31628353e-06
 5.36619834e-06 5.41611314e-06 5.46602795e-06 5.51594276e-06
 5.56585756e-06]
Frequencies: [3.82061040e+07 6.82594640e+07 9.93707280e+07 1.11452888e+08
 1.22589216e+08 1.47855176e+08 1.87202592e+08 1.64189512e+08
 1.33602256e+08 1.16191936e+08 1.07194928e+08 1.00456944e+08
 9.63283600e+07 9.37882320e+07 9.32239520e+07 8.70859920e+07
 7.53474720e+07 6.74685520e+07 6.30754080e+07 5.86220160e+07
 5.61105600e+07 5.17385760e+07 5.09066800e+07 4.84692320e+07
 4.62783200e+07 4.66065360e+07 4.45252400e+07 4.41864720e+07
 4.27707200e+07 4.32726800e+07 4.29029920e+07 4.22146480e+07
 4.18619200e+07 4.19238080e+07 4.15010560e+07 4.15472560e+07
 4.12213840e+07 4.13197200e+07 4.08634000e+07 4.13827120e+07
 4.13935600e+07 4.10712320e+07 4.15248960e+07 4.18164480e+07
 4.20019680e+07 4.22888080e+07 4.29700720e+07 4.31584160e+07
 4.33152320e+07 4.43737840e+07 4.51303120e+07 4.61437520e+07
 4.66750240e+07 4.81854160e+07 4.96773280e+07 5.11630480e+07
 5.34059280e+07 5.77485280e+07 5.68861040e+07 5.45146640e+07
 5.40720160e+07 5.04496080e+07 4.24943760e+07 3.92453760e+07
 3.79857920e+07 3.79974160e+07 3.74203280e+07 3.58195440e+07
 3.36115760e+07 3.12255120e+07 2.78226560e+07 2.53786880e+07
 2.28491840e+07 2.05160480e+07 1.87957920e+07 1.71107520e+07
 1.60811040e+07 1.49810560e+07 1.41033520e+07 1.35286080e+07
 1.23863120e+07 1.17545280e+07 1.07694320e+07 9.82105600e+06
 7.73802400e+06 5.85840000e+06 5.29880000e+06 4.92294400e+06
 4.52343200e+06 4.10020000e+06 3.69005600e+06 3.22824000e+06
 2.46317600e+06 2.00013600e+06 1.53460000e+06 1.22734400e+06
 9.03440000e+05 5.63008000e+05 2.78712000e+05 7.32160000e+04]
