Standard Deviation: 3.6611591766096966e-05
Skewness: 6.352817719083182
Kurtosis: 53.67591693511648
Median: 2.8211362124337402e-09
Mean: 9.999296500274416e-06
Deciles: [1.06512625e-29 1.15451867e-06]
Minimum: 0.0
Maximum: 0.0014727711065000966
Bin Edges: [0.00000000e+00 1.47277111e-05 2.94554221e-05 4.41831332e-05
 5.89108443e-05 7.36385553e-05 8.83662664e-05 1.03093977e-04
 1.17821689e-04 1.32549400e-04 1.47277111e-04 1.62004822e-04
 1.76732533e-04 1.91460244e-04 2.06187955e-04 2.20915666e-04
 2.35643377e-04 2.50371088e-04 2.65098799e-04 2.79826510e-04
 2.94554221e-04 3.09281932e-04 3.24009643e-04 3.38737354e-04
 3.53465066e-04 3.68192777e-04 3.82920488e-04 3.97648199e-04
 4.12375910e-04 4.27103621e-04 4.41831332e-04 4.56559043e-04
 4.71286754e-04 4.86014465e-04 5.00742176e-04 5.15469887e-04
 5.30197598e-04 5.44925309e-04 5.59653020e-04 5.74380732e-04
 5.89108443e-04 6.03836154e-04 6.18563865e-04 6.33291576e-04
 6.48019287e-04 6.62746998e-04 6.77474709e-04 6.92202420e-04
 7.06930131e-04 7.21657842e-04 7.36385553e-04 7.51113264e-04
 7.65840975e-04 7.80568686e-04 7.95296398e-04 8.10024109e-04
 8.24751820e-04 8.39479531e-04 8.54207242e-04 8.68934953e-04
 8.83662664e-04 8.98390375e-04 9.13118086e-04 9.27845797e-04
 9.42573508e-04 9.57301219e-04 9.72028930e-04 9.86756641e-04
 1.00148435e-03 1.01621206e-03 1.03093977e-03 1.04566749e-03
 1.06039520e-03 1.07512291e-03 1.08985062e-03 1.10457833e-03
 1.11930604e-03 1.13403375e-03 1.14876146e-03 1.16348917e-03
 1.17821689e-03 1.19294460e-03 1.20767231e-03 1.22240002e-03
 1.23712773e-03 1.25185544e-03 1.26658315e-03 1.28131086e-03
 1.29603857e-03 1.31076628e-03 1.32549400e-03 1.34022171e-03
 1.35494942e-03 1.36967713e-03 1.38440484e-03 1.39913255e-03
 1.41386026e-03 1.42858797e-03 1.44331568e-03 1.45804340e-03
 1.47277111e-03]
Frequencies: [4.00097068e+09 1.56754479e+08 9.04549700e+07 6.15286650e+07
 4.47720320e+07 3.38640540e+07 2.62401870e+07 2.07428430e+07
 1.66635610e+07 1.36129480e+07 1.12789410e+07 9.47744400e+06
 8.03627300e+06 6.87262300e+06 5.90316700e+06 5.08306300e+06
 4.38352900e+06 3.77770300e+06 3.24929500e+06 2.79473000e+06
 2.39476000e+06 2.04311300e+06 1.73393200e+06 1.46830300e+06
 1.23563500e+06 1.03294400e+06 8.59221000e+05 7.13296000e+05
 5.87983000e+05 4.81900000e+05 3.95078000e+05 3.22134000e+05
 2.61948000e+05 2.13500000e+05 1.73844000e+05 1.41977000e+05
 1.16292000e+05 9.49260000e+04 7.86220000e+04 6.39370000e+04
 5.30980000e+04 4.38770000e+04 3.69150000e+04 3.05160000e+04
 2.53830000e+04 2.12790000e+04 1.79830000e+04 1.49560000e+04
 1.24740000e+04 1.04740000e+04 8.41300000e+03 6.82800000e+03
 5.38000000e+03 4.49000000e+03 3.42900000e+03 2.87500000e+03
 2.25300000e+03 1.79200000e+03 1.47600000e+03 1.18800000e+03
 9.37000000e+02 7.59000000e+02 5.99000000e+02 4.84000000e+02
 3.64000000e+02 2.98000000e+02 2.08000000e+02 1.50000000e+02
 1.16000000e+02 1.10000000e+02 7.40000000e+01 5.70000000e+01
 4.20000000e+01 3.70000000e+01 2.10000000e+01 3.00000000e+01
 1.70000000e+01 1.60000000e+01 1.90000000e+01 6.00000000e+00
 8.00000000e+00 8.00000000e+00 6.00000000e+00 4.00000000e+00
 2.00000000e+00 4.00000000e+00 5.00000000e+00 6.00000000e+00
 1.00000000e+00 1.00000000e+00 0.00000000e+00 0.00000000e+00
 1.00000000e+00 1.00000000e+00 1.00000000e+00 0.00000000e+00
 0.00000000e+00 0.00000000e+00 0.00000000e+00 1.00000000e+00]
