Standard Deviation: 5385.207500486772
Skewness: -3.6048410652546616
Kurtosis: 15.498897943528334
Median: 88635.4148573605
Mean: 86684.42691730753
Deciles: [86362.32518688 89229.58467216]
Minimum: 47595.170333291666
Maximum: 94339.79514271654
Bin Edges: [47595.17033329 48062.61658139 48530.06282948 48997.50907757
 49464.95532567 49932.40157376 50399.84782186 50867.29406995
 51334.74031805 51802.18656614 52269.63281423 52737.07906233
 53204.52531042 53671.97155852 54139.41780661 54606.86405471
 55074.3103028  55541.75655089 56009.20279899 56476.64904708
 56944.09529518 57411.54154327 57878.98779137 58346.43403946
 58813.88028755 59281.32653565 59748.77278374 60216.21903184
 60683.66527993 61151.11152802 61618.55777612 62086.00402421
 62553.45027231 63020.8965204  63488.3427685  63955.78901659
 64423.23526468 64890.68151278 65358.12776087 65825.57400897
 66293.02025706 66760.46650516 67227.91275325 67695.35900134
 68162.80524944 68630.25149753 69097.69774563 69565.14399372
 70032.59024182 70500.03648991 70967.482738   71434.9289861
 71902.37523419 72369.82148229 72837.26773038 73304.71397848
 73772.16022657 74239.60647466 74707.05272276 75174.49897085
 75641.94521895 76109.39146704 76576.83771514 77044.28396323
 77511.73021132 77979.17645942 78446.62270751 78914.06895561
 79381.5152037  79848.96145179 80316.40769989 80783.85394798
 81251.30019608 81718.74644417 82186.19269227 82653.63894036
 83121.08518845 83588.53143655 84055.97768464 84523.42393274
 84990.87018083 85458.31642893 85925.76267702 86393.20892511
 86860.65517321 87328.1014213  87795.5476694  88262.99391749
 88730.44016559 89197.88641368 89665.33266177 90132.77890987
 90600.22515796 91067.67140606 91535.11765415 92002.56390225
 92470.01015034 92937.45639843 93404.90264653 93872.34889462
 94339.79514272]
Frequencies: [3.24700000e+03 3.43760000e+04 2.14012000e+05 6.12063000e+05
 1.43533000e+06 2.30397700e+06 1.80202800e+06 1.15344100e+06
 7.14157000e+05 1.20462700e+06 1.22384100e+06 1.33601200e+06
 1.95257500e+06 2.31425600e+06 2.51995500e+06 2.48773000e+06
 2.11066500e+06 2.18244900e+06 2.48702500e+06 2.45461800e+06
 2.42623300e+06 3.17838500e+06 3.45430700e+06 3.28083100e+06
 3.14557500e+06 3.40240600e+06 2.82764100e+06 2.90280500e+06
 3.03415800e+06 3.03348500e+06 3.40175200e+06 3.36264500e+06
 2.61021600e+06 2.75447400e+06 2.95381700e+06 3.15654500e+06
 2.69484200e+06 2.25256500e+06 2.54093100e+06 2.69121500e+06
 2.64542100e+06 3.26721500e+06 3.11846400e+06 3.65982400e+06
 3.32332400e+06 2.83760300e+06 3.36972300e+06 3.89896600e+06
 4.07788300e+06 3.97736000e+06 4.66625500e+06 4.96991700e+06
 5.92658300e+06 6.74985100e+06 6.67534600e+06 7.58851900e+06
 7.57407800e+06 7.66260500e+06 8.11978200e+06 9.62523200e+06
 1.14691460e+07 1.23376660e+07 1.39266280e+07 1.63872500e+07
 1.89315660e+07 1.86620140e+07 1.91329730e+07 1.97260660e+07
 2.07127900e+07 2.09699570e+07 2.13203200e+07 2.08863200e+07
 2.26446040e+07 2.73754200e+07 3.06533520e+07 3.66760640e+07
 4.54878420e+07 5.31497890e+07 6.70524880e+07 8.21708750e+07
 9.96509420e+07 1.25561581e+08 1.47194028e+08 1.61996781e+08
 1.79611193e+08 2.07210758e+08 2.53269380e+08 4.68669780e+08
 9.36710193e+08 6.26285215e+08 3.58802163e+08 1.50625148e+08
 4.19595740e+07 8.46057100e+06 1.66038400e+06 3.41380000e+05
 8.73270000e+04 2.18880000e+04 5.56100000e+03 1.86000000e+03]
