Standard Deviation: 9.31832424302828
Skewness: 0.5624515674925242
Kurtosis: 0.25858061005699184
Median: -0.5680618950234662
Mean: 0.4968953096865582
Deciles: [-6.39571447  6.17752261]
Minimum: -59.80920377812266
Maximum: 52.453273658693284
Bin Edges: [-59.80920378 -58.686579   -57.56395423 -56.44132946 -55.31870468
 -54.19607991 -53.07345513 -51.95083036 -50.82820558 -49.70558081
 -48.58295603 -47.46033126 -46.33770649 -45.21508171 -44.09245694
 -42.96983216 -41.84720739 -40.72458261 -39.60195784 -38.47933307
 -37.35670829 -36.23408352 -35.11145874 -33.98883397 -32.86620919
 -31.74358442 -30.62095964 -29.49833487 -28.3757101  -27.25308532
 -26.13046055 -25.00783577 -23.885211   -22.76258622 -21.63996145
 -20.51733668 -19.3947119  -18.27208713 -17.14946235 -16.02683758
 -14.9042128  -13.78158803 -12.65896325 -11.53633848 -10.41371371
  -9.29108893  -8.16846416  -7.04583938  -5.92321461  -4.80058983
  -3.67796506  -2.55534029  -1.43271551  -0.31009074   0.81253404
   1.93515881   3.05778359   4.18040836   5.30303314   6.42565791
   7.54828268   8.67090746   9.79353223  10.91615701  12.03878178
  13.16140656  14.28403133  15.4066561   16.52928088  17.65190565
  18.77453043  19.8971552   21.01977998  22.14240475  23.26502953
  24.3876543   25.51027907  26.63290385  27.75552862  28.8781534
  30.00077817  31.12340295  32.24602772  33.36865249  34.49127727
  35.61390204  36.73652682  37.85915159  38.98177637  40.10440114
  41.22702592  42.34965069  43.47227546  44.59490024  45.71752501
  46.84014979  47.96277456  49.08539934  50.20802411  51.33064888
  52.45327366]
Frequencies: [1.40000000e+01 1.30000000e+01 1.30000000e+01 1.90000000e+01
 3.80000000e+01 5.40000000e+01 8.50000000e+01 1.34000000e+02
 2.99000000e+02 5.44000000e+02 9.04000000e+02 1.40000000e+03
 2.10200000e+03 3.41100000e+03 5.08000000e+03 8.15200000e+03
 1.23290000e+04 1.87210000e+04 2.92300000e+04 4.31130000e+04
 5.99740000e+04 8.39760000e+04 1.13334000e+05 1.51707000e+05
 2.07170000e+05 2.81078000e+05 3.69743000e+05 4.76681000e+05
 6.07227000e+05 7.74029000e+05 9.87833000e+05 1.26823000e+06
 1.66706700e+06 2.26093800e+06 3.18275600e+06 4.68454100e+06
 7.22255600e+06 1.16396590e+07 1.92040840e+07 3.15291690e+07
 5.01160140e+07 7.57692420e+07 1.07401692e+08 1.40239864e+08
 1.68051201e+08 1.87477836e+08 1.99722710e+08 2.08073573e+08
 2.14699811e+08 2.19464575e+08 2.21824167e+08 2.21695477e+08
 2.19180608e+08 2.14276455e+08 2.06817129e+08 1.96110310e+08
 1.82365892e+08 1.66760121e+08 1.50988206e+08 1.36084687e+08
 1.22505193e+08 1.10209680e+08 9.92168750e+07 8.93494840e+07
 8.01765200e+07 7.15536030e+07 6.32031180e+07 5.53049560e+07
 4.80176430e+07 4.12345490e+07 3.50699300e+07 2.95772050e+07
 2.46833160e+07 2.04224300e+07 1.67321360e+07 1.35733460e+07
 1.09026430e+07 8.67105400e+06 6.82247700e+06 5.30618700e+06
 4.05893100e+06 3.06906700e+06 2.28780100e+06 1.69018500e+06
 1.22035700e+06 8.54644000e+05 5.72182000e+05 3.66123000e+05
 2.27308000e+05 1.36035000e+05 7.66780000e+04 4.05770000e+04
 1.99480000e+04 8.90600000e+03 3.69300000e+03 1.46000000e+03
 5.31000000e+02 2.07000000e+02 4.10000000e+01 4.00000000e+00]
