Standard Deviation: 1.1487620294313124e-07
Skewness: 2.6003878455692773
Kurtosis: 6.674943418867022
Median: 1.7387365495519086e-06
Mean: 1.7832178221584525e-06
Deciles: [1.71632394e-06 1.79783656e-06]
Minimum: 1.696082466055772e-06
Maximum: 2.3095726793111148e-06
Bin Edges: [1.69608247e-06 1.70221737e-06 1.70835227e-06 1.71448717e-06
 1.72062207e-06 1.72675698e-06 1.73289188e-06 1.73902678e-06
 1.74516168e-06 1.75129659e-06 1.75743149e-06 1.76356639e-06
 1.76970129e-06 1.77583619e-06 1.78197110e-06 1.78810600e-06
 1.79424090e-06 1.80037580e-06 1.80651070e-06 1.81264561e-06
 1.81878051e-06 1.82491541e-06 1.83105031e-06 1.83718522e-06
 1.84332012e-06 1.84945502e-06 1.85558992e-06 1.86172482e-06
 1.86785973e-06 1.87399463e-06 1.88012953e-06 1.88626443e-06
 1.89239933e-06 1.89853424e-06 1.90466914e-06 1.91080404e-06
 1.91693894e-06 1.92307384e-06 1.92920875e-06 1.93534365e-06
 1.94147855e-06 1.94761345e-06 1.95374836e-06 1.95988326e-06
 1.96601816e-06 1.97215306e-06 1.97828796e-06 1.98442287e-06
 1.99055777e-06 1.99669267e-06 2.00282757e-06 2.00896247e-06
 2.01509738e-06 2.02123228e-06 2.02736718e-06 2.03350208e-06
 2.03963699e-06 2.04577189e-06 2.05190679e-06 2.05804169e-06
 2.06417659e-06 2.07031150e-06 2.07644640e-06 2.08258130e-06
 2.08871620e-06 2.09485110e-06 2.10098601e-06 2.10712091e-06
 2.11325581e-06 2.11939071e-06 2.12552562e-06 2.13166052e-06
 2.13779542e-06 2.14393032e-06 2.15006522e-06 2.15620013e-06
 2.16233503e-06 2.16846993e-06 2.17460483e-06 2.18073973e-06
 2.18687464e-06 2.19300954e-06 2.19914444e-06 2.20527934e-06
 2.21141425e-06 2.21754915e-06 2.22368405e-06 2.22981895e-06
 2.23595385e-06 2.24208876e-06 2.24822366e-06 2.25435856e-06
 2.26049346e-06 2.26662836e-06 2.27276327e-06 2.27889817e-06
 2.28503307e-06 2.29116797e-06 2.29730288e-06 2.30343778e-06
 2.30957268e-06]
Frequencies: [3.12847764e+08 4.68686690e+07 5.55634102e+08 6.05419867e+08
 2.96748066e+08 3.30356513e+08 1.26654271e+08 7.45365260e+07
 6.47842170e+07 2.15345833e+08 2.06822650e+07 2.02224270e+07
 1.27596177e+08 2.13351217e+08 2.32003802e+08 4.99670140e+07
 2.05051380e+08 2.38535502e+08 1.89052840e+07 1.12214350e+07
 1.13278350e+07 1.07752580e+07 1.12219600e+07 1.41726400e+07
 2.35920710e+07 1.05038138e+08 8.42834920e+07 2.19156720e+07
 1.25567430e+07 8.67590700e+06 8.59329800e+06 8.87277500e+06
 9.50618200e+06 9.87863500e+06 2.76397380e+07 2.48916180e+07
 2.07228010e+07 1.56463580e+07 1.11683000e+07 9.02987900e+06
 7.30417400e+06 5.94202300e+06 5.34778900e+06 5.18703800e+06
 4.66086700e+06 5.25465800e+06 4.70808500e+06 4.61338300e+06
 3.91944000e+06 3.63388900e+06 3.82670800e+06 4.01435800e+06
 3.54045300e+06 3.36280900e+06 2.85042500e+06 2.55531700e+06
 2.74893300e+06 3.11636400e+06 3.28929500e+06 3.08724700e+06
 3.08251800e+06 3.02808800e+06 2.74762600e+06 2.85034600e+06
 2.66901700e+06 2.86107200e+06 2.63048000e+06 2.54395800e+06
 2.93745700e+06 2.86409000e+06 2.44857400e+06 2.80062100e+06
 2.98036700e+06 3.18761900e+06 3.26813900e+06 3.37730200e+06
 4.09003300e+06 4.10216600e+06 4.94443700e+06 5.71603700e+06
 1.24015560e+07 2.08959500e+07 3.39433090e+07 2.50882170e+07
 1.95626640e+07 1.30822070e+07 1.18659180e+07 9.19054500e+06
 7.62460500e+06 5.81217700e+06 4.28165100e+06 3.74647900e+06
 2.79848000e+06 2.35092600e+06 2.14365500e+06 1.20353000e+06
 7.01705000e+05 1.50355000e+05 5.16800000e+03 7.00000000e+01]
