Standard Deviation: 6.382306652730878e-08
Skewness: -1.0951087886453423
Kurtosis: 0.156723422435447
Median: 2.4691834520088156e-07
Mean: 2.2759451190456638e-07
Deciles: [1.98254518e-07 2.77727626e-07]
Minimum: 4.714182346179445e-08
Maximum: 2.9507185361175e-07
Bin Edges: [4.71418235e-08 4.96211238e-08 5.21004241e-08 5.45797244e-08
 5.70590247e-08 5.95383250e-08 6.20176253e-08 6.44969256e-08
 6.69762259e-08 6.94555262e-08 7.19348265e-08 7.44141268e-08
 7.68934271e-08 7.93727274e-08 8.18520277e-08 8.43313280e-08
 8.68106283e-08 8.92899286e-08 9.17692289e-08 9.42485292e-08
 9.67278295e-08 9.92071298e-08 1.01686430e-07 1.04165730e-07
 1.06645031e-07 1.09124331e-07 1.11603631e-07 1.14082932e-07
 1.16562232e-07 1.19041532e-07 1.21520833e-07 1.24000133e-07
 1.26479433e-07 1.28958733e-07 1.31438034e-07 1.33917334e-07
 1.36396634e-07 1.38875935e-07 1.41355235e-07 1.43834535e-07
 1.46313836e-07 1.48793136e-07 1.51272436e-07 1.53751736e-07
 1.56231037e-07 1.58710337e-07 1.61189637e-07 1.63668938e-07
 1.66148238e-07 1.68627538e-07 1.71106839e-07 1.73586139e-07
 1.76065439e-07 1.78544739e-07 1.81024040e-07 1.83503340e-07
 1.85982640e-07 1.88461941e-07 1.90941241e-07 1.93420541e-07
 1.95899842e-07 1.98379142e-07 2.00858442e-07 2.03337742e-07
 2.05817043e-07 2.08296343e-07 2.10775643e-07 2.13254944e-07
 2.15734244e-07 2.18213544e-07 2.20692845e-07 2.23172145e-07
 2.25651445e-07 2.28130745e-07 2.30610046e-07 2.33089346e-07
 2.35568646e-07 2.38047947e-07 2.40527247e-07 2.43006547e-07
 2.45485848e-07 2.47965148e-07 2.50444448e-07 2.52923748e-07
 2.55403049e-07 2.57882349e-07 2.60361649e-07 2.62840950e-07
 2.65320250e-07 2.67799550e-07 2.70278851e-07 2.72758151e-07
 2.75237451e-07 2.77716752e-07 2.80196052e-07 2.82675352e-07
 2.85154652e-07 2.87633953e-07 2.90113253e-07 2.92592553e-07
 2.95071854e-07]
Frequencies: [5.0457600e+06 5.0457600e+06 8.4096000e+06 1.0091520e+07 8.4096000e+06
 1.3455360e+07 1.1773440e+07 1.6819200e+07 1.1773440e+07 1.6819200e+07
 1.8501120e+07 1.3455360e+07 2.1864960e+07 1.3455360e+07 2.1864960e+07
 1.3455360e+07 2.0183040e+07 1.8501120e+07 2.0183040e+07 1.5137280e+07
 2.0183040e+07 1.6819200e+07 2.5228800e+07 1.3455360e+07 2.3546880e+07
 1.8501120e+07 2.0183040e+07 2.3546880e+07 1.1773440e+07 3.0274560e+07
 1.6819200e+07 1.3455360e+07 2.5228800e+07 2.0183040e+07 2.0183040e+07
 2.1864960e+07 2.0183040e+07 2.0183040e+07 2.3546880e+07 1.8501120e+07
 1.3455360e+07 3.3638400e+07 1.6819200e+07 1.5137280e+07 2.3546880e+07
 2.6910720e+07 1.3455360e+07 2.8592640e+07 1.6819200e+07 2.3546880e+07
 1.3455360e+07 3.1956480e+07 1.6819200e+07 2.0183040e+07 1.6819200e+07
 2.8592640e+07 2.0183040e+07 1.6819200e+07 2.3546880e+07 2.3546880e+07
 2.5228800e+07 1.6819200e+07 2.0183040e+07 2.6910720e+07 1.8501120e+07
 1.6819200e+07 1.6819200e+07 3.7002240e+07 1.6819200e+07 7.2322560e+07
 8.5777920e+07 7.5686400e+07 9.2505600e+07 9.2505600e+07 8.4096000e+07
 8.5777920e+07 8.2414080e+07 7.4004480e+07 9.4187520e+07 8.0732160e+07
 8.7459840e+07 8.4096000e+07 7.7368320e+07 8.7459840e+07 9.4187520e+07
 8.7459840e+07 8.4096000e+07 8.0732160e+07 9.4187520e+07 9.7551360e+07
 1.0091520e+08 1.0091520e+08 1.0091520e+08 1.1100672e+08 1.1773440e+08
 1.2446208e+08 1.3118976e+08 1.6482816e+08 1.7491968e+08 3.1283712e+08]
