Standard Deviation: 1.8038721970797067e-06
Skewness: -0.8503950886768247
Kurtosis: 0.28582806113316384
Median: 1.1715589158082145e-05
Mean: 1.1389554613308035e-05
Deciles: [1.02114549e-05 1.29376997e-05]
Minimum: 4.756562116845685e-06
Maximum: 1.392798700371832e-05
Bin Edges: [4.75656212e-06 4.84827637e-06 4.93999061e-06 5.03170486e-06
 5.12341911e-06 5.21513336e-06 5.30684761e-06 5.39856186e-06
 5.49027611e-06 5.58199036e-06 5.67370461e-06 5.76541885e-06
 5.85713310e-06 5.94884735e-06 6.04056160e-06 6.13227585e-06
 6.22399010e-06 6.31570435e-06 6.40741860e-06 6.49913285e-06
 6.59084709e-06 6.68256134e-06 6.77427559e-06 6.86598984e-06
 6.95770409e-06 7.04941834e-06 7.14113259e-06 7.23284684e-06
 7.32456109e-06 7.41627533e-06 7.50798958e-06 7.59970383e-06
 7.69141808e-06 7.78313233e-06 7.87484658e-06 7.96656083e-06
 8.05827508e-06 8.14998932e-06 8.24170357e-06 8.33341782e-06
 8.42513207e-06 8.51684632e-06 8.60856057e-06 8.70027482e-06
 8.79198907e-06 8.88370332e-06 8.97541756e-06 9.06713181e-06
 9.15884606e-06 9.25056031e-06 9.34227456e-06 9.43398881e-06
 9.52570306e-06 9.61741731e-06 9.70913156e-06 9.80084580e-06
 9.89256005e-06 9.98427430e-06 1.00759886e-05 1.01677028e-05
 1.02594170e-05 1.03511313e-05 1.04428455e-05 1.05345598e-05
 1.06262740e-05 1.07179883e-05 1.08097025e-05 1.09014168e-05
 1.09931310e-05 1.10848453e-05 1.11765595e-05 1.12682738e-05
 1.13599880e-05 1.14517023e-05 1.15434165e-05 1.16351308e-05
 1.17268450e-05 1.18185593e-05 1.19102735e-05 1.20019878e-05
 1.20937020e-05 1.21854163e-05 1.22771305e-05 1.23688448e-05
 1.24605590e-05 1.25522733e-05 1.26439875e-05 1.27357018e-05
 1.28274160e-05 1.29191303e-05 1.30108445e-05 1.31025588e-05
 1.31942730e-05 1.32859873e-05 1.33777015e-05 1.34694158e-05
 1.35611300e-05 1.36528443e-05 1.37445585e-05 1.38362728e-05
 1.39279870e-05]
Frequencies: [5.26584000e+05 9.46624000e+05 1.24812000e+06 1.43414400e+06
 1.83352800e+06 2.79100000e+06 3.17463200e+06 3.42298400e+06
 3.64882400e+06 3.84906400e+06 4.13810400e+06 4.29436000e+06
 4.66642400e+06 4.94682400e+06 5.16456800e+06 5.51479200e+06
 5.82903200e+06 6.20692000e+06 6.40863200e+06 6.86090400e+06
 7.25996800e+06 7.45046400e+06 7.92507200e+06 8.31432000e+06
 8.60476800e+06 9.52359200e+06 1.04070960e+07 1.10721040e+07
 1.15010640e+07 1.15081440e+07 1.23559360e+07 1.26681600e+07
 1.27699760e+07 1.37822480e+07 1.39519920e+07 1.47146080e+07
 1.54296480e+07 1.62215280e+07 1.71202880e+07 1.80314160e+07
 1.91968960e+07 2.04175920e+07 2.18440800e+07 2.31148160e+07
 2.49961040e+07 2.65249360e+07 2.88994560e+07 3.11182320e+07
 3.38779200e+07 3.78217440e+07 4.00423200e+07 4.34910560e+07
 5.19895120e+07 5.83266640e+07 6.15012240e+07 6.64301920e+07
 6.84813840e+07 6.53917920e+07 6.40262960e+07 6.38781280e+07
 6.47989440e+07 6.37288400e+07 6.58026640e+07 6.85897360e+07
 7.31167360e+07 7.71012240e+07 7.89923760e+07 7.87278560e+07
 7.75766880e+07 7.34104880e+07 7.05365280e+07 6.53437360e+07
 6.25168720e+07 6.11909680e+07 6.30731680e+07 6.50771440e+07
 6.47433600e+07 6.55692560e+07 6.70654880e+07 7.09629600e+07
 7.35796080e+07 7.88180400e+07 8.61909200e+07 9.18441680e+07
 9.55213200e+07 9.63349040e+07 9.95454080e+07 1.05194264e+08
 1.08864360e+08 1.23158264e+08 1.45697544e+08 1.55412760e+08
 1.57080720e+08 1.30838640e+08 1.08130712e+08 1.00339152e+08
 9.57323120e+07 7.99422640e+07 5.15693360e+07 1.05754720e+07]
