Standard Deviation: 33.220153315832746
Skewness: 0.5456454255627257
Kurtosis: -0.009841072733000278
Median: 8.467053844229145
Mean: 12.889666120877797
Deciles: [-11.43723105  33.68088356]
Minimum: -147.28556620915037
Maximum: 206.57464363767076
Bin Edges: [-147.28556621 -143.74696411 -140.20836201 -136.66975991 -133.13115782
 -129.59255572 -126.05395362 -122.51535152 -118.97674942 -115.43814732
 -111.89954522 -108.36094313 -104.82234103 -101.28373893  -97.74513683
  -94.20653473  -90.66793263  -87.12933054  -83.59072844  -80.05212634
  -76.51352424  -72.97492214  -69.43632004  -65.89771794  -62.35911585
  -58.82051375  -55.28191165  -51.74330955  -48.20470745  -44.66610535
  -41.12750326  -37.58890116  -34.05029906  -30.51169696  -26.97309486
  -23.43449276  -19.89589066  -16.35728857  -12.81868647   -9.28008437
   -5.74148227   -2.20288017    1.33572193    4.87432402    8.41292612
   11.95152822   15.49013032   19.02873242   22.56733452   26.10593662
   29.64453871   33.18314081   36.72174291   40.26034501   43.79894711
   47.33754921   50.87615131   54.4147534    57.9533555    61.4919576
   65.0305597    68.5691618    72.1077639    75.64636599   79.18496809
   82.72357019   86.26217229   89.80077439   93.33937649   96.87797859
  100.41658068  103.95518278  107.49378488  111.03238698  114.57098908
  118.10959118  121.64819327  125.18679537  128.72539747  132.26399957
  135.80260167  139.34120377  142.87980587  146.41840796  149.95701006
  153.49561216  157.03421426  160.57281636  164.11141846  167.65002055
  171.18862265  174.72722475  178.26582685  181.80442895  185.34303105
  188.88163315  192.42023524  195.95883734  199.49743944  203.03604154
  206.57464364]
Frequencies: [6.00000000e+00 6.00000000e+01 1.31000000e+02 3.41000000e+02
 6.59000000e+02 9.56000000e+02 1.46100000e+03 2.08300000e+03
 2.93400000e+03 4.19600000e+03 6.24800000e+03 8.97300000e+03
 1.22510000e+04 1.79630000e+04 2.57300000e+04 3.68770000e+04
 5.28270000e+04 8.00010000e+04 1.25836000e+05 2.01689000e+05
 3.47987000e+05 6.20171000e+05 1.12728900e+06 2.05365600e+06
 3.68313200e+06 6.42024200e+06 1.08284350e+07 1.75568300e+07
 2.70008760e+07 3.93785250e+07 5.46469350e+07 7.21471320e+07
 9.12647750e+07 1.10803770e+08 1.30101620e+08 1.48526585e+08
 1.65121684e+08 1.79614170e+08 1.91320679e+08 1.99974746e+08
 2.05076767e+08 2.06353424e+08 2.04087659e+08 1.98962200e+08
 1.91540493e+08 1.82208262e+08 1.71611344e+08 1.60352114e+08
 1.49093608e+08 1.38252362e+08 1.28009380e+08 1.18425986e+08
 1.09551259e+08 1.01321336e+08 9.35804300e+07 8.63011560e+07
 7.94377330e+07 7.29146200e+07 6.66646600e+07 6.06253260e+07
 5.46621700e+07 4.89603800e+07 4.35566290e+07 3.83093540e+07
 3.32771950e+07 2.85659830e+07 2.41943430e+07 2.02226570e+07
 1.66370930e+07 1.34177700e+07 1.06567600e+07 8.30940100e+06
 6.39159100e+06 4.83954300e+06 3.59875100e+06 2.59920300e+06
 1.83932200e+06 1.27248600e+06 8.59508000e+05 5.68348000e+05
 3.69625000e+05 2.33806000e+05 1.43279000e+05 8.74560000e+04
 5.17820000e+04 2.94270000e+04 1.65600000e+04 9.69400000e+03
 5.55800000e+03 3.22900000e+03 1.72900000e+03 9.74000000e+02
 6.13000000e+02 4.04000000e+02 2.65000000e+02 2.24000000e+02
 1.45000000e+02 1.03000000e+02 4.20000000e+01 1.80000000e+01]
