Standard Deviation: 1.398830833193954e-05
Skewness: 7.051719599233415
Kurtosis: 61.45102336080511
Median: 1.2379578744567664e-28
Mean: 2.950227769566656e-06
Deciles: [0.0000000e+00 1.1293738e-09]
Minimum: 0.0
Maximum: 0.0005253614658281529
Bin Edges: [0.00000000e+00 5.25361466e-06 1.05072293e-05 1.57608440e-05
 2.10144586e-05 2.62680733e-05 3.15216879e-05 3.67753026e-05
 4.20289173e-05 4.72825319e-05 5.25361466e-05 5.77897612e-05
 6.30433759e-05 6.82969906e-05 7.35506052e-05 7.88042199e-05
 8.40578345e-05 8.93114492e-05 9.45650638e-05 9.98186785e-05
 1.05072293e-04 1.10325908e-04 1.15579522e-04 1.20833137e-04
 1.26086752e-04 1.31340366e-04 1.36593981e-04 1.41847596e-04
 1.47101210e-04 1.52354825e-04 1.57608440e-04 1.62862054e-04
 1.68115669e-04 1.73369284e-04 1.78622898e-04 1.83876513e-04
 1.89130128e-04 1.94383742e-04 1.99637357e-04 2.04890972e-04
 2.10144586e-04 2.15398201e-04 2.20651816e-04 2.25905430e-04
 2.31159045e-04 2.36412660e-04 2.41666274e-04 2.46919889e-04
 2.52173504e-04 2.57427118e-04 2.62680733e-04 2.67934348e-04
 2.73187962e-04 2.78441577e-04 2.83695192e-04 2.88948806e-04
 2.94202421e-04 2.99456036e-04 3.04709650e-04 3.09963265e-04
 3.15216879e-04 3.20470494e-04 3.25724109e-04 3.30977723e-04
 3.36231338e-04 3.41484953e-04 3.46738567e-04 3.51992182e-04
 3.57245797e-04 3.62499411e-04 3.67753026e-04 3.73006641e-04
 3.78260255e-04 3.83513870e-04 3.88767485e-04 3.94021099e-04
 3.99274714e-04 4.04528329e-04 4.09781943e-04 4.15035558e-04
 4.20289173e-04 4.25542787e-04 4.30796402e-04 4.36050017e-04
 4.41303631e-04 4.46557246e-04 4.51810861e-04 4.57064475e-04
 4.62318090e-04 4.67571705e-04 4.72825319e-04 4.78078934e-04
 4.83332549e-04 4.88586163e-04 4.93839778e-04 4.99093393e-04
 5.04347007e-04 5.09600622e-04 5.14854237e-04 5.20107851e-04
 5.25361466e-04]
Frequencies: [4.2096730e+09 7.2500677e+07 4.0643524e+07 3.0096598e+07 2.4514258e+07
 2.0660236e+07 1.7662497e+07 1.5241965e+07 1.3268474e+07 1.1601864e+07
 1.0213516e+07 9.0282570e+06 8.0131620e+06 7.1339350e+06 6.3564140e+06
 5.6785520e+06 5.0677110e+06 4.5175740e+06 4.0120660e+06 3.5628750e+06
 3.1432930e+06 2.7620410e+06 2.4112410e+06 2.0981950e+06 1.8108760e+06
 1.5492780e+06 1.3231420e+06 1.1235800e+06 9.4664000e+05 7.9553900e+05
 6.6514100e+05 5.5394400e+05 4.6227700e+05 3.7946900e+05 3.1334600e+05
 2.5737700e+05 2.1142800e+05 1.7206900e+05 1.4034100e+05 1.1490600e+05
 9.3178000e+04 7.5404000e+04 6.1279000e+04 4.9903000e+04 4.0871000e+04
 3.3197000e+04 2.6509000e+04 2.1905000e+04 1.7710000e+04 1.4821000e+04
 1.2040000e+04 9.7050000e+03 8.0170000e+03 6.4510000e+03 5.3020000e+03
 4.4240000e+03 3.6710000e+03 3.1020000e+03 2.5390000e+03 2.0890000e+03
 1.7730000e+03 1.5300000e+03 1.2460000e+03 1.1010000e+03 8.5000000e+02
 7.6500000e+02 5.8300000e+02 4.7300000e+02 4.0500000e+02 3.3900000e+02
 2.6900000e+02 2.1200000e+02 1.7600000e+02 1.4900000e+02 1.1200000e+02
 9.3000000e+01 8.1000000e+01 6.9000000e+01 4.6000000e+01 4.6000000e+01
 3.1000000e+01 4.2000000e+01 2.1000000e+01 3.6000000e+01 2.6000000e+01
 2.4000000e+01 1.7000000e+01 1.4000000e+01 1.6000000e+01 1.1000000e+01
 9.0000000e+00 8.0000000e+00 6.0000000e+00 7.0000000e+00 5.0000000e+00
 4.0000000e+00 2.0000000e+00 2.0000000e+00 1.0000000e+00 1.0000000e+00]
