Standard Deviation: 1.022232345277914e-06
Skewness: 0.7440223703772215
Kurtosis: -0.6421078559682756
Median: 9.258401397069076e-07
Mean: 1.2949093605178863e-06
Deciles: [3.96674072e-07 2.12061517e-06]
Minimum: 1.2177310223688742e-07
Maximum: 4.487579293161462e-06
Bin Edges: [1.21773102e-07 1.65431164e-07 2.09089226e-07 2.52747288e-07
 2.96405350e-07 3.40063412e-07 3.83721474e-07 4.27379536e-07
 4.71037598e-07 5.14695659e-07 5.58353721e-07 6.02011783e-07
 6.45669845e-07 6.89327907e-07 7.32985969e-07 7.76644031e-07
 8.20302093e-07 8.63960155e-07 9.07618217e-07 9.51276279e-07
 9.94934340e-07 1.03859240e-06 1.08225046e-06 1.12590853e-06
 1.16956659e-06 1.21322465e-06 1.25688271e-06 1.30054077e-06
 1.34419884e-06 1.38785690e-06 1.43151496e-06 1.47517302e-06
 1.51883108e-06 1.56248915e-06 1.60614721e-06 1.64980527e-06
 1.69346333e-06 1.73712139e-06 1.78077945e-06 1.82443752e-06
 1.86809558e-06 1.91175364e-06 1.95541170e-06 1.99906976e-06
 2.04272783e-06 2.08638589e-06 2.13004395e-06 2.17370201e-06
 2.21736007e-06 2.26101814e-06 2.30467620e-06 2.34833426e-06
 2.39199232e-06 2.43565038e-06 2.47930845e-06 2.52296651e-06
 2.56662457e-06 2.61028263e-06 2.65394069e-06 2.69759875e-06
 2.74125682e-06 2.78491488e-06 2.82857294e-06 2.87223100e-06
 2.91588906e-06 2.95954713e-06 3.00320519e-06 3.04686325e-06
 3.09052131e-06 3.13417937e-06 3.17783744e-06 3.22149550e-06
 3.26515356e-06 3.30881162e-06 3.35246968e-06 3.39612775e-06
 3.43978581e-06 3.48344387e-06 3.52710193e-06 3.57075999e-06
 3.61441805e-06 3.65807612e-06 3.70173418e-06 3.74539224e-06
 3.78905030e-06 3.83270836e-06 3.87636643e-06 3.92002449e-06
 3.96368255e-06 4.00734061e-06 4.05099867e-06 4.09465674e-06
 4.13831480e-06 4.18197286e-06 4.22563092e-06 4.26928898e-06
 4.31294705e-06 4.35660511e-06 4.40026317e-06 4.44392123e-06
 4.48757929e-06]
Frequencies: [5.15129280e+07 1.22035760e+08 1.91168752e+08 2.54625016e+08
 2.65215992e+08 1.99057736e+08 1.67852464e+08 1.55971656e+08
 1.37976024e+08 1.20923016e+08 1.03172040e+08 8.71401040e+07
 7.85818000e+07 7.19261200e+07 6.68581920e+07 6.12580400e+07
 5.82155280e+07 5.47270720e+07 5.33665360e+07 5.08744320e+07
 4.91215120e+07 4.77835120e+07 4.66259920e+07 4.56334080e+07
 4.43752640e+07 4.36590240e+07 4.25146800e+07 4.20444480e+07
 4.10522080e+07 4.06684160e+07 3.98616160e+07 3.96856560e+07
 3.89033680e+07 3.91900960e+07 3.86736160e+07 3.85089920e+07
 3.81633840e+07 3.84034480e+07 3.81904000e+07 3.81524960e+07
 3.81165120e+07 3.82708240e+07 3.80575920e+07 3.84213520e+07
 3.88135680e+07 3.89664640e+07 3.94295360e+07 3.94797120e+07
 4.01617440e+07 4.08974480e+07 4.09467760e+07 4.18192880e+07
 4.21366960e+07 4.32457360e+07 4.50807200e+07 4.63958400e+07
 5.14173920e+07 4.95772560e+07 4.43188880e+07 4.01696480e+07
 3.64086480e+07 3.31283840e+07 3.00075520e+07 2.79611760e+07
 2.64215920e+07 2.51941520e+07 2.42440160e+07 2.42260240e+07
 2.43097360e+07 2.35850800e+07 2.29552400e+07 2.10813840e+07
 1.92214400e+07 1.79681280e+07 1.65174480e+07 1.57524400e+07
 1.43463760e+07 1.34219280e+07 1.24107520e+07 1.15038080e+07
 1.06774240e+07 9.77890400e+06 8.47836800e+06 7.29676000e+06
 6.27552800e+06 5.40856000e+06 5.01463200e+06 4.68056000e+06
 4.47562400e+06 4.10474400e+06 3.62504000e+06 3.08680000e+06
 2.47092800e+06 1.71582400e+06 1.32007200e+06 1.07348800e+06
 8.00336000e+05 4.99752000e+05 2.64640000e+05 7.69760000e+04]
