Standard Deviation: 12.703900633438344
Skewness: 0.34904497464433704
Kurtosis: -1.0898160562444976
Median: 200.8584188508845
Mean: 203.1644145656936
Deciles: [192.03038598 214.05893996]
Minimum: 172.31786102261597
Maximum: 243.89217980153285
Bin Edges: [172.31786102 173.03360421 173.7493474  174.46509059 175.18083377
 175.89657696 176.61232015 177.32806334 178.04380652 178.75954971
 179.4752929  180.19103609 180.90677928 181.62252246 182.33826565
 183.05400884 183.76975203 184.48549522 185.2012384  185.91698159
 186.63272478 187.34846797 188.06421115 188.77995434 189.49569753
 190.21144072 190.92718391 191.64292709 192.35867028 193.07441347
 193.79015666 194.50589984 195.22164303 195.93738622 196.65312941
 197.3688726  198.08461578 198.80035897 199.51610216 200.23184535
 200.94758853 201.66333172 202.37907491 203.0948181  203.81056129
 204.52630447 205.24204766 205.95779085 206.67353404 207.38927722
 208.10502041 208.8207636  209.53650679 210.25224998 210.96799316
 211.68373635 212.39947954 213.11522273 213.83096591 214.5467091
 215.26245229 215.97819548 216.69393867 217.40968185 218.12542504
 218.84116823 219.55691142 220.2726546  220.98839779 221.70414098
 222.41988417 223.13562736 223.85137054 224.56711373 225.28285692
 225.99860011 226.71434329 227.43008648 228.14582967 228.86157286
 229.57731605 230.29305923 231.00880242 231.72454561 232.4402888
 233.15603198 233.87177517 234.58751836 235.30326155 236.01900474
 236.73474792 237.45049111 238.1662343  238.88197749 239.59772067
 240.31346386 241.02920705 241.74495024 242.46069343 243.17643661
 243.8921798 ]
Frequencies: [1.58000000e+02 1.52300000e+03 5.90700000e+03 2.08490000e+04
 5.50070000e+04 1.21325000e+05 2.39673000e+05 4.74777000e+05
 9.08330000e+05 1.62503500e+06 2.67451000e+06 4.23655000e+06
 6.44208800e+06 9.49889600e+06 1.37225160e+07 1.94916800e+07
 2.72384010e+07 3.71712930e+07 4.91743180e+07 6.29860630e+07
 7.79138350e+07 9.33198200e+07 1.08259363e+08 1.21776620e+08
 1.33066967e+08 1.41009886e+08 1.44950421e+08 1.45362169e+08
 1.41341560e+08 1.32994550e+08 1.21134267e+08 1.07630420e+08
 9.47656720e+07 8.38893600e+07 7.55152310e+07 6.96782320e+07
 6.56697500e+07 6.28965640e+07 6.09998590e+07 5.97105840e+07
 5.88182040e+07 5.82324670e+07 5.79905490e+07 5.77938620e+07
 5.77340620e+07 5.79325940e+07 5.83302720e+07 5.87948320e+07
 5.95418170e+07 6.03670890e+07 6.12952530e+07 6.24331190e+07
 6.36002930e+07 6.48758170e+07 6.58979170e+07 6.68088730e+07
 6.74501160e+07 6.81727580e+07 6.88277500e+07 6.91566460e+07
 6.91207840e+07 6.88655550e+07 6.82856270e+07 6.73043080e+07
 6.59579590e+07 6.41452230e+07 6.18902150e+07 5.91743320e+07
 5.62535210e+07 5.30437260e+07 4.98138550e+07 4.67783280e+07
 4.37649740e+07 4.02097880e+07 3.65830250e+07 3.26413120e+07
 2.91108070e+07 2.56304410e+07 2.18862350e+07 1.82470640e+07
 1.46984020e+07 1.04933600e+07 6.63709800e+06 3.74430500e+06
 2.03168100e+06 1.15545300e+06 6.56677000e+05 3.90457000e+05
 2.39904000e+05 1.35596000e+05 8.20210000e+04 5.66380000e+04
 4.43190000e+04 3.46240000e+04 2.39430000e+04 1.41570000e+04
 6.14000000e+03 2.46400000e+03 9.72000000e+02 3.91000000e+02]
