Standard Deviation: 2.6769172388682182e-08
Skewness: -4.476208492911742
Kurtosis: 21.268671799506254
Median: 9.986058137126286e-07
Mean: 9.91495225372766e-07
Deciles: [9.98605814e-07 9.98605814e-07]
Minimum: 7.690191671380353e-07
Maximum: 9.986058137126286e-07
Bin Edges: [7.69019167e-07 7.71315034e-07 7.73610900e-07 7.75906767e-07
 7.78202633e-07 7.80498499e-07 7.82794366e-07 7.85090232e-07
 7.87386099e-07 7.89681965e-07 7.91977832e-07 7.94273698e-07
 7.96569565e-07 7.98865431e-07 8.01161298e-07 8.03457164e-07
 8.05753031e-07 8.08048897e-07 8.10344764e-07 8.12640630e-07
 8.14936496e-07 8.17232363e-07 8.19528229e-07 8.21824096e-07
 8.24119962e-07 8.26415829e-07 8.28711695e-07 8.31007562e-07
 8.33303428e-07 8.35599295e-07 8.37895161e-07 8.40191028e-07
 8.42486894e-07 8.44782761e-07 8.47078627e-07 8.49374493e-07
 8.51670360e-07 8.53966226e-07 8.56262093e-07 8.58557959e-07
 8.60853826e-07 8.63149692e-07 8.65445559e-07 8.67741425e-07
 8.70037292e-07 8.72333158e-07 8.74629025e-07 8.76924891e-07
 8.79220757e-07 8.81516624e-07 8.83812490e-07 8.86108357e-07
 8.88404223e-07 8.90700090e-07 8.92995956e-07 8.95291823e-07
 8.97587689e-07 8.99883556e-07 9.02179422e-07 9.04475289e-07
 9.06771155e-07 9.09067022e-07 9.11362888e-07 9.13658754e-07
 9.15954621e-07 9.18250487e-07 9.20546354e-07 9.22842220e-07
 9.25138087e-07 9.27433953e-07 9.29729820e-07 9.32025686e-07
 9.34321553e-07 9.36617419e-07 9.38913286e-07 9.41209152e-07
 9.43505019e-07 9.45800885e-07 9.48096751e-07 9.50392618e-07
 9.52688484e-07 9.54984351e-07 9.57280217e-07 9.59576084e-07
 9.61871950e-07 9.64167817e-07 9.66463683e-07 9.68759550e-07
 9.71055416e-07 9.73351283e-07 9.75647149e-07 9.77943016e-07
 9.80238882e-07 9.82534748e-07 9.84830615e-07 9.87126481e-07
 9.89422348e-07 9.91718214e-07 9.94014081e-07 9.96309947e-07
 9.98605814e-07]
Frequencies: [4.95300000e+03 4.74020000e+04 1.65656000e+05 3.45026000e+05
 4.70665000e+05 5.52238000e+05 7.13876000e+05 7.41331000e+05
 7.73979000e+05 9.22788000e+05 9.45684000e+05 8.62761000e+05
 9.20446000e+05 1.04660000e+06 1.04407100e+06 7.61595000e+05
 8.92244000e+05 1.23181700e+06 1.16983500e+06 1.06977200e+06
 1.11540700e+06 1.03028000e+06 1.06231100e+06 1.41509500e+06
 1.49829000e+06 1.34191100e+06 1.33752400e+06 1.44003100e+06
 1.51994100e+06 1.56581800e+06 1.61157000e+06 1.74236800e+06
 1.75577600e+06 1.83026500e+06 2.11135800e+06 2.97567800e+06
 3.48919600e+06 3.19210800e+06 3.48632300e+06 3.83131300e+06
 4.52845800e+06 5.05283500e+06 4.29203100e+06 3.99101100e+06
 4.73565000e+06 4.68124800e+06 4.19814600e+06 4.30612300e+06
 4.54648300e+06 4.11246000e+06 4.50602000e+06 4.94049600e+06
 4.96690600e+06 4.94691400e+06 4.82840800e+06 4.61328200e+06
 4.09253700e+06 4.14510500e+06 5.44650100e+06 5.59358000e+06
 5.07673200e+06 5.31934000e+06 5.37638600e+06 5.19685900e+06
 4.54809300e+06 4.79594500e+06 5.91593500e+06 6.06277100e+06
 5.48684000e+06 5.71463900e+06 6.70658600e+06 6.63842400e+06
 6.44072800e+06 6.60154800e+06 6.89366400e+06 7.16022500e+06
 7.19814500e+06 7.41190600e+06 7.80684200e+06 8.29133400e+06
 8.58966100e+06 7.80424800e+06 8.19822600e+06 9.02311600e+06
 8.74992300e+06 8.94784200e+06 9.68481100e+06 9.77917200e+06
 9.56229500e+06 9.60435800e+06 9.88993800e+06 1.12750910e+07
 1.13938730e+07 1.02904940e+07 1.00281020e+07 1.11062130e+07
 1.29425170e+07 1.21003790e+07 1.09915820e+07 4.08001972e+09]
