Standard Deviation: 9.424243133623541
Skewness: 0.5269962297236896
Kurtosis: 0.19948596893658088
Median: -0.046132488150652746
Mean: 1.0191276831795881
Deciles: [-5.82295118  6.79410852]
Minimum: -62.371654341091876
Maximum: 58.59249604482652
Bin Edges: [-62.37165434 -61.16201284 -59.95237133 -58.74272983 -57.53308833
 -56.32344682 -55.11380532 -53.90416381 -52.69452231 -51.48488081
 -50.2752393  -49.0655978  -47.85595629 -46.64631479 -45.43667329
 -44.22703178 -43.01739028 -41.80774878 -40.59810727 -39.38846577
 -38.17882426 -36.96918276 -35.75954126 -34.54989975 -33.34025825
 -32.13061674 -30.92097524 -29.71133374 -28.50169223 -27.29205073
 -26.08240923 -24.87276772 -23.66312622 -22.45348471 -21.24384321
 -20.03420171 -18.8245602  -17.6149187  -16.40527719 -15.19563569
 -13.98599419 -12.77635268 -11.56671118 -10.35706968  -9.14742817
  -7.93778667  -6.72814516  -5.51850366  -4.30886216  -3.09922065
  -1.88957915  -0.67993764   0.52970386   1.73934536   2.94898687
   4.15862837   5.36826988   6.57791138   7.78755288   8.99719439
  10.20683589  11.41647739  12.6261189   13.8357604   15.04540191
  16.25504341  17.46468491  18.67432642  19.88396792  21.09360943
  22.30325093  23.51289243  24.72253394  25.93217544  27.14181694
  28.35145845  29.56109995  30.77074146  31.98038296  33.19002446
  34.39966597  35.60930747  36.81894898  38.02859048  39.23823198
  40.44787349  41.65751499  42.86715649  44.076798    45.2864395
  46.49608101  47.70572251  48.91536401  50.12500552  51.33464702
  52.54428853  53.75393003  54.96357153  56.17321304  57.38285454
  58.59249604]
Frequencies: [8.00000000e+00 1.70000000e+01 2.00000000e+01 4.00000000e+01
 6.80000000e+01 9.30000000e+01 1.65000000e+02 2.96000000e+02
 5.12000000e+02 8.98000000e+02 1.43500000e+03 2.02900000e+03
 3.02100000e+03 4.52000000e+03 6.70400000e+03 9.39000000e+03
 1.29620000e+04 1.80210000e+04 2.43390000e+04 3.28410000e+04
 4.61090000e+04 6.14280000e+04 8.20220000e+04 1.10672000e+05
 1.50179000e+05 2.01858000e+05 2.69611000e+05 3.63571000e+05
 4.89410000e+05 6.55908000e+05 8.78746000e+05 1.20442300e+06
 1.70618300e+06 2.54781000e+06 4.00416000e+06 6.61561300e+06
 1.11810350e+07 1.88861010e+07 3.09616290e+07 4.82368470e+07
 7.15023260e+07 9.96873360e+07 1.29812759e+08 1.58276699e+08
 1.82768492e+08 2.02470094e+08 2.18226106e+08 2.30261958e+08
 2.38252818e+08 2.42336686e+08 2.42529751e+08 2.38390201e+08
 2.29623740e+08 2.16480094e+08 2.00267115e+08 1.82860364e+08
 1.65557289e+08 1.49080742e+08 1.33920287e+08 1.20317268e+08
 1.07827650e+08 9.65462020e+07 8.62024010e+07 7.66155830e+07
 6.75896600e+07 5.90283730e+07 5.09295090e+07 4.34107790e+07
 3.64404010e+07 3.00863170e+07 2.44347120e+07 1.95788430e+07
 1.54218770e+07 1.19713830e+07 9.15675700e+06 6.88896200e+06
 5.09923900e+06 3.73416000e+06 2.68880200e+06 1.91640800e+06
 1.35466900e+06 9.48402000e+05 6.57588000e+05 4.49077000e+05
 3.00577000e+05 1.96520000e+05 1.25175000e+05 7.88290000e+04
 4.73300000e+04 2.78690000e+04 1.67100000e+04 9.55500000e+03
 5.44800000e+03 2.91500000e+03 1.45400000e+03 6.15000000e+02
 2.22000000e+02 1.19000000e+02 6.90000000e+01 2.00000000e+01]
