Standard Deviation: 4868.198539818558
Skewness: -3.604841065252583
Kurtosis: 15.49889794351689
Median: 81876.16336091387
Mean: 80112.48078412749
Deciles: [79821.30255681 82413.28966934]
Minimum: 44776.00362745744
Maximum: 87032.89237706219
Bin Edges: [44776.00362746 45198.57251495 45621.14140245 46043.71028995
 46466.27917744 46888.84806494 47311.41695243 47733.98583993
 48156.55472743 48579.12361492 49001.69250242 49424.26138991
 49846.83027741 50269.39916491 50691.9680524  51114.5369399
 51537.10582739 51959.67471489 52382.24360239 52804.81248988
 53227.38137738 53649.95026487 54072.51915237 54495.08803987
 54917.65692736 55340.22581486 55762.79470235 56185.36358985
 56607.93247735 57030.50136484 57453.07025234 57875.63913983
 58298.20802733 58720.77691483 59143.34580232 59565.91468982
 59988.48357732 60411.05246481 60833.62135231 61256.1902398
 61678.7591273  62101.3280148  62523.89690229 62946.46578979
 63369.03467728 63791.60356478 64214.17245228 64636.74133977
 65059.31022727 65481.87911476 65904.44800226 66327.01688976
 66749.58577725 67172.15466475 67594.72355224 68017.29243974
 68439.86132724 68862.43021473 69284.99910223 69707.56798972
 70130.13687722 70552.70576472 70975.27465221 71397.84353971
 71820.4124272  72242.9813147  72665.5502022  73088.11908969
 73510.68797719 73933.25686468 74355.82575218 74778.39463968
 75200.96352717 75623.53241467 76046.10130216 76468.67018966
 76891.23907716 77313.80796465 77736.37685215 78158.94573965
 78581.51462714 79004.08351464 79426.65240213 79849.22128963
 80271.79017713 80694.35906462 81116.92795212 81539.49683961
 81962.06572711 82384.63461461 82807.2035021  83229.7723896
 83652.34127709 84074.91016459 84497.47905209 84920.04793958
 85342.61682708 85765.18571457 86187.75460207 86610.32348957
 87032.89237706]
Frequencies: [3.24700000e+03 3.43760000e+04 2.14012000e+05 6.12063000e+05
 1.43533000e+06 2.30397700e+06 1.80202800e+06 1.15344100e+06
 7.14157000e+05 1.20462700e+06 1.22384100e+06 1.33601200e+06
 1.95257500e+06 2.31425600e+06 2.51995500e+06 2.48773000e+06
 2.11066500e+06 2.18244900e+06 2.48702500e+06 2.45461800e+06
 2.42623300e+06 3.17838500e+06 3.45430700e+06 3.28083100e+06
 3.14557500e+06 3.40240600e+06 2.82764100e+06 2.90280500e+06
 3.03415800e+06 3.03348500e+06 3.40175200e+06 3.36264500e+06
 2.61021600e+06 2.75447400e+06 2.95381700e+06 3.15654500e+06
 2.69484200e+06 2.25256500e+06 2.54093100e+06 2.69121500e+06
 2.64542100e+06 3.26721500e+06 3.11846400e+06 3.65982400e+06
 3.32332400e+06 2.83760300e+06 3.36972300e+06 3.89896600e+06
 4.07788300e+06 3.97736000e+06 4.66625500e+06 4.96991700e+06
 5.92658300e+06 6.74985100e+06 6.67534600e+06 7.58851900e+06
 7.57407800e+06 7.66260500e+06 8.11978200e+06 9.62523200e+06
 1.14691460e+07 1.23376660e+07 1.39266280e+07 1.63872500e+07
 1.89315660e+07 1.86620140e+07 1.91329730e+07 1.97260660e+07
 2.07127900e+07 2.09699570e+07 2.13203200e+07 2.08863200e+07
 2.26446040e+07 2.73754200e+07 3.06533520e+07 3.66760640e+07
 4.54878420e+07 5.31497890e+07 6.70524880e+07 8.21708750e+07
 9.96509420e+07 1.25561581e+08 1.47194028e+08 1.61996781e+08
 1.79611193e+08 2.07210758e+08 2.53269380e+08 4.68669780e+08
 9.36710193e+08 6.26285215e+08 3.58802163e+08 1.50625148e+08
 4.19595740e+07 8.46057100e+06 1.66038400e+06 3.41380000e+05
 8.73270000e+04 2.18880000e+04 5.56100000e+03 1.86000000e+03]
