Standard Deviation: 1.0865065266266853e-07
Skewness: -1.2624855119145988
Kurtosis: -0.11992396485762002
Median: 2.953881842626972e-07
Mean: 2.4029854441722033e-07
Deciles: [1.92760730e-07 3.12046498e-07]
Minimum: 8.539585112037546e-10
Maximum: 3.193144142524767e-07
Bin Edges: [8.53958511e-10 4.03856307e-09 7.22316763e-09 1.04077722e-08
 1.35923767e-08 1.67769813e-08 1.99615859e-08 2.31461904e-08
 2.63307950e-08 2.95153995e-08 3.27000041e-08 3.58846086e-08
 3.90692132e-08 4.22538178e-08 4.54384223e-08 4.86230269e-08
 5.18076314e-08 5.49922360e-08 5.81768405e-08 6.13614451e-08
 6.45460497e-08 6.77306542e-08 7.09152588e-08 7.40998633e-08
 7.72844679e-08 8.04690724e-08 8.36536770e-08 8.68382816e-08
 9.00228861e-08 9.32074907e-08 9.63920952e-08 9.95766998e-08
 1.02761304e-07 1.05945909e-07 1.09130513e-07 1.12315118e-07
 1.15499723e-07 1.18684327e-07 1.21868932e-07 1.25053536e-07
 1.28238141e-07 1.31422745e-07 1.34607350e-07 1.37791954e-07
 1.40976559e-07 1.44161164e-07 1.47345768e-07 1.50530373e-07
 1.53714977e-07 1.56899582e-07 1.60084186e-07 1.63268791e-07
 1.66453395e-07 1.69638000e-07 1.72822605e-07 1.76007209e-07
 1.79191814e-07 1.82376418e-07 1.85561023e-07 1.88745627e-07
 1.91930232e-07 1.95114837e-07 1.98299441e-07 2.01484046e-07
 2.04668650e-07 2.07853255e-07 2.11037859e-07 2.14222464e-07
 2.17407068e-07 2.20591673e-07 2.23776278e-07 2.26960882e-07
 2.30145487e-07 2.33330091e-07 2.36514696e-07 2.39699300e-07
 2.42883905e-07 2.46068509e-07 2.49253114e-07 2.52437719e-07
 2.55622323e-07 2.58806928e-07 2.61991532e-07 2.65176137e-07
 2.68360741e-07 2.71545346e-07 2.74729950e-07 2.77914555e-07
 2.81099160e-07 2.84283764e-07 2.87468369e-07 2.90652973e-07
 2.93837578e-07 2.97022182e-07 3.00206787e-07 3.03391391e-07
 3.06575996e-07 3.09760601e-07 3.12945205e-07 3.16129810e-07
 3.19314414e-07]
Frequencies: [9.7551360e+07 7.7368320e+07 6.0549120e+07 5.2139520e+07 4.3729920e+07
 3.5320320e+07 3.8684160e+07 3.3638400e+07 2.5228800e+07 3.0274560e+07
 2.3546880e+07 2.5228800e+07 2.3546880e+07 2.6910720e+07 1.8501120e+07
 1.3455360e+07 2.0183040e+07 2.3546880e+07 1.5137280e+07 1.3455360e+07
 2.0183040e+07 1.6819200e+07 1.3455360e+07 8.4096000e+06 2.0183040e+07
 1.3455360e+07 1.6819200e+07 1.0091520e+07 1.3455360e+07 5.0457600e+06
 2.0183040e+07 1.3455360e+07 1.3455360e+07 6.7276800e+06 1.0091520e+07
 1.0091520e+07 6.7276800e+06 2.1864960e+07 1.0091520e+07 6.7276800e+06
 6.7276800e+06 1.0091520e+07 1.3455360e+07 3.3638400e+06 1.0091520e+07
 1.6819200e+07 5.0457600e+06 1.3455360e+07 1.0091520e+07 3.3638400e+06
 3.3638400e+06 1.0091520e+07 1.0091520e+07 3.3638400e+06 1.6819200e+07
 1.0091520e+07 6.7276800e+06 3.3638400e+06 1.1773440e+07 1.0091520e+07
 3.3638400e+06 3.3638400e+06 3.3638400e+06 1.0091520e+07 3.3638400e+06
 1.3455360e+07 6.7276800e+06 1.3455360e+07 6.7276800e+06 3.3638400e+06
 6.7276800e+06 5.0457600e+06 6.7276800e+06 1.0091520e+07 3.3638400e+06
 3.3638400e+06 3.3638400e+06 1.0091520e+07 0.0000000e+00 1.0091520e+07
 1.3455360e+07 6.7276800e+06 1.0091520e+07 3.3638400e+06 6.7276800e+06
 3.3638400e+06 3.3638400e+06 8.5777920e+07 2.0183040e+08 2.0183040e+08
 1.9173888e+08 1.9510272e+08 1.8837504e+08 2.0183040e+08 2.0519424e+08
 2.1192192e+08 2.2874112e+08 2.6237952e+08 3.0947328e+08 7.5013632e+08]
