Standard Deviation: 1.6320084050411343e-25
Skewness: 60320.092945151344
Kurtosis: 3864041382.8160105
Median: 0.0
Mean: 4.3424147436731146e-30
Deciles: [0. 0.]
Minimum: 0.0
Maximum: 1.0558007635467395e-20
Bin Edges: [0.00000000e+00 1.05580076e-22 2.11160153e-22 3.16740229e-22
 4.22320305e-22 5.27900382e-22 6.33480458e-22 7.39060534e-22
 8.44640611e-22 9.50220687e-22 1.05580076e-21 1.16138084e-21
 1.26696092e-21 1.37254099e-21 1.47812107e-21 1.58370115e-21
 1.68928122e-21 1.79486130e-21 1.90044137e-21 2.00602145e-21
 2.11160153e-21 2.21718160e-21 2.32276168e-21 2.42834176e-21
 2.53392183e-21 2.63950191e-21 2.74508199e-21 2.85066206e-21
 2.95624214e-21 3.06182221e-21 3.16740229e-21 3.27298237e-21
 3.37856244e-21 3.48414252e-21 3.58972260e-21 3.69530267e-21
 3.80088275e-21 3.90646283e-21 4.01204290e-21 4.11762298e-21
 4.22320305e-21 4.32878313e-21 4.43436321e-21 4.53994328e-21
 4.64552336e-21 4.75110344e-21 4.85668351e-21 4.96226359e-21
 5.06784367e-21 5.17342374e-21 5.27900382e-21 5.38458389e-21
 5.49016397e-21 5.59574405e-21 5.70132412e-21 5.80690420e-21
 5.91248428e-21 6.01806435e-21 6.12364443e-21 6.22922450e-21
 6.33480458e-21 6.44038466e-21 6.54596473e-21 6.65154481e-21
 6.75712489e-21 6.86270496e-21 6.96828504e-21 7.07386512e-21
 7.17944519e-21 7.28502527e-21 7.39060534e-21 7.49618542e-21
 7.60176550e-21 7.70734557e-21 7.81292565e-21 7.91850573e-21
 8.02408580e-21 8.12966588e-21 8.23524596e-21 8.34082603e-21
 8.44640611e-21 8.55198618e-21 8.65756626e-21 8.76314634e-21
 8.86872641e-21 8.97430649e-21 9.07988657e-21 9.18546664e-21
 9.29104672e-21 9.39662680e-21 9.50220687e-21 9.60778695e-21
 9.71336702e-21 9.81894710e-21 9.92452718e-21 1.00301073e-20
 1.01356873e-20 1.02412674e-20 1.03468475e-20 1.04524276e-20
 1.05580076e-20]
Frequencies: [4.54118398e+09 5.00000000e+00 2.00000000e+00 1.00000000e+00
 1.00000000e+00 1.00000000e+00 0.00000000e+00 0.00000000e+00
 0.00000000e+00 1.00000000e+00 0.00000000e+00 0.00000000e+00
 1.00000000e+00 1.00000000e+00 0.00000000e+00 0.00000000e+00
 0.00000000e+00 0.00000000e+00 1.00000000e+00 0.00000000e+00
 0.00000000e+00 0.00000000e+00 0.00000000e+00 0.00000000e+00
 0.00000000e+00 0.00000000e+00 0.00000000e+00 0.00000000e+00
 0.00000000e+00 0.00000000e+00 0.00000000e+00 0.00000000e+00
 0.00000000e+00 0.00000000e+00 0.00000000e+00 0.00000000e+00
 0.00000000e+00 0.00000000e+00 0.00000000e+00 0.00000000e+00
 0.00000000e+00 0.00000000e+00 0.00000000e+00 0.00000000e+00
 0.00000000e+00 0.00000000e+00 0.00000000e+00 0.00000000e+00
 0.00000000e+00 0.00000000e+00 0.00000000e+00 0.00000000e+00
 0.00000000e+00 0.00000000e+00 0.00000000e+00 0.00000000e+00
 0.00000000e+00 0.00000000e+00 0.00000000e+00 0.00000000e+00
 0.00000000e+00 0.00000000e+00 0.00000000e+00 0.00000000e+00
 0.00000000e+00 0.00000000e+00 0.00000000e+00 0.00000000e+00
 0.00000000e+00 0.00000000e+00 0.00000000e+00 0.00000000e+00
 0.00000000e+00 0.00000000e+00 0.00000000e+00 0.00000000e+00
 0.00000000e+00 0.00000000e+00 0.00000000e+00 0.00000000e+00
 0.00000000e+00 0.00000000e+00 0.00000000e+00 0.00000000e+00
 0.00000000e+00 0.00000000e+00 0.00000000e+00 0.00000000e+00
 0.00000000e+00 0.00000000e+00 0.00000000e+00 0.00000000e+00
 0.00000000e+00 0.00000000e+00 0.00000000e+00 0.00000000e+00
 0.00000000e+00 0.00000000e+00 0.00000000e+00 1.00000000e+00]
