Standard Deviation: 6041.596549137572
Skewness: -3.604841065253849
Kurtosis: 15.498897943523438
Median: 97216.88828793645
Mean: 95028.09946132622
Deciles: [94666.73758199 97883.47992853]
Minimum: 51174.35424074042
Maximum: 103616.56076924017
Bin Edges: [ 51174.35424074  51698.77630603  52223.19837131  52747.6204366
  53272.04250188  53796.46456717  54320.88663245  54845.30869774
  55369.73076302  55894.15282831  56418.57489359  56942.99695888
  57467.41902416  57991.84108945  58516.26315473  59040.68522002
  59565.1072853   60089.52935059  60613.95141587  61138.37348116
  61662.79554644  62187.21761173  62711.63967701  63236.0617423
  63760.48380758  64284.90587287  64809.32793815  65333.75000344
  65858.17206872  66382.59413401  66907.01619929  67431.43826458
  67955.86032986  68480.28239515  69004.70446043  69529.12652572
  70053.548591    70577.97065629  71102.39272157  71626.81478686
  72151.23685214  72675.65891743  73200.08098271  73724.503048
  74248.92511328  74773.34717857  75297.76924385  75822.19130914
  76346.61337442  76871.03543971  77395.45750499  77919.87957028
  78444.30163556  78968.72370085  79493.14576613  80017.56783142
  80541.9898967   81066.41196199  81590.83402727  82115.25609256
  82639.67815784  83164.10022313  83688.52228841  84212.9443537
  84737.36641898  85261.78848427  85786.21054955  86310.63261484
  86835.05468012  87359.47674541  87883.89881069  88408.32087598
  88932.74294126  89457.16500655  89981.58707183  90506.00913712
  91030.4312024   91554.85326769  92079.27533297  92603.69739826
  93128.11946354  93652.54152883  94176.96359411  94701.3856594
  95225.80772468  95750.22978997  96274.65185525  96799.07392054
  97323.49598582  97847.91805111  98372.34011639  98896.76218168
  99421.18424696  99945.60631225 100470.02837753 100994.45044282
 101518.8725081  102043.29457339 102567.71663867 103092.13870396
 103616.56076924]
Frequencies: [3.24700000e+03 3.43760000e+04 2.14012000e+05 6.12063000e+05
 1.43533000e+06 2.30397700e+06 1.80202800e+06 1.15344100e+06
 7.14157000e+05 1.20462700e+06 1.22384100e+06 1.33601200e+06
 1.95257500e+06 2.31425600e+06 2.51995500e+06 2.48773000e+06
 2.11066500e+06 2.18244900e+06 2.48702500e+06 2.45461800e+06
 2.42623300e+06 3.17838500e+06 3.45430700e+06 3.28083100e+06
 3.14557500e+06 3.40240600e+06 2.82764100e+06 2.90280500e+06
 3.03415800e+06 3.03348500e+06 3.40175200e+06 3.36264500e+06
 2.61021600e+06 2.75447400e+06 2.95381700e+06 3.15654500e+06
 2.69484200e+06 2.25256500e+06 2.54093100e+06 2.69121500e+06
 2.64542100e+06 3.26721500e+06 3.11846400e+06 3.65982400e+06
 3.32332400e+06 2.83760300e+06 3.36972300e+06 3.89896600e+06
 4.07788300e+06 3.97736000e+06 4.66625500e+06 4.96991700e+06
 5.92658300e+06 6.74985100e+06 6.67534600e+06 7.58851900e+06
 7.57407800e+06 7.66260500e+06 8.11978200e+06 9.62523200e+06
 1.14691460e+07 1.23376660e+07 1.39266280e+07 1.63872500e+07
 1.89315660e+07 1.86620140e+07 1.91329730e+07 1.97260660e+07
 2.07127900e+07 2.09699570e+07 2.13203200e+07 2.08863200e+07
 2.26446040e+07 2.73754200e+07 3.06533520e+07 3.66760640e+07
 4.54878420e+07 5.31497890e+07 6.70524880e+07 8.21708750e+07
 9.96509420e+07 1.25561581e+08 1.47194028e+08 1.61996781e+08
 1.79611193e+08 2.07210758e+08 2.53269380e+08 4.68669780e+08
 9.36710193e+08 6.26285215e+08 3.58802163e+08 1.50625148e+08
 4.19595740e+07 8.46057100e+06 1.66038400e+06 3.41380000e+05
 8.73270000e+04 2.18880000e+04 5.56100000e+03 1.86000000e+03]
