Standard Deviation: 2.2028867241097085e-05
Skewness: 5.328909742211209
Kurtosis: 33.88194750446018
Median: 7.863906465243424e-11
Mean: 5.950051103293146e-06
Deciles: [0.00000000e+00 1.95375593e-07]
Minimum: 0.0
Maximum: 0.0007448778507183872
Bin Edges: [0.00000000e+00 7.44877851e-06 1.48975570e-05 2.23463355e-05
 2.97951140e-05 3.72438925e-05 4.46926710e-05 5.21414496e-05
 5.95902281e-05 6.70390066e-05 7.44877851e-05 8.19365636e-05
 8.93853421e-05 9.68341206e-05 1.04282899e-04 1.11731678e-04
 1.19180456e-04 1.26629235e-04 1.34078013e-04 1.41526792e-04
 1.48975570e-04 1.56424349e-04 1.63873127e-04 1.71321906e-04
 1.78770684e-04 1.86219463e-04 1.93668241e-04 2.01117020e-04
 2.08565798e-04 2.16014577e-04 2.23463355e-04 2.30912134e-04
 2.38360912e-04 2.45809691e-04 2.53258469e-04 2.60707248e-04
 2.68156026e-04 2.75604805e-04 2.83053583e-04 2.90502362e-04
 2.97951140e-04 3.05399919e-04 3.12848697e-04 3.20297476e-04
 3.27746254e-04 3.35195033e-04 3.42643811e-04 3.50092590e-04
 3.57541368e-04 3.64990147e-04 3.72438925e-04 3.79887704e-04
 3.87336482e-04 3.94785261e-04 4.02234039e-04 4.09682818e-04
 4.17131596e-04 4.24580375e-04 4.32029153e-04 4.39477932e-04
 4.46926710e-04 4.54375489e-04 4.61824267e-04 4.69273046e-04
 4.76721824e-04 4.84170603e-04 4.91619381e-04 4.99068160e-04
 5.06516938e-04 5.13965717e-04 5.21414496e-04 5.28863274e-04
 5.36312053e-04 5.43760831e-04 5.51209610e-04 5.58658388e-04
 5.66107167e-04 5.73555945e-04 5.81004724e-04 5.88453502e-04
 5.95902281e-04 6.03351059e-04 6.10799838e-04 6.18248616e-04
 6.25697395e-04 6.33146173e-04 6.40594952e-04 6.48043730e-04
 6.55492509e-04 6.62941287e-04 6.70390066e-04 6.77838844e-04
 6.85287623e-04 6.92736401e-04 7.00185180e-04 7.07633958e-04
 7.15082737e-04 7.22531515e-04 7.29980294e-04 7.37429072e-04
 7.44877851e-04]
Frequencies: [4.03230784e+09 1.19962235e+08 6.79651770e+07 4.74392320e+07
 3.66044160e+07 2.99461260e+07 2.53579010e+07 2.19907960e+07
 1.93558860e+07 1.72131580e+07 1.54531250e+07 1.39390930e+07
 1.26294830e+07 1.14592000e+07 1.03894900e+07 9.36837600e+06
 8.35833400e+06 7.33851300e+06 6.32057900e+06 5.35982500e+06
 4.45983500e+06 3.66664400e+06 2.97684800e+06 2.38858500e+06
 1.89922700e+06 1.50473600e+06 1.19097200e+06 9.33141000e+05
 7.33243000e+05 5.74203000e+05 4.50221000e+05 3.52954000e+05
 2.75208000e+05 2.15615000e+05 1.70415000e+05 1.34089000e+05
 1.04250000e+05 8.26460000e+04 6.49480000e+04 5.06180000e+04
 4.05610000e+04 3.20530000e+04 2.55410000e+04 2.03420000e+04
 1.61670000e+04 1.26230000e+04 1.02130000e+04 8.11200000e+03
 6.19900000e+03 5.02500000e+03 3.96900000e+03 3.18400000e+03
 2.51000000e+03 1.89100000e+03 1.53900000e+03 1.23700000e+03
 1.03400000e+03 7.84000000e+02 6.75000000e+02 5.12000000e+02
 4.39000000e+02 3.65000000e+02 2.77000000e+02 2.24000000e+02
 2.23000000e+02 1.75000000e+02 1.53000000e+02 1.16000000e+02
 9.90000000e+01 6.70000000e+01 6.00000000e+01 6.20000000e+01
 6.30000000e+01 3.60000000e+01 3.50000000e+01 3.30000000e+01
 2.20000000e+01 1.50000000e+01 2.00000000e+01 1.90000000e+01
 1.60000000e+01 1.30000000e+01 1.10000000e+01 1.10000000e+01
 1.50000000e+01 1.10000000e+01 1.60000000e+01 9.00000000e+00
 5.00000000e+00 9.00000000e+00 3.00000000e+00 7.00000000e+00
 4.00000000e+00 6.00000000e+00 2.00000000e+00 1.00000000e+00
 2.00000000e+00 1.00000000e+00 1.00000000e+00 2.00000000e+00]
