Standard Deviation: 4716.462285766654
Skewness: -3.6048410652554144
Kurtosis: 15.498897943530217
Median: 79892.39986687308
Mean: 78183.68928545032
Deciles: [77901.58675484 80412.78455448]
Minimum: 43948.610239655674
Maximum: 84888.39945966877
Bin Edges: [43948.61023966 44358.00813186 44767.40602406 45176.80391626
 45586.20180846 45995.59970066 46404.99759286 46814.39548506
 47223.79337726 47633.19126946 48042.58916166 48451.98705386
 48861.38494606 49270.78283826 49680.18073046 50089.57862266
 50498.97651486 50908.37440706 51317.77229926 51727.17019146
 52136.56808366 52545.96597586 52955.36386806 53364.76176026
 53774.15965246 54183.55754466 54592.95543686 55002.35332906
 55411.75122126 55821.14911346 56230.54700566 56639.94489786
 57049.34279006 57458.74068226 57868.13857446 58277.53646666
 58686.93435886 59096.33225106 59505.73014326 59915.12803546
 60324.52592766 60733.92381986 61143.32171206 61552.71960426
 61962.11749646 62371.51538866 62780.91328086 63190.31117306
 63599.70906526 64009.10695746 64418.50484966 64827.90274186
 65237.30063406 65646.69852626 66056.09641846 66465.49431066
 66874.89220286 67284.29009506 67693.68798726 68103.08587946
 68512.48377166 68921.88166386 69331.27955606 69740.67744826
 70150.07534046 70559.47323266 70968.87112486 71378.26901706
 71787.66690926 72197.06480146 72606.46269366 73015.86058586
 73425.25847807 73834.65637027 74244.05426247 74653.45215467
 75062.85004687 75472.24793907 75881.64583127 76291.04372347
 76700.44161567 77109.83950787 77519.23740007 77928.63529227
 78338.03318447 78747.43107667 79156.82896887 79566.22686107
 79975.62475327 80385.02264547 80794.42053767 81203.81842987
 81613.21632207 82022.61421427 82432.01210647 82841.40999867
 83250.80789087 83660.20578307 84069.60367527 84479.00156747
 84888.39945967]
Frequencies: [3.24700000e+03 3.43760000e+04 2.14012000e+05 6.12063000e+05
 1.43533000e+06 2.30397700e+06 1.80202800e+06 1.15344100e+06
 7.14157000e+05 1.20462700e+06 1.22384100e+06 1.33601200e+06
 1.95257500e+06 2.31425600e+06 2.51995500e+06 2.48773000e+06
 2.11066500e+06 2.18244900e+06 2.48702500e+06 2.45461800e+06
 2.42623300e+06 3.17838500e+06 3.45430700e+06 3.28083100e+06
 3.14557500e+06 3.40240600e+06 2.82764100e+06 2.90280500e+06
 3.03415800e+06 3.03348500e+06 3.40175200e+06 3.36264500e+06
 2.61021600e+06 2.75447400e+06 2.95381700e+06 3.15654500e+06
 2.69484200e+06 2.25256500e+06 2.54093100e+06 2.69121500e+06
 2.64542100e+06 3.26721500e+06 3.11846400e+06 3.65982400e+06
 3.32332400e+06 2.83760300e+06 3.36972300e+06 3.89896600e+06
 4.07788300e+06 3.97736000e+06 4.66625500e+06 4.96991700e+06
 5.92658300e+06 6.74985100e+06 6.67534600e+06 7.58851900e+06
 7.57407800e+06 7.66260500e+06 8.11978200e+06 9.62523200e+06
 1.14691460e+07 1.23376660e+07 1.39266280e+07 1.63872500e+07
 1.89315660e+07 1.86620140e+07 1.91329730e+07 1.97260660e+07
 2.07127900e+07 2.09699570e+07 2.13203200e+07 2.08863200e+07
 2.26446040e+07 2.73754200e+07 3.06533520e+07 3.66760640e+07
 4.54878420e+07 5.31497890e+07 6.70524880e+07 8.21708750e+07
 9.96509420e+07 1.25561581e+08 1.47194028e+08 1.61996781e+08
 1.79611193e+08 2.07210758e+08 2.53269380e+08 4.68669780e+08
 9.36710193e+08 6.26285215e+08 3.58802163e+08 1.50625148e+08
 4.19595740e+07 8.46057100e+06 1.66038400e+06 3.41380000e+05
 8.73270000e+04 2.18880000e+04 5.56100000e+03 1.86000000e+03]
