Standard Deviation: 11.80723469220899
Skewness: -1.2181185192451005
Kurtosis: 0.9970332170423264
Median: 273.13589949616147
Mean: 268.48724336555216
Deciles: [261.41741423 277.79112813]
Minimum: 210.59685444848645
Maximum: 288.8134396332877
Bin Edges: [210.59685445 211.3790203  212.16118615 212.943352   213.72551786
 214.50768371 215.28984956 216.07201541 216.85418126 217.63634712
 218.41851297 219.20067882 219.98284467 220.76501052 221.54717637
 222.32934223 223.11150808 223.89367393 224.67583978 225.45800563
 226.24017149 227.02233734 227.80450319 228.58666904 229.36883489
 230.15100074 230.9331666  231.71533245 232.4974983  233.27966415
 234.06183    234.84399586 235.62616171 236.40832756 237.19049341
 237.97265926 238.75482512 239.53699097 240.31915682 241.10132267
 241.88348852 242.66565437 243.44782023 244.22998608 245.01215193
 245.79431778 246.57648363 247.35864949 248.14081534 248.92298119
 249.70514704 250.48731289 251.26947874 252.0516446  252.83381045
 253.6159763  254.39814215 255.180308   255.96247386 256.74463971
 257.52680556 258.30897141 259.09113726 259.87330311 260.65546897
 261.43763482 262.21980067 263.00196652 263.78413237 264.56629823
 265.34846408 266.13062993 266.91279578 267.69496163 268.47712749
 269.25929334 270.04145919 270.82362504 271.60579089 272.38795674
 273.1701226  273.95228845 274.7344543  275.51662015 276.298786
 277.08095186 277.86311771 278.64528356 279.42744941 280.20961526
 280.99178111 281.77394697 282.55611282 283.33827867 284.12044452
 284.90261037 285.68477623 286.46694208 287.24910793 288.03127378
 288.81343963]
Frequencies: [3.42500000e+03 1.35870000e+04 3.11640000e+04 6.33590000e+04
 1.11512000e+05 1.92008000e+05 3.01775000e+05 4.44144000e+05
 6.12246000e+05 7.79769000e+05 9.71309000e+05 1.17178100e+06
 1.38419600e+06 1.58100900e+06 1.75718200e+06 1.93044200e+06
 2.10623900e+06 2.24937100e+06 2.38270900e+06 2.50950600e+06
 2.62057800e+06 2.72676200e+06 2.83798400e+06 2.97149400e+06
 3.08938000e+06 3.25109900e+06 3.44823700e+06 3.69403000e+06
 3.93119200e+06 4.29651400e+06 4.70509400e+06 5.23340500e+06
 5.90901500e+06 6.79615200e+06 7.82775400e+06 9.06502000e+06
 1.04253260e+07 1.18808520e+07 1.35576800e+07 1.53891420e+07
 1.72418410e+07 1.92095710e+07 2.12974980e+07 2.32866340e+07
 2.53007220e+07 2.72534240e+07 2.92648030e+07 3.13006760e+07
 3.34345480e+07 3.55039170e+07 3.74590280e+07 3.95331640e+07
 4.14807480e+07 4.33402780e+07 4.51484780e+07 4.66537410e+07
 4.78626550e+07 4.87976310e+07 4.98939920e+07 5.12164140e+07
 5.26277970e+07 5.41263530e+07 5.56723860e+07 5.71400250e+07
 5.85275070e+07 6.00400180e+07 6.13259830e+07 6.25925550e+07
 6.39349980e+07 6.54797720e+07 6.72593670e+07 6.92561870e+07
 7.13467810e+07 7.41260410e+07 7.73041560e+07 8.09378540e+07
 8.53981770e+07 9.12778200e+07 9.93154930e+07 1.09174971e+08
 1.20534004e+08 1.35414014e+08 1.55670724e+08 1.84551777e+08
 2.37055424e+08 3.32084367e+08 4.03399805e+08 3.37174430e+08
 1.99526065e+08 9.64935470e+07 4.10428690e+07 1.52806690e+07
 5.07476500e+06 1.63506100e+06 4.83499000e+05 1.25053000e+05
 3.19710000e+04 7.12000000e+03 1.19600000e+03 1.93000000e+02]
