Standard Deviation: 7.835470323888567
Skewness: 0.08364895990133038
Kurtosis: 2.3138113523878108
Median: -0.08940336447461147
Mean: -0.04419384378620776
Deciles: [-3.91820023  3.75127099]
Minimum: -61.136210379875706
Maximum: 70.50425649798554
Bin Edges: [-61.13621038 -59.81980571 -58.50340104 -57.18699637 -55.8705917
 -54.55418704 -53.23778237 -51.9213777  -50.60497303 -49.28856836
 -47.97216369 -46.65575902 -45.33935435 -44.02294969 -42.70654502
 -41.39014035 -40.07373568 -38.75733101 -37.44092634 -36.12452167
 -34.808117   -33.49171234 -32.17530767 -30.858903   -29.54249833
 -28.22609366 -26.90968899 -25.59328432 -24.27687965 -22.96047499
 -21.64407032 -20.32766565 -19.01126098 -17.69485631 -16.37845164
 -15.06204697 -13.7456423  -12.42923764 -11.11283297  -9.7964283
  -8.48002363  -7.16361896  -5.84721429  -4.53080962  -3.21440495
  -1.89800028  -0.58159562   0.73480905   2.05121372   3.36761839
   4.68402306   6.00042773   7.3168324    8.63323707   9.94964173
  11.2660464   12.58245107  13.89885574  15.21526041  16.53166508
  17.84806975  19.16447442  20.48087908  21.79728375  23.11368842
  24.43009309  25.74649776  27.06290243  28.3793071   29.69571177
  31.01211643  32.3285211   33.64492577  34.96133044  36.27773511
  37.59413978  38.91054445  40.22694912  41.54335378  42.85975845
  44.17616312  45.49256779  46.80897246  48.12537713  49.4417818
  50.75818647  52.07459114  53.3909958   54.70740047  56.02380514
  57.34020981  58.65661448  59.97301915  61.28942382  62.60582849
  63.92223315  65.23863782  66.55504249  67.87144716  69.18785183
  70.5042565 ]
Frequencies: [1.50000000e+01 2.30000000e+01 4.00000000e+01 1.42000000e+02
 3.33000000e+02 6.55000000e+02 1.33200000e+03 2.42800000e+03
 4.23700000e+03 7.28500000e+03 1.23840000e+04 2.02640000e+04
 3.22690000e+04 5.15720000e+04 7.85300000e+04 1.19427000e+05
 1.77914000e+05 2.64054000e+05 3.85471000e+05 5.61054000e+05
 7.95357000e+05 1.11718400e+06 1.54221900e+06 2.10215500e+06
 2.82591300e+06 3.76435000e+06 4.94502800e+06 6.44926800e+06
 8.33716000e+06 1.07033020e+07 1.36288700e+07 1.72393470e+07
 2.16330340e+07 2.70290160e+07 3.36141710e+07 4.16546710e+07
 5.15922880e+07 6.39393630e+07 7.97718990e+07 1.00510763e+08
 1.28447125e+08 1.66976171e+08 2.19937941e+08 2.89076373e+08
 3.67558618e+08 4.33105662e+08 4.54477443e+08 4.19024359e+08
 3.46491481e+08 2.68281568e+08 2.03133860e+08 1.54518207e+08
 1.19574744e+08 9.40908940e+07 7.50255630e+07 6.03057050e+07
 4.87404050e+07 3.94913210e+07 3.20241200e+07 2.59684540e+07
 2.09929680e+07 1.69105690e+07 1.35674300e+07 1.08334330e+07
 8.62160600e+06 6.81179100e+06 5.33426900e+06 4.16045100e+06
 3.22254200e+06 2.46937000e+06 1.89544200e+06 1.43523100e+06
 1.06548400e+06 7.85534000e+05 5.67991000e+05 4.07972000e+05
 2.88991000e+05 2.02357000e+05 1.39662000e+05 9.80240000e+04
 6.67620000e+04 4.53170000e+04 3.08490000e+04 2.13460000e+04
 1.45280000e+04 1.00000000e+04 6.44000000e+03 4.48000000e+03
 2.93100000e+03 1.87700000e+03 1.18800000e+03 7.48000000e+02
 5.03000000e+02 4.28000000e+02 2.33000000e+02 1.55000000e+02
 1.31000000e+02 7.70000000e+01 6.00000000e+01 2.90000000e+01]
