Standard Deviation: 12.455952395141168
Skewness: 0.6304783032037348
Kurtosis: 0.1356116409713759
Median: 4.652214118216385
Mean: 6.542763825577881
Deciles: [-2.83793156 14.45731258]
Minimum: -55.194779208073626
Maximum: 85.29934858094487
Bin Edges: [-55.19477921 -53.78983793 -52.38489665 -50.97995537 -49.5750141
 -48.17007282 -46.76513154 -45.36019026 -43.95524898 -42.55030771
 -41.14536643 -39.74042515 -38.33548387 -36.9305426  -35.52560132
 -34.12066004 -32.71571876 -31.31077748 -29.90583621 -28.50089493
 -27.09595365 -25.69101237 -24.28607109 -22.88112982 -21.47618854
 -20.07124726 -18.66630598 -17.26136471 -15.85642343 -14.45148215
 -13.04654087 -11.64159959 -10.23665832  -8.83171704  -7.42677576
  -6.02183448  -4.6168932   -3.21195193  -1.80701065  -0.40206937
   1.00287191   2.40781319   3.81275446   5.21769574   6.62263702
   8.0275783    9.43251957  10.83746085  12.24240213  13.64734341
  15.05228469  16.45722596  17.86216724  19.26710852  20.6720498
  22.07699108  23.48193235  24.88687363  26.29181491  27.69675619
  29.10169747  30.50663874  31.91158002  33.3165213   34.72146258
  36.12640385  37.53134513  38.93628641  40.34122769  41.74616897
  43.15111024  44.55605152  45.9609928   47.36593408  48.77087536
  50.17581663  51.58075791  52.98569919  54.39064047  55.79558175
  57.20052302  58.6054643   60.01040558  61.41534686  62.82028813
  64.22522941  65.63017069  67.03511197  68.44005325  69.84499452
  71.2499358   72.65487708  74.05981836  75.46475964  76.86970091
  78.27464219  79.67958347  81.08452475  82.48946603  83.8944073
  85.29934858]
Frequencies: [7.00000000e+00 1.10000000e+01 3.80000000e+01 4.70000000e+01
 1.08000000e+02 1.47000000e+02 2.75000000e+02 4.03000000e+02
 8.66000000e+02 1.65100000e+03 3.17200000e+03 5.66800000e+03
 9.34900000e+03 1.54120000e+04 2.51870000e+04 4.04440000e+04
 6.42120000e+04 1.01483000e+05 1.60244000e+05 2.51108000e+05
 3.99445000e+05 6.40544000e+05 1.03706100e+06 1.70850900e+06
 2.86777600e+06 4.90662800e+06 8.40544700e+06 1.45076310e+07
 2.45842050e+07 3.98700720e+07 6.08245470e+07 8.65703880e+07
 1.15458575e+08 1.44673637e+08 1.71187373e+08 1.92611431e+08
 2.07398200e+08 2.16316867e+08 2.19353122e+08 2.18024209e+08
 2.13355847e+08 2.06100042e+08 1.97505168e+08 1.87923549e+08
 1.78015131e+08 1.68206782e+08 1.58365650e+08 1.48804835e+08
 1.39407584e+08 1.30249815e+08 1.21339131e+08 1.12478095e+08
 1.03782601e+08 9.52089980e+07 8.69765750e+07 7.88697730e+07
 7.10168650e+07 6.33625140e+07 5.60117900e+07 4.90847840e+07
 4.24916090e+07 3.64706650e+07 3.09622500e+07 2.60494970e+07
 2.17071200e+07 1.78901680e+07 1.45582070e+07 1.17418490e+07
 9.37343000e+06 7.43450200e+06 5.84319000e+06 4.54148600e+06
 3.50281200e+06 2.69032200e+06 2.04856600e+06 1.54975200e+06
 1.15926200e+06 8.63170000e+05 6.34776000e+05 4.63161000e+05
 3.31846000e+05 2.36535000e+05 1.68684000e+05 1.20968000e+05
 8.56870000e+04 5.72220000e+04 3.95460000e+04 2.65130000e+04
 1.82040000e+04 1.22750000e+04 7.41100000e+03 4.50800000e+03
 2.65500000e+03 1.93000000e+03 1.40700000e+03 9.11000000e+02
 4.15000000e+02 3.09000000e+02 1.29000000e+02 2.30000000e+01]
